typename,columOpt,fminknap,resOpt,resFmin
  0   1   2   3   4   5   6   7   8   9  10  11  12  13  14  15  16  17  18  19  20  21  22  23  24  25  26  27  28  29  30  31  32  33  34  35  36  37  38  39  40  41  42  43  44  45  46  47  48  49  50  51  52  53  54  55  56  57  58  59  60  61  62  63  64  65  66  67  68  69  70  71  72  73  74  75  76  77  78  79  80  81  82  83  84  85  86  87  88  89  90  91  92  93  94  95  96  97  98  99 100 
opt:
  0   1   2   3   4   5   6   7   8   9  10  11  12  13  14  15  16  17  18  19  20  21  22  23  24  25  26  27  28  29  30  31  32  33  34  35  36  37  38  39  40  41  42  43  44  45  46  47  48  49  50  51  52  53  54  55  56  57  58  59  60  61  62  63  64  65  66  67  68  69  70  71  72  73  74  75  76  77  78  79  80  81  82  83  84  85  86  87  88  89  90  91  92  93  94  95  96  97  98  99 100 
  0   1   2   3   4   5   6   7   8   9  10  11  12  13  14  15  16  17  18  19  20  21  22  23  24  25  26  27  28  29  30  31  32  33  34  35  36  37  38  39  40  41  42  43  44  45  46  47  48  49  50  51  52  53  54  55  56  57  58  59  60  61  62  63  64  65  66  67  68  69  70  71  72  73  74  75  76  77  78  79  80  81  82  83  84  85  86  87  88  89  90  91  92  93  94  95  96  97  98  99 100 
  1  12  42 124 322 760 1686 3534 7088 13712 25666 46744 83062 144376 246118 412122 679050 1102460 1765638 2792546 4365520 6751034 10335136 15672904 23557438 35113436 51927056 76221128 111093030 160836850 231372780 330825256 470289680 664849704 934924702 1308037444 1821140090 -1771316934 -813559118 486853324 -2049420442 320000310 -794491154 -835516412 539607458 -517928514 866045414 1146349124 1290921658 -1748974778 -2078048794 -1941446264 1279883218 -1960713634 1171602672 -1117720064 -2011959012 -1491504722 -1590838114 -1549154926 -1420725904 -1230923566 62155332 1548101692 1927938024 1427975276 -156527294 -608678996 -405704220 1505367988 -49113092 -1663643404 -1010968644 -636724456 -1285917294 -1572603070 739922076 2071132950 -1239465508 1639308724 160984120 1652621626 842272024 1315411594 341807798 -879606506 2035011970 -1040823866 -1893158980 1345455440 -834129828 -1231710096 732392110 -427136338 -1361094264 969702910 -749637894 -1788660582 1586899284 946903660 1851687872 
+++
v2:
  0   1   2   3   4   5   6   7   8   9  10  11  12  13  14  15  16  17  18  19  20  21  22  23  24  25  26  27  28  29  30  31  32  33  34  35  36  39  41  44  46  47  48  52  54  62  63  64  65  69  76  77  79  80  81  82  83  84  86  89  92  95  98  99 100 
  0   1   2   3   4   5   6   7   8   9  10  11  12  13  14  15  16  17  18  19  20  21  22  23  24  25  26  27  28  29  30  31  32  33  34  35  36  -1  -1  37  -1  38  -1  -1  39  -1  40  41  42  -1  -1  -1  43  -1  44  -1  -1  -1  -1  -1  -1  -1  45  46  47  48  -1  -1  -1  49  -1  -1  -1  -1  -1  -1  50  51  -1  52  53  54  55  56  57  -1  58  -1  -1  59  -1  -1  60  -1  -1  61  -1  -1  62  63  64 
res:
  1   0   0   0   0   1   1   0   0   1   1   0   0   0   0   0   1   0   0   0   1   0   1   0   0   0   0   1   0   1   1   0   0   0   1   0   0   0   1   0   1   0   1   0   0   1   0   0   0   0   1   0   0   1   0   0   0   0   0   0   0   0   0   0   0   0   1   0   0   0   1   0   0   1   0   0   0   0   0   0   0   1   0   1   0   0   0   1   0   0   1   1   1   0   0   0   0   0   0   0 
  1   0   0   0   0   1   1   0   0   1   1   0   0   0   0   0   1   0   0   0   1   0   1   0   0   0   0   1   0   1   1   0   0   0   1   0   0   0   1   0   1   0   1   0   0   1   1   0   0   0   1   0   0   1   0   0   0   0   0   0   0   0   0   0   0   0   1   0   0   0   1   0   0   1   0   0   0   0   0   0   0   1   0   1   0   0   0   0   0   0   1   1   1   0   1   0   0   0   0   0 

uncorr,0.000076,0.000003,356.000000,369.000000
res:
  1   0   0   0   0   1   1   0   0   1   1   0   0   0   0   0   1   0   0   0   1   0   1   0   0   0   0   1   0   1   1   0   0   0   1   0   0   0   1   0   1   0   1   0   0   1   0   0   0   0   1   0   0   1   0   0   0   0   0   0   0   0   0   0   0   0   1   0   0   0   1   0   0   1   0   0   0   0   0   0   0   1   0   1   0   0   0   1   0   0   1   1   1   0   0   0   0   0   0   0 
  1   0   0   0   0   1   1   0   0   1   1   0   0   0   0   0   1   0   0   0   1   0   1   0   0   0   0   1   0   1   1   0   0   0   1   0   0   0   1   0   1   0   1   0   0   1   1   0   0   0   1   0   0   1   0   0   0   0   0   0   0   0   0   0   0   0   1   0   0   0   1   0   0   1   0   0   0   0   0   0   0   1   0   1   0   0   0   0   0   0   1   1   1   0   1   0   0   0   0   0 

uncorr,0.000066,0.000002,356.000000,369.000000
res:
  1   0   0   0   0   1   1   0   0   1   1   0   0   0   0   0   1   0   0   0   1   0   1   0   0   0   0   1   0   1   1   0   0   0   1   0   0   0   1   0   1   0   1   0   0   1   0   0   0   0   1   0   0   1   0   0   0   0   0   0   0   0   0   0   0   0   1   0   0   0   1   0   0   1   0   0   0   0   0   0   0   1   0   1   0   0   0   1   0   0   1   1   1   0   0   0   0   0   0   0 
  1   0   0   0   0   1   1   0   0   1   1   0   0   0   0   0   1   0   0   0   1   0   1   0   0   0   0   1   0   1   1   0   0   0   1   0   0   0   1   0   1   0   1   0   0   1   1   0   0   0   1   0   0   1   0   0   0   0   0   0   0   0   0   0   0   0   1   0   0   0   1   0   0   1   0   0   0   0   0   0   0   1   0   1   0   0   0   0   0   0   1   1   1   0   1   0   0   0   0   0 

uncorr,0.000061,0.000002,356.000000,369.000000
res:
  1   0   0   0   0   1   1   0   0   1   1   0   0   0   0   0   1   0   0   0   1   0   1   0   0   0   0   1   0   1   1   0   0   0   1   0   0   0   1   0   1   0   1   0   0   1   0   0   0   0   1   0   0   1   0   0   0   0   0   0   0   0   0   0   0   0   1   0   0   0   1   0   0   1   0   0   0   0   0   0   0   1   0   1   0   0   0   1   0   0   1   1   1   0   0   0   0   0   0   0 
  1   0   0   0   0   1   1   0   0   1   1   0   0   0   0   0   1   0   0   0   1   0   1   0   0   0   0   1   0   1   1   0   0   0   1   0   0   0   1   0   1   0   1   0   0   1   1   0   0   0   1   0   0   1   0   0   0   0   0   0   0   0   0   0   0   0   1   0   0   0   1   0   0   1   0   0   0   0   0   0   0   1   0   1   0   0   0   0   0   0   1   1   1   0   1   0   0   0   0   0 

uncorr,0.000059,0.000002,356.000000,369.000000
res:
  1   0   0   0   0   1   1   0   0   1   1   0   0   0   0   0   1   0   0   0   1   0   1   0   0   0   0   1   0   1   1   0   0   0   1   0   0   0   1   0   1   0   1   0   0   1   0   0   0   0   1   0   0   1   0   0   0   0   0   0   0   0   0   0   0   0   1   0   0   0   1   0   0   1   0   0   0   0   0   0   0   1   0   1   0   0   0   1   0   0   1   1   1   0   0   0   0   0   0   0 
  1   0   0   0   0   1   1   0   0   1   1   0   0   0   0   0   1   0   0   0   1   0   1   0   0   0   0   1   0   1   1   0   0   0   1   0   0   0   1   0   1   0   1   0   0   1   1   0   0   0   1   0   0   1   0   0   0   0   0   0   0   0   0   0   0   0   1   0   0   0   1   0   0   1   0   0   0   0   0   0   0   1   0   1   0   0   0   0   0   0   1   1   1   0   1   0   0   0   0   0 

uncorr,0.000059,0.000002,356.000000,369.000000
res:
  1   0   0   0   0   1   1   0   0   1   1   0   0   0   0   0   1   0   0   0   1   0   1   0   0   0   0   1   0   1   1   0   0   0   1   0   0   0   1   0   1   0   1   0   0   1   0   0   0   0   1   0   0   1   0   0   0   0   0   0   0   0   0   0   0   0   1   0   0   0   1   0   0   1   0   0   0   0   0   0   0   1   0   1   0   0   0   1   0   0   1   1   1   0   0   0   0   0   0   0 
  1   0   0   0   0   1   1   0   0   1   1   0   0   0   0   0   1   0   0   0   1   0   1   0   0   0   0   1   0   1   1   0   0   0   1   0   0   0   1   0   1   0   1   0   0   1   1   0   0   0   1   0   0   1   0   0   0   0   0   0   0   0   0   0   0   0   1   0   0   0   1   0   0   1   0   0   0   0   0   0   0   1   0   1   0   0   0   0   0   0   1   1   1   0   1   0   0   0   0   0 

uncorr,0.000057,0.000002,356.000000,369.000000
res:
  1   0   0   0   0   1   1   0   0   1   1   0   0   0   0   0   1   0   0   0   1   0   1   0   0   0   0   1   0   1   1   0   0   0   1   0   0   0   1   0   1   0   1   0   0   1   0   0   0   0   1   0   0   1   0   0   0   0   0   0   0   0   0   0   0   0   1   0   0   0   1   0   0   1   0   0   0   0   0   0   0   1   0   1   0   0   0   1   0   0   1   1   1   0   0   0   0   0   0   0 
  1   0   0   0   0   1   1   0   0   1   1   0   0   0   0   0   1   0   0   0   1   0   1   0   0   0   0   1   0   1   1   0   0   0   1   0   0   0   1   0   1   0   1   0   0   1   1   0   0   0   1   0   0   1   0   0   0   0   0   0   0   0   0   0   0   0   1   0   0   0   1   0   0   1   0   0   0   0   0   0   0   1   0   1   0   0   0   0   0   0   1   1   1   0   1   0   0   0   0   0 

uncorr,0.000057,0.000001,356.000000,369.000000
res:
  1   0   0   0   0   1   1   0   0   1   1   0   0   0   0   0   1   0   0   0   1   0   1   0   0   0   0   1   0   1   1   0   0   0   1   0   0   0   1   0   1   0   1   0   0   1   0   0   0   0   1   0   0   1   0   0   0   0   0   0   0   0   0   0   0   0   1   0   0   0   1   0   0   1   0   0   0   0   0   0   0   1   0   1   0   0   0   1   0   0   1   1   1   0   0   0   0   0   0   0 
  1   0   0   0   0   1   1   0   0   1   1   0   0   0   0   0   1   0   0   0   1   0   1   0   0   0   0   1   0   1   1   0   0   0   1   0   0   0   1   0   1   0   1   0   0   1   1   0   0   0   1   0   0   1   0   0   0   0   0   0   0   0   0   0   0   0   1   0   0   0   1   0   0   1   0   0   0   0   0   0   0   1   0   1   0   0   0   0   0   0   1   1   1   0   1   0   0   0   0   0 

uncorr,0.000058,0.000002,356.000000,369.000000
res:
  1   0   0   0   0   1   1   0   0   1   1   0   0   0   0   0   1   0   0   0   1   0   1   0   0   0   0   1   0   1   1   0   0   0   1   0   0   0   1   0   1   0   1   0   0   1   0   0   0   0   1   0   0   1   0   0   0   0   0   0   0   0   0   0   0   0   1   0   0   0   1   0   0   1   0   0   0   0   0   0   0   1   0   1   0   0   0   1   0   0   1   1   1   0   0   0   0   0   0   0 
  1   0   0   0   0   1   1   0   0   1   1   0   0   0   0   0   1   0   0   0   1   0   1   0   0   0   0   1   0   1   1   0   0   0   1   0   0   0   1   0   1   0   1   0   0   1   1   0   0   0   1   0   0   1   0   0   0   0   0   0   0   0   0   0   0   0   1   0   0   0   1   0   0   1   0   0   0   0   0   0   0   1   0   1   0   0   0   0   0   0   1   1   1   0   1   0   0   0   0   0 

uncorr,0.000057,0.000002,356.000000,369.000000
res:
  1   0   0   0   0   1   1   0   0   1   1   0   0   0   0   0   1   0   0   0   1   0   1   0   0   0   0   1   0   1   1   0   0   0   1   0   0   0   1   0   1   0   1   0   0   1   0   0   0   0   1   0   0   1   0   0   0   0   0   0   0   0   0   0   0   0   1   0   0   0   1   0   0   1   0   0   0   0   0   0   0   1   0   1   0   0   0   1   0   0   1   1   1   0   0   0   0   0   0   0 
  1   0   0   0   0   1   1   0   0   1   1   0   0   0   0   0   1   0   0   0   1   0   1   0   0   0   0   1   0   1   1   0   0   0   1   0   0   0   1   0   1   0   1   0   0   1   1   0   0   0   1   0   0   1   0   0   0   0   0   0   0   0   0   0   0   0   1   0   0   0   1   0   0   1   0   0   0   0   0   0   0   1   0   1   0   0   0   0   0   0   1   1   1   0   1   0   0   0   0   0 

uncorr,0.000057,0.000001,356.000000,369.000000
res:
  1   0   0   0   0   1   1   0   0   1   1   0   0   0   0   0   1   0   0   0   1   0   1   0   0   0   0   1   0   1   1   0   0   0   1   0   0   0   1   0   1   0   1   0   0   1   0   0   0   0   1   0   0   1   0   0   0   0   0   0   0   0   0   0   0   0   1   0   0   0   1   0   0   1   0   0   0   0   0   0   0   1   0   1   0   0   0   1   0   0   1   1   1   0   0   0   0   0   0   0 
  1   0   0   0   0   1   1   0   0   1   1   0   0   0   0   0   1   0   0   0   1   0   1   0   0   0   0   1   0   1   1   0   0   0   1   0   0   0   1   0   1   0   1   0   0   1   1   0   0   0   1   0   0   1   0   0   0   0   0   0   0   0   0   0   0   0   1   0   0   0   1   0   0   1   0   0   0   0   0   0   0   1   0   1   0   0   0   0   0   0   1   1   1   0   1   0   0   0   0   0 

uncorr,0.000057,0.000002,356.000000,369.000000
res:
  1   0   0   0   0   1   1   0   0   1   1   0   0   0   0   0   1   0   0   0   1   0   1   0   0   0   0   1   0   1   1   0   0   0   1   0   0   0   1   0   1   0   1   0   0   1   0   0   0   0   1   0   0   1   0   0   0   0   0   0   0   0   0   0   0   0   1   0   0   0   1   0   0   1   0   0   0   0   0   0   0   1   0   1   0   0   0   1   0   0   1   1   1   0   0   0   0   0   0   0 
  1   0   0   0   0   1   1   0   0   1   1   0   0   0   0   0   1   0   0   0   1   0   1   0   0   0   0   1   0   1   1   0   0   0   1   0   0   0   1   0   1   0   1   0   0   1   1   0   0   0   1   0   0   1   0   0   0   0   0   0   0   0   0   0   0   0   1   0   0   0   1   0   0   1   0   0   0   0   0   0   0   1   0   1   0   0   0   0   0   0   1   1   1   0   1   0   0   0   0   0 

uncorr,0.000057,0.000001,356.000000,369.000000
res:
  1   0   0   0   0   1   1   0   0   1   1   0   0   0   0   0   1   0   0   0   1   0   1   0   0   0   0   1   0   1   1   0   0   0   1   0   0   0   1   0   1   0   1   0   0   1   0   0   0   0   1   0   0   1   0   0   0   0   0   0   0   0   0   0   0   0   1   0   0   0   1   0   0   1   0   0   0   0   0   0   0   1   0   1   0   0   0   1   0   0   1   1   1   0   0   0   0   0   0   0 
  1   0   0   0   0   1   1   0   0   1   1   0   0   0   0   0   1   0   0   0   1   0   1   0   0   0   0   1   0   1   1   0   0   0   1   0   0   0   1   0   1   0   1   0   0   1   1   0   0   0   1   0   0   1   0   0   0   0   0   0   0   0   0   0   0   0   1   0   0   0   1   0   0   1   0   0   0   0   0   0   0   1   0   1   0   0   0   0   0   0   1   1   1   0   1   0   0   0   0   0 

uncorr,0.000057,0.000002,356.000000,369.000000
res:
  1   0   0   0   0   1   1   0   0   1   1   0   0   0   0   0   1   0   0   0   1   0   1   0   0   0   0   1   0   1   1   0   0   0   1   0   0   0   1   0   1   0   1   0   0   1   0   0   0   0   1   0   0   1   0   0   0   0   0   0   0   0   0   0   0   0   1   0   0   0   1   0   0   1   0   0   0   0   0   0   0   1   0   1   0   0   0   1   0   0   1   1   1   0   0   0   0   0   0   0 
  1   0   0   0   0   1   1   0   0   1   1   0   0   0   0   0   1   0   0   0   1   0   1   0   0   0   0   1   0   1   1   0   0   0   1   0   0   0   1   0   1   0   1   0   0   1   1   0   0   0   1   0   0   1   0   0   0   0   0   0   0   0   0   0   0   0   1   0   0   0   1   0   0   1   0   0   0   0   0   0   0   1   0   1   0   0   0   0   0   0   1   1   1   0   1   0   0   0   0   0 

uncorr,0.000056,0.000002,356.000000,369.000000
res:
  1   0   0   0   0   1   1   0   0   1   1   0   0   0   0   0   1   0   0   0   1   0   1   0   0   0   0   1   0   1   1   0   0   0   1   0   0   0   1   0   1   0   1   0   0   1   0   0   0   0   1   0   0   1   0   0   0   0   0   0   0   0   0   0   0   0   1   0   0   0   1   0   0   1   0   0   0   0   0   0   0   1   0   1   0   0   0   1   0   0   1   1   1   0   0   0   0   0   0   0 
  1   0   0   0   0   1   1   0   0   1   1   0   0   0   0   0   1   0   0   0   1   0   1   0   0   0   0   1   0   1   1   0   0   0   1   0   0   0   1   0   1   0   1   0   0   1   1   0   0   0   1   0   0   1   0   0   0   0   0   0   0   0   0   0   0   0   1   0   0   0   1   0   0   1   0   0   0   0   0   0   0   1   0   1   0   0   0   0   0   0   1   1   1   0   1   0   0   0   0   0 

uncorr,0.000056,0.000001,356.000000,369.000000
res:
  1   0   0   0   0   1   1   0   0   1   1   0   0   0   0   0   1   0   0   0   1   0   1   0   0   0   0   1   0   1   1   0   0   0   1   0   0   0   1   0   1   0   1   0   0   1   0   0   0   0   1   0   0   1   0   0   0   0   0   0   0   0   0   0   0   0   1   0   0   0   1   0   0   1   0   0   0   0   0   0   0   1   0   1   0   0   0   1   0   0   1   1   1   0   0   0   0   0   0   0 
  1   0   0   0   0   1   1   0   0   1   1   0   0   0   0   0   1   0   0   0   1   0   1   0   0   0   0   1   0   1   1   0   0   0   1   0   0   0   1   0   1   0   1   0   0   1   1   0   0   0   1   0   0   1   0   0   0   0   0   0   0   0   0   0   0   0   1   0   0   0   1   0   0   1   0   0   0   0   0   0   0   1   0   1   0   0   0   0   0   0   1   1   1   0   1   0   0   0   0   0 

uncorr,0.000057,0.000002,356.000000,369.000000
res:
  1   0   0   0   0   1   1   0   0   1   1   0   0   0   0   0   1   0   0   0   1   0   1   0   0   0   0   1   0   1   1   0   0   0   1   0   0   0   1   0   1   0   1   0   0   1   0   0   0   0   1   0   0   1   0   0   0   0   0   0   0   0   0   0   0   0   1   0   0   0   1   0   0   1   0   0   0   0   0   0   0   1   0   1   0   0   0   1   0   0   1   1   1   0   0   0   0   0   0   0 
  1   0   0   0   0   1   1   0   0   1   1   0   0   0   0   0   1   0   0   0   1   0   1   0   0   0   0   1   0   1   1   0   0   0   1   0   0   0   1   0   1   0   1   0   0   1   1   0   0   0   1   0   0   1   0   0   0   0   0   0   0   0   0   0   0   0   1   0   0   0   1   0   0   1   0   0   0   0   0   0   0   1   0   1   0   0   0   0   0   0   1   1   1   0   1   0   0   0   0   0 

uncorr,0.000066,0.000002,356.000000,369.000000
res:
  1   0   0   0   0   1   1   0   0   1   1   0   0   0   0   0   1   0   0   0   1   0   1   0   0   0   0   1   0   1   1   0   0   0   1   0   0   0   1   0   1   0   1   0   0   1   0   0   0   0   1   0   0   1   0   0   0   0   0   0   0   0   0   0   0   0   1   0   0   0   1   0   0   1   0   0   0   0   0   0   0   1   0   1   0   0   0   1   0   0   1   1   1   0   0   0   0   0   0   0 
  1   0   0   0   0   1   1   0   0   1   1   0   0   0   0   0   1   0   0   0   1   0   1   0   0   0   0   1   0   1   1   0   0   0   1   0   0   0   1   0   1   0   1   0   0   1   1   0   0   0   1   0   0   1   0   0   0   0   0   0   0   0   0   0   0   0   1   0   0   0   1   0   0   1   0   0   0   0   0   0   0   1   0   1   0   0   0   0   0   0   1   1   1   0   1   0   0   0   0   0 

uncorr,0.000057,0.000002,356.000000,369.000000
res:
  1   0   0   0   0   1   1   0   0   1   1   0   0   0   0   0   1   0   0   0   1   0   1   0   0   0   0   1   0   1   1   0   0   0   1   0   0   0   1   0   1   0   1   0   0   1   0   0   0   0   1   0   0   1   0   0   0   0   0   0   0   0   0   0   0   0   1   0   0   0   1   0   0   1   0   0   0   0   0   0   0   1   0   1   0   0   0   1   0   0   1   1   1   0   0   0   0   0   0   0 
  1   0   0   0   0   1   1   0   0   1   1   0   0   0   0   0   1   0   0   0   1   0   1   0   0   0   0   1   0   1   1   0   0   0   1   0   0   0   1   0   1   0   1   0   0   1   1   0   0   0   1   0   0   1   0   0   0   0   0   0   0   0   0   0   0   0   1   0   0   0   1   0   0   1   0   0   0   0   0   0   0   1   0   1   0   0   0   0   0   0   1   1   1   0   1   0   0   0   0   0 

uncorr,0.000057,0.000001,356.000000,369.000000
res:
  1   0   0   0   0   1   1   0   0   1   1   0   0   0   0   0   1   0   0   0   1   0   1   0   0   0   0   1   0   1   1   0   0   0   1   0   0   0   1   0   1   0   1   0   0   1   0   0   0   0   1   0   0   1   0   0   0   0   0   0   0   0   0   0   0   0   1   0   0   0   1   0   0   1   0   0   0   0   0   0   0   1   0   1   0   0   0   1   0   0   1   1   1   0   0   0   0   0   0   0 
  1   0   0   0   0   1   1   0   0   1   1   0   0   0   0   0   1   0   0   0   1   0   1   0   0   0   0   1   0   1   1   0   0   0   1   0   0   0   1   0   1   0   1   0   0   1   1   0   0   0   1   0   0   1   0   0   0   0   0   0   0   0   0   0   0   0   1   0   0   0   1   0   0   1   0   0   0   0   0   0   0   1   0   1   0   0   0   0   0   0   1   1   1   0   1   0   0   0   0   0 

uncorr,0.000057,0.000001,356.000000,369.000000
res:
  1   0   0   0   0   1   1   0   0   1   1   0   0   0   0   0   1   0   0   0   1   0   1   0   0   0   0   1   0   1   1   0   0   0   1   0   0   0   1   0   1   0   1   0   0   1   0   0   0   0   1   0   0   1   0   0   0   0   0   0   0   0   0   0   0   0   1   0   0   0   1   0   0   1   0   0   0   0   0   0   0   1   0   1   0   0   0   1   0   0   1   1   1   0   0   0   0   0   0   0 
  1   0   0   0   0   1   1   0   0   1   1   0   0   0   0   0   1   0   0   0   1   0   1   0   0   0   0   1   0   1   1   0   0   0   1   0   0   0   1   0   1   0   1   0   0   1   1   0   0   0   1   0   0   1   0   0   0   0   0   0   0   0   0   0   0   0   1   0   0   0   1   0   0   1   0   0   0   0   0   0   0   1   0   1   0   0   0   0   0   0   1   1   1   0   1   0   0   0   0   0 

uncorr,0.000056,0.000001,356.000000,369.000000
res:
  1   0   0   0   0   1   1   0   0   1   1   0   0   0   0   0   1   0   0   0   1   0   1   0   0   0   0   1   0   1   1   0   0   0   1   0   0   0   1   0   1   0   1   0   0   1   0   0   0   0   1   0   0   1   0   0   0   0   0   0   0   0   0   0   0   0   1   0   0   0   1   0   0   1   0   0   0   0   0   0   0   1   0   1   0   0   0   1   0   0   1   1   1   0   0   0   0   0   0   0 
  1   0   0   0   0   1   1   0   0   1   1   0   0   0   0   0   1   0   0   0   1   0   1   0   0   0   0   1   0   1   1   0   0   0   1   0   0   0   1   0   1   0   1   0   0   1   1   0   0   0   1   0   0   1   0   0   0   0   0   0   0   0   0   0   0   0   1   0   0   0   1   0   0   1   0   0   0   0   0   0   0   1   0   1   0   0   0   0   0   0   1   1   1   0   1   0   0   0   0   0 

uncorr,0.000058,0.000002,356.000000,369.000000
res:
  1   0   0   0   0   1   1   0   0   1   1   0   0   0   0   0   1   0   0   0   1   0   1   0   0   0   0   1   0   1   1   0   0   0   1   0   0   0   1   0   1   0   1   0   0   1   0   0   0   0   1   0   0   1   0   0   0   0   0   0   0   0   0   0   0   0   1   0   0   0   1   0   0   1   0   0   0   0   0   0   0   1   0   1   0   0   0   1   0   0   1   1   1   0   0   0   0   0   0   0 
  1   0   0   0   0   1   1   0   0   1   1   0   0   0   0   0   1   0   0   0   1   0   1   0   0   0   0   1   0   1   1   0   0   0   1   0   0   0   1   0   1   0   1   0   0   1   1   0   0   0   1   0   0   1   0   0   0   0   0   0   0   0   0   0   0   0   1   0   0   0   1   0   0   1   0   0   0   0   0   0   0   1   0   1   0   0   0   0   0   0   1   1   1   0   1   0   0   0   0   0 

uncorr,0.000057,0.000001,356.000000,369.000000
res:
  1   0   0   0   0   1   1   0   0   1   1   0   0   0   0   0   1   0   0   0   1   0   1   0   0   0   0   1   0   1   1   0   0   0   1   0   0   0   1   0   1   0   1   0   0   1   0   0   0   0   1   0   0   1   0   0   0   0   0   0   0   0   0   0   0   0   1   0   0   0   1   0   0   1   0   0   0   0   0   0   0   1   0   1   0   0   0   1   0   0   1   1   1   0   0   0   0   0   0   0 
  1   0   0   0   0   1   1   0   0   1   1   0   0   0   0   0   1   0   0   0   1   0   1   0   0   0   0   1   0   1   1   0   0   0   1   0   0   0   1   0   1   0   1   0   0   1   1   0   0   0   1   0   0   1   0   0   0   0   0   0   0   0   0   0   0   0   1   0   0   0   1   0   0   1   0   0   0   0   0   0   0   1   0   1   0   0   0   0   0   0   1   1   1   0   1   0   0   0   0   0 

uncorr,0.000056,0.000001,356.000000,369.000000
res:
  1   0   0   0   0   1   1   0   0   1   1   0   0   0   0   0   1   0   0   0   1   0   1   0   0   0   0   1   0   1   1   0   0   0   1   0   0   0   1   0   1   0   1   0   0   1   0   0   0   0   1   0   0   1   0   0   0   0   0   0   0   0   0   0   0   0   1   0   0   0   1   0   0   1   0   0   0   0   0   0   0   1   0   1   0   0   0   1   0   0   1   1   1   0   0   0   0   0   0   0 
  1   0   0   0   0   1   1   0   0   1   1   0   0   0   0   0   1   0   0   0   1   0   1   0   0   0   0   1   0   1   1   0   0   0   1   0   0   0   1   0   1   0   1   0   0   1   1   0   0   0   1   0   0   1   0   0   0   0   0   0   0   0   0   0   0   0   1   0   0   0   1   0   0   1   0   0   0   0   0   0   0   1   0   1   0   0   0   0   0   0   1   1   1   0   1   0   0   0   0   0 

uncorr,0.000056,0.000001,356.000000,369.000000
res:
  1   0   0   0   0   1   1   0   0   1   1   0   0   0   0   0   1   0   0   0   1   0   1   0   0   0   0   1   0   1   1   0   0   0   1   0   0   0   1   0   1   0   1   0   0   1   0   0   0   0   1   0   0   1   0   0   0   0   0   0   0   0   0   0   0   0   1   0   0   0   1   0   0   1   0   0   0   0   0   0   0   1   0   1   0   0   0   1   0   0   1   1   1   0   0   0   0   0   0   0 
  1   0   0   0   0   1   1   0   0   1   1   0   0   0   0   0   1   0   0   0   1   0   1   0   0   0   0   1   0   1   1   0   0   0   1   0   0   0   1   0   1   0   1   0   0   1   1   0   0   0   1   0   0   1   0   0   0   0   0   0   0   0   0   0   0   0   1   0   0   0   1   0   0   1   0   0   0   0   0   0   0   1   0   1   0   0   0   0   0   0   1   1   1   0   1   0   0   0   0   0 

uncorr,0.000056,0.000002,356.000000,369.000000
res:
  1   0   0   0   0   1   1   0   0   1   1   0   0   0   0   0   1   0   0   0   1   0   1   0   0   0   0   1   0   1   1   0   0   0   1   0   0   0   1   0   1   0   1   0   0   1   0   0   0   0   1   0   0   1   0   0   0   0   0   0   0   0   0   0   0   0   1   0   0   0   1   0   0   1   0   0   0   0   0   0   0   1   0   1   0   0   0   1   0   0   1   1   1   0   0   0   0   0   0   0 
  1   0   0   0   0   1   1   0   0   1   1   0   0   0   0   0   1   0   0   0   1   0   1   0   0   0   0   1   0   1   1   0   0   0   1   0   0   0   1   0   1   0   1   0   0   1   1   0   0   0   1   0   0   1   0   0   0   0   0   0   0   0   0   0   0   0   1   0   0   0   1   0   0   1   0   0   0   0   0   0   0   1   0   1   0   0   0   0   0   0   1   1   1   0   1   0   0   0   0   0 

uncorr,0.000056,0.000002,356.000000,369.000000
res:
  1   0   0   0   0   1   1   0   0   1   1   0   0   0   0   0   1   0   0   0   1   0   1   0   0   0   0   1   0   1   1   0   0   0   1   0   0   0   1   0   1   0   1   0   0   1   0   0   0   0   1   0   0   1   0   0   0   0   0   0   0   0   0   0   0   0   1   0   0   0   1   0   0   1   0   0   0   0   0   0   0   1   0   1   0   0   0   1   0   0   1   1   1   0   0   0   0   0   0   0 
  1   0   0   0   0   1   1   0   0   1   1   0   0   0   0   0   1   0   0   0   1   0   1   0   0   0   0   1   0   1   1   0   0   0   1   0   0   0   1   0   1   0   1   0   0   1   1   0   0   0   1   0   0   1   0   0   0   0   0   0   0   0   0   0   0   0   1   0   0   0   1   0   0   1   0   0   0   0   0   0   0   1   0   1   0   0   0   0   0   0   1   1   1   0   1   0   0   0   0   0 

uncorr,0.000138,0.000002,356.000000,369.000000
res:
  1   0   0   0   0   1   1   0   0   1   1   0   0   0   0   0   1   0   0   0   1   0   1   0   0   0   0   1   0   1   1   0   0   0   1   0   0   0   1   0   1   0   1   0   0   1   0   0   0   0   1   0   0   1   0   0   0   0   0   0   0   0   0   0   0   0   1   0   0   0   1   0   0   1   0   0   0   0   0   0   0   1   0   1   0   0   0   1   0   0   1   1   1   0   0   0   0   0   0   0 
  1   0   0   0   0   1   1   0   0   1   1   0   0   0   0   0   1   0   0   0   1   0   1   0   0   0   0   1   0   1   1   0   0   0   1   0   0   0   1   0   1   0   1   0   0   1   1   0   0   0   1   0   0   1   0   0   0   0   0   0   0   0   0   0   0   0   1   0   0   0   1   0   0   1   0   0   0   0   0   0   0   1   0   1   0   0   0   0   0   0   1   1   1   0   1   0   0   0   0   0 

uncorr,0.000056,0.000002,356.000000,369.000000
res:
  1   0   0   0   0   1   1   0   0   1   1   0   0   0   0   0   1   0   0   0   1   0   1   0   0   0   0   1   0   1   1   0   0   0   1   0   0   0   1   0   1   0   1   0   0   1   0   0   0   0   1   0   0   1   0   0   0   0   0   0   0   0   0   0   0   0   1   0   0   0   1   0   0   1   0   0   0   0   0   0   0   1   0   1   0   0   0   1   0   0   1   1   1   0   0   0   0   0   0   0 
  1   0   0   0   0   1   1   0   0   1   1   0   0   0   0   0   1   0   0   0   1   0   1   0   0   0   0   1   0   1   1   0   0   0   1   0   0   0   1   0   1   0   1   0   0   1   1   0   0   0   1   0   0   1   0   0   0   0   0   0   0   0   0   0   0   0   1   0   0   0   1   0   0   1   0   0   0   0   0   0   0   1   0   1   0   0   0   0   0   0   1   1   1   0   1   0   0   0   0   0 

uncorr,0.000056,0.000002,356.000000,369.000000
res:
  1   0   0   0   0   1   1   0   0   1   1   0   0   0   0   0   1   0   0   0   1   0   1   0   0   0   0   1   0   1   1   0   0   0   1   0   0   0   1   0   1   0   1   0   0   1   0   0   0   0   1   0   0   1   0   0   0   0   0   0   0   0   0   0   0   0   1   0   0   0   1   0   0   1   0   0   0   0   0   0   0   1   0   1   0   0   0   1   0   0   1   1   1   0   0   0   0   0   0   0 
  1   0   0   0   0   1   1   0   0   1   1   0   0   0   0   0   1   0   0   0   1   0   1   0   0   0   0   1   0   1   1   0   0   0   1   0   0   0   1   0   1   0   1   0   0   1   1   0   0   0   1   0   0   1   0   0   0   0   0   0   0   0   0   0   0   0   1   0   0   0   1   0   0   1   0   0   0   0   0   0   0   1   0   1   0   0   0   0   0   0   1   1   1   0   1   0   0   0   0   0 

uncorr,0.000075,0.000002,356.000000,369.000000
res:
  1   0   0   0   0   1   1   0   0   1   1   0   0   0   0   0   1   0   0   0   1   0   1   0   0   0   0   1   0   1   1   0   0   0   1   0   0   0   1   0   1   0   1   0   0   1   0   0   0   0   1   0   0   1   0   0   0   0   0   0   0   0   0   0   0   0   1   0   0   0   1   0   0   1   0   0   0   0   0   0   0   1   0   1   0   0   0   1   0   0   1   1   1   0   0   0   0   0   0   0 
  1   0   0   0   0   1   1   0   0   1   1   0   0   0   0   0   1   0   0   0   1   0   1   0   0   0   0   1   0   1   1   0   0   0   1   0   0   0   1   0   1   0   1   0   0   1   1   0   0   0   1   0   0   1   0   0   0   0   0   0   0   0   0   0   0   0   1   0   0   0   1   0   0   1   0   0   0   0   0   0   0   1   0   1   0   0   0   0   0   0   1   1   1   0   1   0   0   0   0   0 

uncorr,0.000057,0.000002,356.000000,369.000000
res:
  1   0   0   0   0   1   1   0   0   1   1   0   0   0   0   0   1   0   0   0   1   0   1   0   0   0   0   1   0   1   1   0   0   0   1   0   0   0   1   0   1   0   1   0   0   1   0   0   0   0   1   0   0   1   0   0   0   0   0   0   0   0   0   0   0   0   1   0   0   0   1   0   0   1   0   0   0   0   0   0   0   1   0   1   0   0   0   1   0   0   1   1   1   0   0   0   0   0   0   0 
  1   0   0   0   0   1   1   0   0   1   1   0   0   0   0   0   1   0   0   0   1   0   1   0   0   0   0   1   0   1   1   0   0   0   1   0   0   0   1   0   1   0   1   0   0   1   1   0   0   0   1   0   0   1   0   0   0   0   0   0   0   0   0   0   0   0   1   0   0   0   1   0   0   1   0   0   0   0   0   0   0   1   0   1   0   0   0   0   0   0   1   1   1   0   1   0   0   0   0   0 

uncorr,0.000056,0.000001,356.000000,369.000000
res:
  1   0   0   0   0   1   1   0   0   1   1   0   0   0   0   0   1   0   0   0   1   0   1   0   0   0   0   1   0   1   1   0   0   0   1   0   0   0   1   0   1   0   1   0   0   1   0   0   0   0   1   0   0   1   0   0   0   0   0   0   0   0   0   0   0   0   1   0   0   0   1   0   0   1   0   0   0   0   0   0   0   1   0   1   0   0   0   1   0   0   1   1   1   0   0   0   0   0   0   0 
  1   0   0   0   0   1   1   0   0   1   1   0   0   0   0   0   1   0   0   0   1   0   1   0   0   0   0   1   0   1   1   0   0   0   1   0   0   0   1   0   1   0   1   0   0   1   1   0   0   0   1   0   0   1   0   0   0   0   0   0   0   0   0   0   0   0   1   0   0   0   1   0   0   1   0   0   0   0   0   0   0   1   0   1   0   0   0   0   0   0   1   1   1   0   1   0   0   0   0   0 

uncorr,0.000056,0.000001,356.000000,369.000000
res:
  1   0   0   0   0   1   1   0   0   1   1   0   0   0   0   0   1   0   0   0   1   0   1   0   0   0   0   1   0   1   1   0   0   0   1   0   0   0   1   0   1   0   1   0   0   1   0   0   0   0   1   0   0   1   0   0   0   0   0   0   0   0   0   0   0   0   1   0   0   0   1   0   0   1   0   0   0   0   0   0   0   1   0   1   0   0   0   1   0   0   1   1   1   0   0   0   0   0   0   0 
  1   0   0   0   0   1   1   0   0   1   1   0   0   0   0   0   1   0   0   0   1   0   1   0   0   0   0   1   0   1   1   0   0   0   1   0   0   0   1   0   1   0   1   0   0   1   1   0   0   0   1   0   0   1   0   0   0   0   0   0   0   0   0   0   0   0   1   0   0   0   1   0   0   1   0   0   0   0   0   0   0   1   0   1   0   0   0   0   0   0   1   1   1   0   1   0   0   0   0   0 

uncorr,0.000056,0.000002,356.000000,369.000000
res:
  1   0   0   0   0   1   1   0   0   1   1   0   0   0   0   0   1   0   0   0   1   0   1   0   0   0   0   1   0   1   1   0   0   0   1   0   0   0   1   0   1   0   1   0   0   1   0   0   0   0   1   0   0   1   0   0   0   0   0   0   0   0   0   0   0   0   1   0   0   0   1   0   0   1   0   0   0   0   0   0   0   1   0   1   0   0   0   1   0   0   1   1   1   0   0   0   0   0   0   0 
  1   0   0   0   0   1   1   0   0   1   1   0   0   0   0   0   1   0   0   0   1   0   1   0   0   0   0   1   0   1   1   0   0   0   1   0   0   0   1   0   1   0   1   0   0   1   1   0   0   0   1   0   0   1   0   0   0   0   0   0   0   0   0   0   0   0   1   0   0   0   1   0   0   1   0   0   0   0   0   0   0   1   0   1   0   0   0   0   0   0   1   1   1   0   1   0   0   0   0   0 

uncorr,0.000056,0.000002,356.000000,369.000000
res:
  1   0   0   0   0   1   1   0   0   1   1   0   0   0   0   0   1   0   0   0   1   0   1   0   0   0   0   1   0   1   1   0   0   0   1   0   0   0   1   0   1   0   1   0   0   1   0   0   0   0   1   0   0   1   0   0   0   0   0   0   0   0   0   0   0   0   1   0   0   0   1   0   0   1   0   0   0   0   0   0   0   1   0   1   0   0   0   1   0   0   1   1   1   0   0   0   0   0   0   0 
  1   0   0   0   0   1   1   0   0   1   1   0   0   0   0   0   1   0   0   0   1   0   1   0   0   0   0   1   0   1   1   0   0   0   1   0   0   0   1   0   1   0   1   0   0   1   1   0   0   0   1   0   0   1   0   0   0   0   0   0   0   0   0   0   0   0   1   0   0   0   1   0   0   1   0   0   0   0   0   0   0   1   0   1   0   0   0   0   0   0   1   1   1   0   1   0   0   0   0   0 

uncorr,0.000056,0.000002,356.000000,369.000000
res:
  1   0   0   0   0   1   1   0   0   1   1   0   0   0   0   0   1   0   0   0   1   0   1   0   0   0   0   1   0   1   1   0   0   0   1   0   0   0   1   0   1   0   1   0   0   1   0   0   0   0   1   0   0   1   0   0   0   0   0   0   0   0   0   0   0   0   1   0   0   0   1   0   0   1   0   0   0   0   0   0   0   1   0   1   0   0   0   1   0   0   1   1   1   0   0   0   0   0   0   0 
  1   0   0   0   0   1   1   0   0   1   1   0   0   0   0   0   1   0   0   0   1   0   1   0   0   0   0   1   0   1   1   0   0   0   1   0   0   0   1   0   1   0   1   0   0   1   1   0   0   0   1   0   0   1   0   0   0   0   0   0   0   0   0   0   0   0   1   0   0   0   1   0   0   1   0   0   0   0   0   0   0   1   0   1   0   0   0   0   0   0   1   1   1   0   1   0   0   0   0   0 

uncorr,0.000057,0.000001,356.000000,369.000000
res:
  1   0   0   0   0   1   1   0   0   1   1   0   0   0   0   0   1   0   0   0   1   0   1   0   0   0   0   1   0   1   1   0   0   0   1   0   0   0   1   0   1   0   1   0   0   1   0   0   0   0   1   0   0   1   0   0   0   0   0   0   0   0   0   0   0   0   1   0   0   0   1   0   0   1   0   0   0   0   0   0   0   1   0   1   0   0   0   1   0   0   1   1   1   0   0   0   0   0   0   0 
  1   0   0   0   0   1   1   0   0   1   1   0   0   0   0   0   1   0   0   0   1   0   1   0   0   0   0   1   0   1   1   0   0   0   1   0   0   0   1   0   1   0   1   0   0   1   1   0   0   0   1   0   0   1   0   0   0   0   0   0   0   0   0   0   0   0   1   0   0   0   1   0   0   1   0   0   0   0   0   0   0   1   0   1   0   0   0   0   0   0   1   1   1   0   1   0   0   0   0   0 

uncorr,0.000056,0.000002,356.000000,369.000000
res:
  1   0   0   0   0   1   1   0   0   1   1   0   0   0   0   0   1   0   0   0   1   0   1   0   0   0   0   1   0   1   1   0   0   0   1   0   0   0   1   0   1   0   1   0   0   1   0   0   0   0   1   0   0   1   0   0   0   0   0   0   0   0   0   0   0   0   1   0   0   0   1   0   0   1   0   0   0   0   0   0   0   1   0   1   0   0   0   1   0   0   1   1   1   0   0   0   0   0   0   0 
  1   0   0   0   0   1   1   0   0   1   1   0   0   0   0   0   1   0   0   0   1   0   1   0   0   0   0   1   0   1   1   0   0   0   1   0   0   0   1   0   1   0   1   0   0   1   1   0   0   0   1   0   0   1   0   0   0   0   0   0   0   0   0   0   0   0   1   0   0   0   1   0   0   1   0   0   0   0   0   0   0   1   0   1   0   0   0   0   0   0   1   1   1   0   1   0   0   0   0   0 

uncorr,0.000059,0.000001,356.000000,369.000000
res:
  1   0   0   0   0   1   1   0   0   1   1   0   0   0   0   0   1   0   0   0   1   0   1   0   0   0   0   1   0   1   1   0   0   0   1   0   0   0   1   0   1   0   1   0   0   1   0   0   0   0   1   0   0   1   0   0   0   0   0   0   0   0   0   0   0   0   1   0   0   0   1   0   0   1   0   0   0   0   0   0   0   1   0   1   0   0   0   1   0   0   1   1   1   0   0   0   0   0   0   0 
  1   0   0   0   0   1   1   0   0   1   1   0   0   0   0   0   1   0   0   0   1   0   1   0   0   0   0   1   0   1   1   0   0   0   1   0   0   0   1   0   1   0   1   0   0   1   1   0   0   0   1   0   0   1   0   0   0   0   0   0   0   0   0   0   0   0   1   0   0   0   1   0   0   1   0   0   0   0   0   0   0   1   0   1   0   0   0   0   0   0   1   1   1   0   1   0   0   0   0   0 

uncorr,0.000056,0.000001,356.000000,369.000000
res:
  1   0   0   0   0   1   1   0   0   1   1   0   0   0   0   0   1   0   0   0   1   0   1   0   0   0   0   1   0   1   1   0   0   0   1   0   0   0   1   0   1   0   1   0   0   1   0   0   0   0   1   0   0   1   0   0   0   0   0   0   0   0   0   0   0   0   1   0   0   0   1   0   0   1   0   0   0   0   0   0   0   1   0   1   0   0   0   1   0   0   1   1   1   0   0   0   0   0   0   0 
  1   0   0   0   0   1   1   0   0   1   1   0   0   0   0   0   1   0   0   0   1   0   1   0   0   0   0   1   0   1   1   0   0   0   1   0   0   0   1   0   1   0   1   0   0   1   1   0   0   0   1   0   0   1   0   0   0   0   0   0   0   0   0   0   0   0   1   0   0   0   1   0   0   1   0   0   0   0   0   0   0   1   0   1   0   0   0   0   0   0   1   1   1   0   1   0   0   0   0   0 

uncorr,0.000057,0.000002,356.000000,369.000000
res:
  1   0   0   0   0   1   1   0   0   1   1   0   0   0   0   0   1   0   0   0   1   0   1   0   0   0   0   1   0   1   1   0   0   0   1   0   0   0   1   0   1   0   1   0   0   1   0   0   0   0   1   0   0   1   0   0   0   0   0   0   0   0   0   0   0   0   1   0   0   0   1   0   0   1   0   0   0   0   0   0   0   1   0   1   0   0   0   1   0   0   1   1   1   0   0   0   0   0   0   0 
  1   0   0   0   0   1   1   0   0   1   1   0   0   0   0   0   1   0   0   0   1   0   1   0   0   0   0   1   0   1   1   0   0   0   1   0   0   0   1   0   1   0   1   0   0   1   1   0   0   0   1   0   0   1   0   0   0   0   0   0   0   0   0   0   0   0   1   0   0   0   1   0   0   1   0   0   0   0   0   0   0   1   0   1   0   0   0   0   0   0   1   1   1   0   1   0   0   0   0   0 

uncorr,0.000057,0.000002,356.000000,369.000000
res:
  1   0   0   0   0   1   1   0   0   1   1   0   0   0   0   0   1   0   0   0   1   0   1   0   0   0   0   1   0   1   1   0   0   0   1   0   0   0   1   0   1   0   1   0   0   1   0   0   0   0   1   0   0   1   0   0   0   0   0   0   0   0   0   0   0   0   1   0   0   0   1   0   0   1   0   0   0   0   0   0   0   1   0   1   0   0   0   1   0   0   1   1   1   0   0   0   0   0   0   0 
  1   0   0   0   0   1   1   0   0   1   1   0   0   0   0   0   1   0   0   0   1   0   1   0   0   0   0   1   0   1   1   0   0   0   1   0   0   0   1   0   1   0   1   0   0   1   1   0   0   0   1   0   0   1   0   0   0   0   0   0   0   0   0   0   0   0   1   0   0   0   1   0   0   1   0   0   0   0   0   0   0   1   0   1   0   0   0   0   0   0   1   1   1   0   1   0   0   0   0   0 

uncorr,0.000056,0.000001,356.000000,369.000000
res:
  1   0   0   0   0   1   1   0   0   1   1   0   0   0   0   0   1   0   0   0   1   0   1   0   0   0   0   1   0   1   1   0   0   0   1   0   0   0   1   0   1   0   1   0   0   1   0   0   0   0   1   0   0   1   0   0   0   0   0   0   0   0   0   0   0   0   1   0   0   0   1   0   0   1   0   0   0   0   0   0   0   1   0   1   0   0   0   1   0   0   1   1   1   0   0   0   0   0   0   0 
  1   0   0   0   0   1   1   0   0   1   1   0   0   0   0   0   1   0   0   0   1   0   1   0   0   0   0   1   0   1   1   0   0   0   1   0   0   0   1   0   1   0   1   0   0   1   1   0   0   0   1   0   0   1   0   0   0   0   0   0   0   0   0   0   0   0   1   0   0   0   1   0   0   1   0   0   0   0   0   0   0   1   0   1   0   0   0   0   0   0   1   1   1   0   1   0   0   0   0   0 

uncorr,0.000057,0.000002,356.000000,369.000000
res:
  1   0   0   0   0   1   1   0   0   1   1   0   0   0   0   0   1   0   0   0   1   0   1   0   0   0   0   1   0   1   1   0   0   0   1   0   0   0   1   0   1   0   1   0   0   1   0   0   0   0   1   0   0   1   0   0   0   0   0   0   0   0   0   0   0   0   1   0   0   0   1   0   0   1   0   0   0   0   0   0   0   1   0   1   0   0   0   1   0   0   1   1   1   0   0   0   0   0   0   0 
  1   0   0   0   0   1   1   0   0   1   1   0   0   0   0   0   1   0   0   0   1   0   1   0   0   0   0   1   0   1   1   0   0   0   1   0   0   0   1   0   1   0   1   0   0   1   1   0   0   0   1   0   0   1   0   0   0   0   0   0   0   0   0   0   0   0   1   0   0   0   1   0   0   1   0   0   0   0   0   0   0   1   0   1   0   0   0   0   0   0   1   1   1   0   1   0   0   0   0   0 

uncorr,0.000056,0.000002,356.000000,369.000000
res:
  1   0   0   0   0   1   1   0   0   1   1   0   0   0   0   0   1   0   0   0   1   0   1   0   0   0   0   1   0   1   1   0   0   0   1   0   0   0   1   0   1   0   1   0   0   1   0   0   0   0   1   0   0   1   0   0   0   0   0   0   0   0   0   0   0   0   1   0   0   0   1   0   0   1   0   0   0   0   0   0   0   1   0   1   0   0   0   1   0   0   1   1   1   0   0   0   0   0   0   0 
  1   0   0   0   0   1   1   0   0   1   1   0   0   0   0   0   1   0   0   0   1   0   1   0   0   0   0   1   0   1   1   0   0   0   1   0   0   0   1   0   1   0   1   0   0   1   1   0   0   0   1   0   0   1   0   0   0   0   0   0   0   0   0   0   0   0   1   0   0   0   1   0   0   1   0   0   0   0   0   0   0   1   0   1   0   0   0   0   0   0   1   1   1   0   1   0   0   0   0   0 

uncorr,0.000056,0.000001,356.000000,369.000000
res:
  1   0   0   0   0   1   1   0   0   1   1   0   0   0   0   0   1   0   0   0   1   0   1   0   0   0   0   1   0   1   1   0   0   0   1   0   0   0   1   0   1   0   1   0   0   1   0   0   0   0   1   0   0   1   0   0   0   0   0   0   0   0   0   0   0   0   1   0   0   0   1   0   0   1   0   0   0   0   0   0   0   1   0   1   0   0   0   1   0   0   1   1   1   0   0   0   0   0   0   0 
  1   0   0   0   0   1   1   0   0   1   1   0   0   0   0   0   1   0   0   0   1   0   1   0   0   0   0   1   0   1   1   0   0   0   1   0   0   0   1   0   1   0   1   0   0   1   1   0   0   0   1   0   0   1   0   0   0   0   0   0   0   0   0   0   0   0   1   0   0   0   1   0   0   1   0   0   0   0   0   0   0   1   0   1   0   0   0   0   0   0   1   1   1   0   1   0   0   0   0   0 

uncorr,0.000056,0.000001,356.000000,369.000000
res:
  1   0   0   0   0   1   1   0   0   1   1   0   0   0   0   0   1   0   0   0   1   0   1   0   0   0   0   1   0   1   1   0   0   0   1   0   0   0   1   0   1   0   1   0   0   1   0   0   0   0   1   0   0   1   0   0   0   0   0   0   0   0   0   0   0   0   1   0   0   0   1   0   0   1   0   0   0   0   0   0   0   1   0   1   0   0   0   1   0   0   1   1   1   0   0   0   0   0   0   0 
  1   0   0   0   0   1   1   0   0   1   1   0   0   0   0   0   1   0   0   0   1   0   1   0   0   0   0   1   0   1   1   0   0   0   1   0   0   0   1   0   1   0   1   0   0   1   1   0   0   0   1   0   0   1   0   0   0   0   0   0   0   0   0   0   0   0   1   0   0   0   1   0   0   1   0   0   0   0   0   0   0   1   0   1   0   0   0   0   0   0   1   1   1   0   1   0   0   0   0   0 

uncorr,0.000056,0.000001,356.000000,369.000000
res:
  1   0   0   0   0   1   1   0   0   1   1   0   0   0   0   0   1   0   0   0   1   0   1   0   0   0   0   1   0   1   1   0   0   0   1   0   0   0   1   0   1   0   1   0   0   1   0   0   0   0   1   0   0   1   0   0   0   0   0   0   0   0   0   0   0   0   1   0   0   0   1   0   0   1   0   0   0   0   0   0   0   1   0   1   0   0   0   1   0   0   1   1   1   0   0   0   0   0   0   0 
  1   0   0   0   0   1   1   0   0   1   1   0   0   0   0   0   1   0   0   0   1   0   1   0   0   0   0   1   0   1   1   0   0   0   1   0   0   0   1   0   1   0   1   0   0   1   1   0   0   0   1   0   0   1   0   0   0   0   0   0   0   0   0   0   0   0   1   0   0   0   1   0   0   1   0   0   0   0   0   0   0   1   0   1   0   0   0   0   0   0   1   1   1   0   1   0   0   0   0   0 

uncorr,0.000057,0.000001,356.000000,369.000000
res:
  1   0   0   0   0   1   1   0   0   1   1   0   0   0   0   0   1   0   0   0   1   0   1   0   0   0   0   1   0   1   1   0   0   0   1   0   0   0   1   0   1   0   1   0   0   1   0   0   0   0   1   0   0   1   0   0   0   0   0   0   0   0   0   0   0   0   1   0   0   0   1   0   0   1   0   0   0   0   0   0   0   1   0   1   0   0   0   1   0   0   1   1   1   0   0   0   0   0   0   0 
  1   0   0   0   0   1   1   0   0   1   1   0   0   0   0   0   1   0   0   0   1   0   1   0   0   0   0   1   0   1   1   0   0   0   1   0   0   0   1   0   1   0   1   0   0   1   1   0   0   0   1   0   0   1   0   0   0   0   0   0   0   0   0   0   0   0   1   0   0   0   1   0   0   1   0   0   0   0   0   0   0   1   0   1   0   0   0   0   0   0   1   1   1   0   1   0   0   0   0   0 

uncorr,0.000056,0.000002,356.000000,369.000000
res:
  1   0   0   0   0   1   1   0   0   1   1   0   0   0   0   0   1   0   0   0   1   0   1   0   0   0   0   1   0   1   1   0   0   0   1   0   0   0   1   0   1   0   1   0   0   1   0   0   0   0   1   0   0   1   0   0   0   0   0   0   0   0   0   0   0   0   1   0   0   0   1   0   0   1   0   0   0   0   0   0   0   1   0   1   0   0   0   1   0   0   1   1   1   0   0   0   0   0   0   0 
  1   0   0   0   0   1   1   0   0   1   1   0   0   0   0   0   1   0   0   0   1   0   1   0   0   0   0   1   0   1   1   0   0   0   1   0   0   0   1   0   1   0   1   0   0   1   1   0   0   0   1   0   0   1   0   0   0   0   0   0   0   0   0   0   0   0   1   0   0   0   1   0   0   1   0   0   0   0   0   0   0   1   0   1   0   0   0   0   0   0   1   1   1   0   1   0   0   0   0   0 

uncorr,0.000057,0.000001,356.000000,369.000000
res:
  1   0   0   0   0   1   1   0   0   1   1   0   0   0   0   0   1   0   0   0   1   0   1   0   0   0   0   1   0   1   1   0   0   0   1   0   0   0   1   0   1   0   1   0   0   1   0   0   0   0   1   0   0   1   0   0   0   0   0   0   0   0   0   0   0   0   1   0   0   0   1   0   0   1   0   0   0   0   0   0   0   1   0   1   0   0   0   1   0   0   1   1   1   0   0   0   0   0   0   0 
  1   0   0   0   0   1   1   0   0   1   1   0   0   0   0   0   1   0   0   0   1   0   1   0   0   0   0   1   0   1   1   0   0   0   1   0   0   0   1   0   1   0   1   0   0   1   1   0   0   0   1   0   0   1   0   0   0   0   0   0   0   0   0   0   0   0   1   0   0   0   1   0   0   1   0   0   0   0   0   0   0   1   0   1   0   0   0   0   0   0   1   1   1   0   1   0   0   0   0   0 

uncorr,0.000056,0.000002,356.000000,369.000000
res:
  1   0   0   0   0   1   1   0   0   1   1   0   0   0   0   0   1   0   0   0   1   0   1   0   0   0   0   1   0   1   1   0   0   0   1   0   0   0   1   0   1   0   1   0   0   1   0   0   0   0   1   0   0   1   0   0   0   0   0   0   0   0   0   0   0   0   1   0   0   0   1   0   0   1   0   0   0   0   0   0   0   1   0   1   0   0   0   1   0   0   1   1   1   0   0   0   0   0   0   0 
  1   0   0   0   0   1   1   0   0   1   1   0   0   0   0   0   1   0   0   0   1   0   1   0   0   0   0   1   0   1   1   0   0   0   1   0   0   0   1   0   1   0   1   0   0   1   1   0   0   0   1   0   0   1   0   0   0   0   0   0   0   0   0   0   0   0   1   0   0   0   1   0   0   1   0   0   0   0   0   0   0   1   0   1   0   0   0   0   0   0   1   1   1   0   1   0   0   0   0   0 

uncorr,0.000056,0.000001,356.000000,369.000000
res:
  1   0   0   0   0   1   1   0   0   1   1   0   0   0   0   0   1   0   0   0   1   0   1   0   0   0   0   1   0   1   1   0   0   0   1   0   0   0   1   0   1   0   1   0   0   1   0   0   0   0   1   0   0   1   0   0   0   0   0   0   0   0   0   0   0   0   1   0   0   0   1   0   0   1   0   0   0   0   0   0   0   1   0   1   0   0   0   1   0   0   1   1   1   0   0   0   0   0   0   0 
  1   0   0   0   0   1   1   0   0   1   1   0   0   0   0   0   1   0   0   0   1   0   1   0   0   0   0   1   0   1   1   0   0   0   1   0   0   0   1   0   1   0   1   0   0   1   1   0   0   0   1   0   0   1   0   0   0   0   0   0   0   0   0   0   0   0   1   0   0   0   1   0   0   1   0   0   0   0   0   0   0   1   0   1   0   0   0   0   0   0   1   1   1   0   1   0   0   0   0   0 

uncorr,0.000056,0.000001,356.000000,369.000000
res:
  1   0   0   0   0   1   1   0   0   1   1   0   0   0   0   0   1   0   0   0   1   0   1   0   0   0   0   1   0   1   1   0   0   0   1   0   0   0   1   0   1   0   1   0   0   1   0   0   0   0   1   0   0   1   0   0   0   0   0   0   0   0   0   0   0   0   1   0   0   0   1   0   0   1   0   0   0   0   0   0   0   1   0   1   0   0   0   1   0   0   1   1   1   0   0   0   0   0   0   0 
  1   0   0   0   0   1   1   0   0   1   1   0   0   0   0   0   1   0   0   0   1   0   1   0   0   0   0   1   0   1   1   0   0   0   1   0   0   0   1   0   1   0   1   0   0   1   1   0   0   0   1   0   0   1   0   0   0   0   0   0   0   0   0   0   0   0   1   0   0   0   1   0   0   1   0   0   0   0   0   0   0   1   0   1   0   0   0   0   0   0   1   1   1   0   1   0   0   0   0   0 

uncorr,0.000056,0.000001,356.000000,369.000000
res:
  1   0   0   0   0   1   1   0   0   1   1   0   0   0   0   0   1   0   0   0   1   0   1   0   0   0   0   1   0   1   1   0   0   0   1   0   0   0   1   0   1   0   1   0   0   1   0   0   0   0   1   0   0   1   0   0   0   0   0   0   0   0   0   0   0   0   1   0   0   0   1   0   0   1   0   0   0   0   0   0   0   1   0   1   0   0   0   1   0   0   1   1   1   0   0   0   0   0   0   0 
  1   0   0   0   0   1   1   0   0   1   1   0   0   0   0   0   1   0   0   0   1   0   1   0   0   0   0   1   0   1   1   0   0   0   1   0   0   0   1   0   1   0   1   0   0   1   1   0   0   0   1   0   0   1   0   0   0   0   0   0   0   0   0   0   0   0   1   0   0   0   1   0   0   1   0   0   0   0   0   0   0   1   0   1   0   0   0   0   0   0   1   1   1   0   1   0   0   0   0   0 

uncorr,0.000056,0.000002,356.000000,369.000000
res:
  1   0   0   0   0   1   1   0   0   1   1   0   0   0   0   0   1   0   0   0   1   0   1   0   0   0   0   1   0   1   1   0   0   0   1   0   0   0   1   0   1   0   1   0   0   1   0   0   0   0   1   0   0   1   0   0   0   0   0   0   0   0   0   0   0   0   1   0   0   0   1   0   0   1   0   0   0   0   0   0   0   1   0   1   0   0   0   1   0   0   1   1   1   0   0   0   0   0   0   0 
  1   0   0   0   0   1   1   0   0   1   1   0   0   0   0   0   1   0   0   0   1   0   1   0   0   0   0   1   0   1   1   0   0   0   1   0   0   0   1   0   1   0   1   0   0   1   1   0   0   0   1   0   0   1   0   0   0   0   0   0   0   0   0   0   0   0   1   0   0   0   1   0   0   1   0   0   0   0   0   0   0   1   0   1   0   0   0   0   0   0   1   1   1   0   1   0   0   0   0   0 

uncorr,0.000056,0.000002,356.000000,369.000000
res:
  1   0   0   0   0   1   1   0   0   1   1   0   0   0   0   0   1   0   0   0   1   0   1   0   0   0   0   1   0   1   1   0   0   0   1   0   0   0   1   0   1   0   1   0   0   1   0   0   0   0   1   0   0   1   0   0   0   0   0   0   0   0   0   0   0   0   1   0   0   0   1   0   0   1   0   0   0   0   0   0   0   1   0   1   0   0   0   1   0   0   1   1   1   0   0   0   0   0   0   0 
  1   0   0   0   0   1   1   0   0   1   1   0   0   0   0   0   1   0   0   0   1   0   1   0   0   0   0   1   0   1   1   0   0   0   1   0   0   0   1   0   1   0   1   0   0   1   1   0   0   0   1   0   0   1   0   0   0   0   0   0   0   0   0   0   0   0   1   0   0   0   1   0   0   1   0   0   0   0   0   0   0   1   0   1   0   0   0   0   0   0   1   1   1   0   1   0   0   0   0   0 

uncorr,0.000056,0.000002,356.000000,369.000000
res:
  1   0   0   0   0   1   1   0   0   1   1   0   0   0   0   0   1   0   0   0   1   0   1   0   0   0   0   1   0   1   1   0   0   0   1   0   0   0   1   0   1   0   1   0   0   1   0   0   0   0   1   0   0   1   0   0   0   0   0   0   0   0   0   0   0   0   1   0   0   0   1   0   0   1   0   0   0   0   0   0   0   1   0   1   0   0   0   1   0   0   1   1   1   0   0   0   0   0   0   0 
  1   0   0   0   0   1   1   0   0   1   1   0   0   0   0   0   1   0   0   0   1   0   1   0   0   0   0   1   0   1   1   0   0   0   1   0   0   0   1   0   1   0   1   0   0   1   1   0   0   0   1   0   0   1   0   0   0   0   0   0   0   0   0   0   0   0   1   0   0   0   1   0   0   1   0   0   0   0   0   0   0   1   0   1   0   0   0   0   0   0   1   1   1   0   1   0   0   0   0   0 

uncorr,0.000057,0.000002,356.000000,369.000000
res:
  1   0   0   0   0   1   1   0   0   1   1   0   0   0   0   0   1   0   0   0   1   0   1   0   0   0   0   1   0   1   1   0   0   0   1   0   0   0   1   0   1   0   1   0   0   1   0   0   0   0   1   0   0   1   0   0   0   0   0   0   0   0   0   0   0   0   1   0   0   0   1   0   0   1   0   0   0   0   0   0   0   1   0   1   0   0   0   1   0   0   1   1   1   0   0   0   0   0   0   0 
  1   0   0   0   0   1   1   0   0   1   1   0   0   0   0   0   1   0   0   0   1   0   1   0   0   0   0   1   0   1   1   0   0   0   1   0   0   0   1   0   1   0   1   0   0   1   1   0   0   0   1   0   0   1   0   0   0   0   0   0   0   0   0   0   0   0   1   0   0   0   1   0   0   1   0   0   0   0   0   0   0   1   0   1   0   0   0   0   0   0   1   1   1   0   1   0   0   0   0   0 

uncorr,0.000056,0.000001,356.000000,369.000000
res:
  1   0   0   0   0   1   1   0   0   1   1   0   0   0   0   0   1   0   0   0   1   0   1   0   0   0   0   1   0   1   1   0   0   0   1   0   0   0   1   0   1   0   1   0   0   1   0   0   0   0   1   0   0   1   0   0   0   0   0   0   0   0   0   0   0   0   1   0   0   0   1   0   0   1   0   0   0   0   0   0   0   1   0   1   0   0   0   1   0   0   1   1   1   0   0   0   0   0   0   0 
  1   0   0   0   0   1   1   0   0   1   1   0   0   0   0   0   1   0   0   0   1   0   1   0   0   0   0   1   0   1   1   0   0   0   1   0   0   0   1   0   1   0   1   0   0   1   1   0   0   0   1   0   0   1   0   0   0   0   0   0   0   0   0   0   0   0   1   0   0   0   1   0   0   1   0   0   0   0   0   0   0   1   0   1   0   0   0   0   0   0   1   1   1   0   1   0   0   0   0   0 

uncorr,0.000056,0.000001,356.000000,369.000000
res:
  1   0   0   0   0   1   1   0   0   1   1   0   0   0   0   0   1   0   0   0   1   0   1   0   0   0   0   1   0   1   1   0   0   0   1   0   0   0   1   0   1   0   1   0   0   1   0   0   0   0   1   0   0   1   0   0   0   0   0   0   0   0   0   0   0   0   1   0   0   0   1   0   0   1   0   0   0   0   0   0   0   1   0   1   0   0   0   1   0   0   1   1   1   0   0   0   0   0   0   0 
  1   0   0   0   0   1   1   0   0   1   1   0   0   0   0   0   1   0   0   0   1   0   1   0   0   0   0   1   0   1   1   0   0   0   1   0   0   0   1   0   1   0   1   0   0   1   1   0   0   0   1   0   0   1   0   0   0   0   0   0   0   0   0   0   0   0   1   0   0   0   1   0   0   1   0   0   0   0   0   0   0   1   0   1   0   0   0   0   0   0   1   1   1   0   1   0   0   0   0   0 

uncorr,0.000056,0.000002,356.000000,369.000000
res:
  1   0   0   0   0   1   1   0   0   1   1   0   0   0   0   0   1   0   0   0   1   0   1   0   0   0   0   1   0   1   1   0   0   0   1   0   0   0   1   0   1   0   1   0   0   1   0   0   0   0   1   0   0   1   0   0   0   0   0   0   0   0   0   0   0   0   1   0   0   0   1   0   0   1   0   0   0   0   0   0   0   1   0   1   0   0   0   1   0   0   1   1   1   0   0   0   0   0   0   0 
  1   0   0   0   0   1   1   0   0   1   1   0   0   0   0   0   1   0   0   0   1   0   1   0   0   0   0   1   0   1   1   0   0   0   1   0   0   0   1   0   1   0   1   0   0   1   1   0   0   0   1   0   0   1   0   0   0   0   0   0   0   0   0   0   0   0   1   0   0   0   1   0   0   1   0   0   0   0   0   0   0   1   0   1   0   0   0   0   0   0   1   1   1   0   1   0   0   0   0   0 

uncorr,0.000056,0.000002,356.000000,369.000000
res:
  1   0   0   0   0   1   1   0   0   1   1   0   0   0   0   0   1   0   0   0   1   0   1   0   0   0   0   1   0   1   1   0   0   0   1   0   0   0   1   0   1   0   1   0   0   1   0   0   0   0   1   0   0   1   0   0   0   0   0   0   0   0   0   0   0   0   1   0   0   0   1   0   0   1   0   0   0   0   0   0   0   1   0   1   0   0   0   1   0   0   1   1   1   0   0   0   0   0   0   0 
  1   0   0   0   0   1   1   0   0   1   1   0   0   0   0   0   1   0   0   0   1   0   1   0   0   0   0   1   0   1   1   0   0   0   1   0   0   0   1   0   1   0   1   0   0   1   1   0   0   0   1   0   0   1   0   0   0   0   0   0   0   0   0   0   0   0   1   0   0   0   1   0   0   1   0   0   0   0   0   0   0   1   0   1   0   0   0   0   0   0   1   1   1   0   1   0   0   0   0   0 

uncorr,0.000056,0.000002,356.000000,369.000000
res:
  1   0   0   0   0   1   1   0   0   1   1   0   0   0   0   0   1   0   0   0   1   0   1   0   0   0   0   1   0   1   1   0   0   0   1   0   0   0   1   0   1   0   1   0   0   1   0   0   0   0   1   0   0   1   0   0   0   0   0   0   0   0   0   0   0   0   1   0   0   0   1   0   0   1   0   0   0   0   0   0   0   1   0   1   0   0   0   1   0   0   1   1   1   0   0   0   0   0   0   0 
  1   0   0   0   0   1   1   0   0   1   1   0   0   0   0   0   1   0   0   0   1   0   1   0   0   0   0   1   0   1   1   0   0   0   1   0   0   0   1   0   1   0   1   0   0   1   1   0   0   0   1   0   0   1   0   0   0   0   0   0   0   0   0   0   0   0   1   0   0   0   1   0   0   1   0   0   0   0   0   0   0   1   0   1   0   0   0   0   0   0   1   1   1   0   1   0   0   0   0   0 

uncorr,0.000057,0.000001,356.000000,369.000000
res:
  1   0   0   0   0   1   1   0   0   1   1   0   0   0   0   0   1   0   0   0   1   0   1   0   0   0   0   1   0   1   1   0   0   0   1   0   0   0   1   0   1   0   1   0   0   1   0   0   0   0   1   0   0   1   0   0   0   0   0   0   0   0   0   0   0   0   1   0   0   0   1   0   0   1   0   0   0   0   0   0   0   1   0   1   0   0   0   1   0   0   1   1   1   0   0   0   0   0   0   0 
  1   0   0   0   0   1   1   0   0   1   1   0   0   0   0   0   1   0   0   0   1   0   1   0   0   0   0   1   0   1   1   0   0   0   1   0   0   0   1   0   1   0   1   0   0   1   1   0   0   0   1   0   0   1   0   0   0   0   0   0   0   0   0   0   0   0   1   0   0   0   1   0   0   1   0   0   0   0   0   0   0   1   0   1   0   0   0   0   0   0   1   1   1   0   1   0   0   0   0   0 

uncorr,0.000057,0.000002,356.000000,369.000000
res:
  1   0   0   0   0   1   1   0   0   1   1   0   0   0   0   0   1   0   0   0   1   0   1   0   0   0   0   1   0   1   1   0   0   0   1   0   0   0   1   0   1   0   1   0   0   1   0   0   0   0   1   0   0   1   0   0   0   0   0   0   0   0   0   0   0   0   1   0   0   0   1   0   0   1   0   0   0   0   0   0   0   1   0   1   0   0   0   1   0   0   1   1   1   0   0   0   0   0   0   0 
  1   0   0   0   0   1   1   0   0   1   1   0   0   0   0   0   1   0   0   0   1   0   1   0   0   0   0   1   0   1   1   0   0   0   1   0   0   0   1   0   1   0   1   0   0   1   1   0   0   0   1   0   0   1   0   0   0   0   0   0   0   0   0   0   0   0   1   0   0   0   1   0   0   1   0   0   0   0   0   0   0   1   0   1   0   0   0   0   0   0   1   1   1   0   1   0   0   0   0   0 

uncorr,0.000057,0.000002,356.000000,369.000000
res:
  1   0   0   0   0   1   1   0   0   1   1   0   0   0   0   0   1   0   0   0   1   0   1   0   0   0   0   1   0   1   1   0   0   0   1   0   0   0   1   0   1   0   1   0   0   1   0   0   0   0   1   0   0   1   0   0   0   0   0   0   0   0   0   0   0   0   1   0   0   0   1   0   0   1   0   0   0   0   0   0   0   1   0   1   0   0   0   1   0   0   1   1   1   0   0   0   0   0   0   0 
  1   0   0   0   0   1   1   0   0   1   1   0   0   0   0   0   1   0   0   0   1   0   1   0   0   0   0   1   0   1   1   0   0   0   1   0   0   0   1   0   1   0   1   0   0   1   1   0   0   0   1   0   0   1   0   0   0   0   0   0   0   0   0   0   0   0   1   0   0   0   1   0   0   1   0   0   0   0   0   0   0   1   0   1   0   0   0   0   0   0   1   1   1   0   1   0   0   0   0   0 

uncorr,0.000057,0.000002,356.000000,369.000000
res:
  1   0   0   0   0   1   1   0   0   1   1   0   0   0   0   0   1   0   0   0   1   0   1   0   0   0   0   1   0   1   1   0   0   0   1   0   0   0   1   0   1   0   1   0   0   1   0   0   0   0   1   0   0   1   0   0   0   0   0   0   0   0   0   0   0   0   1   0   0   0   1   0   0   1   0   0   0   0   0   0   0   1   0   1   0   0   0   1   0   0   1   1   1   0   0   0   0   0   0   0 
  1   0   0   0   0   1   1   0   0   1   1   0   0   0   0   0   1   0   0   0   1   0   1   0   0   0   0   1   0   1   1   0   0   0   1   0   0   0   1   0   1   0   1   0   0   1   1   0   0   0   1   0   0   1   0   0   0   0   0   0   0   0   0   0   0   0   1   0   0   0   1   0   0   1   0   0   0   0   0   0   0   1   0   1   0   0   0   0   0   0   1   1   1   0   1   0   0   0   0   0 

uncorr,0.000056,0.000002,356.000000,369.000000
res:
  1   0   0   0   0   1   1   0   0   1   1   0   0   0   0   0   1   0   0   0   1   0   1   0   0   0   0   1   0   1   1   0   0   0   1   0   0   0   1   0   1   0   1   0   0   1   0   0   0   0   1   0   0   1   0   0   0   0   0   0   0   0   0   0   0   0   1   0   0   0   1   0   0   1   0   0   0   0   0   0   0   1   0   1   0   0   0   1   0   0   1   1   1   0   0   0   0   0   0   0 
  1   0   0   0   0   1   1   0   0   1   1   0   0   0   0   0   1   0   0   0   1   0   1   0   0   0   0   1   0   1   1   0   0   0   1   0   0   0   1   0   1   0   1   0   0   1   1   0   0   0   1   0   0   1   0   0   0   0   0   0   0   0   0   0   0   0   1   0   0   0   1   0   0   1   0   0   0   0   0   0   0   1   0   1   0   0   0   0   0   0   1   1   1   0   1   0   0   0   0   0 

uncorr,0.000057,0.000002,356.000000,369.000000
res:
  1   0   0   0   0   1   1   0   0   1   1   0   0   0   0   0   1   0   0   0   1   0   1   0   0   0   0   1   0   1   1   0   0   0   1   0   0   0   1   0   1   0   1   0   0   1   0   0   0   0   1   0   0   1   0   0   0   0   0   0   0   0   0   0   0   0   1   0   0   0   1   0   0   1   0   0   0   0   0   0   0   1   0   1   0   0   0   1   0   0   1   1   1   0   0   0   0   0   0   0 
  1   0   0   0   0   1   1   0   0   1   1   0   0   0   0   0   1   0   0   0   1   0   1   0   0   0   0   1   0   1   1   0   0   0   1   0   0   0   1   0   1   0   1   0   0   1   1   0   0   0   1   0   0   1   0   0   0   0   0   0   0   0   0   0   0   0   1   0   0   0   1   0   0   1   0   0   0   0   0   0   0   1   0   1   0   0   0   0   0   0   1   1   1   0   1   0   0   0   0   0 

uncorr,0.000056,0.000002,356.000000,369.000000
res:
  1   0   0   0   0   1   1   0   0   1   1   0   0   0   0   0   1   0   0   0   1   0   1   0   0   0   0   1   0   1   1   0   0   0   1   0   0   0   1   0   1   0   1   0   0   1   0   0   0   0   1   0   0   1   0   0   0   0   0   0   0   0   0   0   0   0   1   0   0   0   1   0   0   1   0   0   0   0   0   0   0   1   0   1   0   0   0   1   0   0   1   1   1   0   0   0   0   0   0   0 
  1   0   0   0   0   1   1   0   0   1   1   0   0   0   0   0   1   0   0   0   1   0   1   0   0   0   0   1   0   1   1   0   0   0   1   0   0   0   1   0   1   0   1   0   0   1   1   0   0   0   1   0   0   1   0   0   0   0   0   0   0   0   0   0   0   0   1   0   0   0   1   0   0   1   0   0   0   0   0   0   0   1   0   1   0   0   0   0   0   0   1   1   1   0   1   0   0   0   0   0 

uncorr,0.000057,0.000002,356.000000,369.000000
res:
  1   0   0   0   0   1   1   0   0   1   1   0   0   0   0   0   1   0   0   0   1   0   1   0   0   0   0   1   0   1   1   0   0   0   1   0   0   0   1   0   1   0   1   0   0   1   0   0   0   0   1   0   0   1   0   0   0   0   0   0   0   0   0   0   0   0   1   0   0   0   1   0   0   1   0   0   0   0   0   0   0   1   0   1   0   0   0   1   0   0   1   1   1   0   0   0   0   0   0   0 
  1   0   0   0   0   1   1   0   0   1   1   0   0   0   0   0   1   0   0   0   1   0   1   0   0   0   0   1   0   1   1   0   0   0   1   0   0   0   1   0   1   0   1   0   0   1   1   0   0   0   1   0   0   1   0   0   0   0   0   0   0   0   0   0   0   0   1   0   0   0   1   0   0   1   0   0   0   0   0   0   0   1   0   1   0   0   0   0   0   0   1   1   1   0   1   0   0   0   0   0 

uncorr,0.000056,0.000002,356.000000,369.000000
res:
  1   0   0   0   0   1   1   0   0   1   1   0   0   0   0   0   1   0   0   0   1   0   1   0   0   0   0   1   0   1   1   0   0   0   1   0   0   0   1   0   1   0   1   0   0   1   0   0   0   0   1   0   0   1   0   0   0   0   0   0   0   0   0   0   0   0   1   0   0   0   1   0   0   1   0   0   0   0   0   0   0   1   0   1   0   0   0   1   0   0   1   1   1   0   0   0   0   0   0   0 
  1   0   0   0   0   1   1   0   0   1   1   0   0   0   0   0   1   0   0   0   1   0   1   0   0   0   0   1   0   1   1   0   0   0   1   0   0   0   1   0   1   0   1   0   0   1   1   0   0   0   1   0   0   1   0   0   0   0   0   0   0   0   0   0   0   0   1   0   0   0   1   0   0   1   0   0   0   0   0   0   0   1   0   1   0   0   0   0   0   0   1   1   1   0   1   0   0   0   0   0 

uncorr,0.000087,0.000004,356.000000,369.000000
res:
  1   0   0   0   0   1   1   0   0   1   1   0   0   0   0   0   1   0   0   0   1   0   1   0   0   0   0   1   0   1   1   0   0   0   1   0   0   0   1   0   1   0   1   0   0   1   0   0   0   0   1   0   0   1   0   0   0   0   0   0   0   0   0   0   0   0   1   0   0   0   1   0   0   1   0   0   0   0   0   0   0   1   0   1   0   0   0   1   0   0   1   1   1   0   0   0   0   0   0   0 
  1   0   0   0   0   1   1   0   0   1   1   0   0   0   0   0   1   0   0   0   1   0   1   0   0   0   0   1   0   1   1   0   0   0   1   0   0   0   1   0   1   0   1   0   0   1   1   0   0   0   1   0   0   1   0   0   0   0   0   0   0   0   0   0   0   0   1   0   0   0   1   0   0   1   0   0   0   0   0   0   0   1   0   1   0   0   0   0   0   0   1   1   1   0   1   0   0   0   0   0 

uncorr,0.000084,0.000002,356.000000,369.000000
res:
  1   0   0   0   0   1   1   0   0   1   1   0   0   0   0   0   1   0   0   0   1   0   1   0   0   0   0   1   0   1   1   0   0   0   1   0   0   0   1   0   1   0   1   0   0   1   0   0   0   0   1   0   0   1   0   0   0   0   0   0   0   0   0   0   0   0   1   0   0   0   1   0   0   1   0   0   0   0   0   0   0   1   0   1   0   0   0   1   0   0   1   1   1   0   0   0   0   0   0   0 
  1   0   0   0   0   1   1   0   0   1   1   0   0   0   0   0   1   0   0   0   1   0   1   0   0   0   0   1   0   1   1   0   0   0   1   0   0   0   1   0   1   0   1   0   0   1   1   0   0   0   1   0   0   1   0   0   0   0   0   0   0   0   0   0   0   0   1   0   0   0   1   0   0   1   0   0   0   0   0   0   0   1   0   1   0   0   0   0   0   0   1   1   1   0   1   0   0   0   0   0 

uncorr,0.000065,0.000002,356.000000,369.000000
res:
  1   0   0   0   0   1   1   0   0   1   1   0   0   0   0   0   1   0   0   0   1   0   1   0   0   0   0   1   0   1   1   0   0   0   1   0   0   0   1   0   1   0   1   0   0   1   0   0   0   0   1   0   0   1   0   0   0   0   0   0   0   0   0   0   0   0   1   0   0   0   1   0   0   1   0   0   0   0   0   0   0   1   0   1   0   0   0   1   0   0   1   1   1   0   0   0   0   0   0   0 
  1   0   0   0   0   1   1   0   0   1   1   0   0   0   0   0   1   0   0   0   1   0   1   0   0   0   0   1   0   1   1   0   0   0   1   0   0   0   1   0   1   0   1   0   0   1   1   0   0   0   1   0   0   1   0   0   0   0   0   0   0   0   0   0   0   0   1   0   0   0   1   0   0   1   0   0   0   0   0   0   0   1   0   1   0   0   0   0   0   0   1   1   1   0   1   0   0   0   0   0 

uncorr,0.000092,0.000002,356.000000,369.000000
res:
  1   0   0   0   0   1   1   0   0   1   1   0   0   0   0   0   1   0   0   0   1   0   1   0   0   0   0   1   0   1   1   0   0   0   1   0   0   0   1   0   1   0   1   0   0   1   0   0   0   0   1   0   0   1   0   0   0   0   0   0   0   0   0   0   0   0   1   0   0   0   1   0   0   1   0   0   0   0   0   0   0   1   0   1   0   0   0   1   0   0   1   1   1   0   0   0   0   0   0   0 
  1   0   0   0   0   1   1   0   0   1   1   0   0   0   0   0   1   0   0   0   1   0   1   0   0   0   0   1   0   1   1   0   0   0   1   0   0   0   1   0   1   0   1   0   0   1   1   0   0   0   1   0   0   1   0   0   0   0   0   0   0   0   0   0   0   0   1   0   0   0   1   0   0   1   0   0   0   0   0   0   0   1   0   1   0   0   0   0   0   0   1   1   1   0   1   0   0   0   0   0 

uncorr,0.000085,0.000019,356.000000,369.000000
res:
  1   0   0   0   0   1   1   0   0   1   1   0   0   0   0   0   1   0   0   0   1   0   1   0   0   0   0   1   0   1   1   0   0   0   1   0   0   0   1   0   1   0   1   0   0   1   0   0   0   0   1   0   0   1   0   0   0   0   0   0   0   0   0   0   0   0   1   0   0   0   1   0   0   1   0   0   0   0   0   0   0   1   0   1   0   0   0   1   0   0   1   1   1   0   0   0   0   0   0   0 
  1   0   0   0   0   1   1   0   0   1   1   0   0   0   0   0   1   0   0   0   1   0   1   0   0   0   0   1   0   1   1   0   0   0   1   0   0   0   1   0   1   0   1   0   0   1   1   0   0   0   1   0   0   1   0   0   0   0   0   0   0   0   0   0   0   0   1   0   0   0   1   0   0   1   0   0   0   0   0   0   0   1   0   1   0   0   0   0   0   0   1   1   1   0   1   0   0   0   0   0 

uncorr,0.000164,0.000003,356.000000,369.000000
res:
  1   0   0   0   0   1   1   0   0   1   1   0   0   0   0   0   1   0   0   0   1   0   1   0   0   0   0   1   0   1   1   0   0   0   1   0   0   0   1   0   1   0   1   0   0   1   0   0   0   0   1   0   0   1   0   0   0   0   0   0   0   0   0   0   0   0   1   0   0   0   1   0   0   1   0   0   0   0   0   0   0   1   0   1   0   0   0   1   0   0   1   1   1   0   0   0   0   0   0   0 
  1   0   0   0   0   1   1   0   0   1   1   0   0   0   0   0   1   0   0   0   1   0   1   0   0   0   0   1   0   1   1   0   0   0   1   0   0   0   1   0   1   0   1   0   0   1   1   0   0   0   1   0   0   1   0   0   0   0   0   0   0   0   0   0   0   0   1   0   0   0   1   0   0   1   0   0   0   0   0   0   0   1   0   1   0   0   0   0   0   0   1   1   1   0   1   0   0   0   0   0 

uncorr,0.000097,0.000003,356.000000,369.000000
res:
  1   0   0   0   0   1   1   0   0   1   1   0   0   0   0   0   1   0   0   0   1   0   1   0   0   0   0   1   0   1   1   0   0   0   1   0   0   0   1   0   1   0   1   0   0   1   0   0   0   0   1   0   0   1   0   0   0   0   0   0   0   0   0   0   0   0   1   0   0   0   1   0   0   1   0   0   0   0   0   0   0   1   0   1   0   0   0   1   0   0   1   1   1   0   0   0   0   0   0   0 
  1   0   0   0   0   1   1   0   0   1   1   0   0   0   0   0   1   0   0   0   1   0   1   0   0   0   0   1   0   1   1   0   0   0   1   0   0   0   1   0   1   0   1   0   0   1   1   0   0   0   1   0   0   1   0   0   0   0   0   0   0   0   0   0   0   0   1   0   0   0   1   0   0   1   0   0   0   0   0   0   0   1   0   1   0   0   0   0   0   0   1   1   1   0   1   0   0   0   0   0 

uncorr,0.000067,0.000002,356.000000,369.000000
res:
  1   0   0   0   0   1   1   0   0   1   1   0   0   0   0   0   1   0   0   0   1   0   1   0   0   0   0   1   0   1   1   0   0   0   1   0   0   0   1   0   1   0   1   0   0   1   0   0   0   0   1   0   0   1   0   0   0   0   0   0   0   0   0   0   0   0   1   0   0   0   1   0   0   1   0   0   0   0   0   0   0   1   0   1   0   0   0   1   0   0   1   1   1   0   0   0   0   0   0   0 
  1   0   0   0   0   1   1   0   0   1   1   0   0   0   0   0   1   0   0   0   1   0   1   0   0   0   0   1   0   1   1   0   0   0   1   0   0   0   1   0   1   0   1   0   0   1   1   0   0   0   1   0   0   1   0   0   0   0   0   0   0   0   0   0   0   0   1   0   0   0   1   0   0   1   0   0   0   0   0   0   0   1   0   1   0   0   0   0   0   0   1   1   1   0   1   0   0   0   0   0 

uncorr,0.000058,0.000002,356.000000,369.000000
res:
  1   0   0   0   0   1   1   0   0   1   1   0   0   0   0   0   1   0   0   0   1   0   1   0   0   0   0   1   0   1   1   0   0   0   1   0   0   0   1   0   1   0   1   0   0   1   0   0   0   0   1   0   0   1   0   0   0   0   0   0   0   0   0   0   0   0   1   0   0   0   1   0   0   1   0   0   0   0   0   0   0   1   0   1   0   0   0   1   0   0   1   1   1   0   0   0   0   0   0   0 
  1   0   0   0   0   1   1   0   0   1   1   0   0   0   0   0   1   0   0   0   1   0   1   0   0   0   0   1   0   1   1   0   0   0   1   0   0   0   1   0   1   0   1   0   0   1   1   0   0   0   1   0   0   1   0   0   0   0   0   0   0   0   0   0   0   0   1   0   0   0   1   0   0   1   0   0   0   0   0   0   0   1   0   1   0   0   0   0   0   0   1   1   1   0   1   0   0   0   0   0 

uncorr,0.000125,0.000004,356.000000,369.000000
res:
  1   0   0   0   0   1   1   0   0   1   1   0   0   0   0   0   1   0   0   0   1   0   1   0   0   0   0   1   0   1   1   0   0   0   1   0   0   0   1   0   1   0   1   0   0   1   0   0   0   0   1   0   0   1   0   0   0   0   0   0   0   0   0   0   0   0   1   0   0   0   1   0   0   1   0   0   0   0   0   0   0   1   0   1   0   0   0   1   0   0   1   1   1   0   0   0   0   0   0   0 
  1   0   0   0   0   1   1   0   0   1   1   0   0   0   0   0   1   0   0   0   1   0   1   0   0   0   0   1   0   1   1   0   0   0   1   0   0   0   1   0   1   0   1   0   0   1   1   0   0   0   1   0   0   1   0   0   0   0   0   0   0   0   0   0   0   0   1   0   0   0   1   0   0   1   0   0   0   0   0   0   0   1   0   1   0   0   0   0   0   0   1   1   1   0   1   0   0   0   0   0 

uncorr,0.000091,0.000003,356.000000,369.000000
res:
  1   0   0   0   0   1   1   0   0   1   1   0   0   0   0   0   1   0   0   0   1   0   1   0   0   0   0   1   0   1   1   0   0   0   1   0   0   0   1   0   1   0   1   0   0   1   0   0   0   0   1   0   0   1   0   0   0   0   0   0   0   0   0   0   0   0   1   0   0   0   1   0   0   1   0   0   0   0   0   0   0   1   0   1   0   0   0   1   0   0   1   1   1   0   0   0   0   0   0   0 
  1   0   0   0   0   1   1   0   0   1   1   0   0   0   0   0   1   0   0   0   1   0   1   0   0   0   0   1   0   1   1   0   0   0   1   0   0   0   1   0   1   0   1   0   0   1   1   0   0   0   1   0   0   1   0   0   0   0   0   0   0   0   0   0   0   0   1   0   0   0   1   0   0   1   0   0   0   0   0   0   0   1   0   1   0   0   0   0   0   0   1   1   1   0   1   0   0   0   0   0 

uncorr,0.000064,0.000001,356.000000,369.000000
res:
  1   0   0   0   0   1   1   0   0   1   1   0   0   0   0   0   1   0   0   0   1   0   1   0   0   0   0   1   0   1   1   0   0   0   1   0   0   0   1   0   1   0   1   0   0   1   0   0   0   0   1   0   0   1   0   0   0   0   0   0   0   0   0   0   0   0   1   0   0   0   1   0   0   1   0   0   0   0   0   0   0   1   0   1   0   0   0   1   0   0   1   1   1   0   0   0   0   0   0   0 
  1   0   0   0   0   1   1   0   0   1   1   0   0   0   0   0   1   0   0   0   1   0   1   0   0   0   0   1   0   1   1   0   0   0   1   0   0   0   1   0   1   0   1   0   0   1   1   0   0   0   1   0   0   1   0   0   0   0   0   0   0   0   0   0   0   0   1   0   0   0   1   0   0   1   0   0   0   0   0   0   0   1   0   1   0   0   0   0   0   0   1   1   1   0   1   0   0   0   0   0 

uncorr,0.000074,0.000003,356.000000,369.000000
res:
  1   0   0   0   0   1   1   0   0   1   1   0   0   0   0   0   1   0   0   0   1   0   1   0   0   0   0   1   0   1   1   0   0   0   1   0   0   0   1   0   1   0   1   0   0   1   0   0   0   0   1   0   0   1   0   0   0   0   0   0   0   0   0   0   0   0   1   0   0   0   1   0   0   1   0   0   0   0   0   0   0   1   0   1   0   0   0   1   0   0   1   1   1   0   0   0   0   0   0   0 
  1   0   0   0   0   1   1   0   0   1   1   0   0   0   0   0   1   0   0   0   1   0   1   0   0   0   0   1   0   1   1   0   0   0   1   0   0   0   1   0   1   0   1   0   0   1   1   0   0   0   1   0   0   1   0   0   0   0   0   0   0   0   0   0   0   0   1   0   0   0   1   0   0   1   0   0   0   0   0   0   0   1   0   1   0   0   0   0   0   0   1   1   1   0   1   0   0   0   0   0 

uncorr,0.000069,0.000002,356.000000,369.000000
res:
  1   0   0   0   0   1   1   0   0   1   1   0   0   0   0   0   1   0   0   0   1   0   1   0   0   0   0   1   0   1   1   0   0   0   1   0   0   0   1   0   1   0   1   0   0   1   0   0   0   0   1   0   0   1   0   0   0   0   0   0   0   0   0   0   0   0   1   0   0   0   1   0   0   1   0   0   0   0   0   0   0   1   0   1   0   0   0   1   0   0   1   1   1   0   0   0   0   0   0   0 
  1   0   0   0   0   1   1   0   0   1   1   0   0   0   0   0   1   0   0   0   1   0   1   0   0   0   0   1   0   1   1   0   0   0   1   0   0   0   1   0   1   0   1   0   0   1   1   0   0   0   1   0   0   1   0   0   0   0   0   0   0   0   0   0   0   0   1   0   0   0   1   0   0   1   0   0   0   0   0   0   0   1   0   1   0   0   0   0   0   0   1   1   1   0   1   0   0   0   0   0 

uncorr,0.000077,0.000002,356.000000,369.000000
res:
  1   0   0   0   0   1   1   0   0   1   1   0   0   0   0   0   1   0   0   0   1   0   1   0   0   0   0   1   0   1   1   0   0   0   1   0   0   0   1   0   1   0   1   0   0   1   0   0   0   0   1   0   0   1   0   0   0   0   0   0   0   0   0   0   0   0   1   0   0   0   1   0   0   1   0   0   0   0   0   0   0   1   0   1   0   0   0   1   0   0   1   1   1   0   0   0   0   0   0   0 
  1   0   0   0   0   1   1   0   0   1   1   0   0   0   0   0   1   0   0   0   1   0   1   0   0   0   0   1   0   1   1   0   0   0   1   0   0   0   1   0   1   0   1   0   0   1   1   0   0   0   1   0   0   1   0   0   0   0   0   0   0   0   0   0   0   0   1   0   0   0   1   0   0   1   0   0   0   0   0   0   0   1   0   1   0   0   0   0   0   0   1   1   1   0   1   0   0   0   0   0 

uncorr,0.000064,0.000003,356.000000,369.000000
res:
  1   0   0   0   0   1   1   0   0   1   1   0   0   0   0   0   1   0   0   0   1   0   1   0   0   0   0   1   0   1   1   0   0   0   1   0   0   0   1   0   1   0   1   0   0   1   0   0   0   0   1   0   0   1   0   0   0   0   0   0   0   0   0   0   0   0   1   0   0   0   1   0   0   1   0   0   0   0   0   0   0   1   0   1   0   0   0   1   0   0   1   1   1   0   0   0   0   0   0   0 
  1   0   0   0   0   1   1   0   0   1   1   0   0   0   0   0   1   0   0   0   1   0   1   0   0   0   0   1   0   1   1   0   0   0   1   0   0   0   1   0   1   0   1   0   0   1   1   0   0   0   1   0   0   1   0   0   0   0   0   0   0   0   0   0   0   0   1   0   0   0   1   0   0   1   0   0   0   0   0   0   0   1   0   1   0   0   0   0   0   0   1   1   1   0   1   0   0   0   0   0 

uncorr,0.000110,0.000003,356.000000,369.000000
res:
  1   0   0   0   0   1   1   0   0   1   1   0   0   0   0   0   1   0   0   0   1   0   1   0   0   0   0   1   0   1   1   0   0   0   1   0   0   0   1   0   1   0   1   0   0   1   0   0   0   0   1   0   0   1   0   0   0   0   0   0   0   0   0   0   0   0   1   0   0   0   1   0   0   1   0   0   0   0   0   0   0   1   0   1   0   0   0   1   0   0   1   1   1   0   0   0   0   0   0   0 
  1   0   0   0   0   1   1   0   0   1   1   0   0   0   0   0   1   0   0   0   1   0   1   0   0   0   0   1   0   1   1   0   0   0   1   0   0   0   1   0   1   0   1   0   0   1   1   0   0   0   1   0   0   1   0   0   0   0   0   0   0   0   0   0   0   0   1   0   0   0   1   0   0   1   0   0   0   0   0   0   0   1   0   1   0   0   0   0   0   0   1   1   1   0   1   0   0   0   0   0 

uncorr,0.000100,0.000002,356.000000,369.000000
res:
  1   0   0   0   0   1   1   0   0   1   1   0   0   0   0   0   1   0   0   0   1   0   1   0   0   0   0   1   0   1   1   0   0   0   1   0   0   0   1   0   1   0   1   0   0   1   0   0   0   0   1   0   0   1   0   0   0   0   0   0   0   0   0   0   0   0   1   0   0   0   1   0   0   1   0   0   0   0   0   0   0   1   0   1   0   0   0   1   0   0   1   1   1   0   0   0   0   0   0   0 
  1   0   0   0   0   1   1   0   0   1   1   0   0   0   0   0   1   0   0   0   1   0   1   0   0   0   0   1   0   1   1   0   0   0   1   0   0   0   1   0   1   0   1   0   0   1   1   0   0   0   1   0   0   1   0   0   0   0   0   0   0   0   0   0   0   0   1   0   0   0   1   0   0   1   0   0   0   0   0   0   0   1   0   1   0   0   0   0   0   0   1   1   1   0   1   0   0   0   0   0 

uncorr,0.000062,0.000002,356.000000,369.000000
res:
  1   0   0   0   0   1   1   0   0   1   1   0   0   0   0   0   1   0   0   0   1   0   1   0   0   0   0   1   0   1   1   0   0   0   1   0   0   0   1   0   1   0   1   0   0   1   0   0   0   0   1   0   0   1   0   0   0   0   0   0   0   0   0   0   0   0   1   0   0   0   1   0   0   1   0   0   0   0   0   0   0   1   0   1   0   0   0   1   0   0   1   1   1   0   0   0   0   0   0   0 
  1   0   0   0   0   1   1   0   0   1   1   0   0   0   0   0   1   0   0   0   1   0   1   0   0   0   0   1   0   1   1   0   0   0   1   0   0   0   1   0   1   0   1   0   0   1   1   0   0   0   1   0   0   1   0   0   0   0   0   0   0   0   0   0   0   0   1   0   0   0   1   0   0   1   0   0   0   0   0   0   0   1   0   1   0   0   0   0   0   0   1   1   1   0   1   0   0   0   0   0 

uncorr,0.000090,0.000003,356.000000,369.000000
res:
  1   0   0   0   0   1   1   0   0   1   1   0   0   0   0   0   1   0   0   0   1   0   1   0   0   0   0   1   0   1   1   0   0   0   1   0   0   0   1   0   1   0   1   0   0   1   0   0   0   0   1   0   0   1   0   0   0   0   0   0   0   0   0   0   0   0   1   0   0   0   1   0   0   1   0   0   0   0   0   0   0   1   0   1   0   0   0   1   0   0   1   1   1   0   0   0   0   0   0   0 
  1   0   0   0   0   1   1   0   0   1   1   0   0   0   0   0   1   0   0   0   1   0   1   0   0   0   0   1   0   1   1   0   0   0   1   0   0   0   1   0   1   0   1   0   0   1   1   0   0   0   1   0   0   1   0   0   0   0   0   0   0   0   0   0   0   0   1   0   0   0   1   0   0   1   0   0   0   0   0   0   0   1   0   1   0   0   0   0   0   0   1   1   1   0   1   0   0   0   0   0 

uncorr,0.000060,0.000002,356.000000,369.000000
res:
  1   0   0   0   0   1   1   0   0   1   1   0   0   0   0   0   1   0   0   0   1   0   1   0   0   0   0   1   0   1   1   0   0   0   1   0   0   0   1   0   1   0   1   0   0   1   0   0   0   0   1   0   0   1   0   0   0   0   0   0   0   0   0   0   0   0   1   0   0   0   1   0   0   1   0   0   0   0   0   0   0   1   0   1   0   0   0   1   0   0   1   1   1   0   0   0   0   0   0   0 
  1   0   0   0   0   1   1   0   0   1   1   0   0   0   0   0   1   0   0   0   1   0   1   0   0   0   0   1   0   1   1   0   0   0   1   0   0   0   1   0   1   0   1   0   0   1   1   0   0   0   1   0   0   1   0   0   0   0   0   0   0   0   0   0   0   0   1   0   0   0   1   0   0   1   0   0   0   0   0   0   0   1   0   1   0   0   0   0   0   0   1   1   1   0   1   0   0   0   0   0 

uncorr,0.000058,0.000002,356.000000,369.000000
res:
  1   0   0   0   0   1   1   0   0   1   1   0   0   0   0   0   1   0   0   0   1   0   1   0   0   0   0   1   0   1   1   0   0   0   1   0   0   0   1   0   1   0   1   0   0   1   0   0   0   0   1   0   0   1   0   0   0   0   0   0   0   0   0   0   0   0   1   0   0   0   1   0   0   1   0   0   0   0   0   0   0   1   0   1   0   0   0   1   0   0   1   1   1   0   0   0   0   0   0   0 
  1   0   0   0   0   1   1   0   0   1   1   0   0   0   0   0   1   0   0   0   1   0   1   0   0   0   0   1   0   1   1   0   0   0   1   0   0   0   1   0   1   0   1   0   0   1   1   0   0   0   1   0   0   1   0   0   0   0   0   0   0   0   0   0   0   0   1   0   0   0   1   0   0   1   0   0   0   0   0   0   0   1   0   1   0   0   0   0   0   0   1   1   1   0   1   0   0   0   0   0 

uncorr,0.000056,0.000001,356.000000,369.000000
res:
  1   0   0   0   0   1   1   0   0   1   1   0   0   0   0   0   1   0   0   0   1   0   1   0   0   0   0   1   0   1   1   0   0   0   1   0   0   0   1   0   1   0   1   0   0   1   0   0   0   0   1   0   0   1   0   0   0   0   0   0   0   0   0   0   0   0   1   0   0   0   1   0   0   1   0   0   0   0   0   0   0   1   0   1   0   0   0   1   0   0   1   1   1   0   0   0   0   0   0   0 
  1   0   0   0   0   1   1   0   0   1   1   0   0   0   0   0   1   0   0   0   1   0   1   0   0   0   0   1   0   1   1   0   0   0   1   0   0   0   1   0   1   0   1   0   0   1   1   0   0   0   1   0   0   1   0   0   0   0   0   0   0   0   0   0   0   0   1   0   0   0   1   0   0   1   0   0   0   0   0   0   0   1   0   1   0   0   0   0   0   0   1   1   1   0   1   0   0   0   0   0 

uncorr,0.000056,0.000001,356.000000,369.000000
res:
  1   0   0   0   0   1   1   0   0   1   1   0   0   0   0   0   1   0   0   0   1   0   1   0   0   0   0   1   0   1   1   0   0   0   1   0   0   0   1   0   1   0   1   0   0   1   0   0   0   0   1   0   0   1   0   0   0   0   0   0   0   0   0   0   0   0   1   0   0   0   1   0   0   1   0   0   0   0   0   0   0   1   0   1   0   0   0   1   0   0   1   1   1   0   0   0   0   0   0   0 
  1   0   0   0   0   1   1   0   0   1   1   0   0   0   0   0   1   0   0   0   1   0   1   0   0   0   0   1   0   1   1   0   0   0   1   0   0   0   1   0   1   0   1   0   0   1   1   0   0   0   1   0   0   1   0   0   0   0   0   0   0   0   0   0   0   0   1   0   0   0   1   0   0   1   0   0   0   0   0   0   0   1   0   1   0   0   0   0   0   0   1   1   1   0   1   0   0   0   0   0 

uncorr,0.000069,0.000002,356.000000,369.000000
res:
  1   0   0   0   0   1   1   0   0   1   1   0   0   0   0   0   1   0   0   0   1   0   1   0   0   0   0   1   0   1   1   0   0   0   1   0   0   0   1   0   1   0   1   0   0   1   0   0   0   0   1   0   0   1   0   0   0   0   0   0   0   0   0   0   0   0   1   0   0   0   1   0   0   1   0   0   0   0   0   0   0   1   0   1   0   0   0   1   0   0   1   1   1   0   0   0   0   0   0   0 
  1   0   0   0   0   1   1   0   0   1   1   0   0   0   0   0   1   0   0   0   1   0   1   0   0   0   0   1   0   1   1   0   0   0   1   0   0   0   1   0   1   0   1   0   0   1   1   0   0   0   1   0   0   1   0   0   0   0   0   0   0   0   0   0   0   0   1   0   0   0   1   0   0   1   0   0   0   0   0   0   0   1   0   1   0   0   0   0   0   0   1   1   1   0   1   0   0   0   0   0 

uncorr,0.000056,0.000001,356.000000,369.000000
