50
    1 0.353510     1
    2 41.484398    52
    3 8.986333    63
    4 54.582634    86
    5 23.966077    57
    6 5.522205     2
    7 62.086491    82
    8 13.303245    38
    9 14.550882    31
   10 21.154776    63
   11 10.498898     5
   12 10.402747    25
   13 12.822519    28
   14 13.602389    96
   15 15.914083    39
   16 48.713075    56
   17 44.959928    41
   18 16.396061    15
   19 12.372459    73
   20 84.705473    99
   21 7.064464    23
   22 16.128912    75
   23 28.609249    68
   24 13.871258    59
   25 1.716059     8
   26 1.063413     4
   27 0.508452    95
   28 36.233438    25
   29 8.025577    13
   30 88.020844    85
   31 36.549150    43
   32 27.165809    90
   33 8.464394     4
   34 3.302626    16
   35 45.630503    64
   36 36.105041    47
   37 5.578224    45
   38 26.584427    57
   39 52.810004    87
   40 64.727995    68
   41 41.139154    82
   42 15.483117    49
   43 24.914551    44
   44 3.651806    14
   45 3.214944    40
   46 17.201881    42
   47 9.347658    63
   48 21.209805    51
   49 41.677784    97
   50 28.507773    73
