50
    1 5.457882     1
    2 31.267100    52
    3 4.227701    63
    4 10.916545    86
    5 58.299243    57
    6 5.934659     2
    7 18.148817    82
    8 5.825779    38
    9 26.317691    31
   10 2.125309    63
   11 2.054495     5
   12 17.725352    25
   13 2.457879    28
   14 7.785371    96
   15 34.083986    39
   16 20.895136    56
   17 18.874524    41
   18 13.373564    15
   19 29.290518    73
   20 52.482743    99
   21 6.058505    23
   22 17.394362    75
   23 11.871785    68
   24 17.626951    59
   25 1.650441     8
   26 9.536243     4
   27 54.300055    95
   28 17.087105    25
   29 9.235363    13
   30 14.398468    85
   31 13.712005    43
   32 29.076898    90
   33 7.820275     4
   34 8.701752    16
   35 48.519978    64
   36 17.904340    47
   37 7.153517    45
   38 35.449186    57
   39 36.376733    87
   40 9.376005    68
   41 27.029238    82
   42 2.188701    49
   43 24.870971    44
   44 2.710940    14
   45 17.383031    40
   46 14.803293    42
   47 3.637755    63
   48 2.404582    51
   49 6.162999    97
   50 11.589186    73
