50
    1 0.223768     1
    2 10.117368    52
    3 54.340894    63
    4 0.476000    86
    5 31.616080    57
    6 2.461200     2
    7 42.826857    82
    8 25.016092    38
    9 19.347432    31
   10 27.823868    63
   11 1.454082     5
   12 9.062231    25
   13 58.448870    28
   14 8.930051    96
   15 8.368525    39
   16 35.188768    56
   17 23.116669    41
   18 7.038500    15
   19 63.355139    73
   20 106.947803    99
   21 10.418911    23
   22 1.189321    75
   23 3.245265    68
   24 44.658737    59
   25 7.733808     8
   26 12.075149     4
   27 63.224473    95
   28 1.410528    25
   29 1.469031    13
   30 19.638189    85
   31 17.344272    43
   32 88.088472    90
   33 4.519195     4
   34 16.898342    16
   35 9.559154    64
   36 14.980789    47
   37 1.592772    45
   38 10.075850    57
   39 4.262744    87
   40 43.496041    68
   41 13.947700    82
   42 52.516934    49
   43 4.108962    44
   44 7.571291    14
   45 49.987550    40
   46 0.906952    42
   47 42.594368    63
   48 47.125035    51
   49 25.942556    97
   50 10.741288    73
