200
    1 104.899832     1
    2 16832.731249 12552
    3 238.245959  7863
    4 1254.659917  6186
    5 5250.293610 10557
    6 694.766044  1402
    7 628.611342  7882
    8 3096.506684  5438
    9 1178.177523  1631
   10 7246.127999 16863
   11 662.196433   605
   12 2311.012890   525
   13 3838.422683 19328
   14 181.610719 10096
   15 1682.428920  2939
   16 13457.093933 14956
   17 11529.286597 17041
   18 6589.098119  3215
   19 9006.251989 14573
   20 588.438799  4699
   21 4140.536542  1823
   22 7725.855332 15275
   23 10720.108549 14868
   24 1161.787315  1059
   25 11251.970137 12208
   26 2486.240321  2904
   27 889.748565   395
   28 2199.614243 14425
   29 2632.235283  4613
   30 1726.384704  4985
   31 395.417264 10343
   32 1371.487965  5690
   33 2234.361809  2104
   34 817.825873 17016
   35 105.642220  7064
   36 575.252791  1647
   37 4904.887124 12445
   38 2097.793207  1257
   39 15458.341899 14887
   40 407.741985  2568
   41 1426.998438  2082
   42 8334.005199 15949
   43 1079.947480  3544
   44 1862.946497  3714
   45 1425.320261   240
   46 665.896494   842
   47 4889.473377  5863
   48 7099.035595  7651
   49 11836.094146 15497
   50 14414.924213 11573
   51 542.653962 10828
   52 3096.252059  2746
   53 5543.153642 10314
   54 1232.595084 13962
   55 2907.973212  3513
   56 2463.576413  2017
   57 7004.573920  7528
   58 6588.968347 10127
   59 3268.413485  8792
   60 1623.847395  1213
   61 16472.298540 19028
   62 2989.121607 11927
   63 6655.713347 11951
   64 4714.916451 16634
   65 17180.079959 18009
   66 8118.936792  8283
   67 236.064363  4765
   68 5985.760818  7953
   69 778.162511 14234
   70 5263.608145 16832
   71 3971.547808  6524
   72 1726.234564  8419
   73 11035.061328 13238
   74 6842.467190 13525
   75 10465.587391 13759
   76 3152.769588 10172
   77 1691.698167  1958
   78 4823.807277 11635
   79 1326.780901  1299
   80 455.875702  4435
   81 1590.349904  3195
   82 1024.822136  3101
   83 904.989529 14367
   84 5340.907270  7462
   85 3422.111504  1250
   86 5475.548680 13695
   87 451.539019  7429
   88 4880.388342 18848
   89 3976.309294 14337
   90 849.564662  1841
   91 4794.237752  3905
   92 3868.127193 16181
   93 7131.621255  6201
   94 4978.446091  9235
   95 2531.954723  7526
   96 784.872953   258
   97 12090.179864 11140
   98 7774.625253 18352
   99 3835.481090 17350
  100 9530.696092 13231
  101 5632.851336  6709
  102 2820.800060    93
  103 2805.711052 10824
  104 2462.353012   814
  105 159.105252  9021
  106 1128.394191  1080
  107 1672.131921  3377
  108 5267.556021  3611
  109 3041.206307  1281
  110 11487.554806 19243
  111 8104.504154 12350
  112 2496.164441  6331
  113 1079.212573 11527
  114 1159.681010  8488
  115 7023.016709 12613
  116 1358.547485  5599
  117 4423.113466 12552
  118 1490.844639 14764
  119 4227.586378  1817
  120 18527.735833 18720
  121 2219.084007 10876
  122 2944.826729  1854
  123 1695.845995  6725
  124 3.555768   546
  125 3656.471990 16403
  126 1710.374425 12558
  127 2273.134743 19437
  128 5208.797458 12051
  129 6881.086280 12728
  130 5887.259379 12216
  131 7902.283229 19666
  132 1687.596861    74
  133 1771.636947  5870
  134 5183.049778  6240
  135 1301.437404  3404
  136 482.103043 13066
  137 3680.305880 13236
  138 15531.552761 13974
  139 1099.027513  6575
  140 2794.034963   702
  141 706.572582 13859
  142 2031.378337  3409
  143 3672.682792  5705
  144 12194.787817 14460
  145 12839.701418 16428
  146 880.279095  6421
  147 1339.249945   799
  148 2808.729485  5828
  149 84.404068   348
  150 1957.167254 14927
  151 1922.641226  5717
  152 13040.888075 14176
  153 28.008358 13369
  154 838.113790  4629
  155 7224.608336 18117
  156 8590.510204  6851
  157 297.658229  9251
  158 97.935986 15560
  159 2683.932190  5572
  160 1860.855662 13900
  161 16328.545174 19542
  162 3027.040718  3379
  163 3221.285522 18562
  164 1462.868450  3554
  165 1308.446706  4068
  166 2737.323760  4587
  167 673.485078  4200
  168 5540.775902 12150
  169 2088.969370  3870
  170 5392.848108 17518
  171 7306.752149 12985
  172 373.125056 14598
  173 14545.175732 14057
  174 1350.622978  6694
  175 2618.209684 15891
  176 957.721737  2742
  177 4801.278406 11434
  178 3016.507194 10565
  179 6364.523701 11021
  180 319.966810  9654
  181 6823.081815 11837
  182 3847.272690 13672
  183 4909.350874  4952
  184 2430.356107  6785
  185 1744.145497  6455
  186 8446.979000 19030
  187 3045.108353 19648
  188 4361.674889  7257
  189 479.604474  6729
  190 7341.053105 13760
  191 3671.904972  4618
  192 612.521194  4846
  193 4654.616861  9565
  194 19550.744138 18720
  195 1219.163954 18229
  196 7649.229131  8694
  197 2064.319599  5816
  198 3177.994275 17659
  199 6097.506803 14651
  200 9166.898510 16147
