100
    1 194.341359     1
    2 891.989743  2552
    3 782.699431  2863
    4 712.156586  1186
    5 48.087793   557
    6 1432.734847  1402
    7 1648.399195  2882
    8 678.408155   438
    9 313.699654  1631
   10 196.932468  1863
   11 155.251788   605
   12 83.624286   525
   13 1816.877775  4328
   14 116.052498    96
   15 636.896795  2939
   16 2385.224625  4956
   17 1400.067345  2041
   18 970.867069  3215
   19 4573.570873  4573
   20 3706.048939  4699
   21 67.750081  1823
   22 100.002911   275
   23 1307.577027  4868
   24 1618.219203  1059
   25 334.577639  2208
   26 98.221141  2904
   27 516.701649   395
   28 2266.864929  4425
   29 884.652470  4613
   30 4245.236752  4985
   31 288.933839   343
   32 392.353192   690
   33 860.118896  2104
   34 347.814439  2016
   35 583.439404  2064
   36 841.821810  1647
   37 929.554704  2445
   38 446.707222  1257
   39 1986.620302  4887
   40 932.536019  2568
   41 1905.176483  2082
   42 477.808855   949
   43 2575.729780  3544
   44 412.539796  3714
   45 227.280415   240
   46 210.336123   842
   47 193.872498   863
   48 146.359470  2651
   49 1663.795600   497
   50 295.598547  1573
   51 478.554508   828
   52 450.262567  2746
   53 434.273868   314
   54 2818.896373  3962
   55 1750.510818  3513
   56 1181.538247  2017
   57 668.738718  2528
   58 124.287039   127
   59 896.242837  3792
   60 450.893495  1213
   61 3327.579589  4028
   62 1259.403242  1927
   63 113.571279  1951
   64 96.307558  1634
   65 1321.521498  3009
   66 3277.486400  3283
   67 824.908713  4765
   68 41.752084  2953
   69 2071.841357  4234
   70 2516.953732  1832
   71 732.540124  1524
   72 2747.648959  3419
   73 446.823196  3238
   74 1083.042435  3525
   75 1651.775997  3759
   76 178.290859   172
   77 554.219449  1958
   78 462.614276  1635
   79 1482.443365  1299
   80 688.004026  4435
   81 2862.506613  3195
   82 1679.259968  3101
   83 1502.055128  4367
   84 568.157500  2462
   85 97.099239  1250
   86 1637.715129  3695
   87 578.926642  2429
   88 6020.351510  3848
   89 1193.209196  4337
   90 1916.423495  1841
   91 1019.507041  3905
   92 1484.773795  1181
   93 1578.318619  1201
   94 631.222730  4235
   95 967.709657  2526
   96 150.988744   258
   97 193.720191  1140
   98 947.755703  3352
   99 224.587551  2350
  100 533.931844  3231
