50
    1 3.441448     1
    2 37.459608    52
    3 87.789457    63
    4 42.416469    86
    5 36.417994    57
    6 0.002399     2
    7 87.497823    82
    8 18.192569    38
    9 12.373568    31
   10 12.537350    63
   11 2.391448     5
   12 6.093255    25
   13 46.336586    28
   14 0.022759    96
   15 19.147674    39
   16 19.508250    56
   17 46.644286    41
   18 16.018842    15
   19 59.706249    73
   20 52.666432    99
   21 0.872157    23
   22 59.982890    75
   23 37.121578    68
   24 64.653759    59
   25 20.204740     8
   26 0.402927     4
   27 66.434123    95
   28 11.744173    25
   29 6.966891    13
   30 77.920162    85
   31 22.374342    43
   32 71.582555    90
   33 1.155253     4
   34 4.932857    16
   35 16.152463    64
   36 42.565610    47
   37 14.423981    45
   38 30.927811    57
   39 97.974395    87
   40 44.424560    68
   41 37.696658    82
   42 16.332558    49
   43 62.783708    44
   44 11.054574    14
   45 2.792949    40
   46 37.071377    42
   47 101.414456    63
   48 18.143318    51
   49 114.745144    97
   50 2.263503    73
