100
    1 341.292985     1
    2 1081.424371  2552
    3 3583.900681  2863
    4 1417.631835  1186
    5 556.703895   557
    6 2404.501091  1402
    7 647.525401  2882
    8 245.217736   438
    9 303.903928  1631
   10 1652.266378  1863
   11 385.374325   605
   12 231.460085   525
   13 515.099523  4328
   14 58.174196    96
   15 1000.902341  2939
   16 2441.082002  4956
   17 372.999154  2041
   18 263.179122  3215
   19 1093.967670  4573
   20 1424.689706  4699
   21 993.482875  1823
   22 66.073382   275
   23 6452.043584  4868
   24 360.872086  1059
   25 1744.430615  2208
   26 1218.816341  2904
   27 89.067037   395
   28 3470.755176  4425
   29 2210.987879  4613
   30 3289.221388  4985
   31 184.455698   343
   32 1333.873734   690
   33 973.199160  2104
   34 222.822996  2016
   35 2325.246643  2064
   36 296.645213  1647
   37 2.831495  2445
   38 452.416687  1257
   39 1202.179056  4887
   40 288.025852  2568
   41 1050.560378  2082
   42 536.994927   949
   43 171.202880  3544
   44 2872.588955  3714
   45 560.057604   240
   46 646.078676   842
   47 1471.515657   863
   48 1593.178416  2651
   49 569.238844   497
   50 1265.832483  1573
   51 402.002057   828
   52 888.504661  2746
   53 131.623988   314
   54 1390.262060  3962
   55 633.463478  3513
   56 1462.179835  2017
   57 2105.891441  2528
   58 287.752672   127
   59 2093.519105  3792
   60 1705.705747  1213
   61 4197.348207  4028
   62 111.411784  1927
   63 2571.066330  1951
   64 1543.398831  1634
   65 3776.075287  3009
   66 3597.537169  3283
   67 1169.526018  4765
   68 713.758306  2953
   69 787.580935  4234
   70 1314.452336  1832
   71 456.723628  1524
   72 1482.961979  3419
   73 1553.131100  3238
   74 1888.833554  3525
   75 960.633850  3759
   76 11.252687   172
   77 262.299014  1958
   78 347.435183  1635
   79 784.035894  1299
   80 2559.643033  4435
   81 110.503179  3195
   82 2466.117946  3101
   83 864.438978  4367
   84 920.993607  2462
   85 1206.871432  1250
   86 2170.108648  3695
   87 64.598810  2429
   88 2418.309084  3848
   89 2815.577691  4337
   90 308.818246  1841
   91 349.124874  3905
   92 971.512871  1181
   93 859.363587  1201
   94 2054.916910  4235
   95 1169.422013  2526
   96 26.523371   258
   97 1055.359087  1140
   98 2270.492492  3352
   99 2454.383067  2350
  100 2497.702224  3231
