2500
    1 73.869896     1
    2 1662.644285  2552
    3 2120.999581  2863
    4 7.468426  1186
    5 143.896556   557
    6 159.778586  1402
    7 1372.760999  2882
    8 723.909589   438
    9 240.265851  1631
   10 131.689169  1863
   11 649.563148   605
   12 249.548311   525
   13 1546.958628  4328
   14 266.765423    96
   15 2219.438044  2939
   16 3681.054242  4956
   17 311.560716  2041
   18 859.605849  3215
   19 2736.802079  4573
   20 1557.496250  4699
   21 1174.516633  1823
   22 77.549655   275
   23 649.243005  4868
   24 1051.255580  1059
   25 560.475971  2208
   26 72.363324  2904
   27 202.779517   395
   28 3324.197925  4425
   29 261.471261  4613
   30 405.666123  4985
   31 379.843205   343
   32 504.479936   690
   33 1692.758712  2104
   34 49.693158  2016
   35 748.483994  2064
   36 1582.803532  1647
   37 28.058172  2445
   38 311.529895  1257
   39 3155.391546  4887
   40 553.167125  2568
   41 2882.606176  2082
   42 471.751339   949
   43 1900.777254  3544
   44 1325.319787  3714
   45 546.573386   240
   46 217.229075   842
   47 237.274167   863
   48 502.214177  2651
   49 554.693894   497
   50 688.776761  1573
   51 1263.293860   828
   52 1613.770043  2746
   53 175.308793   314
   54 424.761004  3962
   55 33.792585  3513
   56 848.751990  2017
   57 1748.661834  2528
   58 169.613328   127
   59 83.126185  3792
   60 101.007722  1213
   61 2119.218638  4028
   62 1086.430715  1927
   63 2406.015107  1951
   64 80.580175  1634
   65 1122.572300  3009
   66 2628.746499  3283
   67 70.744860  4765
   68 535.815200  2953
   69 818.977842  4234
   70 622.466300  1832
   71 235.413693  1524
   72 1227.221382  3419
   73 1022.138140  3238
   74 1036.982267  3525
   75 729.392051  3759
   76 345.162702   172
   77 2011.812166  1958
   78 868.936821  1635
   79 460.216276  1299
   80 1846.888099  4435
   81 392.074143  3195
   82 1040.137090  3101
   83 796.327067  4367
   84 1676.153713  2462
   85 336.836465  1250
   86 1631.385242  3695
   87 576.259734  2429
   88 412.730344  3848
   89 220.222788  4337
   90 338.000043  1841
   91 1677.732293  3905
   92 790.944280  1181
   93 1614.243279  1201
   94 236.859661  4235
   95 1057.323860  2526
   96 508.181826   258
   97 25.651764  1140
   98 523.899583  3352
   99 149.806166  2350
  100 2880.386417  3231
  101 536.997369  1709
  102 38.404606    93
  103 301.531045   824
  104 803.270066   814
  105 2653.098213  4021
  106 1314.501876  1080
  107 3221.110247  3377
  108 1858.643094  3611
  109 561.424476  1281
  110 3351.118520  4243
  111 1961.702950  2350
  112 45.006210  1331
  113 736.032387  1527
  114 1518.195054  3488
  115 49.989496  2613
  116 368.622829   599
  117 1564.165074  2552
  118 3627.336899  4764
  119 98.938739  1817
  120 662.831162  3720
  121 687.804688   876
  122 478.777244  1854
  123 793.287727  1725
  124 87.890612   546
  125 75.834995  1403
  126 44.740927  2558
  127 4249.342354  4437
  128 2329.041664  2051
  129 482.754275  2728
  130 752.492548  2216
  131 227.750134  4666
  132 514.760065    74
  133 112.296518   870
  134 879.328811  1240
  135 69.047216  3404
  136 1859.371606  3066
  137 3129.361511  3236
  138 818.376728  3974
  139 600.970235  1575
  140 565.669432   702
  141 690.544800  3859
  142 1795.341312  3409
  143 93.461154   705
  144 3106.544535  4460
  145 197.471431  1428
  146 346.946208  1421
  147 481.886701   799
  148 527.715687   828
  149 40.296149   348
  150 2589.784613  4927
  151 276.825607   717
  152 3021.314606  4176
  153 178.412839  3369
  154 965.052891  4629
  155 1620.842807  3117
  156 1327.655942  1851
  157 4128.178000  4251
  158 45.538954   560
  159 419.644976   572
  160 2682.416775  3900
  161 3806.777157  4542
  162 4032.743712  3379
  163 548.676863  3562
  164 473.094722  3554
  165 291.957819  4068
  166 692.882162  4587
  167 3368.029566  4200
  168 535.039716  2150
  169 312.584928  3870
  170 3658.498687  2518
  171 389.320912  2985
  172 2802.445558  4598
  173 4724.500345  4057
  174 406.971276  1694
  175 148.462347   891
  176 1064.957292  2742
  177 190.609655  1434
  178 663.775493   565
  179 841.955677  1021
  180 1291.430880  4654
  181 1936.353116  1837
  182 169.294942  3672
  183 1884.287038  4952
  184 1203.638656  1785
  185 223.507779  1455
  186 808.269436  4030
  187 557.914047  4648
  188 314.301219  2257
  189 883.921926  1729
  190 938.309167  3760
  191 105.425902  4618
  192 2846.073363  4846
  193 1488.981683  4565
  194 3381.090174  3720
  195 3912.911874  3229
  196 118.444229  3694
  197 150.723825   816
  198 206.368840  2659
  199 2983.759739  4651
  200 22.879419  1147
  201 666.202976   936
  202 819.519145  1161
  203 3637.224202  4518
  204 365.576350  4234
  205 1345.212997  3278
  206 546.506286  2201
  207 4077.931288  3509
  208 1221.368703   792
  209 187.447518  1251
  210 1582.527566  1128
  211 4202.453611  3494
  212 2298.571580  4605
  213 312.384003  1164
  214 31.133986   528
  215 754.844582  2075
  216 82.003362  1154
  217 35.243683   143
  218 2530.085435  4498
  219 1112.427277  1679
  220 1434.328544  2892
  221 1985.613051  1476
  222 1045.025334  4127
  223 290.663292   680
  224 368.967782  2168
  225 1130.620301  3126
  226 461.666204    72
  227 150.924232   460
  228 2102.342440  3095
  229 741.086354  3458
  230 624.778040  3107
  231 2027.183464  1398
  232 937.626921   881
  233 492.829837  1061
  234 942.835583  1239
  235 101.290994  2055
  236 585.648099  1779
  237 323.806851   768
  238 1055.469295  4732
  239 984.733465  2967
  240 29.186958    35
  241 1716.479309  4045
  242 1286.436844  3477
  243 561.171805   507
  244 36.106376  2680
  245 1395.812055  1344
  246 157.763441  1407
  247 611.672004  2414
  248 41.648839  3020
  249 124.914583  1608
  250 2935.379701  4993
  251 1095.203192  3274
  252 701.935242   131
  253 1357.310326  1725
  254 1468.623644  4820
  255 2784.569464  4774
  256 1036.923713  3516
  257 2910.352070  3377
  258 567.738771  1874
  259 2492.350566  4815
  260 1035.736543  3532
  261 605.652758   881
  262 313.559938  4233
  263 407.621209  4536
  264 244.846491  1231
  265 552.975379  3187
  266 932.515533  2031
  267 401.765540  1292
  268 497.843199  2441
  269 413.063448  3047
  270 3309.686452  2996
  271 102.503487   832
  272 336.724607  4246
  273 158.856353  3008
  274 284.652027  3973
  275 1163.654482  4596
  276 2054.348920  4864
  277 526.420056  3226
  278 1510.816055  3125
  279 681.724559  1936
  280 82.584425   519
  281 54.299280  1571
  282 706.160329   779
  283 1030.685548   897
  284 677.434941   295
  285 1068.521350  4243
  286 1708.870161  3168
  287 286.285404  3467
  288 592.163756  4599
  289 2078.193328  2982
  290 420.074262   224
  291 2812.420367  1581
  292 608.276641  1126
  293 498.037520   646
  294 716.137420  2038
  295 5506.411790  4498
  296 2444.014791  4174
  297 456.068260  3027
  298 2971.742342  2570
  299 523.891507  1172
  300 249.294351  4979
  301 2125.787510  3381
  302 1346.859019  1300
  303 228.646181  1097
  304 1114.250794  3275
  305 2331.779860  3429
  306 315.316874   471
  307 172.699873   600
  308 870.631167  1652
  309 779.834178  2666
  310 415.172559   665
  311 3177.559381  3642
  312 2961.158238  4202
  313 774.777203   600
  314 4199.878022  3351
  315 179.399923   371
  316 769.023352  2224
  317 5166.930221  3367
  318 79.781471   507
  319 1199.522806  3271
  320 935.014724  3324
  321 2957.263454  2916
  322 228.604026  1871
  323 176.478818  3223
  324 208.069114  3429
  325 527.070007  2281
  326 641.889500  1857
  327 1224.384399  1020
  328 1087.668600  1814
  329 3046.023657  4628
  330 4101.032732  2839
  331 812.621452  3744
  332 2074.526492  3130
  333 1273.715526  1504
  334 394.107556  1730
  335 1160.115886  4466
  336 1867.342893  4975
  337 4441.421294  3172
  338 1872.445243  1044
  339 264.077630  1176
  340 1252.191019  1197
  341 5165.866132  4279
  342 753.422796  1459
  343 2184.269480  4283
  344 2362.191526  3158
  345 6180.392225  4262
  346 1577.990900  4254
  347 957.248530  3936
  348 1097.174530  2181
  349 1544.150613   617
  350 65.724509  1036
  351 749.644807  1580
  352 1016.853976  1129
  353 221.792342   731
  354 67.939467  2274
  355 513.931866  1077
  356 568.521010  3585
  357 3174.218308  3129
  358 780.007206  1307
  359 2163.082514  3013
  360 1826.311553  4254
  361 544.965524  4976
  362 1054.832160   927
  363 1928.850957  4840
  364 1100.894596  3326
  365 345.744716   128
  366 1770.241339  2622
  367 3726.910219  4458
  368 851.736897  4565
  369 2342.937073  3629
  370 651.694642   500
  371 1213.382098  1467
  372 93.502487    27
  373 456.255230  4978
  374 141.468407   245
  375 1147.303125  4061
  376 234.855777  1435
  377 239.777241   302
  378 2977.116188  4751
  379 899.357835  4458
  380 3303.515139  4095
  381 2907.030062  2176
  382 325.340776  1452
  383 918.231749  1920
  384 683.421658  1423
  385 1097.597052  4909
  386 2125.357046  1391
  387 1073.624190  3254
  388 747.658128  3537
  389 3575.872181  3534
  390 962.548902  3972
  391 1966.699739  4686
  392 3144.550635  4511
  393 1810.622690  3452
  394 215.867078  3922
  395 1574.354490  4059
  396 5695.826497  4470
  397 1019.840360  2086
  398 803.857243  4858
  399 2196.634857  2074
  400 1922.919473  4163
  401 985.011092  3183
  402 1845.707686  4542
  403 2570.304221  3690
  404 147.505237   741
  405 2011.767361  4642
  406 3756.851460  3997
  407 1242.904254  2765
  408 1758.735159  2920
  409 3448.747328  4719
  410 39.613981   579
  411 1786.503543  1119
  412 1020.717895  4126
  413 797.784389  1397
  414 199.517683    83
  415 2066.332488  4907
  416 71.007319    37
  417 691.467775   576
  418 1808.890542  3479
  419 362.117028  3115
  420 318.952502  1861
  421 1018.571775  1698
  422 433.901333  2075
  423 269.297171  2798
  424 1902.833189  3121
  425 75.941098  2427
  426 452.334737   391
  427 2617.290231  4177
  428 4556.807198  4827
  429 377.274524  2370
  430 1651.261807  4660
  431 1346.594046  1761
  432 1868.346591  4089
  433 3538.412406  3387
  434 1191.563044  2963
  435 1401.564646  3829
  436 596.641753  3380
  437 881.639789  1785
  438 828.711478  2267
  439 471.373430  2118
  440 1511.869193  1198
  441 1502.460683  2330
  442 178.108572  3402
  443 177.808238  1231
  444 3316.524507  4673
  445 1273.729550  2256
  446 633.178932  1560
  447 656.853349   503
  448 1320.251862  2132
  449 118.427816   316
  450 333.390922   761
  451 1577.469163  2835
  452 345.861613  1359
  453 901.345846  1139
  454 3722.811659  3393
  455 1191.240078   415
  456 2350.507931  2267
  457 1088.258422  4386
  458 2268.398434  2271
  459 5.068808   916
  460 65.776562    60
  461 867.748862  4363
  462 432.803554  3580
  463 2360.076412  1744
  464 371.090325  3433
  465 1899.414847  4816
  466 1973.858922  4739
  467 36.230940  1643
  468 56.686641   840
  469 89.786682   260
  470 452.924628  4568
  471 881.886135  2878
  472 95.654103  2404
  473 360.178110  3367
  474 66.427177  1299
  475 152.572009  1043
  476 803.602884  1688
  477 1479.696721  2776
  478 8.503090    76
  479 392.800581   297
  480 2065.261731  2275
  481 129.477980  1658
  482 477.601545  3062
  483 2179.802740  3863
  484 632.878121   852
  485 31.675304  1721
  486 1083.970940  1605
  487 248.838527  3054
  488 883.536525  1965
  489 3453.868203  3516
  490 2830.500331  4410
  491 487.187407  1586
  492 1294.375412  4194
  493 1821.238756  4018
  494 2729.444797  2387
  495 3169.875328  4711
  496 391.707869  1968
  497 262.698515   279
  498 93.830952   349
  499 1249.005782  4669
  500 22.597758   680
  501 371.914726  1694
  502 632.768660  4260
  503 1197.971872  1557
  504 518.425492  4331
  505 1388.587161  4485
  506 158.995836  1775
  507 2375.732988  1851
  508 554.749704  1965
  509 1948.767994  4918
  510 666.853814  1838
  511 36.977195  1060
  512 157.693928  1044
  513 172.880674  1034
  514 3991.371810  4077
  515 288.080527  3879
  516 521.458355  2719
  517 452.703433   838
  518 1896.329142  4472
  519 10.770763   886
  520 103.422740  4209
  521 869.132840  3135
  522 3235.086358  4063
  523 291.345049  1987
  524 992.434523  2989
  525 2901.783203  4743
  526 153.951414     9
  527 2430.973983  2461
  528 135.220983     9
  529 237.386413  4152
  530 609.607481   106
  531 159.746195  1626
  532 1880.788761  4397
  533 337.057450    37
  534 693.173084   607
  535 893.898990  2388
  536 274.064780  1443
  537 840.139863  2197
  538 2286.470810  2293
  539 121.957859   615
  540 304.676480  3278
  541 2646.594399  2274
  542 1495.706974  4847
  543 791.922997  2270
  544 1761.090997  4340
  545 3178.339675  3003
  546 1150.177966  2375
  547 603.792563   682
  548 3227.551866  3326
  549 277.075953  1288
  550 74.074122  1874
  551 298.701921  3573
  552 2806.284250  4565
  553 415.983790   388
  554 102.587750   175
  555 669.408153   577
  556 1037.135433  3508
  557 897.481880  2329
  558 3458.832969  4965
  559 1149.751568  1051
  560 108.462081  2882
  561 1477.576647  2938
  562 2442.160452  4322
  563 5630.612521  4411
  564 194.411529  3214
  565 3562.301167  4722
  566 1675.964953  3712
  567 605.087842  4139
  568 9.484532   523
  569 503.530476  3431
  570 477.709588   167
  571 4316.631412  3886
  572 533.307174  1227
  573 1260.544963  1819
  574 248.917251   151
  575 511.276467   400
  576 288.002182   326
  577 374.503662  1510
  578 2261.816278  3516
  579 71.011459  1233
  580 569.167967   754
  581 327.399210  4567
  582 1355.571822  4419
  583 332.552711  2179
  584 3258.730116  2969
  585 671.456938    58
  586 1876.561950  1721
  587 1208.832877  3529
  588 461.426502  2040
  589 1006.765808  1217
  590 178.011226   184
  591 1122.651661  2289
  592 751.044699  1492
  593 1815.359223  2534
  594 29.214377  1724
  595 1332.071727  4160
  596 495.314205   108
  597 37.460658  3668
  598 234.713977  4671
  599 546.371633  2250
  600 329.490934  2892
  601 1217.647280   706
  602 927.355242  1946
  603 846.638002   640
  604 2240.608812  1998
  605 974.201664  3833
  606 2222.274430  4085
  607 432.621097    33
  608 1199.716843  3896
  609 1979.118971  3483
  610 343.585212   612
  611 4646.197560  3924
  612 1322.019108  2258
  613 194.485998  3796
  614 106.330895  4674
  615 70.179322  3362
  616 549.913912  1574
  617 786.323008  3971
  618 113.035058   406
  619 2091.638406  1598
  620 190.228707  2049
  621 692.809520  3247
  622 978.110870  1274
  623 2078.567066  2038
  624 697.680102  1134
  625 1033.427780  4307
  626 1453.105454  4728
  627 436.942925  2241
  628 523.906171   831
  629 1856.340906  4644
  630 129.604156   718
  631 95.967021  4792
  632 2960.889168  4645
  633 1419.526917  3927
  634 343.713636  4297
  635 335.373409  3487
  636 100.708486   765
  637 58.647928    46
  638 256.565343   730
  639 1318.896509  4530
  640 1096.051333  3323
  641 297.598890  3105
  642 1227.946699  3854
  643 1140.066453  1746
  644 2339.491323  3847
  645 331.371436  4367
  646 460.357214  1343
  647 497.643451  3264
  648 302.503404  4932
  649 24.177603   380
  650 303.974551  1246
  651 763.256289  2534
  652 57.292710   782
  653 78.112342   506
  654 1857.478666  2362
  655 909.135842  3659
  656 1248.375982  3601
  657 503.961340  1290
  658 1125.807963  2096
  659 780.831641   661
  660 1781.293726  1622
  661 166.488165  2273
  662 35.393480  1563
  663 1250.487983  4349
  664 475.866006  1327
  665 2336.993030  2334
  666 1199.474749  4330
  667 741.138153   720
  668 2312.344405  3112
  669 502.355496   136
  670 3354.519558  3246
  671 564.162426   931
  672 3062.531448  4054
  673 2575.777303  2321
  674 61.299098    58
  675 784.036368  1796
  676 1677.331707  3137
  677 943.843221  1199
  678 404.414140  4923
  679 1076.047800  4813
  680 1261.435199  1291
  681 3285.392896  2504
  682 481.616487  4704
  683 1560.373362  2970
  684 2649.888859  2535
  685 953.653247  3827
  686 518.970766  1609
  687 1149.380269  3375
  688 119.909624   149
  689 1619.432075  4851
  690 11.546311   258
  691 113.210061   900
  692 1981.665772  2186
  693 1070.608554  1325
  694 1549.494526  1950
  695 1255.267174  2571
  696 1221.945296  3794
  697 70.768528  1894
  698 741.456243  4677
  699 236.913930  1862
  700 1876.821395  1744
  701 3117.377025  1527
  702 334.483055  1408
  703 326.792090   675
  704 514.213398   858
  705 468.901555  1691
  706 1094.309296  3522
  707 1072.401030  3233
  708 978.474400  1279
  709 3412.362312  3637
  710 638.297619  3662
  711 423.712887  1210
  712 129.167585  1282
  713 2968.151470  3205
  714 722.350411  2797
  715 1990.897279  3425
  716 655.064848  1870
  717 2276.665988  4025
  718 931.281744  1215
  719 189.889178  2643
  720 1203.421211  1585
  721 239.863437   117
  722 1157.197500   526
  723 451.301019   152
  724 1328.160488  1251
  725 573.794590  4013
  726 368.092589  1880
  727 350.534184    16
  728 504.702211  1318
  729 1118.128165  4440
  730 1309.544477  2236
  731 462.509179    15
  732 32.672317  4053
  733 1346.460944  4132
  734 749.746654  2977
  735 87.574125  2699
  736 179.106008   502
  737 54.469347  3254
  738 4902.505031  4796
  739 1321.539398  2866
  740 30.896776   210
  741 513.555689  1385
  742 1609.598578  2400
  743 376.693666  4719
  744 430.095926  2610
  745 702.293015  2067
  746 646.873395   933
  747 2487.293001  4508
  748 563.454769  4177
  749 4555.478066  4157
  750 2044.721228  4859
  751 174.979832  4503
  752 1170.892449  1886
  753 674.477153  1193
  754 313.640404  1901
  755 729.339725   502
  756 2445.638562  4080
  757 3534.152753  4436
  758 1569.495764  4529
  759 87.723181    36
  760 112.144097   138
  761 54.379228    75
  762 1361.185393  2972
  763 1055.889353  2020
  764 1232.724474  1534
  765 1402.882717  2703
  766 19.796840   401
  767 7.213873  4490
  768 1118.423809  1452
  769 5378.398896  4267
  770 2032.756871  2080
  771 2089.478296  3783
  772 1172.488517  1146
  773 3571.316038  3626
  774 503.256060  1424
  775 1068.842020  1275
  776 1546.194712  2706
  777 2318.384558  3843
  778 273.998007  1567
  779 1290.096588  4683
  780 67.120861   265
  781 878.083437  4399
  782 4583.172359  3206
  783 2620.952684  3970
  784 3504.806595  3387
  785 1665.196800  2063
  786 11.593613  1327
  787 1262.074352  2641
  788 2187.350621  2458
  789 1589.657044  3640
  790 683.790922  1992
  791 1949.730926  3201
  792 1187.793165  1702
  793 535.151671   928
  794 141.597372     8
  795 3492.299364  2380
  796 1211.442846  4524
  797 211.471476  2064
  798 1073.594983   943
  799 1271.380197  2250
  800 131.973104   281
  801 46.270212  1521
  802 2654.947002  4791
  803 397.339034  3984
  804 1132.001414  1422
  805 435.262225  3329
  806 717.080430  1487
  807 741.363048   888
  808 1689.549849  4899
  809 755.056689   557
  810 644.256844  3156
  811 1341.814188  4869
  812 702.622397   749
  813 47.325316   590
  814 1581.225350  4807
  815 17.067181   765
  816 3432.047444  4049
  817 59.902871  1550
  818 890.724145  4580
  819 1653.420966  3567
  820 1337.269343  1616
  821 116.658943   785
  822 864.683341  2143
  823 1726.463057  2956
  824 200.413997   316
  825 2378.874875  2727
  826 1359.651030  3886
  827 576.425967  4368
  828 108.587788   287
  829 1315.550894  3334
  830 2091.995105  4811
  831 1695.266716  2088
  832 183.832109  3304
  833 673.762142  4185
  834 64.722386   177
  835 3577.327596  4211
  836 235.834381  2262
  837 1085.528886  3621
  838 1050.426167  1820
  839 202.388613  2491
  840 269.247789  1669
  841 1143.915224  3561
  842 1337.907065  1995
  843 69.804912   275
  844 1911.396472  2998
  845 689.324107  3755
  846 1264.997412  2279
  847 1955.681645  2560
  848 352.870689   992
  849 971.144031  1135
  850 402.188972   835
  851 2446.389784  1265
  852 1776.726571  4948
  853 186.293282  2105
  854 993.915443  1939
  855 976.574915  4024
  856 2241.667836  4034
  857 529.301100   279
  858 707.219546  2231
  859 564.085866  2048
  860 960.674254   622
  861 22.436996  1993
  862 924.781354  2695
  863 605.846441  2511
  864 1830.305070  2319
  865 278.868426  2723
  866 59.055162  3509
  867 1275.880263  4155
  868 1299.088387  1412
  869 2561.806396  1136
  870 1162.626928  4152
  871 103.356588   430
  872 2118.464367  2023
  873 1465.192100  1398
  874 1013.605706  4165
  875 1121.637260  4132
  876 294.188206   779
  877 528.825834  2509
  878 1023.671226  3390
  879 976.489939  3026
  880 3888.728267  4192
  881 302.157614  1417
  882 1778.498737  3557
  883 193.180580  3878
  884 2075.721913  3203
  885 1854.486367  2246
  886 2661.828991  2742
  887 513.389518  2499
  888 1013.170229  2256
  889 1138.103035  1289
  890 1253.187559  2994
  891 3285.416252  3339
  892 808.689707  1266
  893 889.489903  1691
  894 1968.329453  4585
  895 437.059167   613
  896 1361.510852  4583
  897 808.054021  3254
  898 444.663159  3292
  899 1566.858338  2694
  900 5422.493308  2990
  901 1286.004954  4095
  902 1204.864081   883
  903 886.644544   377
  904 531.897282   810
  905 1158.128468  2788
  906 315.547255  3602
  907 1607.828216  3105
  908 618.543190  2422
  909 134.716484   990
  910 1058.340022  3403
  911 1117.380633  3460
  912 351.402385  1064
  913 314.269985  2517
  914 3811.403578  3401
  915 1721.039809  4799
  916 1004.039308  1504
  917 1906.275579  4568
  918 1086.219688  1688
  919 230.374331  1294
  920 148.287306  2391
  921 2183.579221  3180
  922 1979.461451  1928
  923 2776.778909  4026
  924 2896.558225  1906
  925 93.435324  1698
  926 59.016203  2873
  927 348.423847  4386
  928 654.396821  1895
  929 300.993280   507
  930 1144.211542  3662
  931 2255.125047  3085
  932 1637.314309  3308
  933 1412.066542  3333
  934 926.727016  3308
  935 2051.760108  3140
  936 1467.058995  2885
  937 364.011861  1989
  938 538.525429  2921
  939 2366.793815  1210
  940 522.448985  1276
  941 960.485312  3467
  942 292.898895  1079
  943 3213.768182  3861
  944 253.202870  2216
  945 1241.734647  3603
  946 1283.248025  2088
  947 1740.834594  2404
  948 1045.064731  2809
  949 2549.291200  3368
  950 948.738812  4137
  951 1565.244248  3328
  952 185.307935   559
  953 981.544909  2793
  954 174.917528  3001
  955 672.267753   357
  956 2272.315692  3287
  957 569.371562   726
  958 183.165877  2424
  959 1144.466295  3648
  960 917.114322  3200
  961 473.899527    82
  962 208.043425  1658
  963 725.697764  1352
  964 1432.822978  4808
  965 1447.803651  5000
  966 379.393432   260
  967 42.716493    62
  968 2168.844001  2113
  969 593.224436   583
  970 261.987199   443
  971 149.637969   630
  972 675.415546  3280
  973 2046.546378  3503
  974 4496.156104  3889
  975 1913.681182  2030
  976 786.468718   681
  977 560.053779  2643
  978 350.101468  1082
  979 3681.060239  4924
  980 895.192258  3382
  981 745.105457  3094
  982 568.508853   600
  983 1081.191351  1002
  984 101.209992  4535
  985 461.485127   928
  986 547.871979  2252
  987 72.294072  1939
  988 1062.468402  3857
  989 636.396599  4625
  990 1022.676587  3318
  991 213.972234  3012
  992 603.819993  1649
  993 480.045037  1738
  994 885.420418  3825
  995 135.373605  1254
  996 404.971352  2504
  997 211.565437   632
  998 350.672336  1282
  999 587.195294   832
 1000 154.948622   958
 1001 419.508545  4778
 1002 761.491706  3184
 1003 205.803051   238
 1004 700.532757  4368
 1005 144.510695  1624
 1006 219.986064  1459
 1007 469.525864  2607
 1008 3538.669475  4283
 1009 7534.690200  4931
 1010 268.685213  2038
 1011 1534.278135  3192
 1012 468.448487   416
 1013 1678.085246  1362
 1014 167.120760  3710
 1015 1482.840691  1724
 1016 336.295239   240
 1017 2984.053653  3528
 1018 792.315103  1402
 1019 2815.223810  3133
 1020 3314.118019  4712
 1021 682.490864   624
 1022 450.205526  2219
 1023 24.268850  1393
 1024 2059.008673  3956
 1025 721.503002  4292
 1026 1337.112695  1875
 1027 843.148656  2823
 1028 550.801641   772
 1029 929.250491   598
 1030 3681.998984  4935
 1031 139.857945  1921
 1032 692.747869  1331
 1033 65.611647  1023
 1034 1097.219662  1679
 1035 280.501707  1586
 1036 414.290332   372
 1037 2777.399756  3406
 1038 1843.855871  3018
 1039 642.128664  1167
 1040 1888.560103  2158
 1041 70.253090  2606
 1042 870.720784  1765
 1043 227.514540   271
 1044 5041.438109  4623
 1045 5122.522911  3923
 1046 1016.606561  2266
 1047 650.589243  2469
 1048 332.878133   346
 1049 2890.898530  1850
 1050 258.855104    91
 1051 3904.241165  2866
 1052 2831.438816  2195
 1053 3026.574783  2214
 1054 2582.373188  3014
 1055 288.197880  3285
 1056 192.375473   646
 1057 647.529897  2071
 1058 1701.508067  2295
 1059 88.470724  2517
 1060 596.993994  1669
 1061 2145.047112  3874
 1062 2970.553276  3411
 1063 59.952788  1330
 1064 784.890497  1625
 1065 248.487198   622
 1066 2010.137536  1529
 1067 359.234909  4897
 1068 553.091741   334
 1069 1266.636100  1059
 1070 773.240668   169
 1071 595.565680  1935
 1072 1349.195086  1689
 1073 2069.915886  2506
 1074 336.868135  3270
 1075 1929.307883  3707
 1076 1574.788299  3555
 1077 1237.468208  1977
 1078 2082.725004  2309
 1079 561.147114  3670
 1080 410.625268  4492
 1081 2720.116582  2670
 1082 2578.435702  4278
 1083 436.976806  3235
 1084 2013.335653  3106
 1085 2680.619330  4121
 1086 2562.981408  3559
 1087 801.250584  1881
 1088 468.908060  4354
 1089 3008.558838  3804
 1090 2707.500488  3726
 1091 675.819904  4014
 1092 1331.750809  4627
 1093 520.464937  2100
 1094 1074.394361  4221
 1095 3927.980459  3995
 1096 40.498542   800
 1097 306.487569   391
 1098 531.305084  1341
 1099 3913.509753  2820
 1100 840.668810  2524
 1101 54.736849  1853
 1102 156.083393  1230
 1103 2677.280827  2534
 1104 387.084889  1189
 1105 1976.539659  3832
 1106 472.552425    90
 1107 1608.633264  3849
 1108 717.926005  4907
 1109 377.742046   270
 1110 518.106731  4319
 1111 897.727082  3438
 1112 307.581733   703
 1113 3942.177331  4811
 1114 231.437681   843
 1115 448.755941  1064
 1116 673.170648   702
 1117 287.583525   330
 1118 14.583592   536
 1119 72.368424  4204
 1120 3312.899224  3806
 1121 68.244180  2283
 1122 660.921054  3487
 1123 1387.738025  3418
 1124 397.783164   141
 1125 1229.703901   867
 1126 7.060393   142
 1127 374.111339   339
 1128 446.184502   351
 1129 179.830252  4241
 1130 647.409139  4212
 1131 622.295486   555
 1132 423.152909  1190
 1133 1774.169146  3524
 1134 426.397728  2257
 1135 85.665606  1150
 1136 1890.721354  3441
 1137 1531.331091  2064
 1138 306.759910  1313
 1139 5151.157433  2676
 1140 249.497276  2231
 1141 235.684194  1632
 1142 3655.847777  4119
 1143 49.725533  1190
 1144 168.805477   891
 1145 604.765484   730
 1146 2728.810974  4372
 1147 4238.846385  4592
 1148 864.250460  4615
 1149 1462.120050  2920
 1150 644.919483  2135
 1151 105.500938  1287
 1152 1066.056458  2739
 1153 10.219333   115
 1154 3465.981966  4811
 1155 3151.032792  3522
 1156 482.349134     4
 1157 98.058863  1696
 1158 6741.904292  4182
 1159 622.367878  1459
 1160 1652.248041  1391
 1161 1939.457371  1388
 1162 1227.466290  3550
 1163 1280.403812  3229
 1164 1703.664037  4397
 1165 725.150197  1233
 1166 417.894887  4916
 1167 970.909507  2868
 1168 379.612567  1550
 1169 1810.092405  3825
 1170 2307.737381  3818
 1171 1257.705256  2642
 1172 268.099135  1169
 1173 1164.178767  2255
 1174 5238.423935  4142
 1175 3646.051866  2750
 1176 1459.536284  2751
 1177 1433.695102  3003
 1178 224.887065  1135
 1179 607.402855   516
 1180 920.648377  4029
 1181 3323.981082  4852
 1182 395.411691   644
 1183 2087.729560  2466
 1184 1500.782616  4544
 1185 1865.701371  3685
 1186 1656.292706  1418
 1187 233.630679   894
 1188 116.089912  4784
 1189 335.441729  4266
 1190 170.253667  1356
 1191 709.281355  3603
 1192 935.475322  3583
 1193 281.258922  2586
 1194 283.432587   530
 1195 351.000763  1938
 1196 413.456779  1217
 1197 1834.402743  2852
 1198 130.799147  1853
 1199 737.462715   747
 1200 576.215939   724
 1201 1529.286614  1779
 1202 855.809144  3886
 1203 852.927893  1627
 1204 112.307885   839
 1205 4.035975  2156
 1206 1637.584670  2588
 1207 276.984879   221
 1208 767.608621  2588
 1209 10.012759  1477
 1210 315.439294   924
 1211 1501.232732  4300
 1212 906.142634  1295
 1213 1888.375278  3333
 1214 292.520074  3105
 1215 486.408979  2092
 1216 396.117430  2630
 1217 3095.535008  2528
 1218 25.954711  3611
 1219 1115.606120  2294
 1220 1401.429967  2960
 1221 833.138964   330
 1222 82.011279    81
 1223 190.410516  3226
 1224 58.335480   112
 1225 117.823549  1201
 1226 1768.480263  4113
 1227 2314.450929  4788
 1228 849.484345  2250
 1229 95.948940   988
 1230 3204.603942  3452
 1231 223.625607   385
 1232 999.672787  4498
 1233 4013.625494  4856
 1234 393.968325  3125
 1235 1070.583877  1689
 1236 1177.882431  3145
 1237 585.340845  1927
 1238 2422.165728  2808
 1239 290.475363   148
 1240 544.943673   913
 1241 1445.799646  3073
 1242 783.212491  1293
 1243 822.581638   607
 1244 36.393981    14
 1245 116.695003    93
 1246 1257.895418  3819
 1247 1341.691621  1870
 1248 397.531577  1236
 1249 500.013996  3678
 1250 2253.044654  4447
 1251 432.591481  1705
 1252 5911.214671  4997
 1253 206.897643  3976
 1254 1586.534458  3205
 1255 576.499993   569
 1256 3306.117959  3834
 1257 2021.926825  3129
 1258 614.530327   883
 1259 2407.057837  4137
 1260 1537.387743  3647
 1261 3813.155562  3226
 1262 320.290923   602
 1263 213.473607   559
 1264 75.443946   249
 1265 3.668924  3158
 1266 529.775085  1822
 1267 627.819790  2090
 1268 3328.384287  3648
 1269 1832.652180  2584
 1270 17.980791  1939
 1271 1202.440723  2459
 1272 1112.393214  1871
 1273 44.362810  4942
 1274 1380.806578  1968
 1275 1140.977985  1286
 1276 1565.709293  4249
 1277 219.069554  1482
 1278 607.490440  4005
 1279 61.477882  2199
 1280 550.275402   940
 1281 386.930925  1596
 1282 195.374943  2750
 1283 2654.996216  4039
 1284 3378.134955  3903
 1285 281.262091  1011
 1286 1651.836707  2423
 1287 3351.959279  4711
 1288 592.394646  3468
 1289 331.273937   619
 1290 1433.920273  3199
 1291 892.784712  2665
 1292 544.925728   560
 1293 1112.552342  4758
 1294 2301.112702  2903
 1295 230.742772  2260
 1296 189.642393   296
 1297 3.439328  2941
 1298 1216.928680  3922
 1299 2373.784436  2150
 1300 832.512025  2116
 1301 980.558231  3126
 1302 280.176955  2340
 1303 127.027389   409
 1304 1358.474507  2934
 1305 1115.215457  1309
 1306 212.196476   213
 1307 222.640207  1240
 1308 176.751701   577
 1309 1627.398126  1588
 1310 1508.451144  1773
 1311 60.559645   208
 1312 3071.745762  4963
 1313 1372.354142  4085
 1314 5650.800334  4103
 1315 644.381946  2578
 1316 677.571060  2773
 1317 4287.737258  4188
 1318 337.209391   352
 1319 689.251351  2157
 1320 568.815262  3439
 1321 145.490152   279
 1322 351.463999   478
 1323 1760.261539  4942
 1324 1267.066465  2783
 1325 258.645817  2375
 1326 4183.607244  3866
 1327 399.668852   769
 1328 677.776124  4272
 1329 474.929100  1143
 1330 480.537804  1512
 1331 523.637562  1822
 1332 449.647690  4917
 1333 1449.999216  1217
 1334 1196.523225  1364
 1335 907.992813   823
 1336 1496.657811  2669
 1337 230.797529  1046
 1338 697.123134  2973
 1339 453.695507  2326
 1340 2008.447643  4270
 1341 1812.978778  3708
 1342 646.844697  1364
 1343 819.397409   945
 1344 34.068048  2180
 1345 266.264049   799
 1346 2043.097656  2067
 1347 2588.924067  1432
 1348 2238.739527  1312
 1349 1106.505981  4498
 1350 480.734826  3367
 1351 2289.400927  4323
 1352 232.972060  1299
 1353 694.992753  1589
 1354 560.798545   999
 1355 646.411869   773
 1356 1065.972578  3082
 1357 3819.391305  4734
 1358 1536.777341  4781
 1359 1367.669510  1685
 1360 2400.034832  3689
 1361 249.087443    41
 1362 186.492000  1738
 1363 194.605946  3626
 1364 1892.884707  2322
 1365 531.700547  2915
 1366 727.562176  3515
 1367 1434.782855  3788
 1368 388.620874  1597
 1369 1955.421463  3912
 1370 378.050316  4512
 1371 688.327755   992
 1372 2317.590978  4431
 1373 334.993627  1250
 1374 2238.656875  3449
 1375 1306.253025  3194
 1376 1188.161983   749
 1377 387.084836  3090
 1378 349.515629   593
 1379 667.592191  1745
 1380 2250.971673  4687
 1381 354.077261  3022
 1382 1458.226164  2109
 1383 700.472134  2832
 1384 978.475050  1551
 1385 316.432625   364
 1386 386.180988  3107
 1387 1111.672231  1153
 1388 1289.510866  1529
 1389 74.189523   123
 1390 988.390900  4989
 1391 2848.153939  4258
 1392 2345.586697  3515
 1393 1178.732463  2934
 1394 54.234742    21
 1395 525.400354  4513
 1396 726.847671  1203
 1397 2618.372794  4369
 1398 234.408173   488
 1399 2916.125543  3681
 1400 957.090762  2518
 1401 502.947135  1012
 1402 356.052856  2413
 1403 68.580667  1661
 1404 875.959610  2149
 1405 1022.187243  4045
 1406 2468.928941  3669
 1407 97.487779  3050
 1408 5347.940586  3911
 1409 682.728514  3240
 1410 451.714266  1874
 1411 264.302143   278
 1412 2790.406895  2843
 1413 2378.796787  2368
 1414 2923.385866  2561
 1415 155.581656  2101
 1416 1889.329688  1284
 1417 384.521827  3748
 1418 1134.145001  2130
 1419 2213.637057  2696
 1420 352.978258    77
 1421 1337.043664  1357
 1422 1868.645105  4844
 1423 463.642978  4421
 1424 272.992542  1861
 1425 2305.828097  4996
 1426 128.813742   356
 1427 446.864350  1548
 1428 136.486918  2298
 1429 356.987598  1974
 1430 122.949707  1980
 1431 1620.566631  3142
 1432 4378.499504  4015
 1433 47.384205   417
 1434 2476.932232  3165
 1435 25.861512     6
 1436 1054.128003  4711
 1437 1128.205444  1990
 1438 1379.334241  3936
 1439 791.325721   545
 1440 166.797429   633
 1441 529.824626  2191
 1442 333.794014  1366
 1443 1363.399914  1695
 1444 424.197788   444
 1445 1217.672485  1087
 1446 1260.008919  3461
 1447 377.146797   569
 1448 4416.040355  4362
 1449 0.809622  2503
 1450 577.961933  1219
 1451 248.858571   291
 1452 2839.809702  2838
 1453 115.179912  2773
 1454 339.629312  2594
 1455 473.450733   769
 1456 1984.317691  3935
 1457 462.309265  2028
 1458 121.534853   133
 1459 1244.075115  3595
 1460 2982.986541  3813
 1461 1438.337416  4248
 1462 5.126440  1207
 1463 291.438618  2098
 1464 4535.530024  4752
 1465 499.168572   552
 1466 34.550310   400
 1467 938.871622  4130
 1468 32.471972   102
 1469 966.213379  3917
 1470 4108.341648  4857
 1471 866.858997  2912
 1472 406.440973  1300
 1473 594.984735  1911
 1474 1341.914132  3708
 1475 138.141032   660
 1476 689.848383  1705
 1477 1322.375181  2724
 1478 4368.339050  4423
 1479 793.715659  4565
 1480 2071.408959   944
 1481 285.978839  1067
 1482 147.553006  1247
 1483 305.143315    49
 1484 44.011611   355
 1485 1180.006337  2986
 1486 3102.566909  3007
 1487 1241.613972  1708
 1488 454.864445  3506
 1489 832.217359  2669
 1490 350.185292   392
 1491 301.984805  1669
 1492 1173.531208  3684
 1493 1013.483389  4024
 1494 258.541638   816
 1495 1504.354452  2630
 1496 4347.616483  3547
 1497 391.336005  1169
 1498 2977.883484  2125
 1499 1621.433985  3611
 1500 257.448650  1458
 1501 1003.822345  4921
 1502 1277.694461  2065
 1503 2583.405782  3719
 1504 970.073467  1999
 1505 302.421926  1921
 1506 598.052265  1493
 1507 1569.151585  4196
 1508 518.540324  2979
 1509 3307.139646  4743
 1510 114.794669  1863
 1511 267.573465   745
 1512 1922.639265  2350
 1513 1874.791375  3664
 1514 5163.590631  3030
 1515 661.210274  4315
 1516 1061.751012  1070
 1517 2516.715431  4165
 1518 347.627197  3010
 1519 406.038396  1119
 1520 765.693417  2206
 1521 1903.718346  1864
 1522 510.179699  1014
 1523 1821.143943  2259
 1524 1705.199829  2017
 1525 2518.473670  3885
 1526 5000.325003  4384
 1527 34.983643  1642
 1528 705.319863   806
 1529 200.692900   156
 1530 1127.596561  1869
 1531 391.296255   350
 1532 980.745481  1650
 1533 572.906371  1683
 1534 1580.547619  1631
 1535 1233.558863  1414
 1536 12.227990  2516
 1537 488.622048   605
 1538 1938.341961  4264
 1539 1101.829807  3687
 1540 128.344048  3057
 1541 785.143580  4495
 1542 3711.382425  3478
 1543 1967.854978  3501
 1544 75.053851  1030
 1545 557.799233  1271
 1546 447.856507  1135
 1547 1437.388063  3665
 1548 688.368314   204
 1549 6314.771069  4126
 1550 1724.705937  2204
 1551 2085.104534  2041
 1552 1823.894479  1579
 1553 71.859146   269
 1554 116.538562   903
 1555 2619.283996  3269
 1556 636.392076  3537
 1557 844.690054  2224
 1558 2267.124922  4726
 1559 21.510689  4181
 1560 2069.654936  3274
 1561 2163.274251  2816
 1562 547.443387  2728
 1563 859.318186  1150
 1564 593.084875  3391
 1565 252.957335   650
 1566 603.527118  1748
 1567 262.786108   284
 1568 3609.192557  3328
 1569 102.321603   115
 1570 2382.084658  1335
 1571 1690.582788  4383
 1572 180.479887  1765
 1573 2801.856901  4549
 1574 978.705357  4892
 1575 694.883000  3240
 1576 345.248650  1934
 1577 715.231672  1800
 1578 24.249443   219
 1579 464.963197  2730
 1580 2658.377150  2272
 1581 423.822418  2780
 1582 281.985956   188
 1583 587.326650  2411
 1584 834.943699  3064
 1585 576.213430  4323
 1586 627.603125  2291
 1587 506.950864   674
 1588 242.017657   631
 1589 3954.170213  4481
 1590 3257.479035  4795
 1591 2474.437996  3384
 1592 1066.242600  3118
 1593 1968.708662  4613
 1594 815.735959  2829
 1595 172.710099    41
 1596 519.841462  1105
 1597 400.243820   495
 1598 386.994226   776
 1599 902.967420  3258
 1600 1205.836231  1342
 1601 399.838630  2018
 1602 4478.358086  4839
 1603 1008.025241  2226
 1604 3108.068625  3700
 1605 1103.637430  3817
 1606 2841.882489  3776
 1607 203.751419   450
 1608 281.418577  4158
 1609 548.957224  3955
 1610 1355.160028  2665
 1611 349.849667  1439
 1612 1110.739261  4951
 1613 827.850297   664
 1614 539.578593  1755
 1615 232.467403   476
 1616 362.626980   214
 1617 3175.564410  2899
 1618 1784.863154  1665
 1619 664.166434  4251
 1620 6297.595431  4985
 1621 5915.316431  4623
 1622 2066.046088  2263
 1623 1490.132992  4418
 1624 1108.695638  1347
 1625 1424.175320  2684
 1626 456.729569   180
 1627 1326.054733  3232
 1628 1553.025040  4359
 1629 769.537041   882
 1630 6.304357  3266
 1631 498.655890  1983
 1632 1483.716119  1308
 1633 1354.222114  2322
 1634 727.337205  4851
 1635 180.033552  2104
 1636 606.541161   609
 1637 632.795803  1946
 1638 6071.841519  4851
 1639 918.189043  1173
 1640 318.911935  3471
 1641 857.163059  3407
 1642 1347.476301  2602
 1643 64.674873   127
 1644 806.535980  4316
 1645 974.532973  3281
 1646 1379.454239  2353
 1647 402.660229   582
 1648 424.884924    36
 1649 679.188687  4156
 1650 2400.882802  3978
 1651 1281.592055  3551
 1652 78.861562  2008
 1653 494.282284  1275
 1654 2025.254135  2753
 1655 274.173853   421
 1656 411.926415  1608
 1657 1796.962833  4093
 1658 2024.826354  3855
 1659 786.426683  2658
 1660 227.640319  2122
 1661 381.662174  2586
 1662 103.576146   987
 1663 1584.533457  2556
 1664 5016.630757  2363
 1665 571.795112  2653
 1666 3829.313208  4929
 1667 232.421497  2378
 1668 136.014956  1498
 1669 1623.224314  1872
 1670 4662.194813  4693
 1671 446.081160   374
 1672 161.722122   233
 1673 499.082582  4908
 1674 100.228902   198
 1675 801.761813  1059
 1676 1500.333246  4813
 1677 1413.358668  2376
 1678 200.047601  1869
 1679 262.294634  2790
 1680 2091.758571  2547
 1681 215.354819   287
 1682 142.463692  4357
 1683 268.057459  1199
 1684 422.208242  3083
 1685 149.307028  4613
 1686 484.065076  1298
 1687 2093.399279  4230
 1688 2101.609629  4934
 1689 646.325709   832
 1690 809.754766  4668
 1691 2656.965815  3712
 1692 2294.164559  4753
 1693 126.205215   736
 1694 4751.465300  3571
 1695 452.224922  3473
 1696 2294.051372  3850
 1697 87.522626  1664
 1698 353.500636  3306
 1699 431.637223  4504
 1700 2055.550302  3807
 1701 155.306458  4141
 1702 98.547231  2485
 1703 2691.429364  2912
 1704 1223.669234  3244
 1705 2453.603607  4084
 1706 1615.768560  4812
 1707 1082.687495  4267
 1708 1883.518472  3123
 1709 440.220951   541
 1710 286.090361   424
 1711 93.427439  1831
 1712 442.187923   523
 1713 460.547589  1156
 1714 913.098482  1299
 1715 4521.528574  3947
 1716 172.690527   635
 1717 1171.660492  2596
 1718 2135.696655  4746
 1719 4255.666618  3696
 1720 43.452353  1789
 1721 244.740602  3020
 1722 2613.528022  3556
 1723 1483.716311  1041
 1724 2778.573043  4110
 1725 2002.561692  3060
 1726 2759.026982  4513
 1727 2459.980377  2693
 1728 705.535979  4442
 1729 77.595031  2382
 1730 1822.600351  2909
 1731 357.312820  3994
 1732 2217.132374  3954
 1733 607.669707  2511
 1734 4227.654892  3924
 1735 400.429074  2337
 1736 380.404516   903
 1737 3338.645116  4917
 1738 2331.311932  4413
 1739 106.910062  4886
 1740 2191.520538  1565
 1741 224.238185  2144
 1742 1399.625229  2554
 1743 1387.402349  1495
 1744 1892.553438  2467
 1745 561.125142   674
 1746 1840.205409  1931
 1747 377.046401  2234
 1748 2728.098862  3471
 1749 289.359989  1193
 1750 86.130479  3616
 1751 2041.276901  4225
 1752 2738.259913  2837
 1753 113.605129  3954
 1754 1984.004824  2782
 1755 476.581530   294
 1756 1619.936571  3798
 1757 1983.513030  4221
 1758 548.595427  2966
 1759 1676.560103  2137
 1760 706.896388  2890
 1761 1336.249806  1645
 1762 1662.413069  3275
 1763 1868.143788  2087
 1764 34.389189   800
 1765 545.588556   742
 1766 1573.947335  3890
 1767 1015.372628  1106
 1768 1266.381464  4219
 1769 916.773343  4863
 1770 1299.869962  3745
 1771 341.389176  1325
 1772 1268.593708  2124
 1773 1543.841673  4184
 1774 172.627175  1890
 1775 700.590364   863
 1776 251.345969   140
 1777 1583.016284  2058
 1778 3639.307470  4871
 1779 902.677658  2829
 1780 1921.924532  3145
 1781 1292.069204  2027
 1782 4621.718586  3325
 1783 1319.175094  4817
 1784 314.393009   917
 1785 822.654281   529
 1786 292.144167  1235
 1787 1502.827949  2135
 1788 1146.940250  1460
 1789 703.021821  1948
 1790 2986.043991  3769
 1791 2337.535634  4524
 1792 1082.335425  3012
 1793 242.552400  4006
 1794 1009.384481  1675
 1795 448.573880  2144
 1796 1872.631438  3244
 1797 1335.617254  1684
 1798 750.481596  2638
 1799 873.575895  4338
 1800 1465.052846  4335
 1801 1508.584928  1659
 1802 1669.623804  2095
 1803 240.793160  1848
 1804 179.557050  3112
 1805 812.297938  1709
 1806 2204.557121  2968
 1807 5049.761978  3118
 1808 672.945035  3013
 1809 120.169664  4580
 1810 4063.493305  4093
 1811 843.836229   195
 1812 684.353182   742
 1813 632.750389  1635
 1814 482.048474   352
 1815 1504.159859  1289
 1816 569.838656  2525
 1817 1004.673915  1570
 1818 1319.820353  3970
 1819 1204.770720  3484
 1820 3180.083041  2518
 1821 1124.270390  1992
 1822 329.142369    91
 1823 692.782180  1479
 1824 281.093815  1149
 1825 1180.054828  4248
 1826 90.745769  2646
 1827 542.030859  4780
 1828 3730.506304  4764
 1829 1947.995896  2486
 1830 1675.680688   784
 1831 229.388702   450
 1832 2717.230335  2340
 1833 307.646817  2617
 1834 1615.781713  4184
 1835 1166.465654  1662
 1836 1069.734631  3136
 1837 174.757116   753
 1838 1188.621579  4278
 1839 17.128816  1749
 1840 3216.544996  2927
 1841 462.328786  4303
 1842 2481.185930  4557
 1843 1041.897725  1317
 1844 277.179767  4521
 1845 718.981936  3425
 1846 2092.502699  2338
 1847 104.619186   897
 1848 2638.174007  2383
 1849 316.047653  1773
 1850 316.865435  3268
 1851 4803.139434  4004
 1852 113.958008  1100
 1853 2039.554821  4938
 1854 1926.385101  4572
 1855 1469.153906  4714
 1856 2090.080568  1968
 1857 587.734568   932
 1858 2286.354589  2532
 1859 149.532134  4988
 1860 489.515092  1041
 1861 660.972489  4231
 1862 851.951206  2602
 1863 193.295998  1858
 1864 57.459891  1593
 1865 880.995621  2769
 1866 233.249890  4587
 1867 861.063139  1280
 1868 3323.565796  3805
 1869 3609.827021  4793
 1870 300.392616  1658
 1871 357.720069   195
 1872 1880.659927  3634
 1873 986.082290  1124
 1874 325.422320  4816
 1875 126.339506  1251
 1876 2217.128218  3544
 1877 3705.189722  4572
 1878 7855.405757  4043
 1879 2903.879461  3009
 1880 1400.281572  3672
 1881 22.273127  2313
 1882 3888.670898  2537
 1883 441.369336  3071
 1884 680.712151   735
 1885 992.857001  1402
 1886 754.393072  3763
 1887 518.875570  2572
 1888 1226.315848  4715
 1889 817.900452   906
 1890 388.038569  1013
 1891 1056.332316  1471
 1892 849.581610  2010
 1893 805.582654  1965
 1894 467.564269  1938
 1895 563.699834   649
 1896 976.367805  3528
 1897 1102.485499   970
 1898 1098.868631  3193
 1899 1195.352945  1782
 1900 826.207492  2903
 1901 1451.926072  4768
 1902 17.072500   557
 1903 1615.985308  4770
 1904 580.298640  3142
 1905 2858.183217  3810
 1906 360.229054  2822
 1907 563.912351  1437
 1908 1569.276199  4012
 1909 147.354173   277
 1910 11.992399  1322
 1911 463.589834  1912
 1912 971.111090   691
 1913 1708.346982  2551
 1914 1.900000  1696
 1915 1712.014114  3951
 1916 1814.026400  3111
 1917 4000.721116  3471
 1918 835.121963   569
 1919 33.248200   854
 1920 921.572142   478
 1921 1016.892637  4033
 1922 4149.751512  5000
 1923 1392.388619  4871
 1924 976.979883  4376
 1925 1511.774113  4753
 1926 517.392763   872
 1927 1679.908790  3936
 1928 5004.629527  4671
 1929 1888.158289  4916
 1930 372.349111   410
 1931 327.235742  1735
 1932 100.648596  1885
 1933 1722.226484  1924
 1934 161.264226   910
 1935 165.025439   775
 1936 902.511125   642
 1937 4299.962519  3043
 1938 94.205330   942
 1939 594.031954  1250
 1940 1163.426736  3500
 1941 180.537246   612
 1942 1538.664634  3520
 1943 344.271187  1990
 1944 273.686362  1102
 1945 784.746840  3702
 1946 461.375225  1354
 1947 527.284218   106
 1948 263.902745    52
 1949 319.797024   234
 1950 1093.837431  1734
 1951 1922.254293  2824
 1952 20.285395  4203
 1953 336.813803   346
 1954 2349.486321  2605
 1955 15.179766  2633
 1956 903.173170  3819
 1957 585.442841  1330
 1958 3551.805200  3814
 1959 1734.137487  3159
 1960 842.050853  2638
 1961 839.151780  2177
 1962 1652.436758  3581
 1963 441.469929   355
 1964 234.320077   488
 1965 841.198772   590
 1966 577.890230  1678
 1967 1310.097449  4325
 1968 760.919699  1110
 1969 1167.745975  1924
 1970 99.140299   833
 1971 197.904320   186
 1972 543.259654  2209
 1973 801.530847  1184
 1974 432.248984   645
 1975 716.354507  3317
 1976 611.233075  3946
 1977 2907.800567  2511
 1978 203.680530  1439
 1979 2130.007065  3384
 1980 997.106799   837
 1981 123.828120   499
 1982 1028.513421  3609
 1983 3418.360338  4729
 1984 1044.002710  1880
 1985 206.220433   845
 1986 852.306365  1622
 1987 83.724337   440
 1988 56.322113   634
 1989 547.625096  1177
 1990 322.383340    65
 1991 974.124630  2141
 1992 71.725873  3974
 1993 72.059912  1615
 1994 3160.716788  3411
 1995 3836.884763  3844
 1996 1654.464631  2519
 1997 1042.035177  2301
 1998 1688.563391  2364
 1999 1106.941924  3898
 2000 2554.146498  4819
 2001 2474.465604  4640
 2002 2035.522806  3087
 2003 3984.724696  3110
 2004 1654.056003  3315
 2005 246.243391  2362
 2006 1241.411714  1296
 2007 3395.266324  4411
 2008 1017.853314   358
 2009 938.006944  4202
 2010 2169.350657  3270
 2011 2689.181367  3754
 2012 430.739268  1955
 2013 1238.967611  1441
 2014 1015.499988  1995
 2015 2877.436254  4674
 2016 883.101282  4277
 2017 157.646520    33
 2018 1752.232638  4489
 2019 538.915154   666
 2020 3302.926322  4566
 2021 1545.341254  3390
 2022 116.830640  4220
 2023 78.967300  4731
 2024 746.735805   375
 2025 1583.489003  3606
 2026 14.185465  4804
 2027 205.823348   104
 2028 1800.335703  2379
 2029 2424.236278  2658
 2030 180.245274  2905
 2031 1704.781915  4271
 2032 1626.803101  2769
 2033 427.733124   301
 2034 80.153630   799
 2035 184.169595   694
 2036 272.812477  3529
 2037 2022.159689  2145
 2038 1531.609498  4354
 2039 1451.961670  2320
 2040 5196.675077  3987
 2041 226.358706  1855
 2042 31.347445   400
 2043 3767.571606  4624
 2044 288.275727   397
 2045 2225.596332  4341
 2046 1437.642384  4619
 2047 2302.957060  3771
 2048 399.768741  3451
 2049 1400.146771  4823
 2050 1325.396591  4638
 2051 3758.300345  4480
 2052 799.607931  4071
 2053 726.582110  1064
 2054 951.498211  3501
 2055 1167.932647   888
 2056 4279.924883  4536
 2057 215.246623  2863
 2058 1072.862564   495
 2059 1349.641510  1615
 2060 3586.578811  3116
 2061 3038.256900  4405
 2062 2928.563789  3349
 2063 516.323203  1499
 2064 1535.470797  1336
 2065 2022.168512  2931
 2066 144.272221  3754
 2067 1573.495878  3218
 2068 1564.144031  3780
 2069 692.708301  1630
 2070 181.889685  2314
 2071 143.461869  3438
 2072 417.578168   153
 2073 1159.870090  1397
 2074 2295.887304  3509
 2075 261.496996    90
 2076 558.464238  1700
 2077 837.287122   782
 2078 106.268876   170
 2079 3656.851391  4419
 2080 4369.459989  4898
 2081 849.526403  1974
 2082 2926.949886  2022
 2083 2411.361622  3569
 2084 528.621057   156
 2085 999.161512  1608
 2086 645.807715  1989
 2087 99.286731   557
 2088 1914.235926  4458
 2089 255.398464  4290
 2090 32.742982  1397
 2091 1108.483822  3827
 2092 686.016494  1521
 2093 1644.202210  4157
 2094 414.009419   640
 2095 5595.071371  4927
 2096 784.416268  2415
 2097 970.061200  4971
 2098 556.477474   327
 2099 48.272253     9
 2100 12.674220   531
 2101 227.320458   425
 2102 530.983910  4721
 2103 156.351583  2426
 2104 446.132396  1159
 2105 404.519446   916
 2106 531.129355  2156
 2107 488.137081   151
 2108 402.072813   888
 2109 900.054616  1533
 2110 1313.050633  1152
 2111 549.094866  1787
 2112 55.520647  1850
 2113 500.652513  3831
 2114 1044.234480  1657
 2115 27.765227   918
 2116 747.826930  1565
 2117 534.664782  2309
 2118 109.506817   883
 2119 4240.586270  3794
 2120 103.303164  3885
 2121 449.837093   303
 2122 1422.558696  4221
 2123 2178.073263  2305
 2124 604.575435  1195
 2125 1938.380958  3491
 2126 592.273066  2665
 2127 295.223300   442
 2128 320.181431  3183
 2129 70.425946  1437
 2130 454.185440  3111
 2131 257.235436  3356
 2132 121.044743  2895
 2133 157.743527   601
 2134 0.578458   239
 2135 850.166860  2879
 2136 486.725961   150
 2137 4985.788380  4261
 2138 123.103308   734
 2139 1947.960025  4919
 2140 511.278307   848
 2141 1527.454763  3210
 2142 97.657342   293
 2143 110.936824   458
 2144 292.146462  2818
 2145 1044.094345  3410
 2146 172.545207  4358
 2147 267.819177  2118
 2148 1841.485352  3988
 2149 907.884983  3072
 2150 24.001188   592
 2151 2442.634868  3078
 2152 4401.958166  4904
 2153 223.474771  1437
 2154 258.968512  2248
 2155 510.100464   236
 2156 349.432046  2322
 2157 1167.424501  1895
 2158 631.269791  1216
 2159 2097.237372  1469
 2160 732.776272  2767
 2161 290.397546  3569
 2162 4732.189545  4378
 2163 0.782710  1218
 2164 620.690412  4432
 2165 314.430849   863
 2166 3884.724504  4467
 2167 5580.460595  4603
 2168 129.419209  1006
 2169 1840.712928  3568
 2170 1346.078443  3194
 2171 319.651143  1324
 2172 223.061153    29
 2173 276.982408  1181
 2174 1012.000055  3775
 2175 3097.607990  3953
 2176 2242.104318  3842
 2177 615.339222  4862
 2178 1285.840190  2734
 2179 342.254205  2587
 2180 2488.265031  2727
 2181 1386.001652  3577
 2182 132.624566   132
 2183 931.623115  3954
 2184 1092.705031  1284
 2185 1013.906665  1036
 2186 414.835159  3430
 2187 374.551923   250
 2188 1358.316224  2917
 2189 650.163284   208
 2190 691.424599  1998
 2191 2788.764288  4640
 2192 998.457870  2192
 2193 526.634374   406
 2194 309.671466  1799
 2195 161.661290    12
 2196 543.869688  4021
 2197 530.083613  2483
 2198 3158.044462  3638
 2199 455.549923  3775
 2200 1824.360302  2822
 2201 1525.320696  2501
 2202 188.326803   617
 2203 3324.966438  3995
 2204 502.029222   766
 2205 351.814889  1404
 2206 440.350019  1465
 2207 554.981846   576
 2208 441.765144  2852
 2209 1138.050744  4620
 2210 65.065913  4073
 2211 508.964144  2554
 2212 57.158374  1639
 2213 409.551969  1704
 2214 558.562050   406
 2215 344.778285  1597
 2216 338.569532   368
 2217 309.803890   430
 2218 395.675215   502
 2219 846.550644  3084
 2220 344.087101  2421
 2221 1750.792859  2655
 2222 2282.079118  4955
 2223 2912.933983  4267
 2224 461.856482  2802
 2225 371.979338  1757
 2226 2699.310892  4287
 2227 314.584490  1610
 2228 145.737594  4287
 2229 1480.768774  3276
 2230 2970.544974  2400
 2231 23.179417   914
 2232 79.812903  3775
 2233 312.136955   411
 2234 61.907511  2299
 2235 868.156584  1623
 2236 2533.699410  3236
 2237 1735.422900  1386
 2238 276.569294  4337
 2239 1599.081564  3310
 2240 2131.120248  3846
 2241 199.881172  4915
 2242 18.832836  2686
 2243 275.426601   142
 2244 315.397690  1499
 2245 2213.332897  1716
 2246 849.291581  1927
 2247 1645.133593  4601
 2248 669.331919  1405
 2249 61.281530   377
 2250 710.683262   881
 2251 525.259465  2513
 2252 5137.396939  4129
 2253 823.482226  1475
 2254 521.004674  4503
 2255 961.005649  1045
 2256 1821.312121  2524
 2257 2021.855717  4749
 2258 742.463339  4106
 2259 310.466108   907
 2260 83.508943  1366
 2261 170.980887  2027
 2262 3131.233612  4968
 2263 94.493491   189
 2264 1998.362478  3984
 2265 1021.894310  3395
 2266 694.137185  2399
 2267 1344.547685  2510
 2268 332.417814  4871
 2269 169.246604  3125
 2270 750.229827   616
 2271 489.913346   988
 2272 199.040724  3248
 2273 1106.806482  2205
 2274 379.950767   534
 2275 303.611683  2133
 2276 61.912243   548
 2277 782.503836  4101
 2278 400.205227  3838
 2279 0.014892  2467
 2280 172.362361   203
 2281 1133.343179  4941
 2282 211.115706  1559
 2283 1668.299773  3266
 2284 30.240120  2906
 2285 3240.095479  4773
 2286 1902.187088  1793
 2287 3434.490158  4286
 2288 851.088837   543
 2289 861.097229   639
 2290 1681.471468  2687
 2291 761.127399  3192
 2292 1556.189180  4721
 2293 2232.596938  1743
 2294 118.488353  1071
 2295 996.978397  1888
 2296 890.694814  1738
 2297 188.462733  1948
 2298 199.696250   342
 2299 364.539746  1001
 2300 3697.408330  4806
 2301 3968.196683  4246
 2302 1583.442054   638
 2303 98.203340   401
 2304 590.094128   675
 2305 821.950256   583
 2306 1724.856334  3673
 2307 1789.546295  2176
 2308 2226.342758  1785
 2309 1141.044260  4812
 2310 2220.737596  3740
 2311 2225.979682  1030
 2312 1163.667288   553
 2313 743.602336  2075
 2314 1595.410520  3119
 2315 227.655492  2311
 2316 348.920372   776
 2317 152.150274   605
 2318 2833.548293  3562
 2319 2741.070734  4080
 2320 2284.017619  2882
 2321 1230.600717  4706
 2322 1261.000819  1319
 2323 143.675573   584
 2324 1404.007678  1233
 2325 1661.641668  3353
 2326 1669.615529  3412
 2327 1194.835425  4202
 2328 824.488992  2285
 2329 2537.434870  3439
 2330 1592.306146  3727
 2331 1263.745819  1111
 2332 1618.051460  2594
 2333 330.587092  2085
 2334 1273.220992  2098
 2335 25.842876   294
 2336 2347.905651  3703
 2337 2654.474142  4132
 2338 4290.634915  3558
 2339 1850.239301  3926
 2340 859.281818  4283
 2341 2756.233764  2729
 2342 1204.369297  3097
 2343 1211.685442  4312
 2344 1479.206070  4592
 2345 769.667320   667
 2346 316.709018   370
 2347 823.913955  4775
 2348 3567.079051  4786
 2349 211.630674  2370
 2350 1072.227134  4009
 2351 839.424921  2785
 2352 1845.327807  4262
 2353 437.654794  1160
 2354 4993.076177  3138
 2355 309.013588   477
 2356 369.292741  2325
 2357 3980.494733  4089
 2358 1475.725617  2552
 2359 435.290316  1668
 2360 859.171494  2696
 2361 845.584234  4676
 2362 1247.500278  3083
 2363 3023.488174  3857
 2364 1695.686585  1691
 2365 60.718948   201
 2366 626.536178  1764
 2367 1696.101893  2251
 2368 2542.181805  3476
 2369 206.770574  1426
 2370 2433.917516  2446
 2371 1257.701140  3544
 2372 11.848714  2730
 2373 377.889101   524
 2374 932.546443   821
 2375 407.063391  3041
 2376 3947.089089  3472
 2377 868.352181  1933
 2378 349.615261   279
 2379 2676.739569  2115
 2380 1165.585573  3233
 2381 109.987471   773
 2382 1871.945379  3879
 2383 1346.315040  4641
 2384 597.008410  3035
 2385 798.318270  1070
 2386 456.767863  3367
 2387 949.726213  1700
 2388 328.865721   382
 2389 386.623497   446
 2390 171.591814  2243
 2391 1299.023659  2061
 2392 1781.923233  2244
 2393 807.415910  1498
 2394 2831.160261  2274
 2395 1727.032092  4511
 2396 1222.862660  1888
 2397 1261.154087  1930
 2398 60.297365  1982
 2399 207.987573    87
 2400 747.855320  1265
 2401 39.964888  1306
 2402 163.147614   776
 2403 883.872866  2966
 2404 613.232022  3445
 2405 1083.823786  2028
 2406 509.815514  4719
 2407 1774.591864  3579
 2408 114.341452   304
 2409 3614.528454  4928
 2410 189.214121  1952
 2411 678.498180  4018
 2412 478.437291  1381
 2413 294.679845  2877
 2414 220.390342  1996
 2415 119.476610   977
 2416 1906.576701  4209
 2417 283.419556  4367
 2418 323.588836   918
 2419 527.472236  1760
 2420 1545.229979  3476
 2421 590.862450   401
 2422 221.966051   404
 2423 872.118215  4606
 2424 1242.193771  2248
 2425 751.030685  1026
 2426 3062.210019  2572
 2427 25.343809   456
 2428 1343.308834  3578
 2429 4371.286259  3762
 2430 166.652047  1590
 2431 2484.222837  4323
 2432 1120.815452  3270
 2433 428.064082  3419
 2434 1558.178864  3733
 2435 82.823603   527
 2436 1874.384488  2662
 2437 669.338032  2810
 2438 522.899374   743
 2439 222.923973   140
 2440 747.297575  1449
 2441 58.642036   588
 2442 309.726521  1818
 2443 31.108514  1941
 2444 46.951166  4389
 2445 64.487724  1459
 2446 491.458284  3031
 2447 2150.738305  4497
 2448 1884.256721  2847
 2449 4242.181507  4465
 2450 18.143979   953
 2451 639.139935  1511
 2452 1035.280853  3662
 2453 14.537455    82
 2454 130.020081   420
 2455 107.889263   199
 2456 212.572206  1206
 2457 2841.685060  3515
 2458 304.217030  2392
 2459 274.831454   813
 2460 2228.082693  2497
 2461 43.994089  2495
 2462 670.022854   852
 2463 1381.878685  2391
 2464 1675.080418  4101
 2465 4614.797193  4462
 2466 430.369726  1589
 2467 421.517827   724
 2468 316.673719  1258
 2469 1211.239545  1717
 2470 1128.036761  3998
 2471 3236.065766  3204
 2472 1047.559445   994
 2473 694.160549  1307
 2474 2099.920826  3264
 2475 1004.690027  1524
 2476 1691.305787  2674
 2477 1281.541972  2143
 2478 3507.058696  4009
 2479 58.059281  1497
 2480 811.629469  2437
 2481 1696.686079  4261
 2482 612.559077  2734
 2483 449.303439  4465
 2484 237.683708   685
 2485 693.741424   680
 2486 2463.248584  4995
 2487 4249.188016  4175
 2488 310.539302   123
 2489 1882.791162  4398
 2490 2007.301780  2470
 2491 2429.489277  4198
 2492 2286.064538  2780
 2493 167.386950  3281
 2494 267.076461   433
 2495 3801.890160  2186
 2496 5138.846984  3924
 2497 1867.279533  2466
 2498 2344.927369  3911
 2499 370.821049   372
 2500 3346.498058  4875
