50
    1 1.023271     1
    2 16.973037    52
    3 16.465892    63
    4 9.847559    86
    5 4.029961    57
    6 2.399223     2
    7 71.459561    82
    8 19.039602    38
    9 18.156224    31
   10 34.025315    63
   11 2.573027     5
   12 28.440422    25
   13 11.394883    28
   14 1.218571    96
   15 32.892046    39
   16 51.303820    56
   17 15.833759    41
   18 12.694272    15
   19 55.951551    73
   20 87.516645    99
   21 25.941316    23
   22 35.248174    75
   23 19.394243    68
   24 11.723343    59
   25 1.882718     8
   26 2.083816     4
   27 49.215722    95
   28 13.304009    25
   29 3.309512    13
   30 17.004410    85
   31 6.064306    43
   32 16.127951    90
   33 5.147948     4
   34 8.937711    16
   35 31.773919    64
   36 11.386250    47
   37 12.150953    45
   38 18.366920    57
   39 4.278207    87
   40 71.515980    68
   41 65.908868    82
   42 0.701543    49
   43 2.043780    44
   44 3.630097    14
   45 43.040385    40
   46 23.214323    42
   47 17.305551    63
   48 8.863903    51
   49 49.867357    97
   50 94.111619    73
