200
    1 103.556249     1
    2 4961.547537 12552
    3 4823.612735  7863
    4 2100.153357  6186
    5 5103.760481 10557
    6 1775.311708  1402
    7 7391.659991  7882
    8 2502.120056  5438
    9 267.732699  1631
   10 3644.483158 16863
   11 1299.867985   605
   12 1040.431688   525
   13 1600.270227 19328
   14 4798.275578 10096
   15 1421.007621  2939
   16 5107.270745 14956
   17 2773.959705 17041
   18 4170.747602  3215
   19 2230.911771 14573
   20 186.959517  4699
   21 1642.131647  1823
   22 916.914018 15275
   23 4963.198259 14868
   24 1753.028923  1059
   25 3130.213765 12208
   26 1755.701239  2904
   27 561.397773   395
   28 1105.511162 14425
   29 2723.661728  4613
   30 3420.776689  4985
   31 9574.195400 10343
   32 2675.972739  5690
   33 2413.197013  2104
   34 1597.701571 17016
   35 3236.203432  7064
   36 3032.802752  1647
   37 3223.889273 12445
   38 1379.464056  1257
   39 125.296023 14887
   40 345.299633  2568
   41 748.195661  2082
   42 10122.084168 15949
   43 3086.051638  3544
   44 3299.603954  3714
   45 1824.067894   240
   46 344.845425   842
   47 4686.300539  5863
   48 2131.713241  7651
   49 5067.719409 15497
   50 2403.599157 11573
   51 3839.762913 10828
   52 381.497668  2746
   53 2427.398296 10314
   54 8418.225783 13962
   55 1344.645869  3513
   56 492.249989  2017
   57 54.973974  7528
   58 20200.712838 10127
   59 970.107130  8792
   60 1549.378014  1213
   61 6828.267171 19028
   62 2848.845780 11927
   63 9346.393537 11951
   64 3236.375267 16634
   65 15855.137391 18009
   66 2691.485653  8283
   67 3040.252952  4765
   68 6159.525974  7953
   69 7588.822255 14234
   70 3009.877316 16832
   71 2171.179952  6524
   72 174.664529  8419
   73 4554.437204 13238
   74 6957.030960 13525
   75 213.627403 13759
   76 11.778949 10172
   77 1646.087517  1958
   78 937.226087 11635
   79 1065.324765  1299
   80 5010.240378  4435
   81 872.754619  3195
   82 2068.588538  3101
   83 3418.491735 14367
   84 659.191826  7462
   85 1883.566611  1250
   86 8015.765312 13695
   87 4204.729837  7429
   88 4220.437644 18848
   89 22163.070912 14337
   90 910.873788  1841
   91 774.291267  3905
   92 7868.043349 16181
   93 1141.110930  6201
   94 715.358200  9235
   95 4987.779922  7526
   96 173.325446   258
   97 10794.847577 11140
   98 8099.192028 18352
   99 8022.834665 17350
  100 6659.969505 13231
  101 5173.679263  6709
  102 377.174985    93
  103 6122.402072 10824
  104 782.727765   814
  105 2186.221906  9021
  106 1504.858637  1080
  107 315.393681  3377
  108 94.087779  3611
  109 67.103711  1281
  110 2402.090867 19243
  111 2045.589609 12350
  112 1182.315382  6331
  113 7604.249722 11527
  114 8617.713672  8488
  115 8474.048620 12613
  116 678.197825  5599
  117 6747.916281 12552
  118 5687.693500 14764
  119 803.196347  1817
  120 7117.784697 18720
  121 6189.620311 10876
  122 1690.167145  1854
  123 2798.075810  6725
  124 329.310191   546
  125 4296.031797 16403
  126 7196.307311 12558
  127 25611.668181 19437
  128 11698.899560 12051
  129 6394.998738 12728
  130 1955.873526 12216
  131 7584.754484 19666
  132 1123.028047    74
  133 186.843327  5870
  134 327.344954  6240
  135 4776.147328  3404
  136 5511.472936 13066
  137 4478.475173 13236
  138 6121.714303 13974
  139 1494.609824  6575
  140 555.483224   702
  141 2546.614968 13859
  142 2458.385436  3409
  143 1732.969776  5705
  144 13779.475324 14460
  145 131.847161 16428
  146 3440.655763  6421
  147 2305.818063   799
  148 3798.275543  5828
  149 768.768994   348
  150 3495.039419 14927
  151 5865.865348  5717
  152 6962.408181 14176
  153 13458.730072 13369
  154 853.704411  4629
  155 4177.788983 18117
  156 1702.890380  6851
  157 1822.941241  9251
  158 9948.879604 15560
  159 11999.209498  5572
  160 8642.519351 13900
  161 3239.401054 19542
  162 254.483867  3379
  163 6143.333110 18562
  164 846.886793  3554
  165 3755.882908  4068
  166 546.836482  4587
  167 884.118372  4200
  168 3423.163869 12150
  169 2210.721758  3870
  170 5972.073073 17518
  171 2318.094785 12985
  172 9104.487312 14598
  173 4447.708921 14057
  174 5122.440131  6694
  175 20012.380591 15891
  176 3238.392308  2742
  177 1391.298597 11434
  178 15736.959184 10565
  179 1797.785529 11021
  180 6646.208126  9654
  181 5299.329433 11837
  182 414.798093 13672
  183 1490.213612  4952
  184 622.382498  6785
  185 3707.772632  6455
  186 15942.582563 19030
  187 1219.313182 19648
  188 1303.019806  7257
  189 6324.033993  6729
  190 4448.028313 13760
  191 2788.885378  4618
  192 3831.697163  4846
  193 9986.796353  9565
  194 14095.920512 18720
  195 12630.766656 18229
  196 493.170450  8694
  197 367.305832  5816
  198 14483.429350 17659
  199 9367.996530 14651
  200 2580.822091 16147
