200
    1 124.861694     1
    2 7100.865835 12552
    3 10099.443559  7863
    4 5731.158788  6186
    5 9430.313937 10557
    6 3435.269256  1402
    7 719.982012  7882
    8 261.509266  5438
    9 6.624316  1631
   10 5473.523987 16863
   11 206.329634   605
   12 2785.577470   525
   13 9939.445117 19328
   14 2857.944686 10096
   15 2024.516257  2939
   16 7068.859298 14956
   17 12688.565958 17041
   18 1980.211788  3215
   19 1676.966072 14573
   20 304.573431  4699
   21 2246.187777  1823
   22 9216.406083 15275
   23 14363.660268 14868
   24 3161.914467  1059
   25 7306.594510 12208
   26 1694.314879  2904
   27 399.157460   395
   28 1340.685966 14425
   29 4403.704699  4613
   30 3047.180757  4985
   31 5598.411839 10343
   32 2416.608686  5690
   33 4009.666615  2104
   34 1273.891324 17016
   35 4226.565985  7064
   36 221.798304  1647
   37 4090.941020 12445
   38 774.991615  1257
   39 4630.543213 14887
   40 2189.025049  2568
   41 2680.982866  2082
   42 2780.953237 15949
   43 132.320456  3544
   44 3232.146845  3714
   45 1121.526920   240
   46 1035.783971   842
   47 400.837925  5863
   48 8478.089953  7651
   49 7618.187855 15497
   50 2681.299301 11573
   51 6832.805079 10828
   52 753.191763  2746
   53 5141.127615 10314
   54 814.952135 13962
   55 2544.480681  3513
   56 579.584502  2017
   57 4420.183163  7528
   58 3013.890795 10127
   59 7980.840004  8792
   60 109.373345  1213
   61 11376.872966 19028
   62 5740.305844 11927
   63 4936.812749 11951
   64 20488.229348 16634
   65 14418.575155 18009
   66 14539.148411  8283
   67 4773.091257  4765
   68 2484.199731  7953
   69 6817.763177 14234
   70 9618.452875 16832
   71 1129.289124  6524
   72 4054.100492  8419
   73 5706.735427 13238
   74 701.709432 13525
   75 2907.237926 13759
   76 1659.587017 10172
   77 2154.583098  1958
   78 3221.929972 11635
   79 1566.781165  1299
   80 3434.451830  4435
   81 1307.252985  3195
   82 2226.648844  3101
   83 8915.331434 14367
   84 3647.763466  7462
   85 2064.269126  1250
   86 1080.497197 13695
   87 6627.368501  7429
   88 16737.509183 18848
   89 17600.643377 14337
   90 23.647604  1841
   91 2929.128396  3905
   92 4458.990496 16181
   93 3887.674358  6201
   94 2135.809168  9235
   95 9254.745369  7526
   96 2124.389534   258
   97 3707.136913 11140
   98 14027.895400 18352
   99 4546.418631 17350
  100 8478.546320 13231
  101 1930.222118  6709
  102 1641.667215    93
  103 3472.781737 10824
  104 878.380258   814
  105 366.040248  9021
  106 306.426948  1080
  107 1300.279971  3377
  108 201.838830  3611
  109 1566.505485  1281
  110 16318.542209 19243
  111 1169.266044 12350
  112 232.101035  6331
  113 2409.329207 11527
  114 10241.739684  8488
  115 2151.111084 12613
  116 867.269027  5599
  117 8286.095647 12552
  118 14575.508611 14764
  119 1181.527057  1817
  120 690.022422 18720
  121 1683.045936 10876
  122 9.786752  1854
  123 7599.420341  6725
  124 579.555215   546
  125 8802.016203 16403
  126 5157.789675 12558
  127 14837.143466 19437
  128 8994.414123 12051
  129 691.531392 12728
  130 5338.913163 12216
  131 10322.130092 19666
  132 1572.480745    74
  133 2658.365650  5870
  134 2349.756355  6240
  135 840.552179  3404
  136 3571.076038 13066
  137 9948.736218 13236
  138 1056.976266 13974
  139 4003.674048  6575
  140 2145.837569   702
  141 3008.940670 13859
  142 356.216420  3409
  143 12980.273572  5705
  144 9087.698306 14460
  145 9901.636396 16428
  146 7499.515195  6421
  147 1139.725454   799
  148 1846.240078  5828
  149 1118.545150   348
  150 3039.193882 14927
  151 10161.360827  5717
  152 5674.837353 14176
  153 11087.956342 13369
  154 1833.196608  4629
  155 4289.709650 18117
  156 783.878594  6851
  157 8237.048141  9251
  158 6252.201610 15560
  159 7580.070979  5572
  160 3891.848307 13900
  161 4333.590340 19542
  162 3355.817838  3379
  163 2240.203819 18562
  164 202.114219  3554
  165 659.826730  4068
  166 6312.082062  4587
  167 1868.430410  4200
  168 7139.929056 12150
  169 1792.119551  3870
  170 5504.752806 17518
  171 2464.743481 12985
  172 8116.769194 14598
  173 12003.271444 14057
  174 428.343606  6694
  175 1226.308876 15891
  176 2559.675192  2742
  177 678.856308 11434
  178 1241.963229 10565
  179 5122.425014 11021
  180 2901.175724  9654
  181 2661.360423 11837
  182 13679.887471 13672
  183 6851.255726  4952
  184 5162.653635  6785
  185 5372.928429  6455
  186 3404.042450 19030
  187 9533.084464 19648
  188 3971.110369  7257
  189 236.591250  6729
  190 524.799802 13760
  191 92.266482  4618
  192 2068.554739  4846
  193 4549.780115  9565
  194 2109.813965 18720
  195 12345.650756 18229
  196 5512.402569  8694
  197 913.188320  5816
  198 2077.527987 17659
  199 6416.448688 14651
  200 411.495688 16147
