100
    1 293.904307     1
    2 1579.590213  2552
    3 305.625031  2863
    4 151.967185  1186
    5 229.180125   557
    6 326.454957  1402
    7 539.936013  2882
    8 666.511469   438
    9 627.166347  1631
   10 1851.706948  1863
   11 226.375805   605
   12 569.548751   525
   13 716.227096  4328
   14 204.073675    96
   15 961.361720  2939
   16 131.491392  4956
   17 2105.693320  2041
   18 286.076014  3215
   19 223.814663  4573
   20 2258.948902  4699
   21 1501.802924  1823
   22 474.043895   275
   23 1240.593223  4868
   24 269.230300  1059
   25 532.255246  2208
   26 2359.863530  2904
   27 601.421504   395
   28 2259.117062  4425
   29 5150.464933  4613
   30 271.877303  4985
   31 381.258724   343
   32 811.410241   690
   33 2854.619664  2104
   34 1546.063009  2016
   35 236.295159  2064
   36 1486.913468  1647
   37 950.892227  2445
   38 486.005081  1257
   39 386.916664  4887
   40 374.454023  2568
   41 1631.738362  2082
   42 191.469155   949
   43 1224.629836  3544
   44 1601.537045  3714
   45 702.591078   240
   46 217.673959   842
   47 1020.544776   863
   48 2218.102672  2651
   49 254.271515   497
   50 847.392888  1573
   51 16.290170   828
   52 1381.519994  2746
   53 96.639425   314
   54 1341.963140  3962
   55 51.001740  3513
   56 2479.671627  2017
   57 625.560460  2528
   58 184.078176   127
   59 636.560376  3792
   60 718.256084  1213
   61 1545.169030  4028
   62 743.428667  1927
   63 1955.628420  1951
   64 566.843870  1634
   65 2234.351798  3009
   66 2036.916349  3283
   67 2780.019378  4765
   68 1329.625476  2953
   69 3030.142954  4234
   70 172.898800  1832
   71 393.768784  1524
   72 391.032553  3419
   73 552.181140  3238
   74 662.196158  3525
   75 1312.209106  3759
   76 13.391537   172
   77 225.797984  1958
   78 1297.010280  1635
   79 145.491686  1299
   80 4884.505743  4435
   81 229.887547  3195
   82 785.572565  3101
   83 177.666217  4367
   84 2806.462670  2462
   85 1135.057640  1250
   86 975.659678  3695
   87 42.926911  2429
   88 5254.350329  3848
   89 1643.632907  4337
   90 299.447756  1841
   91 3649.608555  3905
   92 1053.375485  1181
   93 108.845596  1201
   94 680.279594  4235
   95 960.723036  2526
   96 267.025880   258
   97 180.501296  1140
   98 461.126834  3352
   99 324.331586  2350
  100 674.209796  3231
