200
    1 0.365842  2001
    2 16096.380616 18119
    3 3856.465408 14552
    4 471.955383  2739
    5 3006.246078  9863
    6 914.980426  9605
    7 4557.373833  8186
    8 1466.081268  4670
    9 10321.557410 12557
   10 3427.445710  7019
   11 543.039721  3402
   12 519.563542  2914
   13 1561.037737  9882
   14 119.609156  2490
   15 1793.467000  7438
   16 4738.425795 20433
   17 2002.047610  3631
   18 640.422424  4080
   19 3648.763221 18863
   20 751.211697  5698
   21 183.205097  2605
   22 54.499761  3611
   23 58.932534  2525
   24 92.043258  5810
   25 5482.263035 21328
   26 1886.089402 21455
   27 5315.345943 12096
   28 1615.167663 14788
   29 1745.004451  4939
   30 4235.827627 10515
   31 7285.269553 16956
   32 5415.860437 20649
   33 4665.739870 19041
   34 8185.479411 16086
   35 109.823295  5215
   36 3279.127189 12763
   37 826.321198 16573
   38 1878.377452  4063
   39 3030.832867  6699
   40 10523.299607 20419
   41 760.841263  3823
   42 2794.890032  6594
   43 1005.234321 17275
   44 7286.457942 17882
   45 9698.821011 16868
   46 7104.211368 14158
   47 159.477885  3059
   48 874.085794  5645
   49 1166.665367 14208
   50 751.981663  8995
   51 430.947245  4904
   52 5007.664495 11961
   53 12.745542  2395
   54 8301.816210 18497
   55 1147.401748 16425
   56 4475.886398  9654
   57 822.068183  6613
   58 3429.179459 12443
   59 1148.748725  6985
   60 644.026692  4593
   61 8604.438714 12343
   62 2679.565609 13451
   63 2958.594417  7690
   64 12299.331367 20401
   65 101.129511  4104
   66 4096.076349 16223
   67 119.266850 19016
   68 9744.688144 12634
   69 9206.138634  9064
   70 2524.824448  7953
   71 583.286625  3647
   72 3477.981794  7568
   73 11155.325160 14445
   74 4.319760 20628
   75 809.500636  3257
   76 9383.457645 16979
   77 1905.879295 16887
   78 601.504384  5258
   79 509.604882  4568
   80 960.922421  4553
   81 1432.804024  4082
   82 5280.338637  9074
   83 14867.149984 17949
   84 8656.096393 14106
   85 476.772314  5544
   86 269.956618  8255
   87 374.673052  5714
   88 7115.476003 20149
   89 50.582039  2240
   90 1953.905390 11012
   91 383.315948  2842
   92 1497.633316  8271
   93 2590.073683  7863
   94 1001.184174  5772
   95 4197.612942  9651
   96 12209.129879 20587
   97 6648.509178 17497
   98 2756.872468 13222
   99 4743.849292 13573
  100 755.153768 14037
  101 220.805145 12828
  102 1199.496211  3837
  103 179.666985  4746
  104 1311.369447  5225
  105 4726.089791 12314
  106 3726.015949 21317
  107 1498.885481 15962
  108 1247.451057 10545
  109 2494.009202  5513
  110 933.088630  4081
  111 347.393189  4017
  112 6227.422868 15467
  113 2202.605036  9528
  114 875.292310 13922
  115 271.320756 12127
  116 589.251487  2984
  117 7363.757619 10792
  118 2178.747533  4698
  119 89.051134  3213
  120 9411.837065 12945
  121 23433.506049 21028
  122 2183.864098 10735
  123 4880.282401 13927
  124 717.766246  4549
  125 7055.949483 13951
  126 499.026507 12058
  127 8868.473987 18634
  128 5989.671540 12061
  129 18103.739070 20009
  130 12807.117050 21487
  131 440.626812 10283
  132 2839.302226  6384
  133 769.268831  6765
  134 8608.596432 16456
  135 663.566825  9953
  136 284.823554  3602
  137 4137.834081 16234
  138 3059.705416  5370
  139 9294.389425 18832
  140 284.946946  5847
  141 2985.238448  8524
  142 5271.148401 17512
  143 6285.538210 10419
  144 68.774008  3094
  145 3358.516654 15238
  146 1241.308515  8662
  147 10758.406319 15525
  148 9876.490595 17672
  149 364.138579 15759
  150 237.661533  2294
  151 4355.656991 12172
  152 329.644213 17808
  153 751.817112  3958
  154 2493.316336 11774
  155 5490.182310 13635
  156 2774.376650 11828
  157 689.531173  3299
  158 5999.050816 12731
  159 4576.888367  6435
  160 3174.533654  7722
  161 2730.190219  5195
  162 4876.718952 13887
  163 755.280162  5101
  164 111.453730  4558
  165 8095.310205 16367
  166 4030.391102  5205
  167 728.437563  9462
  168 3143.530817  6607
  169 75.662190  3250
  170 4246.492452 19861
  171 4666.762278 15695
  172 7226.004941 16490
  173 6502.687069  9429
  174 1609.044520 16435
  175 15451.479794 20848
  176 2565.627419  7213
  177 15440.565242 16337
  178 1505.236424  4882
  179 1396.052186  3841
  180 27.191564 18142
  181 4056.866884  5905
  182 4407.284770 10518
  183 2859.334492 18181
  184 473.974277  6356
  185 1273.035607  8201
  186 5428.782872 11703
  187 5713.970131 11235
  188 1742.175852  5731
  189 2166.312244  9526
  190 3477.204858 12594
  191 262.251957  2258
  192 2923.001106 10869
  193 3423.786528 13140
  194 11855.442688 16025
  195 2127.471431 20352
  196 31859.427133 20660
  197 4160.184926 19350
  198 3676.631682  6250
  199 2296.959493 15231
  200 21691.942291 18020
