50
    1 0.167936    11
    2 7.643357    29
    3 22.961467    62
    4 1.392334    49
    5 23.350966    73
    6 1.264799    15
    7 70.058145    96
    8 3.160147    80
    9 35.476959    67
   10 11.130074    29
   11 1.471455    12
   12 4.101681    24
   13 5.928554    92
   14 15.844830   100
   15 12.179673    48
   16 12.029007    43
   17 28.624373    41
   18 21.649738    90
   19 34.910097    73
   20 45.071171   108
   21 1.245947    15
   22 4.617490    21
   23 20.429755    35
   24 2.709888    20
   25 15.113230    38
   26 36.314092    65
   27 86.421832   106
   28 11.316444    98
   29 24.904523    49
   30 4.157637    25
   31 38.815014    66
   32 22.751801    59
   33 34.127433    51
   34 55.253394    96
   35 6.270119    25
   36 33.199430    73
   37 86.300299    83
   38 4.745695    73
   39 55.113471   109
   40 4.912877    29
   41 3.332651    33
   42 43.011691   104
   43 49.619657    85
   44 5.995011    92
   45 24.033614    78
   46 44.312252    68
   47 2.546919    69
   48 8.295318    55
   49 2.644936    18
   50 13.107886   105
