200
    1 0.621132  2001
    2 18270.209656 18119
    3 2661.010595 14552
    4 338.118575  2739
    5 3975.943083  9863
    6 2849.311035  9605
    7 81.178162  8186
    8 77.135812  4670
    9 8518.762252 12557
   10 3103.494278  7019
   11 290.773491  3402
   12 694.139167  2914
   13 8.535051  9882
   14 225.930304  2490
   15 266.302800  7438
   16 6123.681898 20433
   17 554.166798  3631
   18 408.730944  4080
   19 3479.484174 18863
   20 1415.344373  5698
   21 76.771230  2605
   22 680.049621  3611
   23 213.508001  2525
   24 2068.087854  5810
   25 14543.007120 21328
   26 5331.890137 21455
   27 9151.423553 12096
   28 4230.869577 14788
   29 753.638949  4939
   30 5495.509141 10515
   31 1041.522843 16956
   32 10215.115841 20649
   33 118.337100 19041
   34 2985.569720 16086
   35 1130.957051  5215
   36 6633.353509 12763
   37 3673.678372 16573
   38 1086.446297  4063
   39 4242.147321  6699
   40 1799.166749 20419
   41 281.249046  3823
   42 922.120278  6594
   43 4823.025513 17275
   44 9377.521119 17882
   45 996.393427 16868
   46 4216.123590 14158
   47 22.836807  3059
   48 1614.260458  5645
   49 2170.135807 14208
   50 5812.113374  8995
   51 367.761307  4904
   52 4297.962724 11961
   53 196.790594  2395
   54 6832.923183 18497
   55 7734.006619 16425
   56 3097.801833  9654
   57 786.673327  6613
   58 1923.980962 12443
   59 3630.550070  6985
   60 648.241779  4593
   61 4089.532178 12343
   62 6035.032497 13451
   63 2771.051645  7690
   64 2578.457593 20401
   65 381.590118  4104
   66 3080.127829 16223
   67 363.139039 19016
   68 7415.704534 12634
   69 2433.951193  9064
   70 1123.778370  7953
   71 1864.143785  3647
   72 169.274412  7568
   73 2950.495338 14445
   74 7458.371229 20628
   75 396.443138  3257
   76 6310.954332 16979
   77 15049.756220 16887
   78 884.080354  5258
   79 1857.721370  4568
   80 2140.077068  4553
   81 234.483314  4082
   82 3014.307718  9074
   83 8147.388387 17949
   84 14343.379241 14106
   85 1614.175319  5544
   86 507.107364  8255
   87 232.941238  5714
   88 12515.020588 20149
   89 268.983854  2240
   90 4616.751189 11012
   91 483.764053  2842
   92 244.979687  8271
   93 2313.443291  7863
   94 1711.811071  5772
   95 6395.676645  9651
   96 6243.777617 20587
   97 4442.455481 17497
   98 3746.653107 13222
   99 1272.056834 13573
  100 264.170695 14037
  101 1977.922338 12828
  102 639.315341  3837
  103 432.672951  4746
  104 1802.124823  5225
  105 956.093956 12314
  106 1563.868219 21317
  107 7279.961543 15962
  108 2521.294592 10545
  109 2705.261020  5513
  110 396.473871  4081
  111 1454.507746  4017
  112 7482.156870 15467
  113 998.169046  9528
  114 1168.021871 13922
  115 322.024079 12127
  116 349.033646  2984
  117 3506.584480 10792
  118 3323.604810  4698
  119 261.346876  3213
  120 1393.439516 12945
  121 15440.570874 21028
  122 4700.003819 10735
  123 3867.781780 13927
  124 3900.682397  4549
  125 6356.841099 13951
  126 5162.440701 12058
  127 21837.464101 18634
  128 4806.204922 12061
  129 7177.379305 20009
  130 68.656678 21487
  131 3065.814023 10283
  132 2721.363235  6384
  133 1377.570043  6765
  134 13047.247429 16456
  135 8782.170393  9953
  136 549.268852  3602
  137 1125.584239 16234
  138 118.933538  5370
  139 2911.796775 18832
  140 2000.267256  5847
  141 4409.225813  8524
  142 151.652793 17512
  143 5274.034468 10419
  144 424.673088  3094
  145 3287.487681 15238
  146 1631.301585  8662
  147 11715.516057 15525
  148 351.934719 17672
  149 6612.019211 15759
  150 317.914828  2294
  151 490.530222 12172
  152 12544.134790 17808
  153 9.804704  3958
  154 10869.297944 11774
  155 1188.914570 13635
  156 2912.363342 11828
  157 568.994120  3299
  158 3681.231040 12731
  159 812.819945  6435
  160 1795.858873  7722
  161 2916.964373  5195
  162 1598.259620 13887
  163 391.803262  5101
  164 194.029998  4558
  165 1592.957840 16367
  166 3309.994277  5205
  167 2227.662756  9462
  168 31.167164  6607
  169 194.731854  3250
  170 8696.314904 19861
  171 832.271137 15695
  172 7711.155272 16490
  173 1860.293369  9429
  174 7078.835015 16435
  175 12382.272768 20848
  176 1425.927521  7213
  177 5050.603337 16337
  178 2628.465668  4882
  179 652.195229  3841
  180 10719.668862 18142
  181 3115.935175  5905
  182 3340.446057 10518
  183 3174.693842 18181
  184 1376.726003  6356
  185 2603.363882  8201
  186 2528.260154 11703
  187 5424.979636 11235
  188 3141.192452  5731
  189 1915.762311  9526
  190 45.170727 12594
  191 6.478260  2258
  192 79.567545 10869
  193 2218.957641 13140
  194 8609.920670 16025
  195 1637.351829 20352
  196 12129.924206 20660
  197 2628.832441 19350
  198 941.828341  6250
  199 6737.945020 15231
  200 3512.219902 18020
