50
    1 0.947005    11
    2 1.675835    29
    3 30.400023    62
    4 19.271472    49
    5 1.807298    73
    6 0.474393    15
    7 65.236103    96
    8 67.643069    80
    9 33.680891    67
   10 6.526230    29
   11 0.160075    12
   12 12.617159    24
   13 35.724430    92
   14 27.546751   100
   15 4.758455    48
   16 2.657491    43
   17 14.233021    41
   18 8.084544    90
   19 62.104730    73
   20 9.713872   108
   21 3.327822    15
   22 8.193165    21
   23 17.101575    35
   24 2.820231    20
   25 25.215740    38
   26 0.413542    65
   27 51.733213   106
   28 58.647586    98
   29 3.631497    49
   30 7.875435    25
   31 42.957884    66
   32 7.747299    59
   33 70.092200    51
   34 36.627842    96
   35 3.707782    25
   36 22.899996    73
   37 33.540771    83
   38 49.541956    73
   39 4.048560   109
   40 1.988784    29
   41 1.714343    33
   42 5.391970   104
   43 48.840511    85
   44 1.459341    92
   45 6.451431    78
   46 23.979551    68
   47 38.576494    69
   48 23.427597    55
   49 5.511834    18
   50 25.470775   105
