50
    1 0.225597    11
    2 5.620603    29
    3 34.834943    62
    4 1.005844    49
    5 27.662582    73
    6 4.060333    15
    7 59.328804    96
    8 21.085521    80
    9 26.170074    67
   10 10.264562    29
   11 1.019889    12
   12 1.532867    24
   13 67.924651    92
   14 87.340023   100
   15 0.479368    48
   16 25.476023    43
   17 12.497625    41
   18 2.225887    90
   19 25.423047    73
   20 90.546271   108
   21 0.404292    15
   22 0.454977    21
   23 37.085797    35
   24 10.341128    20
   25 10.499339    38
   26 7.472050    65
   27 35.218952   106
   28 37.570697    98
   29 15.491604    49
   30 0.724489    25
   31 10.990139    66
   32 20.511999    59
   33 4.302378    51
   34 35.848859    96
   35 5.938253    25
   36 37.435720    73
   37 42.994231    83
   38 21.739091    73
   39 23.990571   109
   40 0.770858    29
   41 0.549988    33
   42 71.686725   104
   43 24.400568    85
   44 33.542010    92
   45 6.080144    78
   46 3.466568    68
   47 29.218420    69
   48 10.172345    55
   49 1.803836    18
   50 5.533949   105
