100
    1 0.294047   501
    2 421.551658  1619
    3 79.242494  3052
    4 40.790915  1239
    5 569.447969  3363
    6 114.951787  3105
    7 1215.544352  1686
    8 1948.307291  3170
    9 221.952526  1057
   10 4.573276   519
   11 250.251717  1902
   12 210.745654  1414
   13 715.197680  3382
   14 214.495392   990
   15 258.840154   938
   16 2269.550666  3933
   17 276.368234  2131
   18 1566.139089  2580
   19 1443.450569  2363
   20 2591.814718  4198
   21 411.001852  1105
   22 146.665512  2111
   23 156.236010  1025
   24 1483.826296  4310
   25 2758.448733  4828
   26 2614.716794  4955
   27 20.171211   596
   28 111.758598  3288
   29 3025.296474  3439
   30 2235.433741  4015
   31 1555.546447  5456
   32 1967.504299  4149
   33 420.281621  2541
   34 1303.347939  4586
   35 2704.381132  3715
   36 165.086658  1263
   37 332.555412  5073
   38 24.732265  2563
   39 972.474745  5199
   40 2565.993508  3919
   41 924.048855  2323
   42 745.345570  5094
   43 145.031447   775
   44 8.660216  1382
   45 2707.604587  5368
   46 1008.857919  2658
   47 60.582147  1559
   48 560.163584  4145
   49 1276.074579  2708
   50 2251.857458  2495
   51 1427.029016  3404
   52 380.576700  5461
   53 113.945218   895
   54 390.516089  1997
   55 1744.143513  4925
   56 1976.433497  3154
   57 3406.352241  5113
   58 495.732105   943
   59 937.941021  5485
   60 80.921689  3093
   61 103.215679   843
   62 1126.938195  1951
   63 516.261441  1190
   64 1985.276336  3901
   65 173.905788  2604
   66 149.567086  4723
   67 1158.436850  2516
   68 505.593186  1134
   69 1378.666055  2564
   70 9.436764  1453
   71 365.061645  2147
   72 179.032799  1068
   73 1149.542583  2945
   74 2837.586374  4128
   75 33.741636  1757
   76 2731.506290  5479
   77 1317.921047  5387
   78 3654.207616  3758
   79 1524.924928  3068
   80 1660.406253  3053
   81 573.993176  2582
   82 849.722016  2574
   83 306.505322  1449
   84 182.589581  2606
   85 999.414849  4044
   86 1924.087020  1755
   87 729.636069  4214
   88 270.623797  3649
   89 56.040929   740
   90 756.434859  4512
   91 452.570679  1342
   92 344.863650  1771
   93 882.696603  1363
   94 2458.144122  4272
   95 257.817121  3151
   96 2685.423010  4087
   97 235.542879   997
   98 720.768397  1722
   99 1171.846605  2073
  100 460.672166  2537
