100
    1 0.029328   501
    2 100.347356  1619
    3 2361.236425  3052
    4 170.915835  1239
    5 1408.622493  3363
    6 1904.841861  3105
    7 992.656456  1686
    8 53.970012  3170
    9 143.403550  1057
   10 0.620985   519
   11 953.158099  1902
   12 78.588197  1414
   13 376.500378  3382
   14 13.685195   990
   15 266.154336   938
   16 1525.526121  3933
   17 508.854659  2131
   18 226.990260  2580
   19 871.165207  2363
   20 1287.866920  4198
   21 14.697584  1105
   22 1451.787251  2111
   23 107.587441  1025
   24 901.129533  4310
   25 3554.927302  4828
   26 3700.393530  4955
   27 32.209150   596
   28 817.336035  3288
   29 1897.792829  3439
   30 282.618111  4015
   31 2014.265090  5456
   32 4247.948975  4149
   33 530.813842  2541
   34 1353.272439  4586
   35 2076.589638  3715
   36 554.256090  1263
   37 2353.272199  5073
   38 1333.898519  2563
   39 5582.649038  5199
   40 1780.322235  3919
   41 946.705409  2323
   42 3078.752248  5094
   43 68.625108   775
   44 340.914239  1382
   45 1532.345145  5368
   46 96.595447  2658
   47 690.163830  1559
   48 2376.666738  4145
   49 524.797944  2708
   50 227.089213  2495
   51 1295.073830  3404
   52 7173.239350  5461
   53 185.367250   895
   54 1653.878587  1997
   55 1156.872487  4925
   56 435.529895  3154
   57 1340.011093  5113
   58 0.744826   943
   59 2543.827297  5485
   60 465.635527  3093
   61 153.049148   843
   62 396.287924  1951
   63 543.835098  1190
   64 462.159447  3901
   65 81.864300  2604
   66 211.700373  4723
   67 579.908591  2516
   68 118.491371  1134
   69 693.241905  2564
   70 63.241823  1453
   71 117.400370  2147
   72 815.123864  1068
   73 481.023802  2945
   74 356.714437  4128
   75 603.261305  1757
   76 852.094022  5479
   77 1534.383751  5387
   78 255.790159  3758
   79 757.620771  3068
   80 486.672593  3053
   81 264.406417  2582
   82 563.569130  2574
   83 32.946177  1449
   84 135.312729  2606
   85 1453.706182  4044
   86 332.795970  1755
   87 2470.843384  4214
   88 2544.153395  3649
   89 16.158080   740
   90 958.328464  4512
   91 150.202078  1342
   92 1285.927632  1771
   93 147.895296  1363
   94 2240.216335  4272
   95 51.545200  3151
   96 1285.459175  4087
   97 105.103558   997
   98 846.288285  1722
   99 810.015159  2073
  100 409.044923  2537
