200
    1 0.089885  2001
    2 7057.681125 18119
    3 3661.160698 14552
    4 155.570413  2739
    5 5305.964854  9863
    6 1783.185171  9605
    7 2825.848473  8186
    8 490.786812  4670
    9 3435.129094 12557
   10 2376.021707  7019
   11 324.392957  3402
   12 262.552183  2914
   13 356.026797  9882
   14 11.511523  2490
   15 7391.675190  7438
   16 18244.780024 20433
   17 455.455953  3631
   18 1507.630157  4080
   19 17214.260308 18863
   20 69.908341  5698
   21 96.109185  2605
   22 847.212662  3611
   23 304.888270  2525
   24 803.085325  5810
   25 13059.896349 21328
   26 6409.600442 21455
   27 7241.643692 12096
   28 7398.372200 14788
   29 305.554498  4939
   30 3777.790981 10515
   31 497.305015 16956
   32 11468.414388 20649
   33 6305.904074 19041
   34 3775.453713 16086
   35 88.141488  5215
   36 8588.971094 12763
   37 5484.999793 16573
   38 45.897273  4063
   39 1718.722673  6699
   40 4021.302044 20419
   41 3.770337  3823
   42 3376.155524  6594
   43 3887.001185 17275
   44 13289.171649 17882
   45 7891.103452 16868
   46 1225.941471 14158
   47 235.320055  3059
   48 309.936461  5645
   49 1524.154119 14208
   50 163.625015  8995
   51 1581.620036  4904
   52 8657.780213 11961
   53 219.772801  2395
   54 3168.742754 18497
   55 2494.806615 16425
   56 1905.439645  9654
   57 2593.995742  6613
   58 2514.234493 12443
   59 2129.184626  6985
   60 301.958850  4593
   61 1706.561357 12343
   62 7449.493725 13451
   63 3307.511168  7690
   64 21607.023735 20401
   65 439.474469  4104
   66 8322.518664 16223
   67 21726.126953 19016
   68 7980.963775 12634
   69 2038.860988  9064
   70 3730.787070  7953
   71 1499.855618  3647
   72 1071.682407  7568
   73 6830.736060 14445
   74 8826.713663 20628
   75 126.389278  3257
   76 4339.908330 16979
   77 5931.691685 16887
   78 2975.264999  5258
   79 366.013431  4568
   80 1957.054756  4553
   81 995.482601  4082
   82 6512.310315  9074
   83 8706.543944 17949
   84 2079.016068 14106
   85 680.901384  5544
   86 1966.964371  8255
   87 512.678994  5714
   88 3046.383527 20149
   89 31.680038  2240
   90 3874.788724 11012
   91 360.672167  2842
   92 3408.264305  8271
   93 1584.568163  7863
   94 1090.527092  5772
   95 2167.441303  9651
   96 12103.664534 20587
   97 4102.743658 17497
   98 157.778149 13222
   99 1880.249897 13573
  100 1434.931620 14037
  101 6942.782807 12828
  102 1165.237414  3837
  103 1459.734807  4746
  104 1267.851683  5225
  105 6185.232764 12314
  106 2185.550187 21317
  107 1368.866729 15962
  108 1512.011763 10545
  109 1573.412133  5513
  110 471.113164  4081
  111 1958.446780  4017
  112 10860.726513 15467
  113 1584.643214  9528
  114 1446.093214 13922
  115 42.352687 12127
  116 696.957563  2984
  117 2211.108572 10792
  118 532.937756  4698
  119 927.811103  3213
  120 695.772937 12945
  121 4576.932788 21028
  122 4482.116681 10735
  123 8568.866069 13927
  124 587.273592  4549
  125 8039.463575 13951
  126 5030.560951 12058
  127 7686.886381 18634
  128 1329.965131 12061
  129 4298.117177 20009
  130 1310.614975 21487
  131 322.667414 10283
  132 2452.487495  6384
  133 2077.929773  6765
  134 1776.201047 16456
  135 1842.510487  9953
  136 718.856832  3602
  137 1259.163763 16234
  138 480.949601  5370
  139 3446.616498 18832
  140 776.607975  5847
  141 6485.412386  8524
  142 10827.772611 17512
  143 3449.582589 10419
  144 1654.918201  3094
  145 689.290852 15238
  146 1822.314910  8662
  147 2505.110704 15525
  148 2348.116653 17672
  149 9916.552005 15759
  150 10.907017  2294
  151 5755.084504 12172
  152 11135.043717 17808
  153 234.532967  3958
  154 3402.906408 11774
  155 7692.442248 13635
  156 4610.222957 11828
  157 1514.777533  3299
  158 7388.911793 12731
  159 183.162048  6435
  160 1357.103815  7722
  161 1052.914862  5195
  162 2301.972524 13887
  163 4301.508135  5101
  164 1265.646162  4558
  165 1373.019944 16367
  166 2747.945463  5205
  167 369.606511  9462
  168 62.028234  6607
  169 478.996408  3250
  170 10104.753863 19861
  171 11335.688313 15695
  172 975.303374 16490
  173 3163.094217  9429
  174 4105.329696 16435
  175 4270.044407 20848
  176 6775.016131  7213
  177 7963.030376 16337
  178 1458.421361  4882
  179 634.531580  3841
  180 2439.759642 18142
  181 1270.280037  5905
  182 3711.627171 10518
  183 3335.524559 18181
  184 2069.576816  6356
  185 4373.810774  8201
  186 2268.991104 11703
  187 2075.719530 11235
  188 912.371995  5731
  189 7495.268345  9526
  190 10035.444665 12594
  191 60.406822  2258
  192 8247.096273 10869
  193 2623.670493 13140
  194 338.506496 16025
  195 645.056336 20352
  196 11420.730813 20660
  197 7840.466336 19350
  198 569.560180  6250
  199 6532.435210 15231
  200 12547.464772 18020
