200
    1 0.738630  2001
    2 10960.521089 18119
    3 3087.651947 14552
    4 616.433381  2739
    5 1334.911103  9863
    6 10799.224515  9605
    7 4753.859193  8186
    8 2650.200782  4670
    9 2650.380748 12557
   10 896.133327  7019
   11 249.202765  3402
   12 311.560955  2914
   13 326.729064  9882
   14 276.338912  2490
   15 2963.151142  7438
   16 11217.197054 20433
   17 271.968778  3631
   18 1121.638662  4080
   19 3785.470090 18863
   20 2371.845640  5698
   21 27.708208  2605
   22 958.292020  3611
   23 204.724399  2525
   24 3156.094610  5810
   25 1298.117233 21328
   26 3682.140461 21455
   27 1223.230188 12096
   28 2181.567551 14788
   29 1092.900405  4939
   30 2803.705886 10515
   31 1760.875153 16956
   32 6415.835687 20649
   33 3383.844110 19041
   34 3422.182703 16086
   35 670.945191  5215
   36 1930.057814 12763
   37 11233.002484 16573
   38 425.323359  4063
   39 112.289970  6699
   40 9194.054926 20419
   41 314.156165  3823
   42 3798.987695  6594
   43 1749.845947 17275
   44 6127.866590 17882
   45 1287.950343 16868
   46 2488.646063 14158
   47 507.962265  3059
   48 1523.501208  5645
   49 1352.550358 14208
   50 896.207483  8995
   51 1505.456932  4904
   52 320.057924 11961
   53 40.329464  2395
   54 10535.608726 18497
   55 1359.990897 16425
   56 7800.895251  9654
   57 2419.273407  6613
   58 5465.296728 12443
   59 2511.914780  6985
   60 489.392620  4593
   61 4079.366831 12343
   62 473.127256 13451
   63 6319.694609  7690
   64 3395.033441 20401
   65 1115.004414  4104
   66 4466.313320 16223
   67 9562.762147 19016
   68 3776.546143 12634
   69 4373.843971  9064
   70 232.321406  7953
   71 225.091186  3647
   72 2858.045025  7568
   73 1283.076288 14445
   74 16717.472404 20628
   75 764.555923  3257
   76 3769.990626 16979
   77 13172.486023 16887
   78 2320.995969  5258
   79 974.105421  4568
   80 1472.992289  4553
   81 1517.694147  4082
   82 2370.526660  9074
   83 14557.413787 17949
   84 2768.065549 14106
   85 1667.224251  5544
   86 2415.398706  8255
   87 978.853471  5714
   88 3703.006252 20149
   89 27.082979  2240
   90 3162.915323 11012
   91 100.833869  2842
   92 440.861752  8271
   93 520.873855  7863
   94 4497.459847  5772
   95 8479.057347  9651
   96 14852.516523 20587
   97 5715.320046 17497
   98 2202.576712 13222
   99 2685.254217 13573
  100 4935.217600 14037
  101 4393.051592 12828
  102 2319.453629  3837
  103 1073.204407  4746
  104 1737.390739  5225
  105 7471.994601 12314
  106 5803.198868 21317
  107 4305.828655 15962
  108 2102.157382 10545
  109 498.704524  5513
  110 230.769562  4081
  111 406.491831  4017
  112 897.971441 15467
  113 1448.226705  9528
  114 15.195729 13922
  115 593.619827 12127
  116 1196.632988  2984
  117 2367.187389 10792
  118 1481.677539  4698
  119 62.644326  3213
  120 3378.378114 12945
  121 2337.891930 21028
  122 1464.156426 10735
  123 2766.363656 13927
  124 977.507449  4549
  125 9247.390377 13951
  126 177.829876 12058
  127 8016.868847 18634
  128 2276.349780 12061
  129 6957.795036 20009
  130 16370.572480 21487
  131 115.284138 10283
  132 1282.251881  6384
  133 269.829438  6765
  134 7053.897552 16456
  135 2080.324005  9953
  136 252.212213  3602
  137 8713.971190 16234
  138 503.704735  5370
  139 13371.929684 18832
  140 892.496851  5847
  141 2763.231607  8524
  142 4680.416155 17512
  143 3856.022494 10419
  144 167.982041  3094
  145 2227.654262 15238
  146 2207.988245  8662
  147 3465.485295 15525
  148 2927.238648 17672
  149 10745.955454 15759
  150 286.244125  2294
  151 19.216417 12172
  152 6228.977861 17808
  153 1020.465611  3958
  154 3523.933751 11774
  155 5551.840350 13635
  156 1621.443040 11828
  157 927.839206  3299
  158 5839.340464 12731
  159 2447.202414  6435
  160 2179.211600  7722
  161 1555.647175  5195
  162 2945.484744 13887
  163 48.618581  5101
  164 188.389573  4558
  165 4081.598381 16367
  166 3480.736785  5205
  167 427.042694  9462
  168 992.309521  6607
  169 405.118357  3250
  170 4497.636668 19861
  171 8894.641661 15695
  172 3117.314193 16490
  173 2915.667813  9429
  174 5475.587613 16435
  175 14325.941518 20848
  176 2512.984225  7213
  177 3273.336369 16337
  178 36.127692  4882
  179 350.191722  3841
  180 15724.745856 18142
  181 659.407055  5905
  182 4851.522252 10518
  183 16775.825639 18181
  184 341.638863  6356
  185 1262.810145  8201
  186 2622.819763 11703
  187 4227.090847 11235
  188 1177.267902  5731
  189 4055.932785  9526
  190 861.706248 12594
  191 174.575917  2258
  192 9099.439116 10869
  193 12526.365209 13140
  194 5345.998307 16025
  195 12464.524266 20352
  196 18518.407764 20660
  197 13150.322860 19350
  198 404.260515  6250
  199 7091.609379 15231
  200 2967.407079 18020
