2500
    1 149.466547     1
    2 1376.729209  1119
    3 231.827340  2552
    4 306.423667   739
    5 2147.671395  2863
    6 682.400872  2605
    7 710.276503  1186
    8 560.902101  2670
    9 149.644176   557
   10 41.270214    19
   11 564.655269  1402
   12 253.623369   914
   13 74.599357  2882
   14 237.745866   490
   15 187.484358   438
   16 542.844112  3433
   17 367.110630  1631
   18 134.889031  2080
   19 541.875477  1863
   20 204.862216  3698
   21 203.030219   605
   22 1139.071521  1611
   23 119.746662   525
   24 1113.922688  3810
   25 1375.078441  4328
   26 1928.642643  4455
   27 417.237232    96
   28 246.844234  2788
   29 1649.547421  2939
   30 1479.545266  3515
   31 5613.918552  4956
   32 1370.652690  3649
   33 200.204194  2041
   34 980.418894  4086
   35 1928.212398  3215
   36 952.251479   763
   37 2091.654609  4573
   38 2376.909036  2063
   39 671.380335  4699
   40 1361.458863  3419
   41 1561.110151  1823
   42 2200.715645  4594
   43 587.545913   275
   44 605.552451   882
   45 664.013044  4868
   46 1372.188227  2158
   47 740.809638  1059
   48 2302.080159  3645
   49 1003.765458  2208
   50 2222.814091  1995
   51 2010.426075  2904
   52 1845.486312  4961
   53 1442.284628   395
   54 619.216802  1497
   55 1306.781610  4425
   56 499.668123  2654
   57 686.721294  4613
   58 369.249726   443
   59 2741.158070  4985
   60 1353.752397  2593
   61 520.591055   343
   62 178.670290  1451
   63 893.734228   690
   64 1376.745483  3401
   65 249.839424  2104
   66 450.559733  4223
   67 189.769080  2016
   68 427.149093   634
   69 91.201114  2064
   70 224.670222   953
   71 29.073612  1647
   72 396.506886   568
   73 1475.260384  2445
   74 2791.257858  3628
   75 137.114908  1257
   76 457.318090  4979
   77 2592.767999  4887
   78 1954.327799  3258
   79 3505.755746  2568
   80 395.900750  2553
   81 1582.432873  2082
   82 1363.422931  2074
   83 1269.774037   949
   84 1705.660755  2106
   85 886.789073  3544
   86 124.318630  1255
   87 1153.023800  3714
   88 4257.682346  3149
   89 572.552937   240
   90 547.196635  4012
   91 149.343154   842
   92 218.970949  1271
   93 984.271550   863
   94 1260.770245  3772
   95 710.674217  2651
   96 1877.647039  3587
   97 443.552328   497
   98 149.738224  1222
   99 404.005880  1573
  100 454.418460  2037
  101 54.052157   828
  102 803.732281  1837
  103 1553.813227  2746
  104 2685.432742  3225
  105 294.965868   314
  106 181.522816  4317
  107 1107.903614  3962
  108 2311.838899  3545
  109 932.459908  3513
  110 1460.572827  2081
  111 593.383518  2017
  112 1100.973992  3467
  113 383.255587  2528
  114 892.497465  1922
  115 143.733570   127
  116 975.189590   984
  117 561.634857  3792
  118 3872.295247  2698
  119 1052.242191  1213
  120 1258.209073   945
  121 3269.419503  4028
  122 2494.696035  3735
  123 65.114571  1927
  124 404.730076  2549
  125 945.299938  1951
  126 320.516342    58
  127 1770.759342  1634
  128 0.922485    61
  129 1171.352204  3009
  130 1324.518952  4487
  131 139.101392  3283
  132 829.087641  4384
  133 4221.885089  4765
  134 2937.723438  4456
  135 3278.437309  2953
  136 2216.210507  1602
  137 703.651623  4234
  138 466.229739  3370
  139 200.526205  1832
  140 816.114635  3847
  141 533.092670  1524
  142 382.995172   512
  143 974.571204  3419
  144 432.227763  1094
  145 2661.443197  3238
  146 354.913708  1662
  147 753.668580  3525
  148 186.513848   672
  149 4934.352784  3759
  150 558.921225   294
  151 26.969798   172
  152 1195.239253   808
  153 1416.975445  1958
  154 5925.521571  4774
  155 890.323088  1635
  156 3297.513297  4828
  157 1824.191153  1299
  158 872.351012   731
  159 1924.973709  4435
  160 371.340869   722
  161 1881.234953  3195
  162 66.992475  1887
  163 13.181648  3101
  164 1483.495093  2558
  165 1791.587540  4367
  166 496.765857  3205
  167 47.253013  2462
  168 63.267734  4607
  169 607.336602  1250
  170 1162.667071  2861
  171 3760.641657  3695
  172 3277.375151  4490
  173 1509.930820  2429
  174 1433.134038  4435
  175 3569.672668  3848
  176 148.650530   213
  177 939.936921  4337
  178 1209.556341  2882
  179 1080.743088  1841
  180 627.150990  1142
  181 4309.599146  3905
  182 548.826674  3518
  183 966.732372  1181
  184 1862.574272  4356
  185 1486.113878  1201
  186 2132.867115  4703
  187 779.538682  4235
  188 2229.239409  3731
  189 1894.462970  2526
  190 483.422048   594
  191 167.123674   258
  192 279.745204  3869
  193 1152.058574  1140
  194 3351.310667  4025
  195 3011.544026  3352
  196 1854.984415  3660
  197 609.891183  2350
  198 1308.928470  4250
  199 2726.097231  3231
  200 19.300596  1020
  201 981.189680  1709
  202 1455.737814  2541
  203 349.224658    93
  204 161.743229  3981
  205 225.940562   824
  206 179.934791  1574
  207 99.992545   814
  208 3.423843    22
  209 1335.952670  4021
  210 175.875801   251
  211 932.357128  1080
  212 105.576107   517
  213 2149.017048  3377
  214 1495.661629  3624
  215 2667.060589  3611
  216 932.296169  4819
  217 325.755441  1281
  218 1235.619616  1838
  219 1190.953740  4243
  220 327.810810   836
  221 1499.639061  2350
  222 4234.341703  4458
  223 1012.877659  1331
  224 2732.304052  4316
  225 574.733283  1527
  226 13.827706   425
  227 1183.562105  3488
  228 3265.844002  4261
  229 144.529724  2613
  230 1616.527228  3393
  231 891.834055   599
  232 267.010510  2069
  233 142.673784  2552
  234 289.335265  4243
  235 3622.521238  4764
  236 1901.865475  4124
  237 404.615407  1817
  238 885.246577  1557
  239 818.370368  3720
  240 1901.613040  4332
  241 553.095459   876
  242 2705.133467  3612
  243 3305.141431  1854
  244 196.875716  4497
  245 39.753077  1725
  246 3404.047374  3494
  247 450.094680   546
  248 38.322927  2208
  249 716.617864  1403
  250 689.492112  2189
  251 2375.717332  2558
  252 95.552297   355
  253 1545.868142  4437
  254 283.339220    80
  255 701.454718  2051
  256 3768.945288  3594
  257 1375.099275  2728
  258 2919.097107  3915
  259 1403.495514  2216
  260 566.297240   214
  261 165.161123  4666
  262 215.899698    79
  263 53.374202    74
  264 2413.060720  3086
  265 90.742490   870
  266 391.419378  1029
  267 590.540845  1240
  268 1413.845728  2269
  269 3394.660433  3404
  270 615.090031  4779
  271 1096.679673  3066
  272 843.737212  3027
  273 715.604498  3236
  274 450.523368  3977
  275 961.825625  3974
  276 589.791714   687
  277 1442.785830  1575
  278 3537.859750  3229
  279 1557.803993   702
  280 3165.052366  4574
  281 4345.121269  3859
  282 861.412292  1530
  283 3055.086223  3409
  284 748.534887   765
  285 249.535861   705
  286 1397.263934  4767
  287 3602.401613  4460
  288 1615.364225  2963
  289 415.408435  1428
  290 884.554042  1100
  291 541.843057  1421
  292 95.871397  1578
  293 413.608731   799
  294 2071.803660  3784
  295 372.043673   828
  296 112.196476  4364
  297 64.226359   348
  298 2493.683762  3046
  299 3170.089376  4927
  300 809.619233  4137
  301 696.013647   717
  302 2253.641982  3565
  303 3469.130167  4176
  304 895.478883  3582
  305 568.513057  3369
  306 529.675137  3110
  307 448.542022  4629
  308 473.388604  2922
  309 84.959019  3117
  310 2999.992399  4849
  311 546.529140  1851
  312 529.523098  1347
  313 726.585558  4251
  314 1046.290757  1960
  315 711.439381   560
  316 789.456886  1214
  317 1178.632803   572
  318 335.165609  4181
  319 1890.378524  3900
  320 1292.079579  2195
  321 2052.454152  4542
  322 3825.691315  4711
  323 1609.768465  3379
  324 1522.085966  1678
  325 4944.100402  3562
  326 3500.122609  3903
  327 188.633425  3554
  328 2961.064600  3625
  329 3133.491802  4068
  330 1643.073747  4618
  331 2866.406887  4587
  332 2341.048270  3439
  333 1794.240558  4200
  334 478.679205  2543
  335 290.322442  2150
  336 300.138972   667
  337 2382.911984  3870
  338 796.394973  1488
  339 763.478173  2518
  340 2907.335531  3455
  341 1266.046835  2985
  342 3588.981461  4005
  343 3613.788813  4598
  344 6777.773579  4218
  345 934.790387  4057
  346 2745.948097  2755
  347 1772.771021  1694
  348 696.620849  1777
  349 541.790309   891
  350 1512.639282  4020
  351 658.441903  2742
  352 2717.393254  3373
  353 649.824678  1434
  354 681.274353  4593
  355 957.633656   565
  356 624.938305   989
  357 379.479575  1021
  358 459.331812  2786
  359 139.467653  4654
  360 301.832186  3682
  361 1191.062827  1837
  362 2020.822719  4349
  363 4002.595363  3672
  364 1206.432063  3592
  365 1347.668441  4952
  366 4141.546893  3741
  367 175.579498  1785
  368 1648.277685  2565
  369 1043.050402  1455
  370 612.710126  3914
  371 423.441997  4030
  372 1137.004416  1690
  373 1747.639116  4648
  374 177.573663  3814
  375 540.156089  2257
  376 433.948378  2206
  377 2039.851477  1729
  378 612.709011  3736
  379 1492.338573  3760
  380 205.496990   114
  381 2933.285489  4618
  382 64.287565  3089
  383 612.182518  4846
  384 5882.339300  4671
  385 14.479797  4565
  386 336.251262  2380
  387 834.408179  3720
  388 304.872653  2348
  389 267.744522  3229
  390 90.227400  4611
  391 454.379580  3694
  392 2632.535849  3291
  393 935.118660   816
  394 816.021125   940
  395 2338.092722  2659
  396 1374.390685  4027
  397 3209.412197  4651
  398 920.203629  1146
  399 148.837559  1147
  400 867.813131  1912
  401 97.268400   936
  402 2417.626253  3096
  403 501.379823  1161
  404 76.651251  1374
  405 1752.929919  4518
  406 567.445112  2552
  407 1557.047595  4234
  408 54.505340   957
  409 496.463341  3278
  410 364.952254  2794
  411 1242.103899  2201
  412 359.342059    86
  413 1049.474196  3509
  414 2064.271811  4736
  415 166.470529   792
  416 1713.004193  4220
  417 197.790016  1251
  418 2827.595179  4638
  419 444.914974  1128
  420 120.886998  2974
  421 412.278981  3494
  422 2378.525559  4279
  423 2586.872227  4605
  424 1017.332635  4553
  425 148.349140  1164
  426 519.827423  3466
  427 558.167952   528
  428 1448.055907  4554
  429 2059.267513  2075
  430 45.791521  1268
  431 544.696626  1154
  432 669.240601  1784
  433 81.788435   143
  434 1640.668001  3463
  435 231.511427  4498
  436 1254.443343  3664
  437 1773.417724  1679
  438 4605.843149  3415
  439 299.851505  2892
  440 92.588609   802
  441 890.206376  1476
  442 4987.631687  3149
  443 1215.985509  4127
  444 566.135091  1033
  445 161.347173   680
  446 835.523708  1941
  447 115.891152  2168
  448 1435.681064  1728
  449 1809.937619  3126
  450 2564.734525  3362
  451 248.895125    72
  452 82.067323   664
  453 2.851054   460
  454 2827.494396  3170
  455 5047.258444  3095
  456 367.677829  1542
  457 156.537335  3458
  458 1349.935178   796
  459 2937.478672  3107
  460 3064.983357  3081
  461 121.695120  1398
  462 317.685838  4285
  463 227.498544   881
  464 763.690100  2289
  465 168.735728  1061
  466 540.006529  3569
  467 1043.836559  1239
  468 240.717666  1363
  469 595.706250  2055
  470 227.712512  3743
  471 130.208794  1779
  472 2847.037654  4145
  473 591.508416   768
  474 497.575430  4494
  475 1447.587172  4732
  476 467.272321   462
  477 679.455857  2967
  478 797.678780  1723
  479 161.240226    35
  480 432.552084   311
  481 3239.541723  4045
  482 915.737668   709
  483 169.754691  3477
  484 3528.387163  4125
  485 17.420111   507
  486 808.395508  4895
  487 41.206307  2680
  488 1959.516521  2519
  489 1361.311100  1344
  490 2317.414744  1900
  491 893.268447  1407
  492 496.145738  2053
  493 1916.053573  2414
  494 1261.644477  4330
  495 643.739823  3020
  496 291.092663   391
  497 1291.518106  1608
  498 1145.863027  2604
  499 1623.845431  4993
  500 51.543486   228
  501 1452.734255  3274
  502 3017.716565  3387
  503 546.577546   131
  504 1036.074013   830
  505 455.197712  1725
  506 762.757048  3407
  507 4361.399845  4820
  508 584.934381  4226
  509 1669.040402  4774
  510 1934.978385  3312
  511 3251.680918  3516
  512 442.866900  2413
  513 1788.031772  3377
  514 1012.596622  3241
  515 407.564074  1874
  516 2439.680373  2594
  517 792.208922  4815
  518 3485.463880  3388
  519 1617.126070  3532
  520 411.260284  1673
  521 606.398181   881
  522 711.757534  3464
  523 795.065904  4233
  524 676.443240  1609
  525 957.338232  4536
  526 186.816289    86
  527 1086.824168  1231
  528 1478.078623  1526
  529 968.700006  3187
  530 274.983811   732
  531 1540.238040  2031
  532 624.057629  4814
  533 469.313982  1292
  534 575.173511  1752
  535 1442.179460  2441
  536 385.718250  3709
  537 1370.574947  3047
  538 1337.168141  4023
  539 1667.210983  2996
  540 1842.793310  1792
  541 31.989440   832
  542 1731.307526  4286
  543 306.140918  4246
  544 92.348600  2758
  545 1851.544927  3008
  546 228.304284  2956
  547 1446.535688  3973
  548 1227.744801  3683
  549 5674.658407  4596
  550 392.072659  1419
  551 1445.620082  4864
  552 2316.393464  4902
  553 2601.213879  3226
  554 414.256662  1259
  555 2337.947124  3125
  556 1510.046384  1730
  557 812.063180  1936
  558 361.280039  3775
  559 199.714531   519
  560 1017.874821   426
  561 725.873144  1571
  562 128.358991   683
  563 149.803345   779
  564 2396.460034  4613
  565 197.535018   897
  566 64.965119   226
  567 302.301646   295
  568 1374.417047  1138
  569 1882.144153  4243
  570 1790.490613  4015
  571 1383.702465  3168
  572 1245.924821  2789
  573 1014.378884  3467
  574 2766.549520  3745
  575 4669.030641  4599
  576 4254.091148  3206
  577 400.184764  2982
  578 1950.180733  3906
  579 411.006059   224
  580 150.278129   315
  581 1297.218500  1581
  582 1825.342258  1168
  583 869.668770  1126
  584 3415.766585  4044
  585 777.403944   646
  586 156.913803   570
  587 799.700872  2038
  588 1188.418065  2316
  589 2994.289224  4498
  590 258.284399  3263
  591 1329.570372  4174
  592 2749.444738  2735
  593 0.846427  3027
  594 309.092851   991
  595 468.381211  2570
  596 428.913986  4519
  597 204.770631  1172
  598 4163.318205  2677
  599 1819.137157  4979
  600 687.323684  4881
  601 3157.912089  3381
  602 676.928447   748
  603 1158.432288  1300
  604 1047.357412  2668
  605 930.892519  1097
  606 621.853986  2087
  607 1727.614581  3275
  608 395.290061  2585
  609 281.624290  3429
  610 1956.201371  2797
  611 34.997318   471
  612 1781.386251  3598
  613 120.549213   600
  614 1671.040924  1489
  615 650.729627  1652
  616 51.595710  3501
  617 597.284117  2666
  618 271.568117  1456
  619 795.842965   665
  620 257.276556  2146
  621 1249.748148  3642
  622 1700.091220  4387
  623 2747.287752  4202
  624 383.035062  3369
  625 299.718317   600
  626 245.665772  1636
  627 1247.461677  3351
  628 228.869111  3654
  629 249.296896   371
  630 232.553366  1749
  631 1334.697750  2224
  632 909.631611  2806
  633 4285.028638  3367
  634 1032.086184  1051
  635 455.691610   507
  636 1003.819552  1026
  637 802.363954  3271
  638 1618.679806  2050
  639 1715.101527  3324
  640 2468.714663  4052
  641 1791.863265  2916
  642 23.964341  3827
  643 339.479103  1871
  644 579.909289   233
  645 859.189760  3223
  646 52.615939  4872
  647 1072.792176  3429
  648 252.253624  1191
  649 1812.043343  2281
  650 390.541289  4137
  651 1261.386789  1857
  652 1194.517016  2360
  653 130.327772  1020
  654 488.602247  1670
  655 208.222977  1814
  656 561.109504  3533
  657 2416.378589  4628
  658 370.498236  1092
  659 2905.903724  2839
  660 426.193810   678
  661 1923.709631  3744
  662 132.784960  2741
  663 3955.005818  3130
  664 3461.382920  3773
  665 583.984092  1504
  666 2227.572425  3216
  667 2022.642528  1730
  668 373.143721  2650
  669 1814.023730  4466
  670 1546.725098  4111
  671 3353.984750  4975
  672 3473.491800  4433
  673 904.392463  3172
  674 325.550551   279
  675 195.878208  1044
  676 299.279290   240
  677 683.485671  1176
  678 3935.959326  3291
  679 238.694880  1197
  680 163.418660  4036
  681 1157.656563  4279
  682 1118.927995  2009
  683 246.938453  1459
  684 3385.677952  3436
  685 2310.222758  4283
  686 4.111195  1342
  687 1534.584609  3158
  688 2805.543826  4485
  689 4074.451030  4262
  690 66.829635   917
  691 2228.126224  4254
  692 721.749616   692
  693 198.973863  3936
  694 1036.545180  4018
  695 1351.272329  2181
  696 1972.080887  2314
  697 1028.338080   617
  698 896.153993   421
  699 13.986211  1036
  700 457.824534   513
  701 794.287408  1580
  702 802.021303   354
  703 1100.726157  1129
  704 1170.950064  1381
  705 436.519672   731
  706 6046.290544  4030
  707 952.326675  2274
  708 2269.197628  4854
  709 170.930618  1077
  710 1564.864614  3188
  711 810.948415  3585
  712 329.760225   290
  713 2482.719539  3129
  714 1554.465965  4237
  715 313.167273  1307
  716 456.682293   679
  717 1309.205043  3013
  718 471.344041  3069
  719 2409.373912  4254
  720 419.203041  2390
  721 1043.994792  4976
  722 224.290782  2650
  723 133.893533   927
  724 767.836536  1875
  725 3157.009628  4840
  726 2296.002747  4088
  727 175.502324  3326
  728 682.058814  3857
  729 302.502593   128
  730 1134.192298  2832
  731 2705.695983  2622
  732 131.216626    58
  733 2104.213951  4458
  734 1130.783417  4855
  735 287.631200  4565
  736 1451.569667  3244
  737 357.354162  3629
  738 2488.418885  1874
  739 113.245197   500
  740 440.990277   168
  741 22.882148  1467
  742 529.421331  1175
  743 139.236618    27
  744 195.761493   940
  745 5673.788982  4978
  746 310.206793  1423
  747 339.625978   245
  748 2072.915245  4519
  749 3070.032085  4061
  750 58.378311  4152
  751 413.402278  1435
  752 625.801128  4076
  753 118.615917   302
  754 333.910021   471
  755 724.813735  4751
  756 2834.601516  4704
  757 1004.869579  4458
  758 3496.756227  2491
  759 2212.699559  4095
  760 3303.486518  2598
  761 1218.602801  2176
  762 333.095603  1412
  763 277.744637  1452
  764 304.474627   594
  765 545.121047  1920
  766 493.897782  1329
  767 1788.502667  1423
  768 856.817905  1163
  769 1891.399067  4909
  770 317.379514   457
  771 35.093649  1391
  772 3080.511820  2905
  773 1534.376499  3254
  774 4336.225368  4650
  775 1596.979060  3537
  776 3765.048921  2133
  777 1196.063625  3534
  778 237.478669  1254
  779 2389.544972  3972
  780 335.351311  2864
  781 1297.375058  4686
  782 1620.988306  4067
  783 3095.883034  4511
  784 414.690298  1556
  785 3162.372019  3452
  786 769.601469  3633
  787 1386.448248  3922
  788 2788.503172  4790
  789 2141.587887  4059
  790 74.842790  1438
  791 855.980565  4470
  792 2095.801237  3621
  793 425.731554  2086
  794 888.672180  2397
  795 1399.822500  4858
  796 321.005189  1325
  797 3030.979126  2074
  798 1610.644288  4270
  799 2155.568177  4163
  800 2125.784455  3948
  801 164.418621  3183
  802 246.582363  1327
  803 905.998463  4542
  804 1729.650900  2030
  805 168.616507  3690
  806 3025.880275  1511
  807 848.532671   741
  808 4641.449807  4227
  809 771.673013  4642
  810 1555.035071  3307
  811 192.820627  3997
  812 248.518952  2725
  813 630.693645  2765
  814 584.880563  2730
  815 760.883103  2920
  816 69.109516  4688
  817 2384.961948  4719
  818 237.057315   291
  819 53.865235   579
  820 256.893317   794
  821 969.761808  1119
  822 390.077448  1030
  823 443.023829  4126
  824 4084.164890  3275
  825 103.926268  1397
  826 2388.112769  3264
  827 27.333036    83
  828 263.209649    86
  829 844.842065  4907
  830 383.982212   264
  831 408.817601    37
  832 2151.680330  4132
  833 765.729564   576
  834 643.554490  1214
  835 2778.037759  3479
  836 1391.162557  1730
  837 2631.801879  3115
  838 4815.508590  4851
  839 567.845941  1861
  840 628.759923  1649
  841 778.942929  1698
  842 239.664511  3300
  843 221.756545  2075
  844 1670.212429  4403
  845 1360.583096  2798
  846 80.414153  2568
  847 944.670772  3121
  848 542.154362  1989
  849 3242.624852  2427
  850 199.798248    57
  851 440.255019   391
  852 1384.112549  4008
  853 449.713025  4177
  854 311.718214   439
  855 793.493712  4827
  856 50.359473   410
  857 1460.600443  2370
  858 1791.156845  3824
  859 799.562791  4660
  860 658.369488   745
  861 1746.986866  1761
  862 409.160920   308
  863 818.519644  4089
  864 732.467918  2184
  865 1618.814153  3387
  866 1438.791051  4308
  867 2764.181918  2963
  868 173.103325  3002
  869 1489.103186  3829
  870 212.300026   346
  871 1696.674945  3380
  872 21.483726  2506
  873 1049.265318  1785
  874 1404.927442  4508
  875 82.441141  2267
  876 606.025199  2133
  877 727.082827  2118
  878 3296.611405  4954
  879 769.877003  1198
  880 3941.912967  4688
  881 300.795617  2330
  882 3426.937238  3119
  883 1671.152426  3402
  884 887.037984  2259
  885 263.204027  1231
  886 1136.781969  4997
  887 3451.422640  4673
  888 437.737834  4847
  889 536.016984  2256
  890 449.759209  1721
  891 1514.901605  1560
  892 176.137358   171
  893 519.378038   503
  894 428.725157  1357
  895 1836.394226  2132
  896 604.431797   210
  897 838.331564   316
  898 212.708485   372
  899 387.579217   761
  900 1102.223880   865
  901 395.083214  2835
  902 23.053930  4608
  903 363.466049  1359
  904 1330.626855  1212
  905 1422.753580  1139
  906 992.018754  2943
  907 1396.909138  3393
  908 780.126274  1816
  909 359.087104   415
  910 519.888078  2964
  911 524.463232  2267
  912 1706.338872  4859
  913 2899.527706  4386
  914 388.867536   954
  915 2265.046389  2271
  916 1182.094091  1256
  917 120.588066   916
  918 1011.609495  1204
  919 14.149770    60
  920 1153.051202  2222
  921 710.664007  4363
  922 1584.393257  1375
  923 1110.480523  3580
  924 24.271486  1184
  925 869.905667  1744
  926 1521.304428  1497
  927 205.787163  3433
  928 521.231984  3559
  929 1604.190345  4816
  930 417.995393   658
  931 3661.309701  4739
  932 276.825241  1556
  933 1056.114162  1643
  934 59.955286  3040
  935 309.901741   840
  936 3724.510039  2402
  937 712.351764   260
  938 1898.826623  1762
  939 2572.821764  4568
  940 358.760006  1887
  941 202.474000  2878
  942 1403.581939  3706
  943 716.477772  2404
  944 776.765825  3524
  945 3480.996291  3367
  946 142.263691  1117
  947 739.323507  1299
  948 926.181318  2402
  949 534.453072  1043
  950 444.527175  1783
  951 200.353737  1688
  952 1198.636221  1820
  953 645.432146  2776
  954 41.965836  4023
  955 149.462622    76
  956 468.904277  2891
  957 503.383436   297
  958 371.755015  3802
  959 845.359697  2275
  960 1495.988227  3604
  961 198.405543  1658
  962 882.562244  3435
  963 382.061210  3062
  964 3962.291910  4158
  965 1105.316578  3863
  966 2457.190391  4520
  967 97.408398   852
  968 1443.007326  4024
  969 101.401236  1721
  970 1331.932955  3464
  971 2356.462527  1605
  972 4512.225960  4671
  973 1174.609061  3054
  974 682.802678  3000
  975 2312.739879  1965
  976 545.120322  4885
  977 1645.766174  3516
  978 2282.676119  4396
  979 2876.856591  4410
  980 2.856200  4117
  981 493.802721  1586
  982 556.922834   195
  983 7.303134  4194
  984 1050.184470  4251
  985 932.973831  4018
  986 163.934851  1012
  987 1728.615169  2387
  988 69.500798   417
  989 2777.690225  4711
  990 266.619759    85
  991 1637.568673  1968
  992 369.795597   115
  993 592.593414   279
  994 373.875975   810
  995 189.881332   349
  996 1105.948759  4252
  997 5259.004193  4669
  998 2767.271610  4402
  999 208.385452   680
 1000 5009.347044  4826
 1001 1127.594218  1694
 1002 376.714398  1445
 1003 1923.660803  4260
 1004 3258.030285  3868
 1005 1417.593934  1557
 1006 32.263628   105
 1007 2070.141606  4331
 1008 655.870424  1172
 1009 99.452932  4485
 1010 661.054364  3204
 1011 537.681373  1775
 1012 585.777304  1127
 1013 333.879365  1851
 1014 2027.305447  4788
 1015 597.610995  1965
 1016 772.695388  4944
 1017 16.768025  4918
 1018 891.082345  1122
 1019 273.231706  1838
 1020 1008.818700  2429
 1021 997.582987  1060
 1022 1486.993672  1733
 1023 1083.120409  1044
 1024 601.761031  2114
 1025 921.189450  1034
 1026 1732.942790  2875
 1027 406.158045  4077
 1028 955.916628  2625
 1029 1824.822924  3879
 1030 625.673196  4794
 1031 177.996647  2719
 1032 334.112569  1012
 1033 984.807373   838
 1034 5351.093632  4613
 1035 131.443447  4472
 1036 193.496587    25
 1037 493.875177   886
 1038 868.141155  4874
 1039 1830.732776  4209
 1040 1195.566213  1675
 1041 833.665306  3135
 1042 1351.903684  3880
 1043 680.314100  4063
 1044 464.979286   793
 1045 315.797799  1987
 1046 548.498728   574
 1047 121.019862  2989
 1048 25.433414  2240
 1049 2845.399742  4743
 1050 3130.319058  2470
 1051 12.501580     9
 1052 3946.052072  4420
 1053 607.081404  2461
 1054 1640.815172  1936
 1055 175.298271     9
 1056 7491.888754  4916
 1057 2759.759713  4152
 1058 3647.894268  2787
 1059 97.025423   106
 1060 1953.272531  1418
 1061 165.503425  1626
 1062 945.837255  2358
 1063 1205.017998  4397
 1064 504.713967  1682
 1065 487.041339    37
 1066 836.140970  2293
 1067 343.281430   607
 1068 2100.358079  3698
 1069 2328.244887  2388
 1070 1136.782465  4831
 1071 1102.500155  1443
 1072 2535.944833  3496
 1073 1329.603735  2197
 1074 412.041864  2604
 1075 63.451180  2293
 1076 1421.341100  3722
 1077 405.550205   615
 1078 2729.357505  2644
 1079 11.660091  3278
 1080 1522.501773  4365
 1081 567.769247  2274
 1082 247.275004  1963
 1083 828.117212  4847
 1084 718.899688  4433
 1085 1017.147929  2270
 1086 1574.513605  3952
 1087 912.508160  4340
 1088 622.957304  2180
 1089 999.280073  3003
 1090 147.535484   285
 1091 409.144308  2375
 1092 452.454975   979
 1093 191.025490   682
 1094 517.707949   552
 1095 241.879490  3326
 1096 752.080296   936
 1097 571.386910  1288
 1098 1452.379659  1672
 1099 949.593934  1874
 1100 679.588622  4132
 1101 566.090459  3573
 1102 849.322240  2212
 1103 2954.116121  4565
 1104 479.608971   725
 1105 534.463264   388
 1106 313.679267  1813
 1107 250.238553   175
 1108 798.158241  1323
 1109 664.116800   577
 1110 102.960278   963
 1111 948.271915  3508
 1112 392.712789  2861
 1113 12.244246  2329
 1114 1523.610656  4013
 1115 1239.710561  4965
 1116 235.836176  1985
 1117 825.491824  1051
 1118 73.482625   106
 1119 776.030748  2882
 1120 697.833244  2040
 1121 2265.763659  2938
 1122 754.203490  2725
 1123 211.107792  4322
 1124 1518.930389  2495
 1125 2258.943082  4411
 1126 454.424609   934
 1127 141.335924  3214
 1128 144.007612   522
 1129 392.836391  4722
 1130 1967.165999  2754
 1131 1916.403179  3712
 1132 1703.580370  1643
 1133 116.268772  4139
 1134 1594.464661  4404
 1135 281.281219   523
 1136 221.215057  1048
 1137 2420.094760  3431
 1138 2199.178741  3517
 1139 107.618103   167
 1140 234.126319  3051
 1141 430.680799  3886
 1142 5139.234140  4423
 1143 579.921942  1227
 1144 219.991091  3258
 1145 573.318344  1819
 1146 2818.757659  4384
 1147 162.374490   151
 1148 202.310648  2863
 1149 466.981156   400
 1150 921.446206  1330
 1151 460.898986   326
 1152 263.875925  4554
 1153 477.281311  1510
 1154 693.583048   343
 1155 5614.282888  3516
 1156 2287.838250  1291
 1157 421.221686  1233
 1158 1370.354827  1321
 1159 800.354850   754
 1160 3298.026363  3452
 1161 1912.834451  4567
 1162 357.924719   328
 1163 4792.415282  4419
 1164 397.532402  2058
 1165 860.527495  2179
 1166 797.604043  4148
 1167 2805.081843  2969
 1168 1319.273968   644
 1169 36.520254    58
 1170 2258.326942  2930
 1171 1048.929587  1721
 1172 400.867580  3747
 1173 190.207902  3529
 1174 868.792561  1636
 1175 223.429906  2040
 1176 194.214518  2154
 1177 702.625220  1217
 1178 184.486166   489
 1179 221.112511   184
 1180 1850.401284  4768
 1181 2937.406254  2289
 1182 369.383398  1308
 1183 375.718235  1492
 1184 114.805563   616
 1185 358.400389  2534
 1186 2.551364   784
 1187 76.378044  1724
 1188 98.576023  4682
 1189 5139.057158  4160
 1190 70.270889   512
 1191 225.798884   108
 1192 2400.314581  4674
 1193 2961.849235  3668
 1194 342.588307  4212
 1195 1391.964383  4671
 1196 1454.052719  1853
 1197 2228.645957  2250
 1198 1305.504032   664
 1199 2904.398294  2892
 1200 2971.157078  3996
 1201 224.000287   706
 1202 189.086256  2263
 1203 72.800903  1946
 1204 456.622536   618
 1205 396.760088   640
 1206 215.890260   838
 1207 180.787149  1998
 1208 303.515058  1167
 1209 1419.274530  3833
 1210 426.096355   635
 1211 137.402936  4085
 1212 304.723397  3191
 1213 125.119030    33
 1214 419.735188  2715
 1215 24.382451  3896
 1216 373.203242  2597
 1217 2832.357669  3483
 1218 2848.782540  4170
 1219 58.563801   612
 1220 13.338243   792
 1221 423.727724  3924
 1222 1622.847627  2438
 1223 429.612556  2258
 1224 872.055940  1552
 1225 2734.826767  3796
 1226 411.690470  1069
 1227 1100.790920  4674
 1228 1548.581874  3722
 1229 59.701466  3362
 1230 305.521976   756
 1231 1376.539107  1574
 1232 418.372363  4878
 1233 2443.546756  3971
 1234 502.676432   705
 1235 106.745422   406
 1236 1160.308840  3714
 1237 731.991450  1598
 1238 639.758711  3920
 1239 1668.875092  2049
 1240 393.290794  1567
 1241 1610.480747  3247
 1242 112.027346  1282
 1243 688.965840  1274
 1244 191.455721  1401
 1245 3089.426995  2038
 1246 572.536233   292
 1247 535.210755  1134
 1248 609.976946  2517
 1249 3288.586999  4307
 1250 15.127512   140
 1251 2276.237637  4728
 1252 1915.781552  3354
 1253 2373.999509  2241
 1254 958.199203   998
 1255 237.256851   831
 1256 1043.431714  4226
 1257 2510.907364  4644
 1258 78.220442     4
 1259 601.208893   718
 1260 668.267998   146
 1261 1793.470395  4792
 1262 146.364565  2348
 1263 552.921554  4645
 1264 1213.664014  2245
 1265 1046.852098  3927
 1266 345.743844   219
 1267 3726.138055  4297
 1268 1084.749167  3727
 1269 1089.702849  3487
 1270 1796.646167  3199
 1271 1303.910228   765
 1272 3136.190382  4661
 1273 78.444269    46
 1274 3387.702501  3139
 1275 73.345852   730
 1276 258.565764   442
 1277 494.001371  4530
 1278 315.955102   475
 1279 4193.358503  3323
 1280 1737.118897  1211
 1281 2021.819229  3105
 1282 2958.480452  3495
 1283 596.955371  3854
 1284 208.123354   260
 1285 496.623597  1746
 1286 1532.799962  3877
 1287 2246.024540  3847
 1288 171.426620   524
 1289 1512.349597  4367
 1290 456.590545  4479
 1291 182.692843  1343
 1292 1308.080882  1363
 1293 2668.139418  3264
 1294 4800.875982  4811
 1295 232.862949  4932
 1296 1269.430246  1005
 1297 1150.051717   380
 1298 21.662418   489
 1299 746.575019  1246
 1300 894.529249   950
 1301 1828.566175  2534
 1302 647.032882  4191
 1303 380.788042   782
 1304 929.683935  2932
 1305 497.281056   506
 1306 190.601515  2448
 1307 341.508345  2362
 1308 27.277774   260
 1309 881.904805  3659
 1310 859.223260  2492
 1311 2255.277223  3601
 1312 874.225455  4349
 1313 1044.190422  1290
 1314 1145.969303   753
 1315 250.267787  2096
 1316 4531.744153  3473
 1317 1163.237985   661
 1318 456.270091  4903
 1319 3394.315140  1622
 1320 327.118236  1370
 1321 15.544280  2273
 1322 104.962133  2289
 1323 855.017988  1563
 1324 327.867433     1
 1325 3741.204283  4349
 1326 169.293672  2310
 1327 828.108287  1327
 1328 1678.066088  4681
 1329 380.742274  2334
 1330 2895.393185  2415
 1331 5639.389669  4330
 1332 1741.745247  1035
 1333 211.674728   720
 1334 2477.150445  4188
 1335 158.616806  3112
 1336 995.858666  1922
 1337 305.749142   136
 1338 3631.604951  4104
 1339 3791.910363  3246
 1340 969.617058  1150
 1341 441.300206   931
 1342 2048.337281  3523
 1343 3633.645800  4054
 1344 394.047536  2646
 1345 1307.288687  2321
 1346 2366.272969  3333
 1347 729.779668    58
 1348 1809.062492  1718
 1349 127.229796  1796
 1350 3839.167968  3991
 1351 1291.829861  3137
 1352 1.749969  1288
 1353 252.367903  1199
 1354 2259.179882  1958
 1355 446.374237  4923
 1356 1548.616880  2735
 1357 893.457547  4813
 1358 2415.035982  4961
 1359 1105.529669  1291
 1360 557.450366  1423
 1361 2005.277226  2504
 1362 346.046255   986
 1363 3237.841397  4704
 1364 766.045785   553
 1365 1100.683892  2970
 1366 128.367927  1577
 1367 964.744347  2535
 1368 2708.115856  3490
 1369 1326.233872  3827
 1370 2575.607971  3516
 1371 414.923594  1609
 1372 2690.163028  2338
 1373 335.530533  3375
 1374 2391.306547  3619
 1375 132.778128   149
 1376 55.355995   698
 1377 915.581944  4851
 1378 1812.006533  2847
 1379 478.923786   258
 1380 814.788074  4038
 1381 825.207122   900
 1382 684.303314  1091
 1383 1282.866016  2186
 1384 2103.588118  3571
 1385 347.120943  1325
 1386 324.666982     2
 1387 21.321902  1950
 1388 797.334698  2130
 1389 773.352120  2571
 1390 3868.102454  4008
 1391 2406.584208  3794
 1392 33.751969   586
 1393 884.412729  1894
 1394 3547.377448  3381
 1395 2758.964019  4677
 1396 364.782272  2212
 1397 1525.621158  1862
 1398 1305.976085  2412
 1399 1733.595188  1744
 1400 1658.290812  3504
 1401 934.475263  1527
 1402 745.358750  4074
 1403 152.063413  1408
 1404 2612.872230  4381
 1405 54.893535   675
 1406 279.910283    81
 1407 26.517764   858
 1408 675.966916  1885
 1409 427.232138  1691
 1410 3173.711659  3084
 1411 48.575727  3522
 1412 344.224099   478
 1413 1773.287372  3233
 1414 4018.127037  3341
 1415 103.848107  1279
 1416 1787.488255  4557
 1417 843.370803  3637
 1418 986.887469  3618
 1419 758.333024  3662
 1420 511.639124  2838
 1421 1251.758520  1210
 1422 619.120870  4702
 1423 814.031895  1282
 1424 475.810192   910
 1425 1910.844385  3205
 1426 2670.036592  4284
 1427 1862.072648  2797
 1428 1490.691300  4233
 1429 7323.325406  3425
 1430 349.869368  1575
 1431 1372.532647  1870
 1432 150.865707   415
 1433 126.852271  4025
 1434 247.896955    12
 1435 1055.635809  1215
 1436 716.035463   354
 1437 1746.089372  2643
 1438 354.489402  1129
 1439 1482.883405  1585
 1440 1137.743014  3091
 1441 84.646538   117
 1442 142.860845   463
 1443 99.660319   526
 1444 1854.198630  4202
 1445 120.194166   152
 1446 570.103368  1034
 1447 2195.969862  1251
 1448 693.553483  2131
 1449 530.585948  4013
 1450 368.475480  2129
 1451 83.608874  1880
 1452 1068.581995  3293
 1453 193.012848    16
 1454 1045.835352  4609
 1455 1296.246687  1318
 1456 496.249184  2863
 1457 2894.699857  4440
 1458 2324.747420  4260
 1459 326.675983  2236
 1460 868.307758  2012
 1461 146.970011    15
 1462 298.994497  2487
 1463 2639.133201  4053
 1464 414.281951  2125
 1465 2629.750874  4132
 1466 2714.234717  2505
 1467 628.752151  2977
 1468 801.144153  1381
 1469 3966.730770  2699
 1470 302.108455   375
 1471 375.780677   502
 1472 1242.285572  4208
 1473 3056.498734  3254
 1474 25.089803  4156
 1475 2066.902019  4796
 1476 282.138520    12
 1477 650.032568  2866
 1478 913.774666  1822
 1479 502.233278   210
 1480 1290.148053  4658
 1481 2172.952015  1385
 1482 1084.150244   716
 1483 700.420091  2400
 1484 1011.976865  1142
 1485 425.782277  4719
 1486 741.169053   779
 1487 1029.659128  2610
 1488 1355.522816  4993
 1489 1608.603882  2067
 1490 334.025092   176
 1491 515.180096   933
 1492 554.626538   760
 1493 2618.264377  4508
 1494 2270.601574  2839
 1495 5307.038594  4177
 1496 2065.013400  2605
 1497 3233.514404  4157
 1498 280.288052  1738
 1499 2197.352962  4859
 1500 56.724127  1587
 1501 2096.209316  4503
 1502 759.453613   686
 1503 187.934885  1886
 1504 902.793496  1824
 1505 1076.993158  1193
 1506 3267.377053  4759
 1507 1783.917524  1901
 1508 1468.694919  3963
 1509 138.493993   502
 1510 821.738037  4724
 1511 3898.528710  4080
 1512 2399.637790  3524
 1513 1016.580357  4436
 1514 190.241686  3221
 1515 613.641899  4529
 1516 270.625975  1123
 1517 56.649969    36
 1518 1486.409214  3313
 1519 129.383458   138
 1520 569.061462  2088
 1521 423.092498    75
 1522 677.282085  2700
 1523 711.207997  2972
 1524 168.641123   394
 1525 1081.402656  2020
 1526 257.048732  4461
 1527 90.687758  1534
 1528 1890.918642  2019
 1529 340.252052  2703
 1530 3498.079977  3597
 1531 2.126814   401
 1532 1278.855624   776
 1533 337.147905  4490
 1534 594.905966  1067
 1535 153.026907  1452
 1536 374.698601  4447
 1537 3647.893324  4267
 1538 1548.087074  3877
 1539 1790.800672  2080
 1540 948.138846  1457
 1541 2002.871132  3783
 1542 644.825158  3673
 1543 108.673734  1146
 1544 1642.351163  2710
 1545 725.175295  3626
 1546 1048.443551   458
 1547 1595.647477  1424
 1548 3449.853325  3864
 1549 316.776632  1275
 1550 96.400447    22
 1551 3939.889209  2706
 1552 195.295304   976
 1553 1321.997161  3843
 1554 1065.024708  3540
 1555 1721.826689  1567
 1556 445.837066  2981
 1557 1300.635232  4683
 1558 1237.252162  4891
 1559 332.430290   265
 1560 119.878462  1587
 1561 200.220668  4399
 1562 1196.494988  1293
 1563 202.219634  3206
 1564 687.495615  1247
 1565 113.015161  3970
 1566 50.766390  1674
 1567 3091.528194  3387
 1568 428.816370   649
 1569 1740.774479  2063
 1570 2274.604127  4593
 1571 5.403284  1327
 1572 548.187402  4618
 1573 3818.904451  2641
 1574 191.131201  1761
 1575 159.363691  2458
 1576 5374.709533  4317
 1577 101.873579  3640
 1578 1500.787489  2198
 1579 161.224346  1992
 1580 1351.744676  1130
 1581 628.466041  3201
 1582 5113.604442  4736
 1583 582.261516  1702
 1584 23.893964    29
 1585 251.481050   928
 1586 124.970073  3909
 1587 265.416510     8
 1588 3289.851631  3646
 1589 210.244502  2380
 1590 747.414161  2398
 1591 1504.902946  4524
 1592 1490.564123  4561
 1593 434.132890  2064
 1594 718.524013  1078
 1595 419.234933   943
 1596 588.563923   853
 1597 1692.391842  2250
 1598 3332.389149  4455
 1599 466.770186   281
 1600 430.785742  2962
 1601 508.364509  1521
 1602 413.189345  1031
 1603 2706.277927  4791
 1604 967.707425  2851
 1605 558.432569  3984
 1606 55.476572   464
 1607 1627.823956  1422
 1608 969.911029  2259
 1609 500.040549  3329
 1610 61.570601   198
 1611 2042.143413  1487
 1612 253.231277  2549
 1613 573.222376   888
 1614 1467.774127  2993
 1615 5410.124832  4899
 1616 170.629099  1707
 1617 281.697766   557
 1618 1080.669294  1042
 1619 57.318788  3156
 1620 234.896803   432
 1621 3738.077159  4869
 1622 1841.764490  2466
 1623 145.748513   749
 1624 859.054804  1961
 1625 637.621265   590
 1626 4713.432478  3957
 1627 1077.655897  4807
 1628 1441.419461  2197
 1629 323.716917   765
 1630 323.444593  2078
 1631 1222.853649  4049
 1632 1613.701702  4806
 1633 731.372930  1550
 1634 3586.696513  4076
 1635 906.512726  4580
 1636 1066.943209  1040
 1637 2747.592722  3567
 1638 511.023372   674
 1639 612.604787  1616
 1640 446.493520    54
 1641 888.627928   785
 1642 5517.203795  4005
 1643 1067.497413  2143
 1644 1342.100183  3068
 1645 2055.478212  2956
 1646 116.138796  3118
 1647 525.126702   316
 1648 1855.850269  4262
 1649 572.798826  2727
 1650 1051.345429  2391
 1651 1692.945437  3886
 1652 982.963791  4824
 1653 2973.918457  4368
 1654 258.485314   354
 1655 636.944714   287
 1656 2303.852162  4935
 1657 707.892288  3334
 1658 593.633151   581
 1659 594.332863  4811
 1660 135.253277    36
 1661 732.939490  2088
 1662 1750.546308  3994
 1663 316.882868  3304
 1664 629.909099  2209
 1665 1636.978028  4185
 1666 1419.479098  1187
 1667 307.307088   177
 1668 7534.296132  4380
 1669 807.503035  4211
 1670 3331.604846  3970
 1671 3076.395279  2262
 1672 593.846707  4152
 1673 1737.042996  3621
 1674 2192.521192  3943
 1675 63.327440  1820
 1676 963.626405  4731
 1677 1987.686803  2491
 1678 1382.727208  2731
 1679 1687.365433  1669
 1680 1304.076237  2483
 1681 614.125147  3561
 1682 1853.833762  3648
 1683 206.595940  1995
 1684 767.083466   873
 1685 716.574211   275
 1686 991.148713  3195
 1687 641.075037  2998
 1688 829.500850  3751
 1689 213.466542  3755
 1690 1061.019598  3266
 1691 956.389046  2279
 1692 1980.007470  2125
 1693 2036.882137  2560
 1694 79.656989   744
 1695 733.853824   992
 1696 902.246831  1759
 1697 1005.767268  1135
 1698 333.333091  3536
 1699 248.042963   835
 1700 3462.624424  4867
 1701 197.793162  1265
 1702 44.171768  2414
 1703 1840.616430  4948
 1704 4961.428081  4671
 1705 373.138417  2105
 1706 758.107554  4648
 1707 455.343336  1939
 1708 774.209638  2911
 1709 2929.012121  4024
 1710 1326.708596  4563
 1711 2241.156282  4034
 1712 278.935585  1132
 1713 376.156309   279
 1714 2697.000461  4658
 1715 77.022143  2231
 1716 545.294864  4608
 1717 656.185364  2048
 1718 584.674643  1233
 1719 333.961588   622
 1720 1236.403133  1741
 1721 771.808240  1993
 1722 3992.294586  4721
 1723 384.083145  2695
 1724 4185.223445  4101
 1725 1476.755431  2511
 1726 2007.170424  4444
 1727 2746.062010  2319
 1728 1333.311235  4893
 1729 465.455483  2723
 1730 1364.539164  4119
 1731 920.449594  3509
 1732 1952.620021  3739
 1733 4245.113969  4155
 1734 1390.680077  1400
 1735 201.259910  1412
 1736 1020.998096   502
 1737 587.820366  1136
 1738 3699.207775  4941
 1739 785.104947  4152
 1740 453.186499  2860
 1741 861.905995   430
 1742 676.396033  3243
 1743 1225.097131  2023
 1744 2558.074251  4766
 1745 1100.262744  1398
 1746 77.329278  1904
 1747 509.267467  4165
 1748 310.181970  4488
 1749 3159.187268  4132
 1750 3440.389508  4968
 1751 335.896777   779
 1752 353.847673  3445
 1753 49.988176  2509
 1754 431.060691   356
 1755 3189.898775  3390
 1756 739.741234  2896
 1757 66.937910  3026
 1758 1016.592386  4994
 1759 1627.334018  4192
 1760 944.613334  4813
 1761 58.728927  1417
 1762 181.352269  1933
 1763 1446.982401  3557
 1764 2004.080781  4173
 1765 56.782903  3878
 1766 183.348240  4108
 1767 485.704741  3203
 1768 108.015050   824
 1769 2411.888146  2246
 1770 2847.423469  5000
 1771 2981.500902  2742
 1772 462.452725  3733
 1773 3.394688  2499
 1774 931.673663  1375
 1775 57.960000  2256
 1776 963.606513  2453
 1777 894.746168  1289
 1778 832.229515  3895
 1779 2593.742986  2994
 1780 1723.297386  4286
 1781 2151.808850  3339
 1782 201.260084   196
 1783 687.708019  1266
 1784 892.787475  3147
 1785 208.312813  1691
 1786 1176.138024  1337
 1787 410.579807  4585
 1788 1684.112347  4161
 1789 122.662857   613
 1790 940.803434   773
 1791 4646.357063  4583
 1792 4604.762516  3484
 1793 835.106670  3254
 1794 2442.248364  3429
 1795 477.360554  3292
 1796 1947.749681  3311
 1797 831.211719  2694
 1798 1383.267037  3656
 1799 2035.055296  2990
 1800 682.410429  4355
 1801 1581.867283  4095
 1802 280.378225  1704
 1803 21.629911   883
 1804 1181.061850  1935
 1805 76.752529   377
 1806 2638.840864  4467
 1807 16.066228   810
 1808 2447.638464  2774
 1809 1264.294781  2788
 1810 79.165806  3529
 1811 1295.697347  3602
 1812 127.725234   102
 1813 3279.032171  3105
 1814 30.586512  4448
 1815 1069.644669  2422
 1816 1530.691277  4196
 1817 605.978315   990
 1818 289.890087    68
 1819 562.008175  3403
 1820 2416.420136  2788
 1821 2717.257563  3460
 1822 76.222496  2458
 1823 822.719252  1064
 1824 5392.494700  4478
 1825 291.494486  2517
 1826 80.697900  2115
 1827 232.442526  3401
 1828 227.114532  2613
 1829 2631.811573  4799
 1830 1351.965136  4598
 1831 1565.071706  1504
 1832 846.072094  3706
 1833 1806.448050  4568
 1834 2655.503079  4606
 1835 31.062219  1688
 1836 521.906725  1437
 1837 523.662284  1294
 1838 2811.149169  4731
 1839 1248.372460  2391
 1840 375.813282  4747
 1841 2436.936953  3180
 1842 163.119474   388
 1843 154.158368  1928
 1844 750.751983  1387
 1845 2034.169477  4026
 1846 882.652682  4242
 1847 220.973656  1906
 1848 216.632995  1194
 1849 1346.000196  1698
 1850 735.928994  2111
 1851 1200.482437  2873
 1852 1569.906441  3262
 1853 1515.479451  4386
 1854 215.541837  2269
 1855 44.890493  1895
 1856 719.628892   696
 1857 415.308654   507
 1858 427.465965  4036
 1859 2529.236274  3662
 1860 1214.020114  1474
 1861 1738.943987  3085
 1862 283.377883  1819
 1863 1536.077879  3308
 1864 1248.360972  4112
 1865 764.353654  3333
 1866 445.012910  2912
 1867 973.929791  3308
 1868 508.007101  1628
 1869 265.904607  3140
 1870 1069.455463  2890
 1871 1458.214929  2885
 1872 671.444927  3689
 1873 125.793185  1989
 1874 501.838022   739
 1875 1209.971418  2921
 1876 121.071113  1937
 1877 1346.604228  1210
 1878 2106.768580  4436
 1879 1881.525033  1276
 1880 1194.145180  2666
 1881 1255.580342  3467
 1882 1105.681986  3064
 1883 1434.752962  1079
 1884 197.709359  1035
 1885 1463.574980  3861
 1886 466.960682   242
 1887 19.201588  2216
 1888 179.383861  2948
 1889 64.773377  3603
 1890 2749.034885  2907
 1891 3377.249462  2088
 1892 701.304732  1795
 1893 1095.801368  2404
 1894 448.113915  1283
 1895 3265.190202  2809
 1896 145.171405   931
 1897 1977.743887  3368
 1898 514.319407   401
 1899 399.457160  4137
 1900 1169.420346  3287
 1901 1215.284878  3328
 1902 3963.437638  3190
 1903 525.787149   559
 1904 1503.269273   733
 1905 1631.330952  2793
 1906 4138.573106  2795
 1907 271.896932  3001
 1908 129.912966  3501
 1909 58.443151   357
 1910 1391.795530  4890
 1911 1268.831173  3287
 1912 831.229299  1144
 1913 962.663662   726
 1914 104.950140   810
 1915 1018.312414  2424
 1916 1855.808837  2614
 1917 5553.816454  3648
 1918 390.273725  3341
 1919 105.787028  3200
 1920 1537.930030  1855
 1921 790.833275    82
 1922 1542.141598  4108
 1923 934.063430  1658
 1924 1227.279522  1315
 1925 1379.302683  1352
 1926 399.353034  3658
 1927 1722.157497  4808
 1928 509.951026   590
 1929 1236.964029  5000
 1930 1151.681474  2789
 1931 58.382581   260
 1932 393.474712  3843
 1933 148.813235    62
 1934 1707.308504  3617
 1935 734.074154  2113
 1936 1214.226796  2057
 1937 99.658776   583
 1938 744.024081  4062
 1939 600.657992   443
 1940 467.164355   259
 1941 849.872296   630
 1942 1339.519151  1042
 1943 85.471680  3280
 1944 393.857216   201
 1945 387.551126  3503
 1946 1280.847069  1098
 1947 2177.841430  3889
 1948 307.204551  1475
 1949 471.270719  2030
 1950 633.482649  2201
 1951 49.255048   681
 1952 125.925215  1598
 1953 1298.555893  2643
 1954 2145.886626  3979
 1955 1128.417120  1082
 1956 21.101069   439
 1957 2118.850036  4924
 1958 3035.867621  3803
 1959 118.441578  3382
 1960 672.339556  2101
 1961 321.177263  3094
 1962 562.655693   193
 1963 73.269489   600
 1964 1422.314440  4131
 1965 702.102947  1002
 1966 240.030030   423
 1967 322.602909  4535
 1968 65.361302   107
 1969 904.537519   928
 1970 700.266797  4266
 1971 1541.660558  2252
 1972 1685.015392  3438
 1973 2373.594994  1939
 1974 370.118373   686
 1975 914.137089  3857
 1976 1320.933893  1487
 1977 1059.043343  4625
 1978 57.084074  4226
 1979 612.220957  3318
 1980 2097.631287  2295
 1981 991.996667  3012
 1982 355.113649  2339
 1983 818.866241  1649
 1984 1576.444160  4315
 1985 206.882542  1738
 1986 318.163620  1845
 1987 1859.811377  3825
 1988 3410.886613  4635
 1989 2129.439491  1254
 1990 2804.905044  4092
 1991 40.525847  2504
 1992 1038.708798   940
 1993 1174.026395   632
 1994 1470.296005  1488
 1995 437.777700  1282
 1996 3286.495519  2180
 1997 639.600582   832
 1998 1257.036603   950
 1999 1343.279687   958
 2000 453.104962   597
 2001 2851.953896  4778
 2002 321.594982   331
 2003 2388.744273  3184
 2004 586.292055  4554
 2005 224.322198   238
 2006 279.523886  1267
 2007 1339.670758  4368
 2008 73.629297  3983
 2009 234.294228  1624
 2010 3446.636273  3944
 2011 18.892691  1459
 2012 144.426138  3294
 2013 1323.626031  2607
 2014 1920.338406  3087
 2015 2758.432225  4283
 2016 1591.128223  1892
 2017 2002.339560  4931
 2018 264.586153   573
 2019 3067.962964  2038
 2020 721.792872   962
 2021 972.616803  3192
 2022 1154.720091  1367
 2023 24.623843   416
 2024 257.226198  4550
 2025 1.253013  1362
 2026 758.966489  1118
 2027 3503.013179  3710
 2028 3069.141359  3538
 2029 246.178337  1724
 2030 611.321918  1480
 2031 212.453827   240
 2032 331.897454   324
 2033 3640.379414  3528
 2034 993.744541  3211
 2035 281.227446  1402
 2036 252.496321  1677
 2037 1147.559846  3133
 2038 74.405198  2725
 2039 1229.365797  4712
 2040 1770.090867  2910
 2041 23.939874   624
 2042 514.031904  4816
 2043 1130.145754  2219
 2044 1608.761460  2323
 2045 1558.698864  1393
 2046 140.142270  4529
 2047 1739.106527  3956
 2048 1071.426869  3435
 2049 832.737248  4292
 2050 1344.617724  4407
 2051 1803.216127  1875
 2052 2600.221094  4128
 2053 1177.851357  2823
 2054 73.756714   128
 2055 200.025226   772
 2056 538.293939   369
 2057 277.937234   598
 2058 3616.403058  4247
 2059 1130.708312  4935
 2060 99.420889  2000
 2061 259.277039  1921
 2062 361.945578   562
 2063 421.311201  1331
 2064 1988.005704  3437
 2065 731.716800  1023
 2066 1705.403392  4272
 2067 99.339804  1679
 2068 180.400302  1280
 2069 806.278935  1586
 2070 452.677556  1808
 2071 673.587272   372
 2072 5274.872273  4542
 2073 2510.980089  3406
 2074 3364.089193  3708
 2075 344.944368  3018
 2076 253.966657   115
 2077 232.740556  1167
 2078 265.719278  1253
 2079 419.669575  2158
 2080 961.144915  3430
 2081 563.343640  2606
 2082 2090.161960  4951
 2083 321.047620  1765
 2084 1968.219792  3354
 2085 794.328957   271
 2086 139.141191  1589
 2087 1457.004251  4623
 2088 2267.629306  2488
 2089 7866.746454  3923
 2090 1197.034140  2304
 2091 571.347286  2266
 2092 2850.192976  2954
 2093 3316.132165  2469
 2094 747.314939  3232
 2095 287.971615   346
 2096 1235.598299  2107
 2097 51.620877  1850
 2098 81.978038   205
 2099 241.592591    91
 2100 422.151512  1434
 2101 1199.670776  2866
 2102 239.896762  3527
 2103 1912.208805  2195
 2104 831.613097  1109
 2105 1018.143043  2214
 2106 101.394312   682
 2107 686.285493  3014
 2108 936.186321   401
 2109 3533.538879  3285
 2110 2192.593119  2686
 2111 180.803051   646
 2112 1696.971056  1520
 2113 96.209012  2071
 2114 500.804599  2834
 2115 857.525092  2295
 2116 1310.277815  4068
 2117 1914.943973  2517
 2118 978.396667  3464
 2119 459.424549  1669
 2120 603.696186  2655
 2121 2571.128192  3874
 2122 591.420196  1260
 2123 2164.273045  3411
 2124 71.942984    45
 2125 677.543210  1330
 2126 3462.141237  3334
 2127 936.988183  1625
 2128 256.116619   681
 2129 237.628398   622
 2130 414.355018  3623
 2131 124.891072  1529
 2132 817.133274  4052
 2133 2633.498731  4897
 2134 2175.801445  4160
 2135 79.455731   334
 2136 416.441488   901
 2137 387.119252  1059
 2138 168.488505   189
 2139 321.032180   169
 2140 139.738243  4386
 2141 115.333418  1935
 2142 1004.318126  1393
 2143 886.907385  1689
 2144 1944.268146  3732
 2145 683.004410  2506
 2146 955.311191  4715
 2147 2413.619495  3270
 2148 674.074889  1145
 2149 3734.679398  3707
 2150 749.844835  1126
 2151 679.374795  3555
 2152 2949.110839  4338
 2153 871.109843  1977
 2154 3007.763280  1655
 2155 383.872529  2309
 2156 1770.874272  2069
 2157 4502.099173  3670
 2158 1506.412350  4239
 2159 1952.732441  4492
 2160 1543.487228  4333
 2161 3060.314819  2670
 2162 2246.751094  4600
 2163 2854.995044  4278
 2164 1172.001806  2029
 2165 737.884299  3235
 2166 2877.425528  2069
 2167 1595.622705  3106
 2168 521.006669  2412
 2169 289.992361  4121
 2170 1721.381831  3074
 2171 839.359362  3559
 2172 3657.320961  2721
 2173 1479.612415  1881
 2174 3989.315570  4170
 2175 4405.405915  4354
 2176 3056.962019  4480
 2177 1410.481762  3804
 2178 2156.483693  2431
 2179 890.813566  3726
 2180 1058.239955  4461
 2181 1768.154861  4014
 2182 748.109748  1283
 2183 3296.121212  4627
 2184 187.793375  3237
 2185 203.609748  2100
 2186 160.651518  2382
 2187 2888.846310  4221
 2188 5404.368577  3317
 2189 571.778290  3995
 2190 1612.997401  1873
 2191 1281.437731   800
 2192 716.350293   890
 2193 240.282283   391
 2194 780.180500  1326
 2195 423.711523  1341
 2196 2469.099637  4158
 2197 2380.812689  2820
 2198 210.358538   779
 2199 1629.554307  2524
 2200 571.418997   636
 2201 1257.517841  1853
 2202 426.437441  1331
 2203 86.156438  1230
 2204 1528.122197  1699
 2205 2321.114770  2534
 2206 154.185230   924
 2207 426.818040  1189
 2208 3709.985770  4607
 2209 4586.204922  3832
 2210 38.035398  3344
 2211 262.742445    90
 2212 519.914186   677
 2213 2947.753236  3849
 2214 121.020872  1859
 2215 848.554875  4907
 2216 438.754509  3316
 2217 565.113019   270
 2218 1213.109512  1747
 2219 2047.827799  4319
 2220 320.865466  2337
 2221 139.196930  3438
 2222 680.571287   654
 2223 387.712430   703
 2224 5002.299931  4595
 2225 1124.299897  4811
 2226 1012.379531  1333
 2227 705.553338   843
 2228 4104.161385  3870
 2229 474.277229  1064
 2230 1332.816950  3469
 2231 80.886359   702
 2232 878.884743  3779
 2233 243.577329   330
 2234 751.345694  1894
 2235 578.188970   536
 2236 326.128749  2708
 2237 103.711123  4204
 2238 562.367735  3861
 2239 194.128719  3806
 2240 16.950028  1652
 2241 2118.559306  2283
 2242 1530.658008  4204
 2243 601.503204  3487
 2244 785.304482  1645
 2245 772.925941  3418
 2246 722.865258  2130
 2247 75.319858   141
 2248 354.489738  2019
 2249 1052.494910   867
 2250 1426.944368  1429
 2251 172.874634   142
 2252 3742.998924  3078
 2253 178.161011   339
 2254 64.097526  1186
 2255 164.194194   351
 2256 999.450345  1262
 2257 1394.164207  4241
 2258 60.001839  3615
 2259 1469.022801  4212
 2260 1011.727076  4999
 2261 716.528810   555
 2262 201.743101  1585
 2263 544.745279  1190
 2264 1167.239021  2259
 2265 2378.496594  3524
 2266 353.593305  2647
 2267 810.604693  2257
 2268 427.832475  2998
 2269 444.364431  1150
 2270 1070.519486  2559
 2271 1678.517382  3441
 2272 3936.496701  3613
 2273 1836.875791  2064
 2274 3952.954125  3374
 2275 733.080460  1313
 2276 92.830850  1584
 2277 814.414774  2676
 2278 523.193619  1987
 2279 2128.345489  2231
 2280 372.878911  4279
 2281 856.171814  1632
 2282 1514.776797  4237
 2283 3475.839211  4119
 2284 3103.367032  3608
 2285 934.179357  1190
 2286 341.183876   795
 2287 546.682876   891
 2288 769.328918  1166
 2289 477.527647   730
 2290 321.458746   530
 2291 4839.504917  4372
 2292 16.349686  1221
 2293 1831.477916  4592
 2294 268.899833   665
 2295 3675.630487  4615
 2296 1460.209864  3018
 2297 1101.815235  2920
 2298 486.872713   584
 2299 285.797964  2135
 2300 1226.442439  1672
 2301 430.267295  1287
 2302 681.285954    79
 2303 488.120617  2739
 2304 2668.589349  4069
 2305 63.736819   115
 2306 748.233126  2155
 2307 1232.217741  4811
 2308 532.397077  3667
 2309 2501.902785  3522
 2310 177.196106  1995
 2311 161.048912     4
 2312 1377.624916  2914
 2313 2045.568463  1696
 2314 1609.872928  4881
 2315 2447.849152  4182
 2316 879.537660  2698
 2317 986.405604  1459
 2318 3657.667479  2459
 2319 1868.077336  1391
 2320 3519.739175  4871
 2321 1329.625161  1388
 2322 1898.885794  4001
 2323 3916.604978  3550
 2324 2639.572376  2213
 2325 1253.163962  3229
 2326 960.266153  4562
 2327 3472.137331  4397
 2328 225.050561  2555
 2329 654.622991  1233
 2330 2508.162264  4903
 2331 3140.372192  4916
 2332 1700.022261  3956
 2333 294.500126  2868
 2334 178.363784  2905
 2335 284.906283  1550
 2336 1443.574546  3216
 2337 1295.924609  3825
 2338 112.845586   702
 2339 2194.979928  3818
 2340 397.466762   913
 2341 861.681100  2642
 2342 140.758572   470
 2343 335.539361  1169
 2344 1102.467092  1977
 2345 2074.566061  2255
 2346 669.495863  1676
 2347 955.318537  4142
 2348 616.182137  2281
 2349 2099.375818  2750
 2350 687.895026  1815
 2351 1153.893493  2751
 2352 1582.411176  2428
 2353 182.967170  3003
 2354 158.498546   209
 2355 283.381708  1135
 2356 267.176248   195
 2357 246.794430   516
 2358 225.784735  3583
 2359 746.130981  4029
 2360 296.546128   313
 2361 3312.337710  4852
 2362 1071.851434  1919
 2363 590.211463   644
 2364 460.179969   926
 2365 3235.025292  2466
 2366 1102.845811  3480
 2367 2929.736563  4544
 2368 3361.591577  2929
 2369 2127.329238  3685
 2370 294.402702   115
 2371 797.230365  1418
 2372 35.011437  3047
 2373 440.153351   894
 2374 1117.902084  4351
 2375 4072.557876  4784
 2376 75.999572  1120
 2377 1943.958698  4266
 2378 1087.484692  3050
 2379 2105.185474  1356
 2380 1160.014029  3120
 2381 733.910167  3603
 2382 1243.866644  2915
 2383 1573.485678  3583
 2384 99.187171    75
 2385 1328.739761  2586
 2386 3400.121686  2380
 2387 393.296818   530
 2388 315.019592   498
 2389 1176.392073  1938
 2390 363.074044  3246
 2391 986.678242  1217
 2392 1374.424643  1978
 2393 369.550749  2852
 2394 1687.806607  2716
 2395 567.830905  1853
 2396 346.282078  1155
 2397 1059.425328   747
 2398 622.588375  1338
 2399 40.865747   724
 2400 1955.109313  1702
 2401 3106.409070  1779
 2402 1959.417025  3614
 2403 92.592451  3886
 2404 541.431109     8
 2405 1588.687981  1627
 2406 3859.058108  3660
 2407 649.684224   839
 2408 814.782405  3667
 2409 1752.702228  2156
 2410 971.220419  2919
 2411 2286.020630  2588
 2412 1406.993960  2556
 2413 133.080066   221
 2414 2381.046360  4291
 2415 2304.779247  2588
 2416 212.273457  4191
 2417 79.283439  1477
 2418 2014.374555  2720
 2419 128.444081   924
 2420 1956.913121  4774
 2421 1053.382277  4300
 2422 538.473838  1993
 2423 1462.438651  1295
 2424 925.622305  4953
 2425 1246.137080  3333
 2426 1309.425294  1987
 2427 4270.239048  3105
 2428 1199.909212  2655
 2429 1182.303247  2092
 2430 1317.714543  4681
 2431 1327.335743  2630
 2432 339.545792  3970
 2433 1807.910420  2528
 2434 204.235093  1444
 2435 1329.997205  3611
 2436 227.538929  2817
 2437 500.956487  2294
 2438 1704.502493  2991
 2439 414.097118  2960
 2440 553.848829  3031
 2441 526.883886   330
 2442 1362.158648  4496
 2443 397.369632    81
 2444 880.516208   808
 2445 2136.771068  3226
 2446 574.360446  4347
 2447 219.552942   112
 2448 1063.749562  1076
 2449 1411.333734  1201
 2450 209.677117  2801
 2451 943.666388  4113
 2452 2641.615224  1892
 2453 214.637502  4788
 2454 137.404565   173
 2455 1442.621016  2250
 2456 2036.514671  3130
 2457 555.517354   988
 2458 1191.845416  2567
 2459 101.043847  3452
 2460 62.310382   365
 2461 215.296508   385
 2462 165.816248   834
 2463 863.212473  4498
 2464 39.468355  1457
 2465 708.031760  4856
 2466 1413.921833  1640
 2467 17.111198  3125
 2468 753.035260  4189
 2469 520.977989  1689
 2470 996.391576  3125
 2471 2949.154509  3145
 2472 960.054175  2230
 2473 1060.823546  1927
 2474 3183.078378  3120
 2475 124.134440  2808
 2476 419.056461  1321
 2477 156.194481   148
 2478 1095.935483  4942
 2479 965.952806   913
 2480 461.427661  3750
 2481 495.216032  3073
 2482 2790.870204  3257
 2483 15.404025  1293
 2484 599.227522  2760
 2485 316.371125   607
 2486 3001.892419  3542
 2487 55.536653    14
 2488 1560.460175  4400
 2489 264.877169    93
 2490 369.828636   388
 2491 599.413340  3819
 2492 323.426345  1978
 2493 402.419849  1870
 2494 605.607459  1880
 2495 197.540955  1236
 2496 419.729559  2855
 2497 1202.277712  3678
 2498 1236.694768  1062
 2499 1935.483541  4447
 2500 792.344806  4561
