50
    1 1.339608     1
    2 5.563248    19
    3 65.144303    52
    4 53.493639    39
    5 3.079567    63
    6 7.604890     5
    7 23.760371    86
    8 56.058095    70
    9 109.030727    57
   10 17.470724    19
   11 5.415621     2
   12 21.239703    14
   13 6.933005    82
   14 1.527716    90
   15 51.603824    38
   16 30.545626    33
   17 0.790580    31
   18 66.756678    80
   19 43.706249    63
   20 31.884889    98
   21 11.445373     5
   22 0.571045    11
   23 8.329218    25
   24 26.767103    10
   25 23.209773    28
   26 38.608284    55
   27 48.369464    96
   28 14.183534    88
   29 7.272591    39
   30 18.213951    15
   31 7.234632    56
   32 24.420546    49
   33 3.772387    41
   34 73.696680    86
   35 7.469500    15
   36 48.689579    63
   37 29.308550    73
   38 75.866803    63
   39 4.569269    99
   40 0.064874    19
   41 11.162995    23
   42 2.536530    94
   43 26.355846    75
   44 57.856850    82
   45 63.954744    68
   46 65.271702    58
   47 41.068207    59
   48 38.380531    45
   49 2.644538     8
   50 67.741040    95
