50
    1 4.990828     1
    2 5.116826    19
    3 19.035421    52
    4 17.257517    39
    5 32.672679    63
    6 0.381947     5
    7 20.697402    86
    8 149.835923    70
    9 16.451276    57
   10 30.464221    19
   11 1.651141     2
   12 23.172419    14
   13 94.234082    82
   14 100.762567    90
   15 2.055553    38
   16 30.689613    33
   17 5.719533    31
   18 49.760186    80
   19 8.174455    63
   20 139.234539    98
   21 3.380784     5
   22 15.871463    11
   23 3.738401    25
   24 0.091905    10
   25 3.840292    28
   26 34.811901    55
   27 51.446136    96
   28 0.901689    88
   29 1.286058    39
   30 5.316093    15
   31 36.050062    56
   32 36.954625    49
   33 10.591403    41
   34 9.944202    86
   35 1.069278    15
   36 44.807642    63
   37 66.238161    73
   38 57.240018    63
   39 48.738734    99
   40 11.943606    19
   41 12.580114    23
   42 79.699204    94
   43 23.829845    75
   44 3.394276    82
   45 6.144874    68
   46 10.225508    58
   47 6.597136    59
   48 34.374195    45
   49 1.675638     8
   50 33.638130    95
