200
    1 167.988257     1
    2 6240.097502 16119
    3 3809.538083 12552
    4 555.781745   739
    5 15226.427237  7863
    6 2119.232234  7605
    7 306.000961  6186
    8 2895.772867  2670
    9 789.251396 10557
   10 3262.562776  5019
   11 2415.628932  1402
   12 451.606139   914
   13 2204.724883  7882
   14 865.029491   490
   15 2424.882071  5438
   16 2859.962260 18433
   17 1382.470005  1631
   18 1955.512916  2080
   19 2717.912951 16863
   20 1460.856437  3698
   21 921.265672   605
   22 2348.952022  1611
   23 930.931341   525
   24 68.609814  3810
   25 1189.337555 19328
   26 19039.967498 19455
   27 4948.832247 10096
   28 9172.383100 12788
   29 803.397597  2939
   30 7577.710918  8515
   31 2440.192636 14956
   32 10831.437404 18649
   33 7943.880273 17041
   34 2493.655997 14086
   35 3105.993823  3215
   36 5215.220062 10763
   37 14991.136969 14573
   38 1461.122522  2063
   39 1374.125019  4699
   40 12531.349210 18419
   41 2817.033256  1823
   42 8357.741786  4594
   43 4808.104871 15275
   44 2511.300634 15882
   45 7724.646974 14868
   46 19667.936882 12158
   47 207.540814  1059
   48 148.526674  3645
   49 13089.680913 12208
   50 5276.369700  6995
   51 1233.546334  2904
   52 4917.847259  9961
   53 220.755312   395
   54 2432.948268 16497
   55 8142.769682 14425
   56 1847.130028  7654
   57 2251.186941  4613
   58 5757.909133 10443
   59 2807.297790  4985
   60 2211.414859  2593
   61 1986.352005 10343
   62 10036.071541 11451
   63 1575.403571  5690
   64 12352.293138 18401
   65 766.512003  2104
   66 1852.345312 14223
   67 11932.276040 17016
   68 325.562921 10634
   69 3277.120649  7064
   70 3057.367421  5953
   71 3107.679271  1647
   72 730.176151  5568
   73 2454.647947 12445
   74 5324.634568 18628
   75 802.406423  1257
   76 489.069644 14979
   77 13432.514511 14887
   78 4239.415806  3258
   79 701.411712  2568
   80 4766.621474  2553
   81 2933.342844  2082
   82 9808.116597  7074
   83 4138.711805 15949
   84 8264.539002 12106
   85 458.786570  3544
   86 2918.704421  6255
   87 2778.338744  3714
   88 7453.452630 18149
   89 1664.407693   240
   90 230.442312  9012
   91 583.561057   842
   92 6033.287024  6271
   93 2399.037421  5863
   94 1458.742421  3772
   95 2412.391999  7651
   96 1941.913973 18587
   97 1804.616573 15497
   98 16703.310913 11222
   99 7237.538108 11573
  100 12695.194173 12037
  101 486.404589 10828
  102 196.608915  1837
  103 3174.695257  2746
  104 1642.295874  3225
  105 6959.537527 10314
  106 5473.645034 19317
  107 625.937604 13962
  108 8216.515465  8545
  109 2237.047404  3513
  110 2263.783576  2081
  111 1952.328642  2017
  112 4776.923918 13467
  113 1078.841591  7528
  114 12102.669683 11922
  115 3708.420905 10127
  116 59.271615   984
  117 2687.055660  8792
  118 2947.929466  2698
  119 2953.838435  1213
  120 3179.351248 10945
  121 5901.902274 19028
  122 3555.883943  8735
  123 9128.834492 11927
  124 5752.433272  2549
  125 1634.839018 11951
  126 9348.759605 10058
  127 10061.013137 16634
  128 8116.792750 10061
  129 7304.310318 18009
  130 1085.161071 19487
  131 6096.569453  8283
  132 1364.278007  4384
  133 7068.178285  4765
  134 14120.118602 14456
  135 6789.703787  7953
  136 1803.418237  1602
  137 1236.152443 14234
  138 2061.098695  3370
  139 4449.909352 16832
  140 2854.215910  3847
  141 826.276700  6524
  142 2662.165627 15512
  143 7142.369529  8419
  144 1623.550546  1094
  145 6681.388806 13238
  146 1143.648511  6662
  147 831.288759 13525
  148 9059.416571 15672
  149 13061.207588 13759
  150 292.220757   294
  151 2187.856995 10172
  152 8712.588789 15808
  153 2301.209736  1958
  154 5589.109375  9774
  155 7133.743521 11635
  156 176.700139  9828
  157 1503.095682  1299
  158 6848.595972 10731
  159 5660.746514  4435
  160 811.915066  5722
  161 1557.476435  3195
  162 7940.929220 11887
  163 2003.748430  3101
  164 200.360634  2558
  165 362.263223 14367
  166 5180.428082  3205
  167 2488.946763  7462
  168 616.854767  4607
  169 102.320009  1250
  170 27301.424585 17861
  171 4629.937728 13695
  172 2072.905313 14490
  173 917.726479  7429
  174 13416.644771 14435
  175 4599.461029 18848
  176 323.273200  5213
  177 3110.363756 14337
  178 299.581984  2882
  179 2173.290101  1841
  180 22923.375978 16142
  181 6921.054044  3905
  182 9136.530290  8518
  183 3912.043202 16181
  184 1014.877507  4356
  185 7847.663016  6201
  186 827.449909  9703
  187 4735.663058  9235
  188 1128.723978  3731
  189 1266.762990  7526
  190 3247.637844 10594
  191 510.888305   258
  192 4020.636131  8869
  193 10322.152561 11140
  194 10099.138476 14025
  195 10956.102764 18352
  196 20422.040205 18660
  197 6804.068748 17350
  198 3473.973974  4250
  199 301.890693 13231
  200 3168.413394 16020
