2500
    1 258.815425     1
    2 911.172405  1119
    3 3245.815594  2552
    4 544.380163   739
    5 949.487377  2863
    6 1445.993281  2605
    7 145.617851  1186
    8 520.984460  2670
    9 400.704535   557
   10 12.901887    19
   11 520.907242  1402
   12 437.765956   914
   13 209.210621  2882
   14 68.152364   490
   15 290.858181   438
   16 1247.191170  3433
   17 125.591879  1631
   18 1299.530285  2080
   19 226.025410  1863
   20 1193.437174  3698
   21 879.461878   605
   22 178.693745  1611
   23 154.707878   525
   24 2506.903975  3810
   25 243.492297  4328
   26 3315.106263  4455
   27 629.023473    96
   28 1997.391955  2788
   29 1501.116831  2939
   30 1100.464244  3515
   31 4501.733594  4956
   32 465.877785  3649
   33 1179.321148  2041
   34 2726.764310  4086
   35 3261.586116  3215
   36 1119.821154   763
   37 3237.684575  4573
   38 155.676828  2063
   39 7782.249357  4699
   40 1248.940209  3419
   41 494.201489  1823
   42 780.766371  4594
   43 43.289999   275
   44 575.018704   882
   45 2554.141862  4868
   46 970.761293  2158
   47 585.885323  1059
   48 476.662109  3645
   49 382.139337  2208
   50 647.179483  1995
   51 742.181313  2904
   52 2787.228551  4961
   53 666.820143   395
   54 2015.055513  1497
   55 375.357964  4425
   56 3199.614428  2654
   57 2113.553948  4613
   58 55.516790   443
   59 2240.582599  4985
   60 758.887842  2593
   61 266.997874   343
   62 2222.919689  1451
   63 382.301156   690
   64 1119.305733  3401
   65 1057.352006  2104
   66 1136.652294  4223
   67 302.767065  2016
   68 953.772058   634
   69 4100.738481  2064
   70 438.880394   953
   71 267.859236  1647
   72 41.550615   568
   73 698.919081  2445
   74 247.416965  3628
   75 217.489480  1257
   76 1537.593023  4979
   77 797.776330  4887
   78 656.958444  3258
   79 2124.732150  2568
   80 801.754919  2553
   81 262.868427  2082
   82 261.870396  2074
   83 109.173774   949
   84 1057.573240  2106
   85 1489.704339  3544
   86 774.360371  1255
   87 1716.466746  3714
   88 735.390404  3149
   89 286.076993   240
   90 986.882675  4012
   91 1165.259851   842
   92 296.628851  1271
   93 598.400644   863
   94 1433.418523  3772
   95 1708.570034  2651
   96 115.142684  3587
   97 443.592823   497
   98 113.463490  1222
   99 1801.422231  1573
  100 1651.942961  2037
  101 426.008394   828
  102 2414.181205  1837
  103 131.642837  2746
  104 1827.285264  3225
  105 329.285804   314
  106 598.511264  4317
  107 2396.748132  3962
  108 934.107807  3545
  109 581.723945  3513
  110 604.499482  2081
  111 384.683852  2017
  112 635.161412  3467
  113 2684.435246  2528
  114 1858.124137  1922
  115 248.865719   127
  116 603.970102   984
  117 173.637158  3792
  118 1086.263988  2698
  119 790.201596  1213
  120 1049.203920   945
  121 184.437547  4028
  122 1228.902168  3735
  123 631.334136  1927
  124 1745.580816  2549
  125 1757.611616  1951
  126 91.567703    58
  127 1316.665364  1634
  128 270.897843    61
  129 1823.974464  3009
  130 659.339438  4487
  131 1544.624000  3283
  132 4797.504380  4384
  133 441.638712  4765
  134 94.851140  4456
  135 2141.064112  2953
  136 1854.393171  1602
  137 921.176957  4234
  138 1679.285646  3370
  139 1638.413708  1832
  140 1207.817909  3847
  141 1339.817771  1524
  142 555.206352   512
  143 3660.358292  3419
  144 1008.737735  1094
  145 252.135363  3238
  146 1410.757212  1662
  147 1917.772076  3525
  148 35.291407   672
  149 265.974787  3759
  150 593.425156   294
  151 21.703774   172
  152 399.200738   808
  153 360.047755  1958
  154 630.143554  4774
  155 531.376307  1635
  156 672.783344  4828
  157 486.501972  1299
  158 483.748338   731
  159 2745.772919  4435
  160 178.196445   722
  161 459.251992  3195
  162 1329.722253  1887
  163 11.526079  3101
  164 1506.194262  2558
  165 530.957048  4367
  166 1919.614531  3205
  167 1488.110633  2462
  168 974.023853  4607
  169 1330.806735  1250
  170 1203.297370  2861
  171 1456.800552  3695
  172 1218.099599  4490
  173 967.953390  2429
  174 3512.762283  4435
  175 1524.002594  3848
  176 211.317520   213
  177 2798.782417  4337
  178 1291.498845  2882
  179 526.473811  1841
  180 395.287015  1142
  181 310.236873  3905
  182 535.078393  3518
  183 481.124388  1181
  184 2660.798099  4356
  185 1104.812262  1201
  186 7338.526131  4703
  187 1968.518028  4235
  188 965.450460  3731
  189 2881.455519  2526
  190 934.104514   594
  191 486.984387   258
  192 2157.552310  3869
  193 1260.598470  1140
  194 4193.648340  4025
  195 2477.802067  3352
  196 2693.814395  3660
  197 519.683372  2350
  198 3107.900657  4250
  199 2156.057426  3231
  200 11.193218  1020
  201 1091.891440  1709
  202 1349.696426  2541
  203 56.726044    93
  204 1099.030033  3981
  205 18.545747   824
  206 369.361990  1574
  207 170.962939   814
  208 434.764259    22
  209 784.425805  4021
  210 28.786357   251
  211 697.362097  1080
  212 52.868320   517
  213 1644.234715  3377
  214 1023.340389  3624
  215 2635.504263  3611
  216 2266.878201  4819
  217 1301.337839  1281
  218 16.638694  1838
  219 1835.146687  4243
  220 467.320752   836
  221 283.119033  2350
  222 672.454193  4458
  223 298.260138  1331
  224 971.568025  4316
  225 1442.592196  1527
  226 623.093161   425
  227 1059.470645  3488
  228 511.584865  4261
  229 1026.990344  2613
  230 2563.168931  3393
  231 355.721886   599
  232 7.033429  2069
  233 268.593303  2552
  234 3978.406548  4243
  235 14.221681  4764
  236 455.425966  4124
  237 794.271085  1817
  238 1128.802936  1557
  239 1237.460257  3720
  240 3145.050412  4332
  241 1063.028376   876
  242 1977.114894  3612
  243 509.436373  1854
  244 1479.900768  4497
  245 1323.372438  1725
  246 641.927344  3494
  247 833.693754   546
  248 648.807041  2208
  249 640.347567  1403
  250 3660.766303  2189
  251 661.783893  2558
  252 372.665499   355
  253 40.626661  4437
  254 106.452713    80
  255 949.490869  2051
  256 2139.679700  3594
  257 3240.937165  2728
  258 1778.591335  3915
  259 685.009683  2216
  260 203.457867   214
  261 3308.447567  4666
  262 536.402747    79
  263 115.097730    74
  264 1854.222900  3086
  265 653.067410   870
  266 566.773619  1029
  267 1874.827563  1240
  268 1255.222770  2269
  269 200.350649  3404
  270 736.105913  4779
  271 2060.874257  3066
  272 4064.674693  3027
  273 798.427051  3236
  274 1331.619773  3977
  275 2932.442017  3974
  276 6.774682   687
  277 918.668726  1575
  278 1055.895989  3229
  279 1150.768999   702
  280 3209.656135  4574
  281 575.408607  3859
  282 186.577577  1530
  283 780.117583  3409
  284 19.271343   765
  285 145.045186   705
  286 3652.411387  4767
  287 400.092006  4460
  288 955.455000  2963
  289 523.317612  1428
  290 714.567128  1100
  291 1553.963447  1421
  292 621.805934  1578
  293 604.650083   799
  294 889.017628  3784
  295 120.366545   828
  296 2262.147714  4364
  297 10.045998   348
  298 5591.510682  3046
  299 3266.643491  4927
  300 4311.910700  4137
  301 196.106463   717
  302 1642.157723  3565
  303 2873.984705  4176
  304 1339.463431  3582
  305 2433.322381  3369
  306 60.936550  3110
  307 2084.767080  4629
  308 1346.821787  2922
  309 3520.705868  3117
  310 509.979407  4849
  311 1558.568146  1851
  312 685.167140  1347
  313 1549.085313  4251
  314 1294.626509  1960
  315 1109.441502   560
  316 879.531052  1214
  317 289.259385   572
  318 2218.369844  4181
  319 398.759575  3900
  320 432.446343  2195
  321 3251.257772  4542
  322 3188.550741  4711
  323 1543.028957  3379
  324 227.888487  1678
  325 688.230036  3562
  326 85.581587  3903
  327 349.235870  3554
  328 2111.070914  3625
  329 727.787185  4068
  330 2205.449660  4618
  331 3425.911733  4587
  332 1807.904905  3439
  333 443.372418  4200
  334 1381.704279  2543
  335 1038.453522  2150
  336 416.234722   667
  337 3431.801774  3870
  338 155.275071  1488
  339 900.092111  2518
  340 2552.222679  3455
  341 1168.575232  2985
  342 126.598526  4005
  343 249.749339  4598
  344 3380.213547  4218
  345 295.834374  4057
  346 932.327457  2755
  347 1030.745714  1694
  348 568.492458  1777
  349 102.794692   891
  350 568.520821  4020
  351 589.456053  2742
  352 723.437082  3373
  353 286.827833  1434
  354 6896.897790  4593
  355 916.346550   565
  356 1346.010412   989
  357 227.333097  1021
  358 827.424360  2786
  359 191.295376  4654
  360 1045.786343  3682
  361 366.137524  1837
  362 2413.132169  4349
  363 3358.985085  3672
  364 1428.965151  3592
  365 1002.063968  4952
  366 724.409773  3741
  367 1830.325833  1785
  368 767.644247  2565
  369 476.113361  1455
  370 1881.359598  3914
  371 3822.333476  4030
  372 1572.112850  1690
  373 323.748458  4648
  374 2460.718605  3814
  375 953.551910  2257
  376 3056.097251  2206
  377 573.047574  1729
  378 73.118421  3736
  379 462.459221  3760
  380 478.863280   114
  381 6061.427165  4618
  382 479.454927  3089
  383 2266.356088  4846
  384 2748.660928  4671
  385 4024.511781  4565
  386 108.846961  2380
  387 1439.134289  3720
  388 1673.365703  2348
  389 667.546603  3229
  390 1553.212226  4611
  391 2009.131562  3694
  392 3008.981928  3291
  393 654.301081   816
  394 1375.298009   940
  395 267.491258  2659
  396 2007.190627  4027
  397 405.475909  4651
  398 334.563168  1146
  399 1529.345332  1147
  400 1118.256015  1912
  401 823.699114   936
  402 1638.471291  3096
  403 101.358130  1161
  404 255.564079  1374
  405 2212.094458  4518
  406 2293.845701  2552
  407 4367.149927  4234
  408 389.600263   957
  409 1318.923872  3278
  410 553.672134  2794
  411 40.187138  2201
  412 277.802807    86
  413 154.336119  3509
  414 321.860434  4736
  415 144.244771   792
  416 1882.371039  4220
  417 1208.882480  1251
  418 2714.838498  4638
  419 288.131450  1128
  420 961.473072  2974
  421 680.474706  3494
  422 1882.189528  4279
  423 1764.424375  4605
  424 575.452047  4553
  425 1797.731670  1164
  426 346.680957  3466
  427 243.997158   528
  428 3844.182848  4554
  429 84.216304  2075
  430 625.392022  1268
  431 897.760850  1154
  432 86.561697  1784
  433 374.069779   143
  434 208.257895  3463
  435 1612.107975  4498
  436 1401.126992  3664
  437 1751.613940  1679
  438 3221.402328  3415
  439 1639.906104  2892
  440 969.216654   802
  441 99.095918  1476
  442 1423.843924  3149
  443 454.079738  4127
  444 519.518890  1033
  445 149.565832   680
  446 121.747920  1941
  447 65.162176  2168
  448 770.270516  1728
  449 824.824756  3126
  450 2446.089371  3362
  451 465.421154    72
  452 187.941483   664
  453 360.201431   460
  454 1479.338094  3170
  455 2312.633258  3095
  456 313.524575  1542
  457 2394.835814  3458
  458 558.312072   796
  459 484.697755  3107
  460 1228.048728  3081
  461 251.310317  1398
  462 2575.672279  4285
  463 11.989186   881
  464 1391.971601  2289
  465 486.565898  1061
  466 373.242340  3569
  467 313.812231  1239
  468 873.502808  1363
  469 254.202972  2055
  470 589.747684  3743
  471 500.103358  1779
  472 1199.252384  4145
  473 680.751199   768
  474 555.062508  4494
  475 1040.799457  4732
  476 78.408168   462
  477 991.520277  2967
  478 450.993884  1723
  479 265.185158    35
  480 371.889344   311
  481 2562.954817  4045
  482 1649.132019   709
  483 1696.985725  3477
  484 3744.791527  4125
  485 923.187900   507
  486 2015.916974  4895
  487 1893.586609  2680
  488 1205.754817  2519
  489 1586.429554  1344
  490 1074.527680  1900
  491 71.618437  1407
  492 1845.987878  2053
  493 90.490679  2414
  494 2436.395748  4330
  495 250.637007  3020
  496 465.344149   391
  497 351.873920  1608
  498 1481.658672  2604
  499 3511.119039  4993
  500 166.348298   228
  501 2212.413471  3274
  502 1267.527892  3387
  503 72.331834   131
  504 422.302830   830
  505 1186.802802  1725
  506 119.335624  3407
  507 926.722651  4820
  508 681.406588  4226
  509 118.409426  4774
  510 3065.271378  3312
  511 1005.802184  3516
  512 4339.563513  2413
  513 1080.408628  3377
  514 488.882674  3241
  515 2199.987308  1874
  516 1357.735691  2594
  517 3238.285663  4815
  518 1684.326875  3388
  519 98.124091  3532
  520 770.773021  1673
  521 34.559628   881
  522 796.590159  3464
  523 212.928396  4233
  524 1032.739111  1609
  525 946.303420  4536
  526 29.360763    86
  527 127.347384  1231
  528 643.089006  1526
  529 2375.225402  3187
  530 360.840765   732
  531 598.848809  2031
  532 888.079710  4814
  533 1184.799990  1292
  534 2177.497145  1752
  535 977.287194  2441
  536 2724.618136  3709
  537 2109.726522  3047
  538 257.490790  4023
  539 1148.171548  2996
  540 124.865794  1792
  541 47.307646   832
  542 937.290237  4286
  543 1522.704738  4246
  544 1830.367052  2758
  545 2708.520551  3008
  546 493.703517  2956
  547 2108.757953  3973
  548 1217.941571  3683
  549 2383.751290  4596
  550 139.359756  1419
  551 769.708403  4864
  552 372.099171  4902
  553 1946.226883  3226
  554 1570.336672  1259
  555 2213.918371  3125
  556 2839.419264  1730
  557 281.405195  1936
  558 2900.974008  3775
  559 57.290707   519
  560 198.537047   426
  561 1012.509678  1571
  562 636.593611   683
  563 1131.722325   779
  564 453.704715  4613
  565 468.261791   897
  566 168.164695   226
  567 101.428267   295
  568 390.129336  1138
  569 103.609850  4243
  570 93.754532  4015
  571 1234.915448  3168
  572 287.505961  2789
  573 1597.633706  3467
  574 470.840234  3745
  575 1802.475821  4599
  576 406.414481  3206
  577 2814.891968  2982
  578 2456.117719  3906
  579 433.234043   224
  580 279.046830   315
  581 1755.124394  1581
  582 674.949751  1168
  583 842.426334  1126
  584 3472.806698  4044
  585 1140.487959   646
  586 118.080129   570
  587 746.642681  2038
  588 459.749851  2316
  589 1229.479392  4498
  590 82.797498  3263
  591 453.483197  4174
  592 2240.138937  2735
  593 1792.674836  3027
  594 757.351649   991
  595 690.809666  2570
  596 1190.095989  4519
  597 1313.913523  1172
  598 935.230872  2677
  599 578.910944  4979
  600 574.033674  4881
  601 1235.413007  3381
  602 528.534280   748
  603 1044.339792  1300
  604 238.787761  2668
  605 1105.613190  1097
  606 696.065226  2087
  607 390.720290  3275
  608 17.888247  2585
  609 996.672890  3429
  610 2610.677661  2797
  611 580.282545   471
  612 5.106892  3598
  613 468.651439   600
  614 731.141865  1489
  615 1091.337979  1652
  616 1484.039039  3501
  617 615.635366  2666
  618 283.526447  1456
  619 30.095916   665
  620 729.373939  2146
  621 572.561486  3642
  622 4597.873951  4387
  623 3244.680834  4202
  624 1824.592333  3369
  625 528.282608   600
  626 1681.288584  1636
  627 1977.204403  3351
  628 3309.872886  3654
  629 799.328484   371
  630 729.715906  1749
  631 798.435037  2224
  632 1134.951134  2806
  633 935.163206  3367
  634 497.462798  1051
  635 532.051773   507
  636 1408.336387  1026
  637 527.168346  3271
  638 983.823289  2050
  639 722.298118  3324
  640 1146.470999  4052
  641 16.698953  2916
  642 1851.462625  3827
  643 1021.786132  1871
  644 696.148226   233
  645 531.554399  3223
  646 2052.539308  4872
  647 2465.866159  3429
  648 490.089152  1191
  649 2023.724385  2281
  650 2113.656210  4137
  651 1690.104327  1857
  652 1165.279120  2360
  653 533.684198  1020
  654 660.873698  1670
  655 476.861103  1814
  656 1748.629653  3533
  657 3008.069935  4628
  658 630.596891  1092
  659 843.509075  2839
  660 9.471845   678
  661 1535.030910  3744
  662 2469.302436  2741
  663 265.059862  3130
  664 3093.081197  3773
  665 1037.729913  1504
  666 1501.110563  3216
  667 378.560701  1730
  668 602.490990  2650
  669 414.716565  4466
  670 603.764830  4111
  671 2576.875151  4975
  672 1201.869780  4433
  673 1537.498324  3172
  674 53.194448   279
  675 500.144137  1044
  676 247.565193   240
  677 456.347670  1176
  678 676.944232  3291
  679 373.460442  1197
  680 795.503248  4036
  681 4335.823418  4279
  682 277.030870  2009
  683 317.900933  1459
  684 585.966741  3436
  685 1533.478473  4283
  686 119.871381  1342
  687 912.605066  3158
  688 2133.514080  4485
  689 1406.858973  4262
  690 480.438279   917
  691 3343.985639  4254
  692 1083.407245   692
  693 1406.892353  3936
  694 801.369959  4018
  695 53.276170  2181
  696 638.059340  2314
  697 1092.989759   617
  698 47.307625   421
  699 1128.120156  1036
  700 131.974592   513
  701 878.983300  1580
  702 477.951922   354
  703 864.685727  1129
  704 1350.342372  1381
  705 1032.582301   731
  706 1435.208533  4030
  707 1531.006695  2274
  708 586.907269  4854
  709 813.055947  1077
  710 1273.050366  3188
  711 1250.063810  3585
  712 172.146279   290
  713 1598.793855  3129
  714 3297.831916  4237
  715 623.665593  1307
  716 24.070888   679
  717 241.321616  3013
  718 3111.153169  3069
  719 6143.759264  4254
  720 293.636843  2390
  721 1752.333201  4976
  722 776.066993  2650
  723 1204.430382   927
  724 115.315048  1875
  725 3832.881309  4840
  726 2528.935746  4088
  727 672.056187  3326
  728 1144.520012  3857
  729 359.346678   128
  730 671.821787  2832
  731 1796.455260  2622
  732 480.993721    58
  733 128.617339  4458
  734 2410.530923  4855
  735 1538.138775  4565
  736 3660.337201  3244
  737 396.271640  3629
  738 773.844759  1874
  739 494.515433   500
  740 210.961798   168
  741 1739.478924  1467
  742 1608.658090  1175
  743 119.936707    27
  744 269.756512   940
  745 330.282106  4978
  746 237.112313  1423
  747 310.874638   245
  748 1047.620591  4519
  749 281.525881  4061
  750 1860.847748  4152
  751 536.012112  1435
  752 1442.626093  4076
  753 616.446717   302
  754 833.944724   471
  755 3742.666389  4751
  756 3143.532528  4704
  757 807.891975  4458
  758 706.037445  2491
  759 3496.427653  4095
  760 1523.069662  2598
  761 2665.857546  2176
  762 139.109027  1412
  763 734.964583  1452
  764 1299.957959   594
  765 1206.260738  1920
  766 232.918193  1329
  767 920.872279  1423
  768 153.846782  1163
  769 2603.117506  4909
  770 276.649394   457
  771 998.044938  1391
  772 145.096510  2905
  773 1110.544650  3254
  774 1486.206081  4650
  775 3493.253607  3537
  776 505.826796  2133
  777 1045.745349  3534
  778 949.567232  1254
  779 1704.792655  3972
  780 236.453474  2864
  781 3.396720  4686
  782 4819.614483  4067
  783 1720.696961  4511
  784 167.664062  1556
  785 229.342883  3452
  786 244.566248  3633
  787 768.463282  3922
  788 1556.589472  4790
  789 494.090810  4059
  790 267.718285  1438
  791 2500.091831  4470
  792 1847.038523  3621
  793 155.266578  2086
  794 1268.411858  2397
  795 394.318194  4858
  796 978.908754  1325
  797 720.100598  2074
  798 18.646063  4270
  799 252.977688  4163
  800 271.773122  3948
  801 1073.242711  3183
  802 212.143290  1327
  803 2225.322229  4542
  804 725.815216  2030
  805 3281.067390  3690
  806 325.910223  1511
  807 337.452380   741
  808 2408.421817  4227
  809 433.028127  4642
  810 1425.371676  3307
  811 426.104296  3997
  812 3380.862701  2725
  813 568.363924  2765
  814 110.116965  2730
  815 191.287383  2920
  816 7515.764079  4688
  817 1448.818581  4719
  818 689.112852   291
  819 47.443500   579
  820 189.117353   794
  821 606.433561  1119
  822 717.532206  1030
  823 3386.974373  4126
  824 105.822264  3275
  825 520.172751  1397
  826 706.900202  3264
  827 203.656715    83
  828 4.589400    86
  829 4289.195935  4907
  830 646.295790   264
  831 288.684026    37
  832 2536.192493  4132
  833 544.883793   576
  834 1073.958989  1214
  835 1472.230264  3479
  836 254.685867  1730
  837 1727.902540  3115
  838 1493.038092  4851
  839 1087.162375  1861
  840 185.107265  1649
  841 651.757639  1698
  842 4041.550839  3300
  843 729.548356  2075
  844 4597.516719  4403
  845 2055.665678  2798
  846 2291.254309  2568
  847 319.322353  3121
  848 272.837959  1989
  849 495.551995  2427
  850 154.085170    57
  851 415.543483   391
  852 2378.010694  4008
  853 1640.614446  4177
  854 844.093130   439
  855 1621.824696  4827
  856 198.002743   410
  857 1716.370208  2370
  858 3598.388331  3824
  859 245.181716  4660
  860 1243.080645   745
  861 2798.966668  1761
  862 398.303076   308
  863 1114.778642  4089
  864 547.261973  2184
  865 2925.927019  3387
  866 703.861948  4308
  867 882.284587  2963
  868 938.280311  3002
  869 2159.433609  3829
  870 81.532312   346
  871 353.832971  3380
  872 1820.083376  2506
  873 1110.511801  1785
  874 3905.242147  4508
  875 81.776249  2267
  876 908.018931  2133
  877 463.612240  2118
  878 5030.056944  4954
  879 391.285293  1198
  880 2966.234078  4688
  881 1008.826484  2330
  882 89.836536  3119
  883 1091.740039  3402
  884 1651.617618  2259
  885 1291.726689  1231
  886 643.663050  4997
  887 2617.225369  4673
  888 1777.706754  4847
  889 249.539463  2256
  890 670.419181  1721
  891 470.779180  1560
  892 58.818931   171
  893 518.533747   503
  894 1354.109189  1357
  895 2400.583183  2132
  896 713.236346   210
  897 375.694200   316
  898 4.645370   372
  899 64.426377   761
  900 323.692319   865
  901 988.917058  2835
  902 1315.691393  4608
  903 1539.430013  1359
  904 97.079811  1212
  905 596.464482  1139
  906 944.657556  2943
  907 1853.285505  3393
  908 17.855162  1816
  909 67.290932   415
  910 2959.876975  2964
  911 1081.493758  2267
  912 584.420860  4859
  913 440.136391  4386
  914 33.609630   954
  915 1228.099357  2271
  916 1777.682941  1256
  917 707.565295   916
  918 237.059787  1204
  919 321.213031    60
  920 828.777650  2222
  921 595.525263  4363
  922 445.901900  1375
  923 581.047111  3580
  924 214.733837  1184
  925 300.549366  1744
  926 474.195135  1497
  927 212.340258  3433
  928 3903.945869  3559
  929 78.863280  4816
  930 192.285531   658
  931 381.557565  4739
  932 2019.079924  1556
  933 161.855130  1643
  934 1234.855719  3040
  935 252.650140   840
  936 544.228544  2402
  937 549.778601   260
  938 594.217017  1762
  939 3272.437014  4568
  940 1379.972746  1887
  941 216.859601  2878
  942 1738.355110  3706
  943 456.146454  2404
  944 174.366868  3524
  945 888.031472  3367
  946 106.264682  1117
  947 1438.272619  1299
  948 2037.996461  2402
  949 289.450377  1043
  950 484.286522  1783
  951 1734.158963  1688
  952 664.157380  1820
  953 790.001717  2776
  954 2339.976876  4023
  955 219.882823    76
  956 210.313136  2891
  957 10.859007   297
  958 3057.539215  3802
  959 116.591390  2275
  960 1128.074511  3604
  961 674.097268  1658
  962 2400.317265  3435
  963 2719.345871  3062
  964 287.656693  4158
  965 1913.463520  3863
  966 2583.799206  4520
  967 518.841960   852
  968 1542.181609  4024
  969 972.336402  1721
  970 1293.778329  3464
  971 19.515248  1605
  972 1142.304177  4671
  973 257.995871  3054
  974 1162.311556  3000
  975 669.491343  1965
  976 1228.875480  4885
  977 4635.028925  3516
  978 2859.841557  4396
  979 399.191534  4410
  980 4526.079516  4117
  981 737.433129  1586
  982 36.218490   195
  983 1112.607733  4194
  984 2562.995589  4251
  985 3669.389800  4018
  986 509.176010  1012
  987 586.304938  2387
  988 223.035881   417
  989 2809.295320  4711
  990 280.386749    85
  991 3738.482517  1968
  992 178.902795   115
  993 228.905652   279
  994 827.267732   810
  995 18.462223   349
  996 996.562660  4252
  997 356.259972  4669
  998 3950.688036  4402
  999 267.517654   680
 1000 2427.492652  4826
 1001 934.338516  1694
 1002 1140.288445  1445
 1003 3957.727766  4260
 1004 343.981546  3868
 1005 841.355297  1557
 1006 167.485815   105
 1007 2718.376122  4331
 1008 914.182998  1172
 1009 1138.135604  4485
 1010 1394.465213  3204
 1011 93.771797  1775
 1012 580.376881  1127
 1013 316.930743  1851
 1014 130.613522  4788
 1015 557.578624  1965
 1016 476.255236  4944
 1017 474.573353  4918
 1018 475.417257  1122
 1019 1285.880692  1838
 1020 1487.452735  2429
 1021 194.169907  1060
 1022 1921.270812  1733
 1023 491.237646  1044
 1024 1570.998806  2114
 1025 1998.889688  1034
 1026 1798.224490  2875
 1027 132.817674  4077
 1028 2498.628979  2625
 1029 4212.709518  3879
 1030 3845.843385  4794
 1031 1012.960178  2719
 1032 361.213090  1012
 1033 1050.816321   838
 1034 347.736554  4613
 1035 1551.430993  4472
 1036 151.462642    25
 1037 713.527067   886
 1038 344.479286  4874
 1039 189.028929  4209
 1040 37.441859  1675
 1041 910.753700  3135
 1042 146.256863  3880
 1043 2035.644598  4063
 1044 1568.770441   793
 1045 629.903809  1987
 1046 1061.622986   574
 1047 1701.275636  2989
 1048 2385.930898  2240
 1049 1573.697433  4743
 1050 1412.497406  2470
 1051 393.832299     9
 1052 628.136323  4420
 1053 965.222295  2461
 1054 1348.753180  1936
 1055 258.932116     9
 1056 1071.533243  4916
 1057 957.333156  4152
 1058 2279.581628  2787
 1059 197.186578   106
 1060 482.726125  1418
 1061 830.869244  1626
 1062 1243.517344  2358
 1063 3389.678190  4397
 1064 8.042246  1682
 1065 174.005530    37
 1066 2002.710641  2293
 1067 16.528209   607
 1068 795.818434  3698
 1069 1758.281349  2388
 1070 4477.705963  4831
 1071 524.692497  1443
 1072 4492.286810  3496
 1073 896.866810  2197
 1074 1677.851700  2604
 1075 1792.937908  2293
 1076 3120.315281  3722
 1077 928.292412   615
 1078 1212.551593  2644
 1079 940.761080  3278
 1080 1471.854024  4365
 1081 2638.509080  2274
 1082 1062.639836  1963
 1083 1897.191177  4847
 1084 4327.525790  4433
 1085 1481.634249  2270
 1086 4227.275420  3952
 1087 1529.988838  4340
 1088 447.525648  2180
 1089 552.957837  3003
 1090 90.814590   285
 1091 421.365377  2375
 1092 917.930106   979
 1093 684.083640   682
 1094 143.127167   552
 1095 924.643079  3326
 1096 519.642654   936
 1097 1442.206019  1288
 1098 924.247305  1672
 1099 1534.228605  1874
 1100 3596.082390  4132
 1101 232.850619  3573
 1102 1407.332907  2212
 1103 1566.981720  4565
 1104 1421.582185   725
 1105 343.627406   388
 1106 334.177608  1813
 1107 5.912766   175
 1108 193.153807  1323
 1109 360.016009   577
 1110 1034.358793   963
 1111 1019.987134  3508
 1112 1578.150659  2861
 1113 1009.324973  2329
 1114 1697.935184  4013
 1115 505.564143  4965
 1116 39.040257  1985
 1117 291.362767  1051
 1118 405.633683   106
 1119 3314.555331  2882
 1120 124.428737  2040
 1121 3099.833720  2938
 1122 507.052272  2725
 1123 424.724213  4322
 1124 156.944752  2495
 1125 4433.487492  4411
 1126 1232.375354   934
 1127 705.847057  3214
 1128 173.961892   522
 1129 4504.233601  4722
 1130 613.397327  2754
 1131 1285.001262  3712
 1132 630.293225  1643
 1133 2515.062175  4139
 1134 173.516357  4404
 1135 181.193001   523
 1136 1308.379602  1048
 1137 6603.228760  3431
 1138 1604.250198  3517
 1139 10.397397   167
 1140 2935.747632  3051
 1141 169.072491  3886
 1142 2326.323538  4423
 1143 714.114557  1227
 1144 567.333561  3258
 1145 438.441090  1819
 1146 1902.752847  4384
 1147 448.888757   151
 1148 1035.665018  2863
 1149 622.259670   400
 1150 1093.297918  1330
 1151 503.747337   326
 1152 1954.579569  4554
 1153 671.026569  1510
 1154 201.973224   343
 1155 85.333491  3516
 1156 222.760246  1291
 1157 198.303271  1233
 1158 1634.070775  1321
 1159 1552.143698   754
 1160 2232.387736  3452
 1161 1946.601332  4567
 1162 184.055711   328
 1163 3581.910393  4419
 1164 383.811536  2058
 1165 1550.746701  2179
 1166 2381.678540  4148
 1167 848.594377  2969
 1168 309.725260   644
 1169 367.624023    58
 1170 566.419681  2930
 1171 824.777114  1721
 1172 778.900691  3747
 1173 355.411816  3529
 1174 1590.187095  1636
 1175 292.468019  2040
 1176 1689.295464  2154
 1177 1961.600276  1217
 1178 395.671884   489
 1179 244.973981   184
 1180 2841.695680  4768
 1181 248.361528  2289
 1182 420.436272  1308
 1183 686.062116  1492
 1184 291.392232   616
 1185 1419.379560  2534
 1186 23.754139   784
 1187 441.563443  1724
 1188 2270.947471  4682
 1189 2984.587825  4160
 1190 901.243488   512
 1191 61.823432   108
 1192 6121.934336  4674
 1193 1799.328328  3668
 1194 4649.387562  4212
 1195 2710.201783  4671
 1196 354.479694  1853
 1197 1700.563548  2250
 1198 573.516314   664
 1199 1942.666487  2892
 1200 164.213129  3996
 1201 293.646411   706
 1202 1551.015286  2263
 1203 107.867339  1946
 1204 347.570676   618
 1205 593.769521   640
 1206 765.120560   838
 1207 3046.412144  1998
 1208 744.584670  1167
 1209 133.923911  3833
 1210 655.437938   635
 1211 385.831420  4085
 1212 1359.131023  3191
 1213 266.633397    33
 1214 808.657279  2715
 1215 540.394269  3896
 1216 596.699729  2597
 1217 2803.778612  3483
 1218 2537.039380  4170
 1219 225.289105   612
 1220 29.186598   792
 1221 1179.770842  3924
 1222 3386.210848  2438
 1223 200.786907  2258
 1224 1173.762669  1552
 1225 2107.801340  3796
 1226 209.219016  1069
 1227 1210.719064  4674
 1228 235.771835  3722
 1229 2376.851421  3362
 1230 801.910253   756
 1231 649.482832  1574
 1232 751.141448  4878
 1233 2775.110630  3971
 1234 67.130896   705
 1235 107.324330   406
 1236 361.899666  3714
 1237 146.126333  1598
 1238 786.916793  3920
 1239 1399.910168  2049
 1240 851.960210  1567
 1241 1091.740711  3247
 1242 586.975545  1282
 1243 141.449256  1274
 1244 265.885908  1401
 1245 500.002957  2038
 1246 148.028035   292
 1247 160.092188  1134
 1248 390.191478  2517
 1249 306.591835  4307
 1250 605.846051   140
 1251 6418.506527  4728
 1252 2666.937253  3354
 1253 922.533481  2241
 1254 310.159117   998
 1255 799.953214   831
 1256 81.827863  4226
 1257 2182.453462  4644
 1258 246.858244     4
 1259 745.339885   718
 1260 252.596238   146
 1261 468.534653  4792
 1262 134.151991  2348
 1263 4263.582237  4645
 1264 1769.668497  2245
 1265 348.218604  3927
 1266 360.233395   219
 1267 148.730678  4297
 1268 2397.468007  3727
 1269 1626.192436  3487
 1270 370.300035  3199
 1271 789.821800   765
 1272 3161.840338  4661
 1273 411.010580    46
 1274 938.082514  3139
 1275 594.753767   730
 1276 253.624324   442
 1277 703.591318  4530
 1278 187.309598   475
 1279 3522.675435  3323
 1280 973.798327  1211
 1281 4130.620228  3105
 1282 3675.803392  3495
 1283 418.340868  3854
 1284 741.705735   260
 1285 606.034020  1746
 1286 943.083837  3877
 1287 949.591267  3847
 1288 555.908666   524
 1289 3276.998472  4367
 1290 1022.521737  4479
 1291 378.697379  1343
 1292 471.416544  1363
 1293 676.305643  3264
 1294 1713.234169  4811
 1295 3061.110781  4932
 1296 1453.169420  1005
 1297 7.928023   380
 1298 555.031479   489
 1299 649.523860  1246
 1300 135.262883   950
 1301 1920.687588  2534
 1302 3029.401752  4191
 1303 559.359684   782
 1304 23.297338  2932
 1305 432.832833   506
 1306 1827.381010  2448
 1307 2310.784519  2362
 1308 56.823499   260
 1309 1399.470628  3659
 1310 1566.095442  2492
 1311 266.432028  3601
 1312 1271.255448  4349
 1313 127.476045  1290
 1314 870.844291   753
 1315 1657.744201  2096
 1316 4727.796294  3473
 1317 166.234411   661
 1318 49.718669  4903
 1319 1345.802200  1622
 1320 348.029504  1370
 1321 2863.220662  2273
 1322 1392.713343  2289
 1323 586.293941  1563
 1324 142.196082     1
 1325 2693.252498  4349
 1326 2656.580923  2310
 1327 483.623668  1327
 1328 1099.674977  4681
 1329 1117.257761  2334
 1330 60.600580  2415
 1331 2867.703222  4330
 1332 32.427178  1035
 1333 486.759049   720
 1334 18.058033  4188
 1335 1229.121877  3112
 1336 545.549251  1922
 1337 491.212023   136
 1338 309.389523  4104
 1339 674.962018  3246
 1340 695.018951  1150
 1341 298.347454   931
 1342 1320.346086  3523
 1343 3622.166028  4054
 1344 1393.265884  2646
 1345 1625.456633  2321
 1346 2954.927438  3333
 1347 139.968931    58
 1348 104.886165  1718
 1349 2645.539844  1796
 1350 1311.622947  3991
 1351 703.156752  3137
 1352 51.457974  1288
 1353 767.686626  1199
 1354 696.254584  1958
 1355 553.310046  4923
 1356 340.012254  2735
 1357 1494.662848  4813
 1358 1286.262475  4961
 1359 772.303366  1291
 1360 1219.319766  1423
 1361 180.538691  2504
 1362 1212.695858   986
 1363 310.521035  4704
 1364 725.725107   553
 1365 213.323631  2970
 1366 2281.962582  1577
 1367 2795.079102  2535
 1368 1523.459003  3490
 1369 235.027590  3827
 1370 19.073717  3516
 1371 416.703169  1609
 1372 1993.597310  2338
 1373 4203.236271  3375
 1374 538.757268  3619
 1375 273.009824   149
 1376 446.627418   698
 1377 5198.305211  4851
 1378 30.368416  2847
 1379 280.996776   258
 1380 3179.755838  4038
 1381 448.385462   900
 1382 542.176767  1091
 1383 1590.524377  2186
 1384 464.088803  3571
 1385 1124.707540  1325
 1386 506.714349     2
 1387 607.676794  1950
 1388 616.337814  2130
 1389 189.755664  2571
 1390 229.905730  4008
 1391 2508.004619  3794
 1392 664.906041   586
 1393 652.005739  1894
 1394 1454.393408  3381
 1395 6619.570050  4677
 1396 795.685712  2212
 1397 642.182579  1862
 1398 374.379993  2412
 1399 1894.721787  1744
 1400 869.528938  3504
 1401 333.533173  1527
 1402 370.751922  4074
 1403 1068.566452  1408
 1404 152.319139  4381
 1405 319.428809   675
 1406 148.794891    81
 1407 387.110510   858
 1408 1279.373871  1885
 1409 1389.507251  1691
 1410 2884.795009  3084
 1411 3523.085017  3522
 1412 435.920065   478
 1413 1216.833471  3233
 1414 2835.172544  3341
 1415 154.874124  1279
 1416 1446.975709  4557
 1417 1987.117462  3637
 1418 1814.340791  3618
 1419 208.384772  3662
 1420 461.192336  2838
 1421 339.691733  1210
 1422 3396.089720  4702
 1423 696.044451  1282
 1424 1920.862533   910
 1425 1102.834395  3205
 1426 4620.958878  4284
 1427 717.660581  2797
 1428 12.948250  4233
 1429 2580.859432  3425
 1430 1001.003398  1575
 1431 1193.625711  1870
 1432 634.144491   415
 1433 4058.013107  4025
 1434 90.398056    12
 1435 594.252850  1215
 1436 405.688539   354
 1437 4006.233243  2643
 1438 614.837724  1129
 1439 419.802115  1585
 1440 2987.069177  3091
 1441 121.336596   117
 1442 2.057484   463
 1443 197.837534   526
 1444 531.658395  4202
 1445 418.803473   152
 1446 47.179132  1034
 1447 848.746998  1251
 1448 1153.774014  2131
 1449 4343.686196  4013
 1450 566.091407  2129
 1451 361.161199  1880
 1452 897.069717  3293
 1453 69.397050    16
 1454 739.860076  4609
 1455 1606.399633  1318
 1456 2584.664749  2863
 1457 250.684937  4440
 1458 3076.487904  4260
 1459 848.890551  2236
 1460 122.338275  2012
 1461 67.719064    15
 1462 318.788610  2487
 1463 128.369914  4053
 1464 169.590418  2125
 1465 1517.689056  4132
 1466 1018.535249  2505
 1467 2052.466971  2977
 1468 80.861104  1381
 1469 803.554362  2699
 1470 705.685088   375
 1471 921.104653   502
 1472 2549.159643  4208
 1473 550.386334  3254
 1474 2127.098530  4156
 1475 1385.621165  4796
 1476 202.053164    12
 1477 1934.323287  2866
 1478 2131.942363  1822
 1479 540.250432   210
 1480 2877.348424  4658
 1481 1288.765513  1385
 1482 357.386039   716
 1483 2006.510319  2400
 1484 874.678431  1142
 1485 2904.466126  4719
 1486 302.546647   779
 1487 261.387820  2610
 1488 683.522188  4993
 1489 677.804041  2067
 1490 29.259686   176
 1491 636.910493   933
 1492 987.125095   760
 1493 1659.449994  4508
 1494 1286.540258  2839
 1495 2089.214585  4177
 1496 2343.104058  2605
 1497 858.874102  4157
 1498 1608.121180  1738
 1499 2961.313903  4859
 1500 764.058374  1587
 1501 2862.953672  4503
 1502 166.439045   686
 1503 1907.148440  1886
 1504 908.128572  1824
 1505 117.624364  1193
 1506 799.122353  4759
 1507 1194.706122  1901
 1508 4303.749289  3963
 1509 1234.618822   502
 1510 6138.206229  4724
 1511 152.281182  4080
 1512 809.459156  3524
 1513 1785.318585  4436
 1514 905.026360  3221
 1515 448.470734  4529
 1516 1065.298526  1123
 1517 218.448776    36
 1518 2031.564518  3313
 1519 84.270091   138
 1520 965.568242  2088
 1521 107.187089    75
 1522 2794.372269  2700
 1523 794.137550  2972
 1524 16.750504   394
 1525 1030.863044  2020
 1526 3952.747917  4461
 1527 1901.421990  1534
 1528 794.491373  2019
 1529 1756.780974  2703
 1530 1598.865600  3597
 1531 134.179575   401
 1532 224.384317   776
 1533 680.387243  4490
 1534 1748.768995  1067
 1535 1065.131837  1452
 1536 3172.088178  4447
 1537 271.959917  4267
 1538 1380.840763  3877
 1539 2171.638181  2080
 1540 174.873509  1457
 1541 137.441771  3783
 1542 943.382310  3673
 1543 519.767823  1146
 1544 655.283142  2710
 1545 3785.111396  3626
 1546 26.708944   458
 1547 751.571610  1424
 1548 1450.060475  3864
 1549 989.262887  1275
 1550 10.718441    22
 1551 514.523064  2706
 1552 1095.297932   976
 1553 775.105717  3843
 1554 53.564003  3540
 1555 760.831454  1567
 1556 2846.652619  2981
 1557 3193.357205  4683
 1558 558.736565  4891
 1559 220.335584   265
 1560 780.654024  1587
 1561 1219.142768  4399
 1562 856.165673  1293
 1563 1411.129738  3206
 1564 271.038492  1247
 1565 1705.806162  3970
 1566 2584.434055  1674
 1567 1943.921698  3387
 1568 498.977510   649
 1569 867.018672  2063
 1570 1312.948791  4593
 1571 2315.916558  1327
 1572 3716.324044  4618
 1573 940.468493  2641
 1574 418.192144  1761
 1575 439.505785  2458
 1576 2292.005513  4317
 1577 1664.291742  3640
 1578 965.144945  2198
 1579 1756.495065  1992
 1580 202.129039  1130
 1581 436.403102  3201
 1582 1285.324971  4736
 1583 1257.831671  1702
 1584 401.423866    29
 1585 349.881519   928
 1586 1090.127915  3909
 1587 261.664470     8
 1588 424.069226  3646
 1589 294.283286  2380
 1590 2092.036190  2398
 1591 2393.538071  4524
 1592 334.272587  4561
 1593 349.849462  2064
 1594 1539.302381  1078
 1595 60.511862   943
 1596 532.940161   853
 1597 1103.309571  2250
 1598 865.891753  4455
 1599 124.890215   281
 1600 230.064465  2962
 1601 2136.601565  1521
 1602 672.096777  1031
 1603 1638.677467  4791
 1604 994.612479  2851
 1605 4074.561647  3984
 1606 84.580370   464
 1607 532.906729  1422
 1608 588.863868  2259
 1609 1505.214704  3329
 1610 6.524916   198
 1611 51.127290  1487
 1612 2513.342156  2549
 1613 21.450657   888
 1614 330.455742  2993
 1615 1534.346904  4899
 1616 491.986642  1707
 1617 74.723461   557
 1618 504.751642  1042
 1619 1997.147208  3156
 1620 181.945429   432
 1621 3420.760940  4869
 1622 1011.690189  2466
 1623 779.685242   749
 1624 477.210929  1961
 1625 187.214277   590
 1626 2440.102972  3957
 1627 2809.637063  4807
 1628 3281.441521  2197
 1629 104.579408   765
 1630 1718.120414  2078
 1631 1124.936187  4049
 1632 583.508164  4806
 1633 586.730957  1550
 1634 1243.423014  4076
 1635 4361.399108  4580
 1636 229.175392  1040
 1637 1807.322670  3567
 1638 743.435590   674
 1639 193.958285  1616
 1640 93.807936    54
 1641 171.997601   785
 1642 592.505544  4005
 1643 1521.171138  2143
 1644 1975.303318  3068
 1645 2339.221069  2956
 1646 1589.944810  3118
 1647 272.647619   316
 1648 440.214162  4262
 1649 527.979459  2727
 1650 1215.639589  2391
 1651 2713.149792  3886
 1652 1652.878436  4824
 1653 3883.543013  4368
 1654 349.365962   354
 1655 152.681824   287
 1656 2889.411197  4935
 1657 2842.340858  3334
 1658 1147.309349   581
 1659 2835.909426  4811
 1660 239.468288    36
 1661 2760.233707  2088
 1662 2663.781426  3994
 1663 1933.536231  3304
 1664 1635.403000  2209
 1665 1941.690324  4185
 1666 878.474368  1187
 1667 199.602635   177
 1668 2386.726913  4380
 1669 3732.214332  4211
 1670 1061.982811  3970
 1671 1362.793596  2262
 1672 1127.601118  4152
 1673 3190.268007  3621
 1674 1364.242876  3943
 1675 50.605941  1820
 1676 3105.997879  4731
 1677 892.419712  2491
 1678 251.643730  2731
 1679 421.199829  1669
 1680 2662.620146  2483
 1681 2787.241376  3561
 1682 1976.636924  3648
 1683 218.699885  1995
 1684 167.408742   873
 1685 347.310791   275
 1686 722.910705  3195
 1687 210.868832  2998
 1688 1103.005798  3751
 1689 1710.218634  3755
 1690 2577.436658  3266
 1691 920.963309  2279
 1692 48.672595  2125
 1693 584.455502  2560
 1694 705.600942   744
 1695 1641.055618   992
 1696 1326.490162  1759
 1697 469.317685  1135
 1698 2087.799586  3536
 1699 1023.781204   835
 1700 1158.698153  4867
 1701 1565.122273  1265
 1702 1164.668426  2414
 1703 3051.768843  4948
 1704 2094.163115  4671
 1705 1347.417511  2105
 1706 588.421332  4648
 1707 175.003638  1939
 1708 180.549767  2911
 1709 911.098766  4024
 1710 79.879572  4563
 1711 911.977059  4034
 1712 1397.401720  1132
 1713 413.012441   279
 1714 73.858443  4658
 1715 1065.738407  2231
 1716 1647.271551  4608
 1717 1971.372017  2048
 1718 51.358725  1233
 1719 386.037401   622
 1720 510.268066  1741
 1721 974.231809  1993
 1722 130.553091  4721
 1723 82.327511  2695
 1724 4254.126501  4101
 1725 2530.469367  2511
 1726 4613.943740  4444
 1727 33.229477  2319
 1728 2547.924398  4893
 1729 618.256983  2723
 1730 3697.504459  4119
 1731 478.065604  3509
 1732 1301.275288  3739
 1733 2687.417580  4155
 1734 819.355375  1400
 1735 1762.238062  1412
 1736 301.856696   502
 1737 206.885583  1136
 1738 531.228129  4941
 1739 1281.707648  4152
 1740 77.199054  2860
 1741 97.798243   430
 1742 2813.594575  3243
 1743 3028.726179  2023
 1744 1043.803712  4766
 1745 673.365284  1398
 1746 712.258376  1904
 1747 4008.726302  4165
 1748 104.653420  4488
 1749 1725.037800  4132
 1750 1406.152830  4968
 1751 857.510141   779
 1752 1123.957406  3445
 1753 2213.982381  2509
 1754 531.469373   356
 1755 2665.371489  3390
 1756 497.406789  2896
 1757 1237.736861  3026
 1758 2363.963547  4994
 1759 4353.891618  4192
 1760 1221.558146  4813
 1761 903.576302  1417
 1762 1844.114862  1933
 1763 2935.023378  3557
 1764 5424.814035  4173
 1765 1998.203575  3878
 1766 466.167547  4108
 1767 258.439274  3203
 1768 864.916464   824
 1769 2055.263306  2246
 1770 6363.417152  5000
 1771 400.106126  2742
 1772 409.268627  3733
 1773 2050.552395  2499
 1774 174.452510  1375
 1775 1294.215696  2256
 1776 1143.366756  2453
 1777 1577.783102  1289
 1778 1292.103279  3895
 1779 418.861166  2994
 1780 357.247884  4286
 1781 3401.322654  3339
 1782 365.703066   196
 1783 612.019774  1266
 1784 2070.460583  3147
 1785 0.763770  1691
 1786 924.434634  1337
 1787 1663.077410  4585
 1788 461.537974  4161
 1789 804.207277   613
 1790 796.702653   773
 1791 793.954345  4583
 1792 1082.018071  3484
 1793 2451.466188  3254
 1794 1985.986586  3429
 1795 2494.979323  3292
 1796 1979.102905  3311
 1797 1249.168709  2694
 1798 2253.695840  3656
 1799 4116.782063  2990
 1800 1145.648992  4355
 1801 469.706068  4095
 1802 1641.224373  1704
 1803 32.276505   883
 1804 716.074226  1935
 1805 355.692627   377
 1806 764.168307  4467
 1807 117.991148   810
 1808 685.446131  2774
 1809 904.743605  2788
 1810 1514.385227  3529
 1811 2460.398328  3602
 1812 285.713955   102
 1813 2976.458683  3105
 1814 1157.361466  4448
 1815 1223.435975  2422
 1816 1182.750059  4196
 1817 1697.708628   990
 1818 359.045631    68
 1819 1151.008393  3403
 1820 1081.786662  2788
 1821 1471.144190  3460
 1822 161.031092  2458
 1823 231.002397  1064
 1824 926.186815  4478
 1825 1173.646964  2517
 1826 201.545147  2115
 1827 823.902002  3401
 1828 1494.497672  2613
 1829 582.797478  4799
 1830 1713.192250  4598
 1831 761.298427  1504
 1832 1242.097441  3706
 1833 2414.232822  4568
 1834 1995.283286  4606
 1835 2143.585012  1688
 1836 228.343785  1437
 1837 618.047471  1294
 1838 3775.098484  4731
 1839 100.839141  2391
 1840 1887.668042  4747
 1841 1835.392035  3180
 1842 123.823402   388
 1843 77.280455  1928
 1844 906.291230  1387
 1845 1068.858401  4026
 1846 339.398432  4242
 1847 265.585283  1906
 1848 712.104587  1194
 1849 1714.773597  1698
 1850 1138.900319  2111
 1851 703.352379  2873
 1852 1006.859251  3262
 1853 4311.291706  4386
 1854 1431.478214  2269
 1855 678.460505  1895
 1856 139.341858   696
 1857 1.051748   507
 1858 1749.457698  4036
 1859 669.799784  3662
 1860 1280.254933  1474
 1861 266.383608  3085
 1862 506.330193  1819
 1863 1341.358107  3308
 1864 2076.398835  4112
 1865 3606.016223  3333
 1866 358.576761  2912
 1867 948.424928  3308
 1868 373.824490  1628
 1869 5478.969538  3140
 1870 283.732239  2890
 1871 2651.005646  2885
 1872 447.239810  3689
 1873 127.490819  1989
 1874 591.370262   739
 1875 539.665374  2921
 1876 111.410231  1937
 1877 730.071594  1210
 1878 673.436648  4436
 1879 1055.532851  1276
 1880 692.820091  2666
 1881 891.938770  3467
 1882 1168.548843  3064
 1883 923.731944  1079
 1884 244.930843  1035
 1885 1132.162948  3861
 1886 29.458666   242
 1887 460.866195  2216
 1888 81.947497  2948
 1889 1177.117005  3603
 1890 3120.857953  2907
 1891 182.573167  2088
 1892 536.342601  1795
 1893 923.424547  2404
 1894 565.782599  1283
 1895 487.392742  2809
 1896 14.774052   931
 1897 976.148050  3368
 1898 259.048878   401
 1899 3161.608776  4137
 1900 706.620088  3287
 1901 2303.391038  3328
 1902 2680.474979  3190
 1903 610.966690   559
 1904 1297.840919   733
 1905 2864.596642  2793
 1906 1492.720638  2795
 1907 3220.607370  3001
 1908 2191.313460  3501
 1909 57.441575   357
 1910 4592.369311  4890
 1911 658.477677  3287
 1912 189.925811  1144
 1913 510.756081   726
 1914 493.295949   810
 1915 1181.085319  2424
 1916 1277.266843  2614
 1917 2683.019203  3648
 1918 127.345834  3341
 1919 480.246009  3200
 1920 208.135564  1855
 1921 476.878963    82
 1922 6091.867369  4108
 1923 495.129731  1658
 1924 1647.190579  1315
 1925 1872.063254  1352
 1926 2074.987093  3658
 1927 2748.724003  4808
 1928 345.701799   590
 1929 2417.194232  5000
 1930 664.618962  2789
 1931 500.096575   260
 1932 1850.506992  3843
 1933 354.559831    62
 1934 65.456041  3617
 1935 1124.644277  2113
 1936 1137.633189  2057
 1937 163.828144   583
 1938 1614.436503  4062
 1939 187.548292   443
 1940 214.462431   259
 1941 56.413644   630
 1942 90.100816  1042
 1943 470.256193  3280
 1944 330.601022   201
 1945 213.941502  3503
 1946 938.584244  1098
 1947 1187.599178  3889
 1948 112.244247  1475
 1949 1006.842157  2030
 1950 476.753245  2201
 1951 118.876878   681
 1952 465.661584  1598
 1953 929.693399  2643
 1954 2851.654257  3979
 1955 1130.781846  1082
 1956 85.093178   439
 1957 2663.271362  4924
 1958 1523.837571  3803
 1959 3951.506352  3382
 1960 1017.214666  2101
 1961 505.726815  3094
 1962 444.804130   193
 1963 56.592117   600
 1964 6217.201613  4131
 1965 732.214071  1002
 1966 640.406988   423
 1967 4185.568568  4535
 1968 331.506776   107
 1969 297.796729   928
 1970 1561.160361  4266
 1971 319.332628  2252
 1972 564.885627  3438
 1973 2055.969367  1939
 1974 133.295783   686
 1975 1441.388030  3857
 1976 557.906864  1487
 1977 270.888701  4625
 1978 1602.647525  4226
 1979 415.322390  3318
 1980 2293.322015  2295
 1981 43.153160  3012
 1982 152.603324  2339
 1983 415.790679  1649
 1984 661.340636  4315
 1985 1527.296482  1738
 1986 185.427175  1845
 1987 1388.747189  3825
 1988 1830.417807  4635
 1989 1758.586741  1254
 1990 1539.931983  4092
 1991 499.847801  2504
 1992 894.252572   940
 1993 235.066409   632
 1994 2631.279545  1488
 1995 2345.322142  1282
 1996 2081.376490  2180
 1997 1987.700152   832
 1998 534.840856   950
 1999 582.463062   958
 2000 58.602534   597
 2001 1219.400804  4778
 2002 164.007370   331
 2003 354.245948  3184
 2004 549.517588  4554
 2005 342.122423   238
 2006 941.490653  1267
 2007 77.961245  4368
 2008 3309.421267  3983
 2009 637.387990  1624
 2010 3249.469500  3944
 2011 979.500097  1459
 2012 151.437703  3294
 2013 922.550219  2607
 2014 3817.714698  3087
 2015 1481.976600  4283
 2016 2699.982768  1892
 2017 3858.004787  4931
 2018 824.945905   573
 2019 363.687343  2038
 2020 238.862049   962
 2021 475.854200  3192
 2022 402.380414  1367
 2023 559.351031   416
 2024 3071.161882  4550
 2025 788.173436  1362
 2026 122.200845  1118
 2027 1151.532368  3710
 2028 2536.194267  3538
 2029 765.631122  1724
 2030 84.094561  1480
 2031 342.809361   240
 2032 575.259144   324
 2033 1493.069691  3528
 2034 174.330301  3211
 2035 331.963424  1402
 2036 335.469492  1677
 2037 3010.904052  3133
 2038 892.003207  2725
 2039 1312.515318  4712
 2040 1396.003289  2910
 2041 125.657578   624
 2042 4411.383077  4816
 2043 1143.031876  2219
 2044 2859.672052  2323
 2045 157.683964  1393
 2046 103.680494  4529
 2047 894.633391  3956
 2048 1181.474736  3435
 2049 410.895551  4292
 2050 3769.125533  4407
 2051 221.852577  1875
 2052 1562.741074  4128
 2053 1213.532250  2823
 2054 177.238877   128
 2055 361.487607   772
 2056 236.848845   369
 2057 484.083833   598
 2058 2863.198301  4247
 2059 803.855014  4935
 2060 537.489136  2000
 2061 1334.082124  1921
 2062 207.200505   562
 2063 1016.811595  1331
 2064 3503.827075  3437
 2065 1404.428733  1023
 2066 4349.587250  4272
 2067 249.799857  1679
 2068 1040.124965  1280
 2069 237.625943  1586
 2070 774.816700  1808
 2071 496.572714   372
 2072 2553.791097  4542
 2073 1241.814290  3406
 2074 1040.876968  3708
 2075 1309.236849  3018
 2076 126.424430   115
 2077 1230.065712  1167
 2078 468.437589  1253
 2079 633.304293  2158
 2080 2309.962066  3430
 2081 963.759350  2606
 2082 284.159991  4951
 2083 49.387882  1765
 2084 591.086062  3354
 2085 329.839589   271
 2086 210.042500  1589
 2087 1093.119931  4623
 2088 1297.725631  2488
 2089 3115.623335  3923
 2090 918.559342  2304
 2091 2104.499580  2266
 2092 1771.662293  2954
 2093 397.612180  2469
 2094 199.195158  3232
 2095 884.920373   346
 2096 315.836019  2107
 2097 623.050890  1850
 2098 518.851855   205
 2099 206.792480    91
 2100 178.418933  1434
 2101 709.382887  2866
 2102 3350.834731  3527
 2103 3008.501409  2195
 2104 432.950030  1109
 2105 2422.078308  2214
 2106 23.378326   682
 2107 560.019195  3014
 2108 16.997521   401
 2109 4677.858877  3285
 2110 509.209161  2686
 2111 920.861149   646
 2112 2535.603090  1520
 2113 1103.266091  2071
 2114 2715.865384  2834
 2115 4585.361398  2295
 2116 3365.667665  4068
 2117 1723.296469  2517
 2118 1539.507069  3464
 2119 218.505359  1669
 2120 668.408485  2655
 2121 2621.636129  3874
 2122 1458.154223  1260
 2123 1412.598116  3411
 2124 540.105070    45
 2125 90.111370  1330
 2126 1004.647777  3334
 2127 70.136144  1625
 2128 897.392753   681
 2129 832.909555   622
 2130 532.159089  3623
 2131 715.329101  1529
 2132 3065.729645  4052
 2133 4982.397859  4897
 2134 24.087063  4160
 2135 375.999618   334
 2136 697.319003   901
 2137 188.062650  1059
 2138 116.623666   189
 2139 90.214953   169
 2140 848.022027  4386
 2141 401.355300  1935
 2142 889.221350  1393
 2143 309.190809  1689
 2144 1216.325709  3732
 2145 1594.088666  2506
 2146 534.743690  4715
 2147 335.569948  3270
 2148 636.163399  1145
 2149 1110.773984  3707
 2150 806.626227  1126
 2151 3283.573835  3555
 2152 943.424661  4338
 2153 1040.422349  1977
 2154 619.230862  1655
 2155 284.737491  2309
 2156 1651.523712  2069
 2157 992.917026  3670
 2158 1041.098275  4239
 2159 4247.424413  4492
 2160 2972.871399  4333
 2161 2685.355781  2670
 2162 1136.450848  4600
 2163 1444.709995  4278
 2164 153.277597  2029
 2165 713.173228  3235
 2166 1302.597594  2069
 2167 2334.727280  3106
 2168 700.195076  2412
 2169 2592.498090  4121
 2170 220.844652  3074
 2171 1342.611565  3559
 2172 1063.247205  2721
 2173 1739.164661  1881
 2174 263.307519  4170
 2175 1822.291245  4354
 2176 3356.929947  4480
 2177 2562.949591  3804
 2178 310.521463  2431
 2179 167.568159  3726
 2180 3948.895630  4461
 2181 126.364953  4014
 2182 255.871111  1283
 2183 1690.575619  4627
 2184 2092.183084  3237
 2185 96.221414  2100
 2186 1357.615569  2382
 2187 2743.960146  4221
 2188 713.485270  3317
 2189 1024.267876  3995
 2190 753.714142  1873
 2191 166.848446   800
 2192 417.907327   890
 2193 297.349166   391
 2194 258.656165  1326
 2195 328.964997  1341
 2196 123.367013  4158
 2197 757.101037  2820
 2198 1178.804847   779
 2199 3351.962717  2524
 2200 418.782637   636
 2201 1140.733659  1853
 2202 985.004883  1331
 2203 1334.635381  1230
 2204 124.309375  1699
 2205 1809.363054  2534
 2206 707.642263   924
 2207 1171.874443  1189
 2208 1151.398672  4607
 2209 1975.916351  3832
 2210 742.941902  3344
 2211 115.388171    90
 2212 215.858164   677
 2213 293.957665  3849
 2214 2733.221630  1859
 2215 619.395904  4907
 2216 1987.501194  3316
 2217 623.416877   270
 2218 1233.072575  1747
 2219 2919.063916  4319
 2220 986.806370  2337
 2221 3338.049806  3438
 2222 442.831609   654
 2223 251.902158   703
 2224 2928.360605  4595
 2225 1419.465089  4811
 2226 70.938015  1333
 2227 503.877856   843
 2228 3327.136347  3870
 2229 381.778287  1064
 2230 84.900090  3469
 2231 302.103944   702
 2232 1742.646484  3779
 2233 422.323573   330
 2234 198.541971  1894
 2235 287.355238   536
 2236 1453.292801  2708
 2237 537.684005  4204
 2238 884.966255  3861
 2239 2779.973123  3806
 2240 1373.278453  1652
 2241 254.098665  2283
 2242 2152.614072  4204
 2243 27.836170  3487
 2244 1183.707197  1645
 2245 2085.209621  3418
 2246 2032.653870  2130
 2247 92.855817   141
 2248 1007.278202  2019
 2249 215.425692   867
 2250 170.605349  1429
 2251 390.109038   142
 2252 19.244548  3078
 2253 369.070595   339
 2254 780.677631  1186
 2255 817.426793   351
 2256 173.145001  1262
 2257 946.616066  4241
 2258 619.990577  3615
 2259 139.258236  4212
 2260 1579.201136  4999
 2261 141.904149   555
 2262 1986.934148  1585
 2263 621.060950  1190
 2264 328.030574  2259
 2265 2384.819164  3524
 2266 1836.723248  2647
 2267 223.153765  2257
 2268 461.684949  2998
 2269 369.825844  1150
 2270 1379.046756  2559
 2271 2915.879870  3441
 2272 3344.601286  3613
 2273 73.837714  2064
 2274 2154.342185  3374
 2275 138.325689  1313
 2276 1103.410330  1584
 2277 3111.088003  2676
 2278 3509.194579  1987
 2279 602.728774  2231
 2280 3912.031913  4279
 2281 97.453101  1632
 2282 3421.819790  4237
 2283 367.515578  4119
 2284 2346.874000  3608
 2285 40.301988  1190
 2286 574.321360   795
 2287 625.188590   891
 2288 1417.530958  1166
 2289 766.712502   730
 2290 139.192003   530
 2291 822.684618  4372
 2292 205.169731  1221
 2293 4941.074202  4592
 2294 231.355085   665
 2295 1627.437406  4615
 2296 1300.381432  3018
 2297 2142.664955  2920
 2298 143.447190   584
 2299 1160.886750  2135
 2300 1837.063038  1672
 2301 33.356688  1287
 2302 246.877057    79
 2303 2637.174790  2739
 2304 1883.270923  4069
 2305 44.206097   115
 2306 2552.489420  2155
 2307 5722.387416  4811
 2308 3389.910422  3667
 2309 1168.320722  3522
 2310 1444.580395  1995
 2311 129.453841     4
 2312 631.330729  2914
 2313 1017.296094  1696
 2314 2789.377763  4881
 2315 818.692180  4182
 2316 229.091762  2698
 2317 379.854327  1459
 2318 1436.979651  2459
 2319 1408.756155  1391
 2320 1739.325187  4871
 2321 617.840354  1388
 2322 3577.227372  4001
 2323 5117.685415  3550
 2324 1131.153327  2213
 2325 1179.686084  3229
 2326 1858.488706  4562
 2327 430.993554  4397
 2328 632.576308  2555
 2329 1388.167309  1233
 2330 2141.055069  4903
 2331 3333.807488  4916
 2332 2637.619199  3956
 2333 1443.833218  2868
 2334 274.866326  2905
 2335 110.688077  1550
 2336 2549.915309  3216
 2337 1365.031707  3825
 2338 41.627169   702
 2339 826.132138  3818
 2340 208.703460   913
 2341 2951.990356  2642
 2342 127.656919   470
 2343 646.870539  1169
 2344 1140.373757  1977
 2345 3014.326330  2255
 2346 51.334933  1676
 2347 286.518995  4142
 2348 100.881003  2281
 2349 573.972121  2750
 2350 4291.186940  1815
 2351 908.818412  2751
 2352 2412.472661  2428
 2353 884.340142  3003
 2354 237.705953   209
 2355 599.085794  1135
 2356 68.680535   195
 2357 211.070636   516
 2358 1877.333013  3583
 2359 3242.542693  4029
 2360 205.942126   313
 2361 2774.112051  4852
 2362 701.568953  1919
 2363 1099.792534   644
 2364 878.595578   926
 2365 773.470733  2466
 2366 1374.095893  3480
 2367 144.583987  4544
 2368 1131.189549  2929
 2369 1030.704352  3685
 2370 400.363845   115
 2371 68.556173  1418
 2372 3352.204411  3047
 2373 149.148487   894
 2374 432.740183  4351
 2375 4561.125754  4784
 2376 544.339810  1120
 2377 2977.253252  4266
 2378 1549.165802  3050
 2379 707.123618  1356
 2380 433.159355  3120
 2381 2133.284817  3603
 2382 3179.390758  2915
 2383 2110.935618  3583
 2384 275.255470    75
 2385 1787.706101  2586
 2386 2872.277282  2380
 2387 693.484817   530
 2388 663.432598   498
 2389 341.441973  1938
 2390 941.263955  3246
 2391 431.786923  1217
 2392 1039.228446  1978
 2393 3222.729093  2852
 2394 1722.927259  2716
 2395 289.473836  1853
 2396 1107.653743  1155
 2397 60.632382   747
 2398 350.590462  1338
 2399 252.114756   724
 2400 2011.413348  1702
 2401 907.325975  1779
 2402 2125.041383  3614
 2403 2023.664710  3886
 2404 409.169635     8
 2405 1326.823370  1627
 2406 648.850312  3660
 2407 334.038954   839
 2408 1439.267071  3667
 2409 223.009199  2156
 2410 1277.894827  2919
 2411 289.580754  2588
 2412 1143.489444  2556
 2413 114.495305   221
 2414 5685.952669  4291
 2415 850.993377  2588
 2416 333.287361  4191
 2417 1288.194866  1477
 2418 2328.483270  2720
 2419 45.330544   924
 2420 230.867342  4774
 2421 3003.911909  4300
 2422 1170.774429  1993
 2423 630.216817  1295
 2424 1191.146534  4953
 2425 1843.278433  3333
 2426 1250.375309  1987
 2427 3916.142996  3105
 2428 890.565387  2655
 2429 357.386007  2092
 2430 3656.041840  4681
 2431 40.369325  2630
 2432 1502.011653  3970
 2433 537.903527  2528
 2434 1209.567147  1444
 2435 3614.030720  3611
 2436 3.652834  2817
 2437 691.699938  2294
 2438 1137.618583  2991
 2439 1944.078303  2960
 2440 1419.156107  3031
 2441 224.782550   330
 2442 1151.859212  4496
 2443 132.418101    81
 2444 1012.416622   808
 2445 4428.721857  3226
 2446 1810.632072  4347
 2447 62.340349   112
 2448 1371.459387  1076
 2449 552.127199  1201
 2450 26.185030  2801
 2451 1563.864520  4113
 2452 1610.394262  1892
 2453 3792.264847  4788
 2454 18.093017   173
 2455 2016.543636  2250
 2456 98.781274  3130
 2457 382.868691   988
 2458 1167.759458  2567
 2459 2549.723812  3452
 2460 181.013002   365
 2461 727.298057   385
 2462 270.939254   834
 2463 2262.807947  4498
 2464 580.635535  1457
 2465 2105.413890  4856
 2466 703.994296  1640
 2467 420.370129  3125
 2468 3580.634328  4189
 2469 3350.465139  1689
 2470 1833.344392  3125
 2471 2765.384007  3145
 2472 370.320584  2230
 2473 120.523898  1927
 2474 1611.042093  3120
 2475 1405.759597  2808
 2476 291.385118  1321
 2477 391.922380   148
 2478 1286.776782  4942
 2479 1003.566804   913
 2480 1664.658481  3750
 2481 2490.330757  3073
 2482 2360.780610  3257
 2483 159.463574  1293
 2484 1443.805941  2760
 2485 414.961262   607
 2486 2531.260778  3542
 2487 195.990099    14
 2488 19.133006  4400
 2489 392.209118    93
 2490 171.464227   388
 2491 3021.966002  3819
 2492 1932.409354  1978
 2493 700.858107  1870
 2494 1361.455202  1880
 2495 368.732378  1236
 2496 338.376858  2855
 2497 611.965048  3678
 2498 557.925688  1062
 2499 2943.113255  4447
 2500 1831.965396  4561
