200
    1 2505.527330     1
    2 15011.127242 16119
    3 10238.495974 12552
    4 581.886986   739
    5 841.263171  7863
    6 10485.118037  7605
    7 3697.046036  6186
    8 1480.880998  2670
    9 2333.035406 10557
   10 1824.714284  5019
   11 1749.561673  1402
   12 3735.424723   914
   13 9991.095558  7882
   14 39.641052   490
   15 1678.704646  5438
   16 6565.777346 18433
   17 1357.084412  1631
   18 488.262274  2080
   19 8640.001607 16863
   20 3495.523049  3698
   21 181.591459   605
   22 473.669480  1611
   23 936.082408   525
   24 8.623535  3810
   25 10186.370016 19328
   26 10893.689586 19455
   27 3885.857140 10096
   28 4765.088564 12788
   29 985.412776  2939
   30 7410.503732  8515
   31 3253.821113 14956
   32 16557.282342 18649
   33 18405.886414 17041
   34 239.138606 14086
   35 3216.806360  3215
   36 4533.984087 10763
   37 7243.872548 14573
   38 1074.630809  2063
   39 5436.229987  4699
   40 3069.798239 18419
   41 1573.406737  1823
   42 1827.692488  4594
   43 11457.457122 15275
   44 15492.124624 15882
   45 10212.534001 14868
   46 8494.464124 12158
   47 1718.400726  1059
   48 2113.727773  3645
   49 13622.635398 12208
   50 1213.611302  6995
   51 2503.910081  2904
   52 5479.903654  9961
   53 469.033344   395
   54 6418.556380 16497
   55 10717.794561 14425
   56 2460.522031  7654
   57 2920.479931  4613
   58 6151.192323 10443
   59 3478.915527  4985
   60 481.131561  2593
   61 2925.457069 10343
   62 4912.830654 11451
   63 4864.160468  5690
   64 4787.270586 18401
   65 3182.472194  2104
   66 2145.468185 14223
   67 5894.769448 17016
   68 3583.521566 10634
   69 4630.256040  7064
   70 1907.751261  5953
   71 777.413218  1647
   72 1671.159858  5568
   73 3983.890667 12445
   74 4195.531380 18628
   75 3034.785506  1257
   76 5488.275903 14979
   77 6966.154051 14887
   78 4242.973129  3258
   79 513.386662  2568
   80 4144.909163  2553
   81 1614.377550  2082
   82 7514.429010  7074
   83 3743.890317 15949
   84 6657.769717 12106
   85 2237.344423  3544
   86 666.515777  6255
   87 1890.793898  3714
   88 4551.498835 18149
   89 58.193802   240
   90 1867.553161  9012
   91 2018.757718   842
   92 5513.776054  6271
   93 6739.386326  5863
   94 764.832409  3772
   95 10958.055041  7651
   96 4579.497667 18587
   97 3016.880551 15497
   98 10214.937455 11222
   99 1676.475263 11573
  100 18277.698758 12037
  101 6979.490708 10828
  102 1680.677814  1837
  103 1101.043414  2746
  104 3198.305079  3225
  105 11424.949347 10314
  106 23776.816033 19317
  107 1223.808007 13962
  108 629.371777  8545
  109 2871.249686  3513
  110 990.463048  2081
  111 1739.370630  2017
  112 1450.454044 13467
  113 3591.755959  7528
  114 8322.585223 11922
  115 5338.296079 10127
  116 68.313522   984
  117 5351.941796  8792
  118 922.040613  2698
  119 1117.150196  1213
  120 1384.868006 10945
  121 767.607140 19028
  122 1401.512666  8735
  123 3380.885313 11927
  124 3680.227558  2549
  125 1561.657044 11951
  126 4132.562231 10058
  127 3498.947424 16634
  128 7090.686499 10061
  129 7489.630466 18009
  130 4220.956397 19487
  131 3255.093554  8283
  132 226.274899  4384
  133 2480.362206  4765
  134 3112.976389 14456
  135 2869.554829  7953
  136 138.625534  1602
  137 1737.912542 14234
  138 2095.112639  3370
  139 2457.495526 16832
  140 1242.799133  3847
  141 4026.077583  6524
  142 313.609897 15512
  143 786.700884  8419
  144 2354.923785  1094
  145 1946.227397 13238
  146 4309.851550  6662
  147 384.754915 13525
  148 8875.897602 15672
  149 2990.366538 13759
  150 249.072993   294
  151 23.118702 10172
  152 2144.233053 15808
  153 1835.528484  1958
  154 10803.297820  9774
  155 2590.845993 11635
  156 2956.659617  9828
  157 1417.545674  1299
  158 12624.308081 10731
  159 133.540498  4435
  160 7109.651283  5722
  161 4911.577254  3195
  162 13184.813279 11887
  163 134.599329  3101
  164 3003.070017  2558
  165 4865.751893 14367
  166 5085.522092  3205
  167 4030.534198  7462
  168 8815.305594  4607
  169 380.532026  1250
  170 14927.526047 17861
  171 10769.795589 13695
  172 12967.369341 14490
  173 8206.681779  7429
  174 2430.973202 14435
  175 8071.174026 18848
  176 218.684003  5213
  177 12711.062660 14337
  178 2343.073860  2882
  179 1798.666897  1841
  180 3796.520613 16142
  181 338.745892  3905
  182 305.250550  8518
  183 8763.722991 16181
  184 2431.265796  4356
  185 372.911660  6201
  186 6754.802899  9703
  187 1271.720366  9235
  188 1545.105960  3731
  189 350.066840  7526
  190 795.771720 10594
  191 170.676218   258
  192 6138.467634  8869
  193 5490.489438 11140
  194 4060.178888 14025
  195 4520.340485 18352
  196 6976.206896 18660
  197 1140.254503 17350
  198 2449.588852  4250
  199 6244.147587 13231
  200 156.508704 16020
