100
    1 410.926268     1
    2 205.625200  2552
    3 1002.322869  2863
    4 731.230464  1186
    5 1.001813   557
    6 461.952700  1402
    7 176.842812  2882
    8 1277.919409   438
    9 491.363140  1631
   10 316.211168  1863
   11 870.920187   605
   12 1267.971276   525
   13 17.981715  4328
   14 1425.217912    96
   15 1773.914320  2939
   16 721.737874  4956
   17 4248.251454  2041
   18 436.173526  3215
   19 1789.315161  4573
   20 56.504082  4699
   21 1039.425390  1823
   22 26.412819   275
   23 152.793910  4868
   24 305.871498  1059
   25 466.755931  2208
   26 3016.230619  2904
   27 412.642447   395
   28 1938.893267  4425
   29 224.728209  4613
   30 773.192726  4985
   31 15.517055   343
   32 1689.010353   690
   33 3630.279969  2104
   34 128.566187  2016
   35 381.281908  2064
   36 10.262113  1647
   37 110.207555  2445
   38 270.456711  1257
   39 2207.980626  4887
   40 1646.286500  2568
   41 1518.795054  2082
   42 1023.905693   949
   43 351.549424  3544
   44 403.921192  3714
   45 1183.548050   240
   46 886.696690   842
   47 2237.559012   863
   48 2040.672794  2651
   49 40.063889   497
   50 1014.273077  1573
   51 2126.134993   828
   52 1686.218088  2746
   53 1208.633018   314
   54 1939.657536  3962
   55 1233.879508  3513
   56 1145.784023  2017
   57 72.097345  2528
   58 500.133488   127
   59 1791.679031  3792
   60 658.820004  1213
   61 1195.708964  4028
   62 2215.771566  1927
   63 24.748172  1951
   64 24.557210  1634
   65 1182.714139  3009
   66 551.343422  3283
   67 458.180844  4765
   68 1716.767721  2953
   69 4282.238004  4234
   70 1843.173450  1832
   71 89.504603  1524
   72 563.542229  3419
   73 764.853806  3238
   74 192.766484  3525
   75 238.253752  3759
   76 131.313634   172
   77 2874.162445  1958
   78 952.454708  1635
   79 169.443635  1299
   80 245.508813  4435
   81 334.159316  3195
   82 1417.632373  3101
   83 1979.363543  4367
   84 3397.902973  2462
   85 446.819921  1250
   86 1447.522920  3695
   87 10.204737  2429
   88 62.408692  3848
   89 1837.763314  4337
   90 1103.592549  1841
   91 1206.919955  3905
   92 2789.535238  1181
   93 3154.942375  1201
   94 736.625997  4235
   95 244.432373  2526
   96 675.388406   258
   97 2193.305319  1140
   98 1975.852751  3352
   99 723.194412  2350
  100 15.007032  3231
