50
    1 5.661698     1
    2 14.951713    52
    3 0.949517    63
    4 15.063521    86
    5 2.480485    57
    6 0.361827     2
    7 91.625489    82
    8 24.763226    38
    9 36.581055    31
   10 65.520935    63
   11 7.605535     5
   12 4.419314    25
   13 16.939613    28
   14 32.461934    96
   15 2.297488    39
   16 7.157480    56
   17 27.332725    41
   18 8.481539    15
   19 60.433334    73
   20 3.302673    99
   21 28.441221    23
   22 60.151602    75
   23 30.640621    68
   24 18.821050    59
   25 22.307773     8
   26 27.497642     4
   27 37.257112    95
   28 66.133871    25
   29 19.037642    13
   30 6.219674    85
   31 19.725955    43
   32 0.246953    90
   33 4.747850     4
   34 11.199163    16
   35 53.678030    64
   36 2.609306    47
   37 6.546788    45
   38 42.576828    57
   39 21.938697    87
   40 48.109125    68
   41 57.641100    82
   42 3.826675    49
   43 22.127459    44
   44 25.405635    14
   45 6.498664    40
   46 32.474753    42
   47 15.854903    63
   48 40.300973    51
   49 5.156038    97
   50 35.006316    73
