100
    1 294.876550     1
    2 632.667307  2552
    3 1947.904141  2863
    4 2850.747429  1186
    5 16.109889   557
    6 252.753230  1402
    7 58.658526  2882
    8 1730.887586   438
    9 46.394772  1631
   10 255.042934  1863
   11 452.232131   605
   12 1568.938828   525
   13 2434.554325  4328
   14 900.747632    96
   15 518.212973  2939
   16 1453.783337  4956
   17 503.655246  2041
   18 407.237409  3215
   19 815.904832  4573
   20 1407.725354  4699
   21 1442.321816  1823
   22 36.656783   275
   23 1878.942263  4868
   24 2410.015111  1059
   25 819.215069  2208
   26 2786.469872  2904
   27 1090.888548   395
   28 788.348566  4425
   29 168.919283  4613
   30 409.219358  4985
   31 242.854609   343
   32 437.744448   690
   33 348.090905  2104
   34 121.368326  2016
   35 834.097358  2064
   36 375.760737  1647
   37 673.602038  2445
   38 4005.416008  1257
   39 38.239762  4887
   40 1217.051422  2568
   41 2243.945985  2082
   42 1542.446306   949
   43 488.079502  3544
   44 692.326367  3714
   45 2671.281865   240
   46 590.501236   842
   47 2936.084333   863
   48 96.677641  2651
   49 473.950739   497
   50 648.816654  1573
   51 1387.235251   828
   52 1011.070401  2746
   53 318.909637   314
   54 700.547462  3962
   55 472.566680  3513
   56 2245.207205  2017
   57 530.887035  2528
   58 1059.658772   127
   59 648.476446  3792
   60 5.422999  1213
   61 389.342402  4028
   62 1250.787888  1927
   63 17.542665  1951
   64 73.875850  1634
   65 1988.254667  3009
   66 226.480780  3283
   67 2180.244068  4765
   68 1045.184380  2953
   69 2291.167349  4234
   70 1664.021566  1832
   71 114.084807  1524
   72 188.880991  3419
   73 173.528252  3238
   74 66.800803  3525
   75 115.686879  3759
   76 706.572545   172
   77 19.274535  1958
   78 1385.947377  1635
   79 142.643403  1299
   80 484.425337  4435
   81 812.414525  3195
   82 393.541542  3101
   83 38.395413  4367
   84 578.073464  2462
   85 2468.327703  1250
   86 1528.187646  3695
   87 2098.161391  2429
   88 58.777008  3848
   89 2357.447762  4337
   90 140.501389  1841
   91 180.728287  3905
   92 271.967677  1181
   93 960.904142  1201
   94 1035.025282  4235
   95 571.226745  2526
   96 215.759180   258
   97 2356.074563  1140
   98 2666.555020  3352
   99 1435.253884  2350
  100 931.592128  3231
