200
    1 4058.917208     1
    2 527.728851 12552
    3 857.500481  7863
    4 937.415395  6186
    5 1674.174193 10557
    6 335.821366  1402
    7 536.551768  7882
    8 1416.424426  5438
    9 676.887441  1631
   10 379.830217 16863
   11 281.758642   605
   12 543.758114   525
   13 13723.033404 19328
   14 6508.552826 10096
   15 5365.350136  2939
   16 4498.816968 14956
   17 9054.288304 17041
   18 6500.763246  3215
   19 1265.706848 14573
   20 6372.558696  4699
   21 94.730227  1823
   22 4269.055853 15275
   23 1998.472159 14868
   24 146.941371  1059
   25 1587.475142 12208
   26 1278.118376  2904
   27 1988.243016   395
   28 2360.337836 14425
   29 474.096239  4613
   30 979.076943  4985
   31 5484.507720 10343
   32 9622.144694  5690
   33 10771.380921  2104
   34 6884.054902 17016
   35 5845.525225  7064
   36 4598.374826  1647
   37 9816.848971 12445
   38 2036.847622  1257
   39 1361.735754 14887
   40 1322.832500  2568
   41 1040.005367  2082
   42 3099.511371 15949
   43 790.463602  3544
   44 17188.511248  3714
   45 3737.391894   240
   46 6879.644110   842
   47 690.575190  5863
   48 2359.404685  7651
   49 1338.045777 15497
   50 13429.201359 11573
   51 91.385651 10828
   52 278.215914  2746
   53 9122.645023 10314
   54 4801.051699 13962
   55 305.570883  3513
   56 5951.463982  2017
   57 8377.983116  7528
   58 735.536061 10127
   59 424.701576  8792
   60 9246.436597  1213
   61 2500.590569 19028
   62 282.926870 11927
   63 5858.541348 11951
   64 233.013740 16634
   65 3448.216560 18009
   66 937.631285  8283
   67 4618.876714  4765
   68 548.622041  7953
   69 1254.679530 14234
   70 3922.156130 16832
   71 850.701456  6524
   72 139.772426  8419
   73 2648.524328 13238
   74 4081.704687 13525
   75 72.618726 13759
   76 826.673481 10172
   77 680.219832  1958
   78 2874.868495 11635
   79 5305.986658  1299
   80 3487.162362  4435
   81 7613.901530  3195
   82 865.781206  3101
   83 2242.833398 14367
   84 103.854716  7462
   85 3716.652321  1250
   86 7809.593245 13695
   87 3072.219262  7429
   88 462.638336 18848
   89 327.086741 14337
   90 123.025606  1841
   91 2781.968875  3905
   92 403.523606 16181
   93 4049.448377  6201
   94 2542.599094  9235
   95 7278.148171  7526
   96 1650.380689   258
   97 178.682945 11140
   98 370.246270 18352
   99 1240.290940 17350
  100 3745.626911 13231
  101 964.438317  6709
  102 1586.793501    93
  103 102.595919 10824
  104 2667.291676   814
  105 8504.429922  9021
  106 7050.121664  1080
  107 3500.802005  3377
  108 1940.237468  3611
  109 267.493086  1281
  110 262.341305 19243
  111 602.510503 12350
  112 1439.731304  6331
  113 1232.362969 11527
  114 12703.798504  8488
  115 1368.032140 12613
  116 13755.718424  5599
  117 5786.017385 12552
  118 293.650694 14764
  119 6703.839384  1817
  120 13462.595976 18720
  121 5017.843205 10876
  122 9754.415895  1854
  123 3083.401806  6725
  124 1335.860719   546
  125 13194.277815 16403
  126 9179.151669 12558
  127 2270.075842 19437
  128 2533.836560 12051
  129 1489.333516 12728
  130 281.277157 12216
  131 4102.906119 19666
  132 381.810783    74
  133 2104.256559  5870
  134 5354.679162  6240
  135 15361.647808  3404
  136 4084.522233 13066
  137 12234.875055 13236
  138 2870.537741 13974
  139 3927.018513  6575
  140 2183.999439   702
  141 3173.693402 13859
  142 418.662051  3409
  143 4942.521354  5705
  144 137.408334 14460
  145 730.864408 16428
  146 1745.119945  6421
  147 845.394069   799
  148 457.304373  5828
  149 4507.244592   348
  150 640.228171 14927
  151 1278.696610  5717
  152 1290.284389 14176
  153 5413.902901 13369
  154 1360.786894  4629
  155 17202.036208 18117
  156 675.425564  6851
  157 3088.421340  9251
  158 5824.003910 15560
  159 745.780536  5572
  160 5259.366603 13900
  161 901.519841 19542
  162 361.434529  3379
  163 75.182312 18562
  164 308.911083  3554
  165 860.826115  4068
  166 2607.127190  4587
  167 1409.418434  4200
  168 2245.413702 12150
  169 4390.074347  3870
  170 593.914683 17518
  171 3071.699430 12985
  172 4263.974848 14598
  173 1868.279124 14057
  174 94.094475  6694
  175 5105.696086 15891
  176 1846.346893  2742
  177 7704.124673 11434
  178 248.533240 10565
  179 1232.421592 11021
  180 3242.051725  9654
  181 4584.129633 11837
  182 3556.073101 13672
  183 6184.957033  4952
  184 9376.625025  6785
  185 5087.496647  6455
  186 4637.620687 19030
  187 10092.080569 19648
  188 864.197809  7257
  189 240.663367  6729
  190 10001.917602 13760
  191 525.836340  4618
  192 5790.368903  4846
  193 3135.421382  9565
  194 4080.015294 18720
  195 1221.461326 18229
  196 7463.986840  8694
  197 6471.453135  5816
  198 5537.396891 17659
  199 12228.465055 14651
  200 3686.384836 16147
