100
    1 535.884906     1
    2 679.503575  2552
    3 289.904027  2863
    4 1411.289888  1186
    5 2.139798   557
    6 145.306048  1402
    7 31.007972  2882
    8 2704.915957   438
    9 1075.549927  1631
   10 103.911801  1863
   11 1569.596936   605
   12 971.577878   525
   13 1499.643790  4328
   14 510.342493    96
   15 389.689767  2939
   16 1406.325351  4956
   17 1448.220892  2041
   18 100.642554  3215
   19 1003.347161  4573
   20 1817.783535  4699
   21 2150.403619  1823
   22 147.614692   275
   23 442.875003  4868
   24 922.434581  1059
   25 1818.286373  2208
   26 59.517741  2904
   27 992.091619   395
   28 576.417077  4425
   29 89.024397  4613
   30 952.279216  4985
   31 233.205249   343
   32 885.144024   690
   33 1276.877002  2104
   34 432.661818  2016
   35 7.451590  2064
   36 60.487673  1647
   37 63.985725  2445
   38 152.863891  1257
   39 1478.944922  4887
   40 683.908351  2568
   41 1646.115598  2082
   42 271.988094   949
   43 214.483313  3544
   44 1074.476655  3714
   45 1272.548432   240
   46 826.628551   842
   47 2721.597486   863
   48 30.554171  2651
   49 242.445252   497
   50 1038.626961  1573
   51 941.484474   828
   52 3732.790999  2746
   53 271.149157   314
   54 17.788074  3962
   55 478.868422  3513
   56 1641.086295  2017
   57 913.853987  2528
   58 146.249981   127
   59 4000.673714  3792
   60 92.243513  1213
   61 259.859262  4028
   62 2076.398247  1927
   63 14.660643  1951
   64 3.414684  1634
   65 369.945317  3009
   66 1695.622468  3283
   67 1364.002690  4765
   68 818.143889  2953
   69 261.007110  4234
   70 100.107949  1832
   71 79.026699  1524
   72 339.912358  3419
   73 885.183305  3238
   74 45.397160  3525
   75 82.421271  3759
   76 710.993343   172
   77 1201.882042  1958
   78 1977.522435  1635
   79 365.730923  1299
   80 21.685311  4435
   81 32.192434  3195
   82 2177.090565  3101
   83 950.907763  4367
   84 295.591841  2462
   85 2990.596651  1250
   86 2107.305808  3695
   87 2334.008724  2429
   88 117.357798  3848
   89 1861.955351  4337
   90 457.270157  1841
   91 480.090419  3905
   92 1298.394731  1181
   93 1924.697489  1201
   94 1557.019985  4235
   95 28.065287  2526
   96 120.682925   258
   97 2025.917758  1140
   98 241.441041  3352
   99 1255.698984  2350
  100 285.204427  3231
