50
    1 5.509191     1
    2 10.656170    52
    3 0.586247    63
    4 0.941785    86
    5 7.414808    57
    6 0.891511     2
    7 49.717435    82
    8 4.175768    38
    9 29.613990    31
   10 86.692704    63
   11 12.101632     5
   12 2.211156    25
   13 10.738672    28
   14 31.376131    96
   15 6.977461    39
   16 23.481826    56
   17 51.253666    41
   18 7.701989    15
   19 16.057188    73
   20 6.088165    99
   21 54.953704    23
   22 49.592855    75
   23 69.427746    68
   24 14.766873    59
   25 31.086906     8
   26 68.193327     4
   27 25.319796    95
   28 45.824317    25
   29 62.564625    13
   30 45.266493    85
   31 2.263992    43
   32 0.634223    90
   33 6.911431     4
   34 4.428706    16
   35 0.587745    64
   36 23.751733    47
   37 5.362512    45
   38 54.226590    57
   39 10.487029    87
   40 24.154416    68
   41 0.651993    82
   42 5.480796    49
   43 16.669345    44
   44 9.947764    14
   45 1.609039    40
   46 19.312931    42
   47 45.125675    63
   48 64.220215    51
   49 10.299740    97
   50 11.510566    73
