50
    1 12.375511     1
    2 7.639184    52
    3 1.266863    63
    4 32.269115    86
    5 6.604213    57
    6 12.387159     2
    7 97.812263    82
    8 9.025192    38
    9 16.719552    31
   10 9.453051    63
   11 3.503050     5
   12 2.349405    25
   13 66.365623    28
   14 66.758321    96
   15 3.737448    39
   16 17.597651    56
   17 0.192842    41
   18 0.181783    15
   19 30.167058    73
   20 1.464966    99
   21 28.774079    23
   22 43.182455    75
   23 35.334747    68
   24 10.379590    59
   25 12.744187     8
   26 18.393744     4
   27 32.577223    95
   28 37.109739    25
   29 28.741272    13
   30 63.766246    85
   31 47.812636    43
   32 0.470926    90
   33 3.280905     4
   34 24.558224    16
   35 5.042291    64
   36 0.791468    47
   37 3.543848    45
   38 49.964621    57
   39 0.221600    87
   40 33.703161    68
   41 1.408227    82
   42 0.847551    49
   43 1.815505    44
   44 37.847399    14
   45 5.704208    40
   46 73.049136    42
   47 82.414964    63
   48 26.109635    51
   49 2.961852    97
   50 28.474686    73
