100
    1 144.008650     1
    2 66.395374  2552
    3 411.441441  2863
    4 307.804171  1186
    5 1.627865   557
    6 198.230146  1402
    7 360.053738  2882
    8 882.732703   438
    9 890.174578  1631
   10 2002.653237  1863
   11 1154.801180   605
   12 640.434718   525
   13 191.658102  4328
   14 870.400585    96
   15 296.995244  2939
   16 4708.768903  4956
   17 1263.648402  2041
   18 84.212819  3215
   19 2482.126499  4573
   20 1973.247404  4699
   21 905.189935  1823
   22 683.583779   275
   23 279.196955  4868
   24 1452.896017  1059
   25 1370.943676  2208
   26 558.938370  2904
   27 466.523450   395
   28 933.907830  4425
   29 35.903448  4613
   30 486.702899  4985
   31 199.211035   343
   32 273.617411   690
   33 2474.882940  2104
   34 816.564802  2016
   35 405.026481  2064
   36 154.739029  1647
   37 1320.050673  2445
   38 1042.082855  1257
   39 2262.052977  4887
   40 329.600951  2568
   41 177.283848  2082
   42 269.931040   949
   43 425.386937  3544
   44 797.986665  3714
   45 4605.357782   240
   46 366.989151   842
   47 2606.676946   863
   48 2029.532159  2651
   49 145.796431   497
   50 181.536416  1573
   51 53.150547   828
   52 1119.203637  2746
   53 140.843603   314
   54 1602.928663  3962
   55 477.747385  3513
   56 2776.686081  2017
   57 360.846703  2528
   58 4.464529   127
   59 480.245039  3792
   60 316.415383  1213
   61 1464.549706  4028
   62 587.786124  1927
   63 50.382405  1951
   64 13.536385  1634
   65 652.862252  3009
   66 1159.538341  3283
   67 963.569624  4765
   68 398.796862  2953
   69 2612.384832  4234
   70 110.463679  1832
   71 260.469770  1524
   72 232.935385  3419
   73 161.960629  3238
   74 536.988354  3525
   75 10.130589  3759
   76 77.200392   172
   77 955.559266  1958
   78 2964.028493  1635
   79 48.083131  1299
   80 444.733994  4435
   81 166.856453  3195
   82 891.798829  3101
   83 107.674164  4367
   84 905.776782  2462
   85 710.707887  1250
   86 2694.976566  3695
   87 5423.691157  2429
   88 78.063553  3848
   89 467.246105  4337
   90 346.088370  1841
   91 3264.459833  3905
   92 3619.999317  1181
   93 2650.081652  1201
   94 454.428090  4235
   95 277.816298  2526
   96 1923.162214   258
   97 2265.118126  1140
   98 171.045684  3352
   99 2708.081311  2350
  100 259.427922  3231
