200
    1 427.855443     1
    2 185.236573 12552
    3 9432.614281  7863
    4 21.538972  6186
    5 491.258290 10557
    6 719.267097  1402
    7 140.674161  7882
    8 301.792590  5438
    9 647.950245  1631
   10 653.426315 16863
   11 1074.163704   605
   12 408.633870   525
   13 9273.270381 19328
   14 1663.597799 10096
   15 1681.689524  2939
   16 4244.234645 14956
   17 11252.245382 17041
   18 3316.013859  3215
   19 909.696946 14573
   20 4205.379377  4699
   21 4268.168121  1823
   22 13989.206687 15275
   23 1202.997880 14868
   24 2347.825965  1059
   25 1592.874664 12208
   26 1210.406999  2904
   27 14611.122019   395
   28 3433.097759 14425
   29 9933.626927  4613
   30 2073.885329  4985
   31 5319.305105 10343
   32 4286.754272  5690
   33 1606.777815  2104
   34 2102.841358 17016
   35 3978.519780  7064
   36 2898.850949  1647
   37 8381.648575 12445
   38 5040.625558  1257
   39 3143.238932 14887
   40 525.440919  2568
   41 1716.745091  2082
   42 8063.229109 15949
   43 9348.369632  3544
   44 10232.610550  3714
   45 1247.070746   240
   46 5192.015042   842
   47 954.404528  5863
   48 3950.495547  7651
   49 3956.563284 15497
   50 3632.093087 11573
   51 255.658305 10828
   52 1372.468481  2746
   53 2704.774655 10314
   54 1487.799188 13962
   55 395.819404  3513
   56 3419.054266  2017
   57 2921.844223  7528
   58 270.703367 10127
   59 1182.287502  8792
   60 10398.356876  1213
   61 18.937514 19028
   62 1103.654730 11927
   63 4145.508168 11951
   64 8979.890152 16634
   65 45.865088 18009
   66 1038.532794  8283
   67 1452.958973  4765
   68 290.609900  7953
   69 3392.983868 14234
   70 1193.858211 16832
   71 4775.401381  6524
   72 390.125487  8419
   73 5919.424060 13238
   74 5054.783095 13525
   75 109.110267 13759
   76 2621.185558 10172
   77 383.519954  1958
   78 4229.933473 11635
   79 7934.249612  1299
   80 1912.705296  4435
   81 5663.991286  3195
   82 1547.254148  3101
   83 3552.595987 14367
   84 2429.044149  7462
   85 3376.482621  1250
   86 2028.921472 13695
   87 4518.096806  7429
   88 2627.650958 18848
   89 1234.894010 14337
   90 6106.341265  1841
   91 7482.073293  3905
   92 4036.788872 16181
   93 2497.538652  6201
   94 2931.198309  9235
   95 3121.721590  7526
   96 15472.901426   258
   97 2923.386643 11140
   98 3390.890136 18352
   99 288.147754 17350
  100 3407.864300 13231
  101 1277.633432  6709
  102 5087.733440    93
  103 1398.758487 10824
  104 2743.238435   814
  105 2254.287526  9021
  106 8893.784929  1080
  107 2541.548315  3377
  108 267.232360  3611
  109 1790.116008  1281
  110 557.226606 19243
  111 7175.550541 12350
  112 15847.548219  6331
  113 1052.767520 11527
  114 5855.223481  8488
  115 484.337752 12613
  116 6435.380072  5599
  117 1238.991712 12552
  118 13251.981494 14764
  119 822.799171  1817
  120 3775.496844 18720
  121 1779.722803 10876
  122 11275.970566  1854
  123 2975.455686  6725
  124 4812.172682   546
  125 10971.745364 16403
  126 6335.533467 12558
  127 1622.468720 19437
  128 1370.514354 12051
  129 1357.383904 12728
  130 23.683847 12216
  131 184.379829 19666
  132 4371.583720    74
  133 3596.801522  5870
  134 7269.147053  6240
  135 9074.437639  3404
  136 1546.374546 13066
  137 6169.865534 13236
  138 1220.492564 13974
  139 7121.085805  6575
  140 1462.891927   702
  141 1594.857920 13859
  142 242.804513  3409
  143 5696.377984  5705
  144 1705.716149 14460
  145 4540.633343 16428
  146 405.461103  6421
  147 2479.789442   799
  148 1371.343215  5828
  149 1376.236990   348
  150 3162.830706 14927
  151 11229.329594  5717
  152 10429.539782 14176
  153 2616.899455 13369
  154 1058.738017  4629
  155 3780.493992 18117
  156 1353.216345  6851
  157 982.916683  9251
  158 3698.004000 15560
  159 4232.429396  5572
  160 3635.246965 13900
  161 519.651104 19542
  162 2940.849974  3379
  163 1581.838896 18562
  164 918.029777  3554
  165 2075.600645  4068
  166 347.205853  4587
  167 139.080351  4200
  168 4531.296556 12150
  169 9289.186282  3870
  170 1315.355786 17518
  171 7131.872053 12985
  172 6240.742411 14598
  173 735.138624 14057
  174 1197.879084  6694
  175 13461.846041 15891
  176 232.514315  2742
  177 1486.641952 11434
  178 656.566720 10565
  179 205.491384 11021
  180 2250.539566  9654
  181 3887.066433 11837
  182 146.345069 13672
  183 10146.849058  4952
  184 7097.254291  6785
  185 530.529836  6455
  186 2867.775123 19030
  187 998.255784 19648
  188 1890.415574  7257
  189 13615.292215  6729
  190 2512.493238 13760
  191 1005.508404  4618
  192 13451.111317  4846
  193 1571.530454  9565
  194 4099.314667 18720
  195 760.831847 18229
  196 6298.909179  8694
  197 9783.432583  5816
  198 3626.172547 17659
  199 1885.756783 14651
  200 2029.548262 16147
