100
    1 399.471611     1
    2 797.540823  2552
    3 810.892770  2863
    4 19.871502  1186
    5 3.869101   557
    6 229.046738  1402
    7 93.881393  2882
    8 165.981881   438
    9 579.284298  1631
   10 1867.514265  1863
   11 532.901271   605
   12 2599.479850   525
   13 1647.514757  4328
   14 1009.358303    96
   15 965.285167  2939
   16 3209.757981  4956
   17 2824.593078  2041
   18 504.723268  3215
   19 209.788868  4573
   20 999.529348  4699
   21 34.958187  1823
   22 57.179258   275
   23 1141.751217  4868
   24 2040.729425  1059
   25 1264.337372  2208
   26 4103.945365  2904
   27 708.124505   395
   28 231.449015  4425
   29 300.343414  4613
   30 27.140309  4985
   31 527.631749   343
   32 1969.940177   690
   33 2219.009345  2104
   34 31.282723  2016
   35 365.712819  2064
   36 52.647544  1647
   37 2206.309079  2445
   38 2454.441924  1257
   39 637.322943  4887
   40 1262.337187  2568
   41 795.333917  2082
   42 482.569643   949
   43 280.950433  3544
   44 2654.747617  3714
   45 918.599619   240
   46 381.092760   842
   47 1889.679118   863
   48 2771.035759  2651
   49 211.480091   497
   50 775.481646  1573
   51 37.317087   828
   52 993.952443  2746
   53 1355.918542   314
   54 1522.919361  3962
   55 1835.381165  3513
   56 2849.859661  2017
   57 1333.401300  2528
   58 147.293153   127
   59 1548.678385  3792
   60 63.097944  1213
   61 3104.658775  4028
   62 1518.125754  1927
   63 20.807232  1951
   64 57.638984  1634
   65 1761.657978  3009
   66 1981.385314  3283
   67 1919.287944  4765
   68 1163.881389  2953
   69 990.494191  4234
   70 941.979854  1832
   71 304.682863  1524
   72 440.259521  3419
   73 162.513646  3238
   74 105.111702  3525
   75 95.390987  3759
   76 12.652476   172
   77 144.806570  1958
   78 2437.331350  1635
   79 361.964237  1299
   80 102.073669  4435
   81 500.174012  3195
   82 1205.907334  3101
   83 1195.002861  4367
   84 1580.937614  2462
   85 26.774294  1250
   86 3211.201498  3695
   87 3161.783066  2429
   88 98.924460  3848
   89 1495.341336  4337
   90 122.034348  1841
   91 733.339051  3905
   92 2413.158510  1181
   93 4376.379452  1201
   94 1278.874049  4235
   95 108.713711  2526
   96 196.396744   258
   97 2163.628143  1140
   98 1589.007462  3352
   99 1230.880530  2350
  100 719.360156  3231
