200
    1 5846.898780     1
    2 302.137604 12552
    3 809.564744  7863
    4 143.051076  6186
    5 908.302484 10557
    6 19.824960  1402
    7 65.848267  7882
    8 19412.747150  5438
    9 651.794135  1631
   10 874.190417 16863
   11 144.531671   605
   12 488.233346   525
   13 541.701584 19328
   14 754.719416 10096
   15 4151.146623  2939
   16 12500.275970 14956
   17 5347.674059 17041
   18 9176.139451  3215
   19 7.747763 14573
   20 2311.772540  4699
   21 412.628181  1823
   22 9585.700049 15275
   23 5869.635607 14868
   24 2837.363512  1059
   25 4759.024925 12208
   26 7480.548282  2904
   27 11495.131628   395
   28 2442.117249 14425
   29 4341.201029  4613
   30 771.749629  4985
   31 10659.216786 10343
   32 11765.855274  5690
   33 2229.892206  2104
   34 3011.058197 17016
   35 464.232550  7064
   36 4968.263380  1647
   37 11727.887525 12445
   38 13827.210161  1257
   39 121.554267 14887
   40 299.217835  2568
   41 3685.725701  2082
   42 4128.439585 15949
   43 3897.622203  3544
   44 8521.853239  3714
   45 9823.236344   240
   46 548.317899   842
   47 1787.038800  5863
   48 8825.915977  7651
   49 8574.906729 15497
   50 7010.307284 11573
   51 810.354746 10828
   52 104.344453  2746
   53 227.382896 10314
   54 2130.032057 13962
   55 536.910969  3513
   56 13552.751393  2017
   57 147.353561  7528
   58 53.475703 10127
   59 1909.355941  8792
   60 6016.769035  1213
   61 2913.549344 19028
   62 1042.321930 11927
   63 3122.284578 11951
   64 956.133191 16634
   65 11373.460581 18009
   66 1361.336463  8283
   67 2798.545404  4765
   68 1261.164110  7953
   69 31.638514 14234
   70 1804.092776 16832
   71 6724.720171  6524
   72 9.495690  8419
   73 3184.674962 13238
   74 10744.404661 13525
   75 55.014562 13759
   76 3616.847671 10172
   77 2664.583799  1958
   78 9737.582098 11635
   79 6589.272956  1299
   80 3556.368845  4435
   81 1595.482771  3195
   82 583.591864  3101
   83 570.924352 14367
   84 2318.722473  7462
   85 5268.457770  1250
   86 2229.512090 13695
   87 9535.223733  7429
   88 937.333191 18848
   89 4306.910945 14337
   90 11857.952782  1841
   91 2824.432191  3905
   92 594.779352 16181
   93 4369.158998  6201
   94 898.668771  9235
   95 6113.788664  7526
   96 633.296268   258
   97 8706.916506 11140
   98 4779.785340 18352
   99 1329.350477 17350
  100 9882.123900 13231
  101 928.052589  6709
  102 893.081368    93
  103 207.277814 10824
  104 13372.328554   814
  105 841.531302  9021
  106 2900.302187  1080
  107 1232.682965  3377
  108 2104.489546  3611
  109 1743.545092  1281
  110 130.147677 19243
  111 5074.097422 12350
  112 7605.892881  6331
  113 1292.040989 11527
  114 6646.344788  8488
  115 11031.062225 12613
  116 4541.948594  5599
  117 760.562662 12552
  118 10799.132464 14764
  119 1471.824693  1817
  120 18036.039916 18720
  121 517.459225 10876
  122 5630.630357  1854
  123 1975.574124  6725
  124 2024.913774   546
  125 6511.127675 16403
  126 5429.998827 12558
  127 8160.032173 19437
  128 1263.468393 12051
  129 1202.812189 12728
  130 90.260482 12216
  131 2960.250835 19666
  132 760.013175    74
  133 2776.056858  5870
  134 1661.518974  6240
  135 7158.696185  3404
  136 79.039438 13066
  137 3614.734406 13236
  138 1030.734839 13974
  139 3114.665296  6575
  140 1115.992267   702
  141 16758.191936 13859
  142 437.892630  3409
  143 4283.107054  5705
  144 4733.419701 14460
  145 7374.592887 16428
  146 534.978535  6421
  147 1647.647373   799
  148 3126.637805  5828
  149 1669.630323   348
  150 5123.087683 14927
  151 1306.846278  5717
  152 1745.595529 14176
  153 10410.682369 13369
  154 4200.713667  4629
  155 12211.833290 18117
  156 1233.090431  6851
  157 2852.902794  9251
  158 2124.434078 15560
  159 11847.913806  5572
  160 2036.412781 13900
  161 1053.104318 19542
  162 88.564508  3379
  163 1633.008663 18562
  164 2335.446283  3554
  165 1777.400701  4068
  166 1404.057971  4587
  167 437.518743  4200
  168 68.590122 12150
  169 648.541242  3870
  170 5797.159951 17518
  171 7491.106996 12985
  172 1472.167984 14598
  173 17879.971356 14057
  174 54.845606  6694
  175 9416.608646 15891
  176 2553.165863  2742
  177 1813.657751 11434
  178 669.469250 10565
  179 2780.568063 11021
  180 1396.697861  9654
  181 1793.813186 11837
  182 4165.959598 13672
  183 555.586890  4952
  184 1488.912708  6785
  185 5428.525425  6455
  186 7286.105763 19030
  187 4665.488265 19648
  188 1057.682176  7257
  189 3972.336112  6729
  190 1137.708459 13760
  191 1281.166033  4618
  192 6374.656870  4846
  193 6092.116027  9565
  194 17932.007964 18720
  195 5691.519424 18229
  196 2809.086476  8694
  197 9616.387353  5816
  198 8524.672889 17659
  199 3138.517561 14651
  200 2644.028711 16147
