200
    1 14217.337572     1
    2 312.569099 12552
    3 3984.113310  7863
    4 40.450934  6186
    5 3222.790970 10557
    6 495.104487  1402
    7 273.123471  7882
    8 7639.468227  5438
    9 415.065891  1631
   10 4126.245500 16863
   11 347.359086   605
   12 1580.435164   525
   13 2452.252793 19328
   14 9872.784791 10096
   15 2615.273929  2939
   16 2962.096245 14956
   17 5820.236552 17041
   18 798.313024  3215
   19 769.017743 14573
   20 4480.654134  4699
   21 2974.518909  1823
   22 4363.426741 15275
   23 11066.994491 14868
   24 485.523170  1059
   25 1271.034900 12208
   26 1617.775226  2904
   27 5036.653749   395
   28 906.058052 14425
   29 1451.234279  4613
   30 221.600829  4985
   31 4802.208203 10343
   32 18763.168405  5690
   33 2290.527133  2104
   34 1320.586527 17016
   35 455.831706  7064
   36 1005.348776  1647
   37 13676.561163 12445
   38 4395.325589  1257
   39 1328.493245 14887
   40 1433.818913  2568
   41 2501.683345  2082
   42 1774.062742 15949
   43 1878.939774  3544
   44 622.058023  3714
   45 4024.122918   240
   46 4588.590035   842
   47 1317.501649  5863
   48 2234.622074  7651
   49 1231.238175 15497
   50 2436.826883 11573
   51 1041.999799 10828
   52 1064.513084  2746
   53 8618.057598 10314
   54 2647.816630 13962
   55 1486.576619  3513
   56 1747.540907  2017
   57 6118.824382  7528
   58 465.452086 10127
   59 167.342118  8792
   60 711.875911  1213
   61 11072.270400 19028
   62 551.578999 11927
   63 1532.815325 11951
   64 4177.212592 16634
   65 4109.062553 18009
   66 4269.460299  8283
   67 7023.459936  4765
   68 58.116551  7953
   69 77.061757 14234
   70 102.157291 16832
   71 5503.800533  6524
   72 409.092235  8419
   73 4386.375116 13238
   74 2518.072952 13525
   75 149.243579 13759
   76 1721.738040 10172
   77 3339.785691  1958
   78 2207.163848 11635
   79 2280.991191  1299
   80 374.719710  4435
   81 14269.625228  3195
   82 1575.995710  3101
   83 808.663045 14367
   84 2630.780694  7462
   85 11191.330070  1250
   86 7105.188058 13695
   87 11172.716264  7429
   88 140.095954 18848
   89 1996.678009 14337
   90 9950.718770  1841
   91 6128.229078  3905
   92 1549.286405 16181
   93 6148.028629  6201
   94 247.063259  9235
   95 4633.235035  7526
   96 7159.914429   258
   97 853.425422 11140
   98 11582.449365 18352
   99 1048.060146 17350
  100 59.736006 13231
  101 700.949136  6709
  102 1072.943585    93
  103 389.813352 10824
  104 2191.291660   814
  105 7791.651367  9021
  106 2135.077084  1080
  107 1340.415663  3377
  108 1442.490396  3611
  109 528.209918  1281
  110 167.371162 19243
  111 11345.998699 12350
  112 4972.088423  6331
  113 2504.304026 11527
  114 3953.572037  8488
  115 2798.440153 12613
  116 8544.479746  5599
  117 9614.451276 12552
  118 13767.110040 14764
  119 11181.048299  1817
  120 1693.928792 18720
  121 2310.465567 10876
  122 7090.783764  1854
  123 1665.067409  6725
  124 3174.376223   546
  125 20604.061958 16403
  126 3575.987260 12558
  127 3903.594659 19437
  128 1769.704993 12051
  129 418.381286 12728
  130 189.706089 12216
  131 14460.964760 19666
  132 5871.065301    74
  133 5322.266103  5870
  134 3629.739253  6240
  135 7360.817746  3404
  136 2926.215612 13066
  137 1470.507170 13236
  138 1728.678723 13974
  139 683.952072  6575
  140 791.645605   702
  141 7702.494800 13859
  142 347.913250  3409
  143 4179.344709  5705
  144 9128.927218 14460
  145 4439.795987 16428
  146 131.211813  6421
  147 703.191168   799
  148 487.906173  5828
  149 5547.335698   348
  150 641.377995 14927
  151 1012.400836  5717
  152 2915.149622 14176
  153 3298.361410 13369
  154 728.704817  4629
  155 12304.728994 18117
  156 517.068567  6851
  157 11898.003193  9251
  158 90.465628 15560
  159 5872.729916  5572
  160 1164.962114 13900
  161 756.766143 19542
  162 4679.460430  3379
  163 673.905548 18562
  164 61.461765  3554
  165 3321.103594  4068
  166 12019.217992  4587
  167 1009.691227  4200
  168 3639.928360 12150
  169 5264.709565  3870
  170 2814.146728 17518
  171 1232.592611 12985
  172 1197.985037 14598
  173 9761.703849 14057
  174 934.083760  6694
  175 10973.393863 15891
  176 6882.438606  2742
  177 2264.831491 11434
  178 523.976418 10565
  179 17088.731922 11021
  180 358.198152  9654
  181 4874.931487 11837
  182 2495.635255 13672
  183 1024.533841  4952
  184 3649.844788  6785
  185 5021.148370  6455
  186 326.679301 19030
  187 2986.669472 19648
  188 97.628199  7257
  189 1495.031643  6729
  190 1286.442306 13760
  191 298.628000  4618
  192 5838.460228  4846
  193 6066.928397  9565
  194 9650.796168 18720
  195 1806.457798 18229
  196 6032.970109  8694
  197 12978.543216  5816
  198 7344.193535 17659
  199 642.075319 14651
  200 1834.559639 16147
