200
    1 9476.687761     1
    2 712.703576 12552
    3 3226.162216  7863
    4 284.974652  6186
    5 9.853056 10557
    6 304.021324  1402
    7 152.551985  7882
    8 6573.807240  5438
    9 360.760382  1631
   10 758.142247 16863
   11 1864.631251   605
   12 114.547051   525
   13 5272.179387 19328
   14 1294.281692 10096
   15 662.486536  2939
   16 11137.887173 14956
   17 482.855633 17041
   18 2630.009597  3215
   19 301.032217 14573
   20 7668.464268  4699
   21 1913.232807  1823
   22 5078.742547 15275
   23 8975.832640 14868
   24 787.355243  1059
   25 6436.749502 12208
   26 3978.014798  2904
   27 2149.713971   395
   28 688.139120 14425
   29 440.859917  4613
   30 1815.266210  4985
   31 14564.107464 10343
   32 16611.110387  5690
   33 6534.662351  2104
   34 8719.590497 17016
   35 889.903908  7064
   36 831.353910  1647
   37 14722.723814 12445
   38 699.516993  1257
   39 700.331238 14887
   40 971.789294  2568
   41 1994.060015  2082
   42 7343.102019 15949
   43 2220.235158  3544
   44 892.218984  3714
   45 97.196801   240
   46 8136.424237   842
   47 513.898012  5863
   48 11050.119721  7651
   49 4880.998701 15497
   50 3306.645657 11573
   51 1057.639287 10828
   52 4029.334107  2746
   53 3775.259132 10314
   54 1283.201757 13962
   55 1390.057822  3513
   56 1656.676450  2017
   57 8676.033987  7528
   58 274.380306 10127
   59 1100.801890  8792
   60 6214.123281  1213
   61 997.677054 19028
   62 1051.094583 11927
   63 4298.792530 11951
   64 5213.100469 16634
   65 1839.592893 18009
   66 4116.954244  8283
   67 5106.023768  4765
   68 198.144082  7953
   69 2399.363499 14234
   70 725.750574 16832
   71 3632.164034  6524
   72 304.466660  8419
   73 1935.103652 13238
   74 6725.190877 13525
   75 12.806584 13759
   76 2201.398444 10172
   77 1028.808380  1958
   78 4814.793472 11635
   79 687.241151  1299
   80 5069.659532  4435
   81 3571.570007  3195
   82 126.236190  3101
   83 1455.591893 14367
   84 304.495013  7462
   85 2396.808191  1250
   86 811.004065 13695
   87 16990.666016  7429
   88 1706.659036 18848
   89 1619.606749 14337
   90 3443.016695  1841
   91 3969.698546  3905
   92 1743.398377 16181
   93 1827.562425  6201
   94 1699.816238  9235
   95 5337.147958  7526
   96 932.177383   258
   97 2118.278911 11140
   98 14036.874040 18352
   99 3217.359439 17350
  100 935.782638 13231
  101 51.747422  6709
  102 11289.595100    93
  103 268.003668 10824
  104 1490.022886   814
  105 5692.655334  9021
  106 5064.053755  1080
  107 7757.173590  3377
  108 252.365843  3611
  109 157.487875  1281
  110 74.409769 19243
  111 2501.242396 12350
  112 2557.763485  6331
  113 93.566305 11527
  114 4748.276892  8488
  115 9665.023848 12613
  116 13631.899639  5599
  117 4447.050052 12552
  118 13806.067619 14764
  119 9521.396396  1817
  120 8887.221783 18720
  121 6798.743686 10876
  122 3195.281877  1854
  123 1051.837310  6725
  124 3481.751190   546
  125 7744.684220 16403
  126 2524.771970 12558
  127 3610.594803 19437
  128 42.826305 12051
  129 1388.572148 12728
  130 143.331672 12216
  131 10756.036095 19666
  132 7862.312779    74
  133 1199.507795  5870
  134 10211.442168  6240
  135 3003.291986  3404
  136 5792.876112 13066
  137 1569.138775 13236
  138 2740.764867 13974
  139 5557.194146  6575
  140 1443.930187   702
  141 9559.234074 13859
  142 279.808663  3409
  143 6789.528465  5705
  144 4516.565964 14460
  145 485.197128 16428
  146 320.252999  6421
  147 190.982391   799
  148 2294.871584  5828
  149 973.710651   348
  150 8081.522883 14927
  151 5529.203451  5717
  152 464.003489 14176
  153 1550.397820 13369
  154 898.809545  4629
  155 9001.663910 18117
  156 629.084738  6851
  157 1243.073874  9251
  158 1502.531709 15560
  159 646.192729  5572
  160 1151.964337 13900
  161 650.058956 19542
  162 4333.030964  3379
  163 164.908583 18562
  164 3926.514935  3554
  165 367.603293  4068
  166 5397.214399  4587
  167 78.437684  4200
  168 4438.890347 12150
  169 565.149093  3870
  170 1418.865892 17518
  171 21251.795607 12985
  172 3056.744633 14598
  173 8558.120623 14057
  174 518.699229  6694
  175 4661.044140 15891
  176 3938.198680  2742
  177 2445.137167 11434
  178 97.503799 10565
  179 4384.355601 11021
  180 885.576794  9654
  181 4426.959158 11837
  182 1669.992152 13672
  183 2745.446708  4952
  184 8077.804257  6785
  185 12018.398679  6455
  186 2858.671291 19030
  187 1315.034671 19648
  188 825.915206  7257
  189 2289.483588  6729
  190 11452.101499 13760
  191 86.609377  4618
  192 8601.894488  4846
  193 3595.715650  9565
  194 651.565004 18720
  195 1143.715360 18229
  196 8813.610552  8694
  197 11574.675901  5816
  198 7745.666961 17659
  199 9059.190929 14651
  200 383.194259 16147
