200
    1 462.908096     1
    2 3199.578511 12552
    3 2030.992439  7863
    4 1742.170251  6186
    5 1735.449585 10557
    6 367.260217  1402
    7 2881.998205  7882
    8 2790.613053  5438
    9 1278.296996  1631
   10 1263.937996 16863
   11 8.624945   605
   12 0.766399   525
   13 2069.419045 19328
   14 917.593376 10096
   15 373.823880  2939
   16 6438.447712 14956
   17 9653.806839 17041
   18 1212.337329  3215
   19 8777.755476 14573
   20 5425.663230  4699
   21 12.424533  1823
   22 12685.555754 15275
   23 208.124661 14868
   24 236.229276  1059
   25 4036.781514 12208
   26 468.358601  2904
   27 0.896219   395
   28 1896.927032 14425
   29 1738.182568  4613
   30 2088.941115  4985
   31 2508.268081 10343
   32 2254.319482  5690
   33 1069.271237  2104
   34 4971.299188 17016
   35 4899.013373  7064
   36 52.345941  1647
   37 12820.288413 12445
   38 90.245915  1257
   39 2920.611828 14887
   40 577.657115  2568
   41 573.150848  2082
   42 305.584792 15949
   43 979.929945  3544
   44 496.529120  3714
   45 639.908057   240
   46 0.510415   842
   47 1900.362289  5863
   48 2852.393975  7651
   49 6881.888169 15497
   50 2132.432178 11573
   51 1209.359166 10828
   52 964.510636  2746
   53 3015.901109 10314
   54 5576.795404 13962
   55 1457.693789  3513
   56 169.726258  2017
   57 3792.939054  7528
   58 4619.639115 10127
   59 656.007649  8792
   60 194.236527  1213
   61 2772.919378 19028
   62 6803.151567 11927
   63 3293.588772 11951
   64 4127.073870 16634
   65 699.277889 18009
   66 2965.110925  8283
   67 358.778332  4765
   68 6909.766804  7953
   69 903.490182 14234
   70 5010.209042 16832
   71 362.475119  6524
   72 6208.882854  8419
   73 13666.600656 13238
   74 8827.772387 13525
   75 6855.648000 13759
   76 3260.462478 10172
   77 127.384898  1958
   78 1336.625401 11635
   79 0.626900  1299
   80 787.541180  4435
   81 1508.352933  3195
   82 703.553825  3101
   83 8631.610276 14367
   84 713.205147  7462
   85 36.402255  1250
   86 9944.606789 13695
   87 79.838611  7429
   88 5339.219619 18848
   89 3556.360731 14337
   90 425.801843  1841
   91 51.053119  3905
   92 6951.864464 16181
   93 1804.067062  6201
   94 6855.918314  9235
   95 1041.873124  7526
   96 588.377835   258
   97 3843.458054 11140
   98 1021.841143 18352
   99 5354.767969 17350
  100 7081.037735 13231
  101 6056.239843  6709
  102 0.153512    93
  103 3316.883695 10824
  104 0.494732   814
  105 3019.328254  9021
  106 0.074469  1080
  107 683.035420  3377
  108 472.290152  3611
  109 2356.690320  1281
  110 12461.587788 19243
  111 1488.975983 12350
  112 427.917214  6331
  113 3871.131972 11527
  114 1183.914173  8488
  115 3403.233548 12613
  116 221.729637  5599
  117 4033.523828 12552
  118 12303.272492 14764
  119 1236.759271  1817
  120 10082.644853 18720
  121 1778.867064 10876
  122 480.199300  1854
  123 664.138754  6725
  124 0.141504   546
  125 8447.772878 16403
  126 3999.377201 12558
  127 2519.827694 19437
  128 1980.776241 12051
  129 227.283788 12728
  130 6288.111863 12216
  131 7077.872567 19666
  132 156.588963    74
  133 1758.331222  5870
  134 1481.134304  6240
  135 2530.249176  3404
  136 7097.570103 13066
  137 12945.181131 13236
  138 8345.269407 13974
  139 560.919940  6575
  140 1017.720191   702
  141 5431.770603 13859
  142 892.367645  3409
  143 1859.282248  5705
  144 401.197578 14460
  145 1945.249177 16428
  146 560.062380  6421
  147 1259.522665   799
  148 189.965197  5828
  149 77.877964   348
  150 10328.750751 14927
  151 4754.484774  5717
  152 11500.876176 14176
  153 2080.972451 13369
  154 1106.640736  4629
  155 2423.203793 18117
  156 696.734717  6851
  157 8587.882816  9251
  158 3494.351934 15560
  159 1920.490529  5572
  160 5381.676581 13900
  161 2031.054706 19542
  162 3244.270372  3379
  163 4884.929950 18562
  164 1808.445656  3554
  165 2623.394719  4068
  166 902.023488  4587
  167 1685.722421  4200
  168 6819.373714 12150
  169 2226.683923  3870
  170 13106.716227 17518
  171 561.417716 12985
  172 3964.298122 14598
  173 496.827186 14057
  174 5594.440690  6694
  175 3901.417933 15891
  176 34.939634  2742
  177 2330.976173 11434
  178 422.173797 10565
  179 3698.563512 11021
  180 7779.591683  9654
  181 13.713883 11837
  182 471.295716 13672
  183 539.244773  4952
  184 5118.445865  6785
  185 514.209854  6455
  186 7343.041586 19030
  187 1717.626659 19648
  188 3274.398802  7257
  189 2675.570346  6729
  190 2535.848949 13760
  191 4322.011682  4618
  192 714.799165  4846
  193 2077.781233  9565
  194 7084.324337 18720
  195 8458.759291 18229
  196 1178.198428  8694
  197 721.017628  5816
  198 10510.477743 17659
  199 11258.674722 14651
  200 2721.596470 16147
