100
    1 0.818590     1
    2 880.251642  2552
    3 1220.645984  2863
    4 48.294795  1186
    5 190.507081   557
    6 515.603454  1402
    7 1184.633875  2882
    8 341.127252   438
    9 271.177264  1631
   10 148.506525  1863
   11 80.155966   605
   12 214.648865   525
   13 49.541593  4328
   14 0.328188    96
   15 759.218164  2939
   16 276.041444  4956
   17 509.335297  2041
   18 1252.641904  3215
   19 1252.651476  4573
   20 2411.558284  4699
   21 75.728559  1823
   22 249.201307   275
   23 3534.551916  4868
   24 107.696841  1059
   25 142.428447  2208
   26 75.322045  2904
   27 61.311907   395
   28 1258.015043  4425
   29 1763.670551  4613
   30 2127.691255  4985
   31 0.790227   343
   32 182.407852   690
   33 181.702672  2104
   34 736.719157  2016
   35 299.284157  2064
   36 246.032952  1647
   37 210.173178  2445
   38 316.733794  1257
   39 484.357007  4887
   40 153.093079  2568
   41 640.678935  2082
   42 350.194407   949
   43 487.633563  3544
   44 3411.482605  3714
   45 0.086490   240
   46 299.298197   842
   47 949.255800   863
   48 8.522279  2651
   49 242.475367   497
   50 1655.369185  1573
   51 427.298985   828
   52 2244.996765  2746
   53 185.596972   314
   54 1326.586619  3962
   55 225.896014  3513
   56 955.708593  2017
   57 362.721959  2528
   58 108.385783   127
   59 278.384937  3792
   60 197.993881  1213
   61 576.269845  4028
   62 1718.030829  1927
   63 91.300581  1951
   64 36.069213  1634
   65 599.389112  3009
   66 994.879163  3283
   67 170.594582  4765
   68 1380.930414  2953
   69 166.468917  4234
   70 435.216138  1832
   71 2213.055442  1524
   72 1517.056524  3419
   73 2230.270258  3238
   74 2011.748010  3525
   75 826.241406  3759
   76 139.192920   172
   77 141.815649  1958
   78 821.384242  1635
   79 444.681963  1299
   80 1445.115941  4435
   81 2040.282521  3195
   82 1561.806459  3101
   83 3368.071666  4367
   84 745.467378  2462
   85 55.570478  1250
   86 1219.762610  3695
   87 1592.425672  2429
   88 1373.440645  3848
   89 404.101847  4337
   90 1283.872644  1841
   91 1526.468237  3905
   92 866.788514  1181
   93 317.177847  1201
   94 2703.239843  4235
   95 1821.994154  2526
   96 182.114067   258
   97 988.416272  1140
   98 274.482412  3352
   99 130.189196  2350
  100 11.994819  3231
