200
    1 171.752531     1
    2 797.577013 12552
    3 7748.798064  7863
    4 3476.854393  6186
    5 774.834128 10557
    6 566.572976  1402
    7 480.998465  7882
    8 3983.535062  5438
    9 904.869841  1631
   10 9218.639819 16863
   11 9.328278   605
   12 0.071076   525
   13 168.657872 19328
   14 3416.384699 10096
   15 1784.221509  2939
   16 15199.892443 14956
   17 6512.417012 17041
   18 948.625005  3215
   19 4178.322918 14573
   20 3641.716739  4699
   21 758.996557  1823
   22 7038.548097 15275
   23 19315.223420 14868
   24 179.210852  1059
   25 3630.661858 12208
   26 692.622766  2904
   27 0.659823   395
   28 15757.782974 14425
   29 475.232141  4613
   30 1544.567767  4985
   31 5063.559503 10343
   32 1347.870931  5690
   33 63.175965  2104
   34 6567.902994 17016
   35 231.360355  7064
   36 48.457662  1647
   37 777.244331 12445
   38 467.614604  1257
   39 13298.548036 14887
   40 585.801829  2568
   41 139.320548  2082
   42 4851.863211 15949
   43 1089.509336  3544
   44 450.259668  3714
   45 34.887870   240
   46 0.126939   842
   47 1400.710259  5863
   48 3524.808536  7651
   49 5060.482285 15497
   50 4786.908377 11573
   51 7552.141786 10828
   52 1149.494015  2746
   53 2009.515769 10314
   54 6141.559503 13962
   55 2587.136468  3513
   56 1490.041819  2017
   57 520.015990  7528
   58 7446.156250 10127
   59 128.075480  8792
   60 372.495605  1213
   61 8864.136954 19028
   62 290.735338 11927
   63 6852.675069 11951
   64 2595.203932 16634
   65 3621.790615 18009
   66 2504.796941  8283
   67 762.988502  4765
   68 1291.425148  7953
   69 3459.457291 14234
   70 1053.310189 16832
   71 3055.778711  6524
   72 4430.251803  8419
   73 10119.083396 13238
   74 8753.074212 13525
   75 11758.218857 13759
   76 2485.015653 10172
   77 270.798674  1958
   78 5539.857666 11635
   79 0.480838  1299
   80 3676.281789  4435
   81 1050.782970  3195
   82 772.267288  3101
   83 5951.667282 14367
   84 754.188762  7462
   85 92.749204  1250
   86 3773.861034 13695
   87 998.839548  7429
   88 3857.618431 18848
   89 5527.873686 14337
   90 1868.291419  1841
   91 3390.882974  3905
   92 706.956284 16181
   93 2108.487735  6201
   94 4618.970654  9235
   95 3503.411487  7526
   96 64.078188   258
   97 3555.527162 11140
   98 4516.609111 18352
   99 2199.796599 17350
  100 6799.868973 13231
  101 1868.394794  6709
  102 0.006070    93
  103 3782.848015 10824
  104 0.915835   814
  105 6612.013071  9021
  106 0.461958  1080
  107 965.976830  3377
  108 840.732973  3611
  109 1884.593983  1281
  110 2105.961987 19243
  111 4404.608688 12350
  112 2985.859371  6331
  113 859.056357 11527
  114 1206.531523  8488
  115 4614.783343 12613
  116 1132.680734  5599
  117 512.897424 12552
  118 6257.725354 14764
  119 188.224912  1817
  120 10474.285660 18720
  121 5418.528999 10876
  122 146.648375  1854
  123 7020.354409  6725
  124 1.077447   546
  125 3830.533713 16403
  126 8812.821664 12558
  127 4908.580438 19437
  128 7144.240677 12051
  129 4128.646654 12728
  130 4402.219470 12216
  131 302.985406 19666
  132 255.963899    74
  133 4078.993851  5870
  134 2784.659444  6240
  135 2135.010742  3404
  136 7678.158681 13066
  137 4681.697943 13236
  138 1387.616056 13974
  139 1725.837110  6575
  140 1034.405806   702
  141 5607.997177 13859
  142 131.798441  3409
  143 4991.285756  5705
  144 2072.804907 14460
  145 8848.312492 16428
  146 732.813763  6421
  147 887.629725   799
  148 1842.523649  5828
  149 425.209562   348
  150 1605.187259 14927
  151 1287.309868  5717
  152 5963.875357 14176
  153 2175.971307 13369
  154 1600.057199  4629
  155 329.222449 18117
  156 145.078722  6851
  157 3496.549504  9251
  158 6858.599990 15560
  159 3544.586867  5572
  160 355.637362 13900
  161 4319.266890 19542
  162 664.221212  3379
  163 4294.258175 18562
  164 499.120302  3554
  165 3086.120440  4068
  166 3858.478371  4587
  167 160.309257  4200
  168 2295.404855 12150
  169 584.900629  3870
  170 201.261826 17518
  171 2802.432677 12985
  172 6865.481591 14598
  173 12561.670354 14057
  174 2658.206889  6694
  175 14692.842274 15891
  176 288.159833  2742
  177 2244.481626 11434
  178 4568.116022 10565
  179 2535.267209 11021
  180 10684.017098  9654
  181 2862.976902 11837
  182 3542.476924 13672
  183 863.431024  4952
  184 3189.874140  6785
  185 3821.562037  6455
  186 3213.588591 19030
  187 5769.857014 19648
  188 3399.484664  7257
  189 416.841159  6729
  190 12605.956168 13760
  191 2802.076376  4618
  192 669.590300  4846
  193 2341.527789  9565
  194 5118.144680 18720
  195 2884.209719 18229
  196 1957.265147  8694
  197 4519.308259  5816
  198 16372.428380 17659
  199 9011.538480 14651
  200 9679.484624 16147
