100
    1 0.110432     1
    2 800.435660  2552
    3 1733.836639  2863
    4 11.825827  1186
    5 121.249544   557
    6 1229.650838  1402
    7 1048.946302  2882
    8 199.488463   438
    9 1201.033471  1631
   10 1449.831270  1863
   11 230.284732   605
   12 96.514020   525
   13 1650.841894  4328
   14 0.541341    96
   15 2198.459290  2939
   16 1332.186408  4956
   17 1240.938186  2041
   18 445.723086  3215
   19 1839.097885  4573
   20 3734.572915  4699
   21 590.936858  1823
   22 527.251940   275
   23 995.578677  4868
   24 4.296511  1059
   25 1388.945755  2208
   26 854.397631  2904
   27 85.537435   395
   28 5265.033208  4425
   29 267.836038  4613
   30 1520.496163  4985
   31 2.372223   343
   32 179.397552   690
   33 379.596395  2104
   34 405.190589  2016
   35 1269.228432  2064
   36 1101.988436  1647
   37 1572.472112  2445
   38 533.478410  1257
   39 3570.173254  4887
   40 580.018928  2568
   41 1402.672884  2082
   42 167.137406   949
   43 870.896107  3544
   44 564.400751  3714
   45 0.140188   240
   46 35.213980   842
   47 314.582411   863
   48 577.370396  2651
   49 124.340695   497
   50 693.327030  1573
   51 276.020341   828
   52 532.488922  2746
   53 139.752758   314
   54 2715.830511  3962
   55 2704.998163  3513
   56 915.674981  2017
   57 1176.503160  2528
   58 296.486646   127
   59 330.308245  3792
   60 138.067398  1213
   61 400.804929  4028
   62 156.362242  1927
   63 544.479697  1951
   64 184.619093  1634
   65 198.333249  3009
   66 14.607310  3283
   67 1506.574319  4765
   68 264.259839  2953
   69 1369.857444  4234
   70 274.850658  1832
   71 1772.302108  1524
   72 1235.171279  3419
   73 2734.679312  3238
   74 878.196197  3525
   75 1435.589893  3759
   76 298.850125   172
   77 240.379929  1958
   78 1046.242302  1635
   79 691.401504  1299
   80 908.772188  4435
   81 1028.950911  3195
   82 645.305286  3101
   83 178.302526  4367
   84 728.421256  2462
   85 397.681298  1250
   86 4189.369893  3695
   87 409.385896  2429
   88 382.247713  3848
   89 670.522013  4337
   90 727.583958  1841
   91 1457.761675  3905
   92 1134.867403  1181
   93 789.578309  1201
   94 1596.104280  4235
   95 2361.644182  2526
   96 70.457645   258
   97 153.092654  1140
   98 593.071142  3352
   99 720.727766  2350
  100 2193.292544  3231
