200
    1 1203.970516     1
    2 15032.596498 12552
    3 1524.584255  7863
    4 4924.930712  6186
    5 2834.499856 10557
    6 820.623578  1402
    7 4045.628852  7882
    8 3011.906254  5438
    9 519.719593  1631
   10 6502.290067 16863
   11 13.236973   605
   12 0.684259   525
   13 11710.182182 19328
   14 3740.431129 10096
   15 2499.989766  2939
   16 6984.602311 14956
   17 5717.184301 17041
   18 125.579036  3215
   19 4029.953992 14573
   20 1239.046251  4699
   21 611.850697  1823
   22 297.850622 15275
   23 2598.972694 14868
   24 389.648386  1059
   25 4533.460097 12208
   26 179.807654  2904
   27 0.429190   395
   28 5716.198380 14425
   29 2401.072480  4613
   30 5994.073828  4985
   31 5860.343093 10343
   32 1130.500483  5690
   33 326.955429  2104
   34 14371.816318 17016
   35 5918.177240  7064
   36 13.034692  1647
   37 5338.683753 12445
   38 727.374887  1257
   39 5092.684738 14887
   40 2960.618476  2568
   41 431.857384  2082
   42 4397.569540 15949
   43 1205.605048  3544
   44 168.897901  3714
   45 66.615439   240
   46 0.484192   842
   47 8377.608430  5863
   48 3545.593058  7651
   49 399.034778 15497
   50 1343.328659 11573
   51 1173.594593 10828
   52 221.939958  2746
   53 15843.578475 10314
   54 4482.809872 13962
   55 553.188832  3513
   56 285.313045  2017
   57 5110.266554  7528
   58 568.465698 10127
   59 10321.780239  8792
   60 364.130116  1213
   61 11372.411441 19028
   62 2789.154524 11927
   63 8604.940781 11951
   64 4489.467060 16634
   65 6542.571409 18009
   66 2449.895613  8283
   67 4953.157886  4765
   68 68.389245  7953
   69 5787.196230 14234
   70 10841.408746 16832
   71 2399.446486  6524
   72 167.031089  8419
   73 1518.996384 13238
   74 12467.199268 13525
   75 1186.825844 13759
   76 6588.056516 10172
   77 586.330281  1958
   78 5219.129292 11635
   79 0.529462  1299
   80 4321.047922  4435
   81 1.528872  3195
   82 14.806818  3101
   83 4621.337977 14367
   84 4630.630178  7462
   85 39.035877  1250
   86 4032.839545 13695
   87 3910.189822  7429
   88 7984.868903 18848
   89 4293.022335 14337
   90 1566.600354  1841
   91 537.139325  3905
   92 3285.312113 16181
   93 3218.755972  6201
   94 4589.624217  9235
   95 3267.677111  7526
   96 132.941895   258
   97 227.391954 11140
   98 12677.101363 18352
   99 1101.688735 17350
  100 4404.230850 13231
  101 522.070569  6709
  102 0.468816    93
  103 9648.154814 10824
  104 0.061301   814
  105 1383.331432  9021
  106 0.169525  1080
  107 242.422256  3377
  108 296.543776  3611
  109 633.622781  1281
  110 4556.545458 19243
  111 7515.082341 12350
  112 2664.950341  6331
  113 7966.787453 11527
  114 970.562955  8488
  115 1372.168775 12613
  116 570.019158  5599
  117 3463.259057 12552
  118 402.936729 14764
  119 299.051563  1817
  120 12636.191623 18720
  121 8604.627780 10876
  122 360.504366  1854
  123 1613.860580  6725
  124 0.440230   546
  125 7216.190677 16403
  126 1531.721332 12558
  127 3727.874664 19437
  128 2370.126141 12051
  129 5294.554596 12728
  130 8557.317992 12216
  131 368.252775 19666
  132 18.654234    74
  133 2115.159615  5870
  134 2045.700682  6240
  135 4510.844240  3404
  136 2392.288547 13066
  137 3531.738493 13236
  138 10975.288591 13974
  139 286.712876  6575
  140 821.298422   702
  141 99.362287 13859
  142 4896.905977  3409
  143 1051.942971  5705
  144 18232.500388 14460
  145 17868.782931 16428
  146 4494.151499  6421
  147 553.043635   799
  148 7901.862670  5828
  149 480.207631   348
  150 412.416599 14927
  151 2380.297205  5717
  152 3674.581651 14176
  153 5914.785411 13369
  154 605.497289  4629
  155 9800.252341 18117
  156 1644.827143  6851
  157 1383.820932  9251
  158 3903.850083 15560
  159 379.534385  5572
  160 1168.219861 13900
  161 7242.344297 19542
  162 2232.141747  3379
  163 4137.210083 18562
  164 2150.783708  3554
  165 1385.750013  4068
  166 4887.736602  4587
  167 519.868839  4200
  168 12.073286 12150
  169 2206.616835  3870
  170 17446.903193 17518
  171 4031.399340 12985
  172 5715.654924 14598
  173 5086.648523 14057
  174 741.993236  6694
  175 222.322614 15891
  176 481.166828  2742
  177 1287.991187 11434
  178 7204.817709 10565
  179 11571.975177 11021
  180 12278.342925  9654
  181 542.005204 11837
  182 7922.773505 13672
  183 204.654784  4952
  184 3827.686807  6785
  185 3371.764719  6455
  186 5258.284810 19030
  187 5080.693450 19648
  188 2880.171273  7257
  189 929.150871  6729
  190 1609.961307 13760
  191 2266.257610  4618
  192 904.376040  4846
  193 2057.759245  9565
  194 7028.660490 18720
  195 6525.286831 18229
  196 2145.936597  8694
  197 598.771745  5816
  198 287.009285 17659
  199 1753.499123 14651
  200 5396.358655 16147
