2500
    1 0.548437     1
    2 1398.155156  2552
    3 1872.600803  2863
    4 512.262266  1186
    5 156.496101   557
    6 230.868771  1402
    7 1159.811576  2882
    8 82.557493   438
    9 1210.841433  1631
   10 182.949043  1863
   11 62.930489   605
   12 70.614231   525
   13 2974.898950  4328
   14 0.558045    96
   15 2310.236966  2939
   16 346.110051  4956
   17 1163.798880  2041
   18 1932.989470  3215
   19 352.269113  4573
   20 2009.663132  4699
   21 1635.498782  1823
   22 140.924130   275
   23 163.370194  4868
   24 874.480952  1059
   25 758.148107  2208
   26 935.372902  2904
   27 71.383360   395
   28 28.424300  4425
   29 1407.733720  4613
   30 4310.906270  4985
   31 1.028869   343
   32 148.322470   690
   33 1928.920478  2104
   34 1025.979348  2016
   35 1779.418070  2064
   36 710.691047  1647
   37 172.253749  2445
   38 305.244108  1257
   39 1179.478266  4887
   40 1088.946891  2568
   41 336.106885  2082
   42 607.751005   949
   43 443.047838  3544
   44 293.749363  3714
   45 0.126573   240
   46 100.117847   842
   47 178.158289   863
   48 103.337298  2651
   49 123.148077   497
   50 286.922191  1573
   51 333.723255   828
   52 567.837012  2746
   53 28.114428   314
   54 1251.308319  3962
   55 1390.581593  3513
   56 2412.973892  2017
   57 1381.722497  2528
   58 351.277939   127
   59 3840.371148  3792
   60 544.244419  1213
   61 1080.329896  4028
   62 566.866081  1927
   63 91.463736  1951
   64 181.831755  1634
   65 824.950026  3009
   66 1161.115435  3283
   67 4815.364530  4765
   68 1106.019144  2953
   69 1766.304476  4234
   70 1284.205214  1832
   71 423.978090  1524
   72 4968.456444  3419
   73 1946.656132  3238
   74 1106.518658  3525
   75 1887.009833  3759
   76 133.670270   172
   77 337.747408  1958
   78 629.946473  1635
   79 179.225246  1299
   80 821.767783  4435
   81 1652.118725  3195
   82 561.713869  3101
   83 1463.408672  4367
   84 637.570314  2462
   85 223.853184  1250
   86 4136.191794  3695
   87 357.688109  2429
   88 2220.499636  3848
   89 6477.840454  4337
   90 1581.336211  1841
   91 881.352827  3905
   92 200.739226  1181
   93 878.100179  1201
   94 827.161725  4235
   95 1398.375829  2526
   96 103.923340   258
   97 10.642873  1140
   98 665.712366  3352
   99 898.595969  2350
  100 3015.375474  3231
  101 281.855894  1709
  102 154.757394    93
  103 9.466092   824
  104 31.481863   814
  105 1841.511721  4021
  106 470.763820  1080
  107 2088.872840  3377
  108 1537.891274  3611
  109 1208.104919  1281
  110 1550.287471  4243
  111 1898.866010  2350
  112 739.306848  1331
  113 774.075188  1527
  114 3051.190205  3488
  115 518.333105  2613
  116 206.286428   599
  117 479.103977  2552
  118 3446.750475  4764
  119 4.086880  1817
  120 522.391475  3720
  121 169.363729   876
  122 1178.117966  1854
  123 266.174488  1725
  124 1052.121015   546
  125 453.408388  1403
  126 45.915653  2558
  127 2177.826361  4437
  128 1902.370005  2051
  129 562.972953  2728
  130 513.282150  2216
  131 453.218308  4666
  132 0.358854    74
  133 290.749925   870
  134 560.688930  1240
  135 628.691598  3404
  136 805.353596  3066
  137 3542.541134  3236
  138 517.798007  3974
  139 903.390290  1575
  140 670.618596   702
  141 361.234728  3859
  142 4002.102427  3409
  143 1009.785061   705
  144 2290.061097  4460
  145 131.884415  1428
  146 85.925296  1421
  147 139.195978   799
  148 559.818264   828
  149 1.686801   348
  150 2079.825748  4927
  151 346.658176   717
  152 2328.697611  4176
  153 880.304444  3369
  154 769.214307  4629
  155 736.499835  3117
  156 610.594399  1851
  157 149.729290  4251
  158 437.472937   560
  159 66.786359   572
  160 457.092058  3900
  161 7095.505924  4542
  162 2529.453221  3379
  163 430.647081  3562
  164 2014.271216  3554
  165 1797.266845  4068
  166 1227.295691  4587
  167 114.375839  4200
  168 128.024882  2150
  169 561.210207  3870
  170 820.495128  2518
  171 1022.288772  2985
  172 3045.366169  4598
  173 306.788536  4057
  174 790.259568  1694
  175 320.562518   891
  176 360.928429  2742
  177 1099.302397  1434
  178 784.138080   565
  179 374.500479  1021
  180 732.264301  4654
  181 137.684235  1837
  182 1089.284497  3672
  183 402.026392  4952
  184 811.214493  1785
  185 1202.804462  1455
  186 3028.120154  4030
  187 2463.010324  4648
  188 1343.292150  2257
  189 869.841578  1729
  190 3272.371585  3760
  191 655.570246  4618
  192 1722.033141  4846
  193 1069.636225  4565
  194 562.829253  3720
  195 1022.726205  3229
  196 242.380566  3694
  197 228.104016   816
  198 2058.034882  2659
  199 775.339142  4651
  200 102.351613  1147
  201 49.849471   936
  202 226.871442  1161
  203 1691.436602  4518
  204 2290.545064  4234
  205 2178.039141  3278
  206 68.791013  2201
  207 1004.976354  3509
  208 270.308504   792
  209 234.311642  1251
  210 354.138704  1128
  211 564.610307  3494
  212 2104.697256  4605
  213 723.639034  1164
  214 1069.480456   528
  215 590.048723  2075
  216 799.327877  1154
  217 0.371383   143
  218 520.393888  4498
  219 1091.071217  1679
  220 443.172659  2892
  221 285.738124  1476
  222 1419.072172  4127
  223 487.975153   680
  224 1051.548203  2168
  225 1607.401864  3126
  226 0.426374    72
  227 182.232563   460
  228 631.153181  3095
  229 2732.188845  3458
  230 1242.248764  3107
  231 916.806400  1398
  232 244.894204   881
  233 56.636961  1061
  234 598.522839  1239
  235 850.824512  2055
  236 386.102308  1779
  237 1270.396762   768
  238 419.146325  4732
  239 56.250316  2967
  240 0.786941    35
  241 2172.020932  4045
  242 2766.414829  3477
  243 244.589461   507
  244 525.044324  2680
  245 1259.747388  1344
  246 209.989579  1407
  247 1064.787963  2414
  248 825.656931  3020
  249 896.186258  1608
  250 538.145685  4993
  251 368.451648  3274
  252 123.465493   131
  253 401.010991  1725
  254 6221.264580  4820
  255 1893.029360  4774
  256 482.013994  3516
  257 496.927436  3377
  258 542.412330  1874
  259 672.750284  4815
  260 1768.800533  3532
  261 231.414060   881
  262 2341.285248  4233
  263 311.894955  4536
  264 452.456216  1231
  265 1107.163901  3187
  266 657.675975  2031
  267 50.079531  1292
  268 1983.848582  2441
  269 133.398016  3047
  270 2640.771029  2996
  271 15.364369   832
  272 848.703635  4246
  273 890.343874  3008
  274 2217.101752  3973
  275 2972.053506  4596
  276 503.993901  4864
  277 877.136364  3226
  278 1550.435320  3125
  279 161.326490  1936
  280 290.750550   519
  281 329.089362  1571
  282 46.920843   779
  283 355.608444   897
  284 0.197760   295
  285 1390.719406  4243
  286 144.072272  3168
  287 1422.167501  3467
  288 912.881035  4599
  289 107.201411  2982
  290 203.055528   224
  291 354.832162  1581
  292 266.588635  1126
  293 701.594735   646
  294 119.746588  2038
  295 1995.627975  4498
  296 2376.500112  4174
  297 1581.407043  3027
  298 22.736529  2570
  299 104.067726  1172
  300 4653.866317  4979
  301 899.765555  3381
  302 987.032182  1300
  303 203.888215  1097
  304 303.547533  3275
  305 48.959274  3429
  306 9.996331   471
  307 358.866670   600
  308 687.547475  1652
  309 2401.987482  2666
  310 158.309711   665
  311 127.535989  3642
  312 5442.138836  4202
  313 55.181747   600
  314 1391.009819  3351
  315 102.349325   371
  316 217.272232  2224
  317 2907.612103  3367
  318 419.074645   507
  319 2266.517510  3271
  320 999.025278  3324
  321 1457.061733  2916
  322 1512.222556  1871
  323 2668.943741  3223
  324 208.919696  3429
  325 803.138440  2281
  326 1144.824630  1857
  327 261.500753  1020
  328 388.671843  1814
  329 867.273622  4628
  330 2364.456164  2839
  331 1661.539909  3744
  332 508.684717  3130
  333 280.276886  1504
  334 181.108650  1730
  335 197.941975  4466
  336 539.121532  4975
  337 1058.103400  3172
  338 261.754902  1044
  339 826.782039  1176
  340 586.457995  1197
  341 2178.996528  4279
  342 1447.154613  1459
  343 2125.117708  4283
  344 554.315353  3158
  345 303.764142  4262
  346 494.690998  4254
  347 584.855468  3936
  348 794.754497  2181
  349 104.880620   617
  350 34.482059  1036
  351 466.049704  1580
  352 831.710442  1129
  353 588.149842   731
  354 196.819857  2274
  355 423.185459  1077
  356 2172.326594  3585
  357 3274.750291  3129
  358 281.536577  1307
  359 1536.220416  3013
  360 3416.893760  4254
  361 2880.656780  4976
  362 448.904413   927
  363 2172.556921  4840
  364 290.941154  3326
  365 241.268054   128
  366 307.304888  2622
  367 4433.693215  4458
  368 4907.752406  4565
  369 907.422654  3629
  370 241.988071   500
  371 1297.339460  1467
  372 108.203443    27
  373 2627.158070  4978
  374 0.728624   245
  375 3044.293953  4061
  376 289.772620  1435
  377 33.979471   302
  378 1863.364591  4751
  379 2358.274559  4458
  380 662.836795  4095
  381 199.322647  2176
  382 1030.399219  1452
  383 25.557036  1920
  384 589.712650  1423
  385 3938.411572  4909
  386 14.605203  1391
  387 2269.964205  3254
  388 2069.507579  3537
  389 954.865325  3534
  390 606.480229  3972
  391 1892.746274  4686
  392 2436.887459  4511
  393 848.635721  3452
  394 1562.948808  3922
  395 1829.919368  4059
  396 1400.530435  4470
  397 436.454469  2086
  398 1354.845915  4858
  399 1267.689595  2074
  400 2049.370068  4163
  401 1611.011991  3183
  402 3640.254953  4542
  403 1067.474467  3690
  404 782.765157   741
  405 1684.076807  4642
  406 659.420167  3997
  407 2210.438079  2765
  408 1719.732262  2920
  409 34.531740  4719
  410 26.971907   579
  411 14.407898  1119
  412 1318.462599  4126
  413 643.103929  1397
  414 229.617718    83
  415 696.926004  4907
  416 70.884827    37
  417 167.376936   576
  418 2041.633647  3479
  419 163.041728  3115
  420 929.640187  1861
  421 93.370045  1698
  422 1717.954550  2075
  423 2026.299997  2798
  424 2419.744654  3121
  425 26.975397  2427
  426 13.283258   391
  427 106.613538  4177
  428 93.691638  4827
  429 798.485425  2370
  430 263.854545  4660
  431 815.911117  1761
  432 1507.597368  4089
  433 3206.384367  3387
  434 90.122770  2963
  435 1125.592465  3829
  436 2666.944122  3380
  437 2988.123706  1785
  438 1819.684936  2267
  439 1569.409913  2118
  440 1259.542560  1198
  441 127.023386  2330
  442 746.066474  3402
  443 751.852118  1231
  444 1382.292088  4673
  445 1697.258977  2256
  446 295.481713  1560
  447 81.895536   503
  448 688.313630  2132
  449 77.720019   316
  450 138.338625   761
  451 1488.602723  2835
  452 805.412375  1359
  453 158.898142  1139
  454 2094.584596  3393
  455 433.284021   415
  456 116.367695  2267
  457 913.953969  4386
  458 167.415212  2271
  459 109.849640   916
  460 0.097864    60
  461 1316.736386  4363
  462 202.717017  3580
  463 62.005312  1744
  464 2439.188386  3433
  465 4463.831174  4816
  466 3667.175936  4739
  467 899.985733  1643
  468 332.595995   840
  469 495.420467   260
  470 619.959075  4568
  471 1117.967745  2878
  472 666.813135  2404
  473 4246.023510  3367
  474 554.456059  1299
  475 136.456604  1043
  476 1135.507430  1688
  477 1417.570681  2776
  478 0.091129    76
  479 36.826300   297
  480 698.046822  2275
  481 841.230716  1658
  482 2473.722803  3062
  483 630.348927  3863
  484 270.301275   852
  485 996.057496  1721
  486 408.858949  1605
  487 1124.105186  3054
  488 552.345189  1965
  489 3123.924608  3516
  490 35.730586  4410
  491 656.390802  1586
  492 942.996920  4194
  493 68.605508  4018
  494 282.666838  2387
  495 8.778961  4711
  496 1747.593005  1968
  497 0.207447   279
  498 40.199194   349
  499 1711.327281  4669
  500 57.115756   680
  501 1120.801468  1694
  502 1033.383218  4260
  503 830.777183  1557
  504 752.879422  4331
  505 1174.013432  4485
  506 484.405889  1775
  507 160.115380  1851
  508 526.229502  1965
  509 1858.033514  4918
  510 275.067569  1838
  511 235.355295  1060
  512 28.674620  1044
  513 994.904984  1034
  514 1988.088531  4077
  515 2015.684228  3879
  516 113.487596  2719
  517 260.737998   838
  518 2756.835628  4472
  519 438.614280   886
  520 445.498687  4209
  521 613.964480  3135
  522 842.561320  4063
  523 1653.157831  1987
  524 821.396043  2989
  525 3170.036294  4743
  526 0.637423     9
  527 1356.209815  2461
  528 130.755508     9
  529 50.860924  4152
  530 0.517137   106
  531 355.405022  1626
  532 194.633579  4397
  533 17.772496    37
  534 92.423333   607
  535 322.611536  2388
  536 350.219794  1443
  537 1139.972656  2197
  538 298.973220  2293
  539 140.243166   615
  540 3567.843503  3278
  541 558.065941  2274
  542 240.767345  4847
  543 1880.969810  2270
  544 602.854892  4340
  545 794.229761  3003
  546 55.334597  2375
  547 142.469090   682
  548 2350.718099  3326
  549 1226.049762  1288
  550 260.374903  1874
  551 1651.594003  3573
  552 1689.459657  4565
  553 238.323011   388
  554 136.233878   175
  555 27.937676   577
  556 1695.870313  3508
  557 598.900667  2329
  558 1007.185400  4965
  559 374.753520  1051
  560 310.460676  2882
  561 63.517911  2938
  562 3848.404424  4322
  563 205.175184  4411
  564 854.472670  3214
  565 1613.340462  4722
  566 1991.589402  3712
  567 3600.995906  4139
  568 50.495597   523
  569 1365.726090  3431
  570 111.621056   167
  571 2119.782417  3886
  572 882.372806  1227
  573 424.858221  1819
  574 1.364740   151
  575 0.416177   400
  576 5.127154   326
  577 126.668119  1510
  578 199.562876  3516
  579 502.689487  1233
  580 472.045373   754
  581 1413.939842  4567
  582 1438.775780  4419
  583 1290.134830  2179
  584 439.770620  2969
  585 0.035150    58
  586 81.098877  1721
  587 863.773595  3529
  588 841.786870  2040
  589 908.231226  1217
  590 77.585701   184
  591 489.909001  2289
  592 19.080665  1492
  593 1541.339893  2534
  594 1193.760505  1724
  595 1019.485451  4160
  596 111.769344   108
  597 3346.637030  3668
  598 38.203013  4671
  599 1217.098521  2250
  600 668.313308  2892
  601 37.484343   706
  602 257.075242  1946
  603 265.241951   640
  604 989.221408  1998
  605 2740.601260  3833
  606 3065.748936  4085
  607 0.029090    33
  608 1083.500837  3896
  609 4724.603518  3483
  610 408.978957   612
  611 1518.929642  3924
  612 237.799869  2258
  613 2052.694279  3796
  614 1059.589020  4674
  615 2477.067988  3362
  616 397.492091  1574
  617 1463.293081  3971
  618 0.292396   406
  619 928.614591  1598
  620 206.760367  2049
  621 1527.906802  3247
  622 771.283836  1274
  623 93.798642  2038
  624 219.879619  1134
  625 287.290253  4307
  626 4962.985641  4728
  627 681.459592  2241
  628 30.147988   831
  629 2904.160600  4644
  630 194.794490   718
  631 3600.849163  4792
  632 910.015922  4645
  633 842.000222  3927
  634 1667.234320  4297
  635 1954.227334  3487
  636 158.516536   765
  637 27.048737    46
  638 619.784378   730
  639 294.835228  4530
  640 3907.403878  3323
  641 1079.183999  3105
  642 1154.877004  3854
  643 125.522962  1746
  644 3018.654955  3847
  645 1785.035919  4367
  646 2.335835  1343
  647 1347.572985  3264
  648 1184.086522  4932
  649 261.674932   380
  650 590.170571  1246
  651 1367.338119  2534
  652 263.740015   782
  653 84.517309   506
  654 156.002883  2362
  655 2799.407915  3659
  656 1543.348685  3601
  657 36.725241  1290
  658 681.533077  2096
  659 208.828667   661
  660 217.902305  1622
  661 343.154366  2273
  662 378.912378  1563
  663 850.159171  4349
  664 314.212850  1327
  665 365.663305  2334
  666 1564.615393  4330
  667 589.868286   720
  668 526.523975  3112
  669 160.279488   136
  670 2127.044182  3246
  671 308.191856   931
  672 64.103496  4054
  673 69.491448  2321
  674 0.317812    58
  675 178.205778  1796
  676 373.123123  3137
  677 411.971177  1199
  678 1100.230187  4923
  679 3676.671187  4813
  680 90.932690  1291
  681 918.686391  2504
  682 1289.289336  4704
  683 581.054481  2970
  684 612.059652  2535
  685 2359.880186  3827
  686 397.904290  1609
  687 1331.723288  3375
  688 188.636224   149
  689 4974.641156  4851
  690 5.555222   258
  691 222.632123   900
  692 354.601071  2186
  693 1540.611326  1325
  694 2521.183971  1950
  695 495.973678  2571
  696 4373.130456  3794
  697 809.655473  1894
  698 320.113757  4677
  699 790.073431  1862
  700 389.827760  1744
  701 512.679334  1527
  702 743.353238  1408
  703 135.691412   675
  704 385.517427   858
  705 1350.820562  1691
  706 2997.992554  3522
  707 19.509311  3233
  708 554.980084  1279
  709 1650.040033  3637
  710 383.311178  3662
  711 194.931669  1210
  712 424.943890  1282
  713 1570.319159  3205
  714 178.653047  2797
  715 1635.324346  3425
  716 913.274879  1870
  717 3455.849187  4025
  718 156.217536  1215
  719 734.688439  2643
  720 343.500990  1585
  721 10.559822   117
  722 116.336828   526
  723 0.199930   152
  724 261.301616  1251
  725 1507.276808  4013
  726 5.059592  1880
  727 0.695976    16
  728 692.868820  1318
  729 1413.787465  4440
  730 195.151078  2236
  731 0.707528    15
  732 2595.228205  4053
  733 2714.070531  4132
  734 1439.129363  2977
  735 345.758930  2699
  736 88.155742   502
  737 990.719172  3254
  738 471.858614  4796
  739 918.497130  2866
  740 28.682360   210
  741 117.725616  1385
  742 587.351746  2400
  743 340.673796  4719
  744 930.086847  2610
  745 465.665062  2067
  746 615.613697   933
  747 3750.623417  4508
  748 556.819940  4177
  749 2263.660219  4157
  750 3108.138625  4859
  751 1424.978197  4503
  752 1287.853063  1886
  753 289.926064  1193
  754 306.215146  1901
  755 10.803603   502
  756 373.004440  4080
  757 1079.292265  4436
  758 1165.731265  4529
  759 102.825497    36
  760 40.009761   138
  761 35.037195    75
  762 458.956725  2972
  763 1470.091114  2020
  764 469.078582  1534
  765 513.263887  2703
  766 236.360623   401
  767 1803.048652  4490
  768 996.744576  1452
  769 2963.441316  4267
  770 29.574888  2080
  771 1228.933019  3783
  772 209.019594  1146
  773 1763.431768  3626
  774 253.718062  1424
  775 19.354751  1275
  776 2069.709905  2706
  777 1453.658685  3843
  778 44.119238  1567
  779 1464.401602  4683
  780 145.716994   265
  781 145.262538  4399
  782 228.008854  3206
  783 902.528534  3970
  784 820.656889  3387
  785 1439.803393  2063
  786 643.994868  1327
  787 599.313525  2641
  788 816.576883  2458
  789 787.589003  3640
  790 85.139673  1992
  791 114.202638  3201
  792 622.734604  1702
  793 240.356136   928
  794 118.507923     8
  795 89.987870  2380
  796 672.848622  4524
  797 850.444883  2064
  798 331.862125   943
  799 1799.584229  2250
  800 1.409421   281
  801 457.294397  1521
  802 1068.962782  4791
  803 71.653168  3984
  804 143.392397  1422
  805 1406.040833  3329
  806 553.505125  1487
  807 14.591840   888
  808 1394.338028  4899
  809 272.942866   557
  810 655.435826  3156
  811 4158.086242  4869
  812 66.436437   749
  813 35.091612   590
  814 1402.289586  4807
  815 530.641108   765
  816 1396.024746  4049
  817 1219.337400  1550
  818 718.343042  4580
  819 715.390158  3567
  820 1146.627232  1616
  821 658.043190   785
  822 2292.545907  2143
  823 338.222733  2956
  824 678.273894   316
  825 3134.452295  2727
  826 1076.901928  3886
  827 1464.595362  4368
  828 103.855530   287
  829 224.787089  3334
  830 1824.247543  4811
  831 944.272468  2088
  832 2150.916578  3304
  833 1766.423041  4185
  834 4.810864   177
  835 290.233990  4211
  836 1809.255029  2262
  837 2059.025733  3621
  838 1243.136097  1820
  839 45.935065  2491
  840 609.358675  1669
  841 1528.458865  3561
  842 1951.117755  1995
  843 583.932069   275
  844 2007.307422  2998
  845 2109.316689  3755
  846 943.969891  2279
  847 1804.760366  2560
  848 252.390371   992
  849 342.861534  1135
  850 268.741099   835
  851 1244.002803  1265
  852 2105.776307  4948
  853 65.262067  2105
  854 434.542188  1939
  855 118.018363  4024
  856 750.756896  4034
  857 148.536957   279
  858 569.311011  2231
  859 1749.528683  2048
  860 16.043899   622
  861 889.242704  1993
  862 862.994550  2695
  863 1439.102986  2511
  864 54.922232  2319
  865 340.580718  2723
  866 2297.140380  3509
  867 1869.630505  4155
  868 121.523669  1412
  869 354.013919  1136
  870 1468.697503  4152
  871 115.562724   430
  872 96.996435  2023
  873 644.545472  1398
  874 535.274028  4165
  875 2100.314792  4132
  876 106.719750   779
  877 1100.376548  2509
  878 943.140601  3390
  879 661.366733  3026
  880 839.118441  4192
  881 543.537741  1417
  882 2682.411142  3557
  883 289.910056  3878
  884 1116.278857  3203
  885 297.522925  2246
  886 657.909490  2742
  887 2173.172576  2499
  888 2374.979209  2256
  889 370.070164  1289
  890 1819.138651  2994
  891 3668.427545  3339
  892 310.864917  1266
  893 1001.389875  1691
  894 1889.443515  4585
  895 143.510045   613
  896 1134.321723  4583
  897 284.641033  3254
  898 508.530052  3292
  899 1081.069369  2694
  900 773.164087  2990
  901 4680.385261  4095
  902 731.430973   883
  903 9.195241   377
  904 185.921384   810
  905 86.764583  2788
  906 910.629357  3602
  907 962.022575  3105
  908 509.677909  2422
  909 293.112766   990
  910 807.546662  3403
  911 1706.219338  3460
  912 277.706537  1064
  913 1558.118770  2517
  914 683.653557  3401
  915 5280.758135  4799
  916 562.842457  1504
  917 2399.125827  4568
  918 476.521487  1688
  919 449.443021  1294
  920 680.304259  2391
  921 854.345326  3180
  922 1039.782582  1928
  923 54.263428  4026
  924 266.689238  1906
  925 121.908628  1698
  926 2387.317112  2873
  927 5076.407065  4386
  928 138.219191  1895
  929 309.796270   507
  930 947.233703  3662
  931 1174.345771  3085
  932 706.283890  3308
  933 1158.932627  3333
  934 1592.335582  3308
  935 3210.388361  3140
  936 1560.724575  2885
  937 121.572635  1989
  938 2009.442453  2921
  939 231.856029  1210
  940 593.680434  1276
  941 47.707811  3467
  942 345.102397  1079
  943 1188.461517  3861
  944 1932.954467  2216
  945 3531.752972  3603
  946 835.042859  2088
  947 164.335820  2404
  948 1150.353248  2809
  949 384.550616  3368
  950 552.505146  4137
  951 277.358273  3328
  952 107.377867   559
  953 652.732689  2793
  954 794.691825  3001
  955 816.539995   357
  956 1947.634161  3287
  957 55.802992   726
  958 1430.755672  2424
  959 733.349130  3648
  960 48.494285  3200
  961 17.163759    82
  962 805.326266  1658
  963 1134.755521  1352
  964 152.333881  4808
  965 2255.323237  5000
  966 10.086515   260
  967 576.520849    62
  968 77.695370  2113
  969 96.156125   583
  970 6.520065   443
  971 748.311308   630
  972 1785.426101  3280
  973 1314.103629  3503
  974 430.592698  3889
  975 194.232391  2030
  976 280.462201   681
  977 792.203531  2643
  978 82.568619  1082
  979 323.604969  4924
  980 217.785991  3382
  981 2610.660241  3094
  982 224.939260   600
  983 664.048950  1002
  984 1360.195601  4535
  985 330.836543   928
  986 937.147973  2252
  987 532.511708  1939
  988 3139.223877  3857
  989 4556.038209  4625
  990 1597.243145  3318
  991 924.145819  3012
  992 1328.919247  1649
  993 661.740681  1738
  994 5032.442911  3825
  995 582.500764  1254
  996 381.714212  2504
  997 43.516484   632
  998 346.780620  1282
  999 166.956377   832
 1000 258.563771   958
 1001 2681.773658  4778
 1002 730.141938  3184
 1003 255.557067   238
 1004 545.800982  4368
 1005 59.125669  1624
 1006 1057.039242  1459
 1007 1128.178076  2607
 1008 4781.780345  4283
 1009 0.801036  4931
 1010 277.497267  2038
 1011 1521.188143  3192
 1012 163.829826   416
 1013 490.384387  1362
 1014 831.540875  3710
 1015 1414.183944  1724
 1016 0.109166   240
 1017 1150.209185  3528
 1018 396.244577  1402
 1019 1575.840946  3133
 1020 387.716973  4712
 1021 133.608931   624
 1022 1780.642441  2219
 1023 9.828452  1393
 1024 1502.609619  3956
 1025 565.812547  4292
 1026 1387.465844  1875
 1027 2546.950903  2823
 1028 332.771026   772
 1029 148.764149   598
 1030 314.600929  4935
 1031 563.063575  1921
 1032 336.565188  1331
 1033 7.603932  1023
 1034 741.172356  1679
 1035 499.756210  1586
 1036 162.556842   372
 1037 65.681417  3406
 1038 267.508877  3018
 1039 1170.219756  1167
 1040 185.732105  2158
 1041 250.376144  2606
 1042 654.849203  1765
 1043 0.282126   271
 1044 722.486347  4623
 1045 2850.650277  3923
 1046 128.035473  2266
 1047 846.460782  2469
 1048 281.628514   346
 1049 1166.216148  1850
 1050 45.320508    91
 1051 589.486059  2866
 1052 310.980168  2195
 1053 484.638719  2214
 1054 1486.546748  3014
 1055 2137.570029  3285
 1056 165.356969   646
 1057 299.304496  2071
 1058 1165.084852  2295
 1059 773.292098  2517
 1060 726.772339  1669
 1061 1373.994632  3874
 1062 1193.482902  3411
 1063 136.022308  1330
 1064 231.791835  1625
 1065 120.491440   622
 1066 787.540879  1529
 1067 1112.153060  4897
 1068 272.745079   334
 1069 477.122477  1059
 1070 111.130241   169
 1071 710.603215  1935
 1072 239.098006  1689
 1073 1768.505497  2506
 1074 1756.792904  3270
 1075 930.405285  3707
 1076 1181.715447  3555
 1077 1348.885840  1977
 1078 312.663902  2309
 1079 1637.810662  3670
 1080 924.305723  4492
 1081 1435.191862  2670
 1082 2860.294645  4278
 1083 1512.624009  3235
 1084 1072.867098  3106
 1085 2041.631281  4121
 1086 476.500838  3559
 1087 238.899614  1881
 1088 1793.825994  4354
 1089 1748.030057  3804
 1090 2947.998530  3726
 1091 4071.672401  4014
 1092 4330.796385  4627
 1093 271.434047  2100
 1094 808.008510  4221
 1095 4789.617851  3995
 1096 164.736228   800
 1097 213.151237   391
 1098 454.488065  1341
 1099 2231.879811  2820
 1100 1240.975180  2524
 1101 614.095282  1853
 1102 320.702091  1230
 1103 1651.174178  2534
 1104 230.427760  1189
 1105 2951.708811  3832
 1106 0.594806    90
 1107 1301.105464  3849
 1108 572.180201  4907
 1109 10.377630   270
 1110 2127.683417  4319
 1111 806.742791  3438
 1112 87.656412   703
 1113 4578.971866  4811
 1114 478.686101   843
 1115 669.822751  1064
 1116 281.747695   702
 1117 40.618733   330
 1118 14.268521   536
 1119 1363.403461  4204
 1120 1325.830835  3806
 1121 1895.693858  2283
 1122 328.932524  3487
 1123 871.068705  3418
 1124 8.283444   141
 1125 299.188382   867
 1126 8.708040   142
 1127 465.391520   339
 1128 167.181440   351
 1129 364.136799  4241
 1130 1631.839140  4212
 1131 168.899764   555
 1132 510.673044  1190
 1133 598.265798  3524
 1134 501.741803  2257
 1135 256.350043  1150
 1136 1498.520983  3441
 1137 1219.570322  2064
 1138 1215.236744  1313
 1139 3106.107131  2676
 1140 269.896815  2231
 1141 157.437020  1632
 1142 322.138350  4119
 1143 219.746078  1190
 1144 0.103407   891
 1145 77.951605   730
 1146 1203.048496  4372
 1147 764.445981  4592
 1148 632.000002  4615
 1149 1461.587912  2920
 1150 1896.343830  2135
 1151 1020.865591  1287
 1152 261.142164  2739
 1153 178.730898   115
 1154 1754.060294  4811
 1155 2681.743677  3522
 1156 0.481157     4
 1157 190.602238  1696
 1158 1433.517190  4182
 1159 279.121826  1459
 1160 103.777465  1391
 1161 317.562643  1388
 1162 77.430811  3550
 1163 1466.426191  3229
 1164 3623.106474  4397
 1165 862.101553  1233
 1166 449.403533  4916
 1167 1041.663358  2868
 1168 429.047565  1550
 1169 1768.562034  3825
 1170 312.993043  3818
 1171 765.134663  2642
 1172 994.044234  1169
 1173 348.117163  2255
 1174 897.884571  4142
 1175 2894.104304  2750
 1176 1506.992060  2751
 1177 466.103409  3003
 1178 24.827026  1135
 1179 254.027842   516
 1180 1304.699193  4029
 1181 2183.684899  4852
 1182 596.563821   644
 1183 1888.628962  2466
 1184 1975.216222  4544
 1185 688.882917  3685
 1186 465.195548  1418
 1187 704.840423   894
 1188 629.977744  4784
 1189 1590.496752  4266
 1190 1595.033957  1356
 1191 616.841213  3603
 1192 873.612326  3583
 1193 1091.126273  2586
 1194 49.401473   530
 1195 1567.375790  1938
 1196 1621.180170  1217
 1197 912.759977  2852
 1198 1365.983234  1853
 1199 607.206103   747
 1200 84.118288   724
 1201 797.750901  1779
 1202 1583.195256  3886
 1203 459.278884  1627
 1204 462.166266   839
 1205 1315.444107  2156
 1206 2396.597887  2588
 1207 0.406996   221
 1208 3555.766157  2588
 1209 64.534166  1477
 1210 762.029624   924
 1211 3002.692133  4300
 1212 1331.904163  1295
 1213 512.513468  3333
 1214 1021.985445  3105
 1215 783.072661  2092
 1216 1647.520111  2630
 1217 2482.111601  2528
 1218 57.615341  3611
 1219 1047.082466  2294
 1220 1551.028154  2960
 1221 155.529585   330
 1222 39.095388    81
 1223 1638.341292  3226
 1224 44.766347   112
 1225 798.791300  1201
 1226 589.771869  4113
 1227 921.656414  4788
 1228 1544.653013  2250
 1229 60.439228   988
 1230 972.940566  3452
 1231 0.267015   385
 1232 1342.231660  4498
 1233 4446.384621  4856
 1234 885.408831  3125
 1235 1422.680646  1689
 1236 554.890670  3145
 1237 570.821775  1927
 1238 170.788183  2808
 1239 0.158237   148
 1240 84.653982   913
 1241 2114.199667  3073
 1242 2573.114594  1293
 1243 102.538123   607
 1244 20.844780    14
 1245 0.009073    93
 1246 2390.447377  3819
 1247 520.492898  1870
 1248 55.396591  1236
 1249 2499.302023  3678
 1250 2776.459571  4447
 1251 159.744141  1705
 1252 994.854298  4997
 1253 1125.998250  3976
 1254 1020.996997  3205
 1255 181.114060   569
 1256 434.512480  3834
 1257 1070.608325  3129
 1258 394.855417   883
 1259 302.073369  4137
 1260 928.428458  3647
 1261 863.156835  3226
 1262 339.376803   602
 1263 242.392349   559
 1264 386.621772   249
 1265 548.087953  3158
 1266 935.695949  1822
 1267 1445.290115  2090
 1268 3113.615468  3648
 1269 521.190346  2584
 1270 711.420232  1939
 1271 1618.787065  2459
 1272 833.712787  1871
 1273 1945.981844  4942
 1274 919.949459  1968
 1275 446.407115  1286
 1276 2416.134491  4249
 1277 31.222620  1482
 1278 524.057524  4005
 1279 123.712322  2199
 1280 1102.162506   940
 1281 17.636662  1596
 1282 252.123563  2750
 1283 1820.831158  4039
 1284 2663.399563  3903
 1285 199.372649  1011
 1286 578.448633  2423
 1287 2624.447641  4711
 1288 1541.533107  3468
 1289 57.345528   619
 1290 812.658598  3199
 1291 666.438399  2665
 1292 11.871866   560
 1293 987.656124  4758
 1294 3574.660168  2903
 1295 1666.994969  2260
 1296 95.230971   296
 1297 134.774711  2941
 1298 2526.745927  3922
 1299 222.443477  2150
 1300 244.999750  2116
 1301 890.956379  3126
 1302 508.410938  2340
 1303 160.900454   409
 1304 205.861198  2934
 1305 596.210645  1309
 1306 157.395408   213
 1307 817.301548  1240
 1308 180.607386   577
 1309 1122.557091  1588
 1310 1359.440960  1773
 1311 265.741424   208
 1312 4405.072132  4963
 1313 720.718045  4085
 1314 4479.213930  4103
 1315 1299.404214  2578
 1316 2782.627220  2773
 1317 3208.505616  4188
 1318 481.258643   352
 1319 1774.982886  2157
 1320 1369.169547  3439
 1321 194.057498   279
 1322 104.172133   478
 1323 2448.382805  4942
 1324 597.409623  2783
 1325 910.030868  2375
 1326 239.276789  3866
 1327 296.094115   769
 1328 830.637803  4272
 1329 1886.831764  1143
 1330 1075.401716  1512
 1331 316.811429  1822
 1332 1738.500073  4917
 1333 1781.144562  1217
 1334 1019.206999  1364
 1335 257.702601   823
 1336 1250.277827  2669
 1337 1213.360593  1046
 1338 639.347501  2973
 1339 566.722360  2326
 1340 2092.951750  4270
 1341 812.723501  3708
 1342 880.315627  1364
 1343 320.244176   945
 1344 2160.512822  2180
 1345 111.400585   799
 1346 320.003889  2067
 1347 1214.360470  1432
 1348 1103.562103  1312
 1349 627.459093  4498
 1350 2225.012087  3367
 1351 2845.943740  4323
 1352 357.634145  1299
 1353 665.683289  1589
 1354 330.991086   999
 1355 83.545130   773
 1356 2680.899972  3082
 1357 1826.120181  4734
 1358 3225.624042  4781
 1359 840.414058  1685
 1360 666.270077  3689
 1361 2.937615    41
 1362 2062.691027  1738
 1363 1413.555914  3626
 1364 91.522275  2322
 1365 1901.414002  2915
 1366 3177.738762  3515
 1367 609.433610  3788
 1368 817.101000  1597
 1369 17.436890  3912
 1370 544.086911  4512
 1371 231.261252   992
 1372 3690.099832  4431
 1373 33.293964  1250
 1374 206.169223  3449
 1375 939.292276  3194
 1376 141.052679   749
 1377 2867.774110  3090
 1378 79.880254   593
 1379 230.133891  1745
 1380 983.107958  4687
 1381 1617.998709  3022
 1382 1033.399882  2109
 1383 1836.462574  2832
 1384 735.069387  1551
 1385 512.923129   364
 1386 2521.300411  3107
 1387 77.056106  1153
 1388 1441.921598  1529
 1389 0.468886   123
 1390 3252.875221  4989
 1391 1019.639552  4258
 1392 1647.347408  3515
 1393 1098.181301  2934
 1394 0.201922    21
 1395 3184.815455  4513
 1396 219.025450  1203
 1397 1131.671242  4369
 1398 71.151116   488
 1399 1972.073000  3681
 1400 407.874115  2518
 1401 267.829102  1012
 1402 151.354709  2413
 1403 232.989884  1661
 1404 333.287424  2149
 1405 4745.181282  4045
 1406 3063.628243  3669
 1407 1608.634923  3050
 1408 2524.315319  3911
 1409 81.438192  3240
 1410 228.663865  1874
 1411 264.311608   278
 1412 1845.781301  2843
 1413 2140.517768  2368
 1414 10.240350  2561
 1415 1196.933267  2101
 1416 1087.930169  1284
 1417 3753.094469  3748
 1418 523.544046  2130
 1419 490.372987  2696
 1420 62.425256    77
 1421 510.089678  1357
 1422 273.647360  4844
 1423 115.404053  4421
 1424 1323.447600  1861
 1425 832.867995  4996
 1426 0.070319   356
 1427 334.345551  1548
 1428 65.780476  2298
 1429 708.635128  1974
 1430 223.612555  1980
 1431 3167.121836  3142
 1432 867.502000  4015
 1433 20.218476   417
 1434 1234.504734  3165
 1435 15.182048     6
 1436 992.072973  4711
 1437 1512.408392  1990
 1438 4333.570350  3936
 1439 60.625917   545
 1440 659.105743   633
 1441 187.655527  2191
 1442 17.586787  1366
 1443 799.987093  1695
 1444 26.754882   444
 1445 716.521707  1087
 1446 2498.366873  3461
 1447 198.174929   569
 1448 1204.920449  4362
 1449 1631.618512  2503
 1450 633.875362  1219
 1451 0.658296   291
 1452 2085.654480  2838
 1453 469.029974  2773
 1454 778.128934  2594
 1455 587.712730   769
 1456 1016.387101  3935
 1457 662.022396  2028
 1458 57.783776   133
 1459 2629.831792  3595
 1460 1052.052473  3813
 1461 1354.102443  4248
 1462 1.237647  1207
 1463 795.606488  2098
 1464 726.143483  4752
 1465 159.886424   552
 1466 460.679384   400
 1467 207.322883  4130
 1468 88.454515   102
 1469 947.149936  3917
 1470 907.951412  4857
 1471 1903.826959  2912
 1472 482.069273  1300
 1473 1320.841880  1911
 1474 21.038097  3708
 1475 263.633836   660
 1476 960.700636  1705
 1477 659.981985  2724
 1478 3740.095642  4423
 1479 1617.122951  4565
 1480 579.619682   944
 1481 461.749656  1067
 1482 787.138955  1247
 1483 0.297270    49
 1484 50.671185   355
 1485 148.811749  2986
 1486 1019.796201  3007
 1487 1299.640521  1708
 1488 639.028964  3506
 1489 937.232590  2669
 1490 241.537024   392
 1491 590.453551  1669
 1492 437.871855  3684
 1493 1226.244122  4024
 1494 19.162513   816
 1495 1.524631  2630
 1496 1962.690338  3547
 1497 6.213278  1169
 1498 570.374459  2125
 1499 2738.294131  3611
 1500 1087.798644  1458
 1501 1872.795714  4921
 1502 1477.934096  2065
 1503 29.481021  3719
 1504 123.540710  1999
 1505 653.728031  1921
 1506 94.338187  1493
 1507 2612.797563  4196
 1508 3435.260730  2979
 1509 674.105289  4743
 1510 2243.819924  1863
 1511 240.682347   745
 1512 2197.644697  2350
 1513 2092.021042  3664
 1514 620.822034  3030
 1515 1083.203540  4315
 1516 351.865661  1070
 1517 4477.487184  4165
 1518 12.400847  3010
 1519 1080.455993  1119
 1520 957.726739  2206
 1521 42.028047  1864
 1522 391.593935  1014
 1523 297.449903  2259
 1524 202.708918  2017
 1525 68.039428  3885
 1526 1333.580658  4384
 1527 234.096404  1642
 1528 65.243878   806
 1529 0.088159   156
 1530 526.056896  1869
 1531 142.652053   350
 1532 403.679216  1650
 1533 1378.383607  1683
 1534 381.393175  1631
 1535 750.574982  1414
 1536 446.167253  2516
 1537 735.532567   605
 1538 4114.252999  4264
 1539 63.171471  3687
 1540 3165.548685  3057
 1541 86.595730  4495
 1542 5884.700540  3478
 1543 1647.003977  3501
 1544 104.366531  1030
 1545 246.659465  1271
 1546 172.953410  1135
 1547 440.564389  3665
 1548 181.631463   204
 1549 1607.701573  4126
 1550 844.057366  2204
 1551 2030.344729  2041
 1552 228.402935  1579
 1553 0.296927   269
 1554 155.632390   903
 1555 908.173899  3269
 1556 80.060699  3537
 1557 449.835583  2224
 1558 4526.684393  4726
 1559 2155.686368  4181
 1560 288.179805  3274
 1561 1567.206808  2816
 1562 1404.141795  2728
 1563 98.892490  1150
 1564 360.853046  3391
 1565 88.600400   650
 1566 663.549493  1748
 1567 134.331424   284
 1568 318.939376  3328
 1569 59.827704   115
 1570 1270.141354  1335
 1571 467.158238  4383
 1572 461.440944  1765
 1573 3139.212428  4549
 1574 383.635401  4892
 1575 1690.226360  3240
 1576 704.573092  1934
 1577 180.184472  1800
 1578 95.743483   219
 1579 583.453648  2730
 1580 1325.218248  2272
 1581 2020.269637  2780
 1582 0.046570   188
 1583 1044.181482  2411
 1584 1996.666206  3064
 1585 4728.542129  4323
 1586 2182.911996  2291
 1587 57.776783   674
 1588 447.752753   631
 1589 2569.831681  4481
 1590 4185.875216  4795
 1591 468.301889  3384
 1592 422.980477  3118
 1593 16.161120  4613
 1594 1613.371162  2829
 1595 2.632709    41
 1596 778.309731  1105
 1597 5.410101   495
 1598 1184.619219   776
 1599 354.485259  3258
 1600 848.241337  1342
 1601 35.878804  2018
 1602 2022.375095  4839
 1603 680.511859  2226
 1604 535.313610  3700
 1605 1578.256325  3817
 1606 477.491991  3776
 1607 161.769409   450
 1608 1760.668645  4158
 1609 1757.454996  3955
 1610 11.732148  2665
 1611 112.497489  1439
 1612 2896.649106  4951
 1613 46.704278   664
 1614 1073.368162  1755
 1615 360.444410   476
 1616 10.716860   214
 1617 2236.467323  2899
 1618 1120.774159  1665
 1619 1520.446920  4251
 1620 2164.674391  4985
 1621 529.950766  4623
 1622 444.276437  2263
 1623 3969.411940  4418
 1624 799.765823  1347
 1625 1392.091298  2684
 1626 19.298669   180
 1627 723.554714  3232
 1628 3103.131165  4359
 1629 331.524908   882
 1630 548.909398  3266
 1631 226.964080  1983
 1632 112.578798  1308
 1633 1639.030133  2322
 1634 1416.086123  4851
 1635 833.822667  2104
 1636 530.231540   609
 1637 259.953520  1946
 1638 2381.312709  4851
 1639 552.731059  1173
 1640 2340.096404  3471
 1641 3911.122540  3407
 1642 1266.970961  2602
 1643 93.086297   127
 1644 2928.930995  4316
 1645 889.235099  3281
 1646 1975.387182  2353
 1647 242.933015   582
 1648 276.917810    36
 1649 497.674743  4156
 1650 2424.857571  3978
 1651 3190.777443  3551
 1652 814.421717  2008
 1653 329.443663  1275
 1654 1329.502544  2753
 1655 6.426188   421
 1656 52.264672  1608
 1657 2074.026300  4093
 1658 2894.178894  3855
 1659 3420.993085  2658
 1660 1044.528675  2122
 1661 57.756093  2586
 1662 837.998213   987
 1663 25.686874  2556
 1664 121.667365  2363
 1665 867.930613  2653
 1666 1232.140757  4929
 1667 1877.067366  2378
 1668 43.560987  1498
 1669 1062.201930  1872
 1670 2426.551121  4693
 1671 24.701382   374
 1672 22.441907   233
 1673 2823.999228  4908
 1674 0.216923   198
 1675 281.807986  1059
 1676 1684.615273  4813
 1677 501.819387  2376
 1678 80.468290  1869
 1679 578.980364  2790
 1680 3062.256326  2547
 1681 0.492486   287
 1682 396.434770  4357
 1683 542.363199  1199
 1684 1651.675645  3083
 1685 3105.304112  4613
 1686 86.017898  1298
 1687 854.941785  4230
 1688 1018.065156  4934
 1689 19.337066   832
 1690 1029.775705  4668
 1691 1689.946174  3712
 1692 1097.643976  4753
 1693 650.352497   736
 1694 3496.978001  3571
 1695 48.135287  3473
 1696 2185.236349  3850
 1697 169.710366  1664
 1698 1332.021465  3306
 1699 596.015284  4504
 1700 182.621928  3807
 1701 729.429976  4141
 1702 712.363014  2485
 1703 1736.027124  2912
 1704 734.121806  3244
 1705 682.066112  4084
 1706 2598.405691  4812
 1707 4030.101167  4267
 1708 202.850814  3123
 1709 177.502173   541
 1710 528.606099   424
 1711 450.405837  1831
 1712 129.691904   523
 1713 205.511675  1156
 1714 629.706491  1299
 1715 163.064190  3947
 1716 104.050914   635
 1717 1335.010078  2596
 1718 2864.198138  4746
 1719 587.583593  3696
 1720 772.694844  1789
 1721 2041.096921  3020
 1722 732.606982  3556
 1723 349.069042  1041
 1724 1256.819616  4110
 1725 2989.097408  3060
 1726 2014.910679  4513
 1727 1073.625822  2693
 1728 4365.959747  4442
 1729 0.997186  2382
 1730 965.128187  2909
 1731 784.041550  3994
 1732 375.930168  3954
 1733 1435.409101  2511
 1734 215.776316  3924
 1735 1223.820026  2337
 1736 615.636987   903
 1737 4510.104099  4917
 1738 2153.636984  4413
 1739 1255.004917  4886
 1740 551.669418  1565
 1741 430.971578  2144
 1742 2583.130117  2554
 1743 851.964612  1495
 1744 1854.921671  2467
 1745 68.220286   674
 1746 769.932507  1931
 1747 1653.754847  2234
 1748 1680.630918  3471
 1749 241.619839  1193
 1750 1767.311036  3616
 1751 676.053587  4225
 1752 857.762213  2837
 1753 865.123538  3954
 1754 818.856606  2782
 1755 0.611453   294
 1756 511.097714  3798
 1757 1324.808360  4221
 1758 343.060312  2966
 1759 15.396709  2137
 1760 1247.469265  2890
 1761 395.722811  1645
 1762 2571.931803  3275
 1763 149.423690  2087
 1764 93.360226   800
 1765 152.072591   742
 1766 1323.988964  3890
 1767 61.627324  1106
 1768 1124.296194  4219
 1769 3309.530628  4863
 1770 155.177309  3745
 1771 276.415997  1325
 1772 645.136957  2124
 1773 2395.218900  4184
 1774 498.582563  1890
 1775 411.628950   863
 1776 31.391900   140
 1777 702.130866  2058
 1778 2937.179682  4871
 1779 37.848664  2829
 1780 2027.514797  3145
 1781 1113.188081  2027
 1782 672.532138  3325
 1783 3985.362972  4817
 1784 450.295428   917
 1785 2.301298   529
 1786 872.420673  1235
 1787 35.139325  2135
 1788 137.254699  1460
 1789 1049.207742  1948
 1790 613.354953  3769
 1791 2695.258152  4524
 1792 1128.584597  3012
 1793 1884.399363  4006
 1794 284.261004  1675
 1795 1135.971303  2144
 1796 1433.596540  3244
 1797 897.651423  1684
 1798 126.018660  2638
 1799 1518.575159  4338
 1800 2998.207220  4335
 1801 52.110103  1659
 1802 538.717496  2095
 1803 336.308214  1848
 1804 359.484585  3112
 1805 2189.274669  1709
 1806 708.277243  2968
 1807 1834.923192  3118
 1808 970.485397  3013
 1809 501.763568  4580
 1810 766.122867  4093
 1811 393.051880   195
 1812 171.853855   742
 1813 1100.837338  1635
 1814 363.252813   352
 1815 829.820899  1289
 1816 577.072670  2525
 1817 423.321299  1570
 1818 3367.389152  3970
 1819 80.771114  3484
 1820 496.542001  2518
 1821 869.453247  1992
 1822 53.878170    91
 1823 338.925632  1479
 1824 454.681061  1149
 1825 3022.464994  4248
 1826 2.512959  2646
 1827 6105.192218  4780
 1828 2545.692433  4764
 1829 1320.445921  2486
 1830 790.758220   784
 1831 378.431765   450
 1832 121.983207  2340
 1833 1148.398590  2617
 1834 2103.820757  4184
 1835 441.720405  1662
 1836 602.956948  3136
 1837 215.466255   753
 1838 1694.107269  4278
 1839 427.034920  1749
 1840 1093.033632  2927
 1841 838.629727  4303
 1842 2187.776190  4557
 1843 205.171292  1317
 1844 357.387572  4521
 1845 1415.764995  3425
 1846 380.370134  2338
 1847 206.701353   897
 1848 439.204172  2383
 1849 1337.492818  1773
 1850 651.376928  3268
 1851 2061.815507  4004
 1852 713.838323  1100
 1853 1823.874130  4938
 1854 1322.598563  4572
 1855 1058.725488  4714
 1856 302.131170  1968
 1857 23.497951   932
 1858 822.379353  2532
 1859 75.745247  4988
 1860 262.266759  1041
 1861 4198.640561  4231
 1862 1913.579428  2602
 1863 336.487991  1858
 1864 210.638051  1593
 1865 229.401774  2769
 1866 504.734449  4587
 1867 507.421930  1280
 1868 945.616529  3805
 1869 1939.878475  4793
 1870 224.676563  1658
 1871 17.628808   195
 1872 2258.170237  3634
 1873 630.166039  1124
 1874 2640.049084  4816
 1875 292.774413  1251
 1876 31.972581  3544
 1877 1389.163324  4572
 1878 1220.493733  4043
 1879 1818.489180  3009
 1880 12.640937  3672
 1881 833.255910  2313
 1882 1511.182609  2537
 1883 2113.477990  3071
 1884 58.134760   735
 1885 386.944177  1402
 1886 2291.195805  3763
 1887 1197.088468  2572
 1888 190.208414  4715
 1889 455.604835   906
 1890 545.837062  1013
 1891 360.323856  1471
 1892 240.858159  2010
 1893 1843.588771  1965
 1894 818.548221  1938
 1895 109.819616   649
 1896 464.713142  3528
 1897 642.293813   970
 1898 349.178251  3193
 1899 1022.088656  1782
 1900 1286.941998  2903
 1901 3306.221888  4768
 1902 81.830879   557
 1903 1285.762582  4770
 1904 2029.051835  3142
 1905 1035.839326  3810
 1906 55.136228  2822
 1907 645.322621  1437
 1908 2999.609322  4012
 1909 103.348184   277
 1910 1018.965472  1322
 1911 401.589672  1912
 1912 1017.969914   691
 1913 1854.941697  2551
 1914 600.133569  1696
 1915 424.142722  3951
 1916 428.304852  3111
 1917 2388.633523  3471
 1918 354.536870   569
 1919 120.613210   854
 1920 97.323971   478
 1921 2013.040210  4033
 1922 4256.211143  5000
 1923 792.746583  4871
 1924 5815.050179  4376
 1925 1126.448634  4753
 1926 951.564765   872
 1927 818.438146  3936
 1928 7712.903268  4671
 1929 867.176717  4916
 1930 49.645401   410
 1931 98.389353  1735
 1932 293.407302  1885
 1933 492.035964  1924
 1934 158.803975   910
 1935 469.695543   775
 1936 22.357096   642
 1937 247.079835  3043
 1938 87.100945   942
 1939 896.461905  1250
 1940 498.442766  3500
 1941 193.116882   612
 1942 3512.522295  3520
 1943 746.367272  1990
 1944 76.383619  1102
 1945 620.911480  3702
 1946 129.492129  1354
 1947 42.417654   106
 1948 1.834983    52
 1949 54.761220   234
 1950 977.665962  1734
 1951 31.977169  2824
 1952 2044.435750  4203
 1953 413.091929   346
 1954 2933.141510  2605
 1955 11.618056  2633
 1956 2994.190453  3819
 1957 454.305256  1330
 1958 4710.528108  3814
 1959 1017.643165  3159
 1960 513.336971  2638
 1961 1940.252792  2177
 1962 284.706751  3581
 1963 0.519252   355
 1964 143.862880   488
 1965 168.741469   590
 1966 785.538186  1678
 1967 2657.098777  4325
 1968 334.062035  1110
 1969 407.185268  1924
 1970 271.146629   833
 1971 279.745085   186
 1972 3128.821103  2209
 1973 230.749764  1184
 1974 28.855332   645
 1975 284.119411  3317
 1976 1306.141225  3946
 1977 1396.420045  2511
 1978 285.152223  1439
 1979 2861.442088  3384
 1980 58.824641   837
 1981 214.007552   499
 1982 1962.092175  3609
 1983 3497.948104  4729
 1984 242.168195  1880
 1985 747.589416   845
 1986 1394.599298  1622
 1987 0.380520   440
 1988 10.268606   634
 1989 12.363138  1177
 1990 0.616778    65
 1991 608.257895  2141
 1992 343.666104  3974
 1993 352.968289  1615
 1994 1708.579187  3411
 1995 530.021430  3844
 1996 611.863873  2519
 1997 246.335560  2301
 1998 331.361070  2364
 1999 2100.353823  3898
 2000 991.241407  4819
 2001 590.183688  4640
 2002 1790.650484  3087
 2003 419.410536  3110
 2004 3950.822272  3315
 2005 1030.662138  2362
 2006 120.861617  1296
 2007 185.499446  4411
 2008 56.727936   358
 2009 4741.817692  4202
 2010 1463.368597  3270
 2011 1792.961542  3754
 2012 664.512132  1955
 2013 761.015125  1441
 2014 344.116206  1995
 2015 884.938810  4674
 2016 830.826380  4277
 2017 231.066134    33
 2018 3085.395244  4489
 2019 45.799374   666
 2020 4655.809949  4566
 2021 2071.681374  3390
 2022 4367.993571  4220
 2023 1975.082577  4731
 2024 65.440858   375
 2025 512.503598  3606
 2026 862.987627  4804
 2027 33.005895   104
 2028 904.484388  2379
 2029 1577.939514  2658
 2030 1618.020542  2905
 2031 295.412803  4271
 2032 1012.990186  2769
 2033 26.333897   301
 2034 584.797055   799
 2035 197.360956   694
 2036 3234.429940  3529
 2037 122.192834  2145
 2038 3711.465147  4354
 2039 858.659835  2320
 2040 163.906821  3987
 2041 449.506046  1855
 2042 289.048937   400
 2043 3076.790173  4624
 2044 71.504539   397
 2045 2257.572459  4341
 2046 1186.566848  4619
 2047 146.470612  3771
 2048 1234.959117  3451
 2049 2753.353146  4823
 2050 603.831589  4638
 2051 841.449695  4480
 2052 2288.465188  4071
 2053 30.788282  1064
 2054 441.351460  3501
 2055 401.867308   888
 2056 3861.522158  4536
 2057 34.407488  2863
 2058 152.344596   495
 2059 334.853150  1615
 2060 2920.053462  3116
 2061 4408.233356  4405
 2062 1812.850207  3349
 2063 281.464112  1499
 2064 446.751541  1336
 2065 456.291993  2931
 2066 900.604918  3754
 2067 922.388374  3218
 2068 1442.128699  3780
 2069 161.870471  1630
 2070 1366.913693  2314
 2071 44.407879  3438
 2072 167.553619   153
 2073 85.201423  1397
 2074 2089.491817  3509
 2075 0.392793    90
 2076 615.047226  1700
 2077 731.169443   782
 2078 195.791291   170
 2079 760.261050  4419
 2080 859.404717  4898
 2081 611.539884  1974
 2082 924.577042  2022
 2083 2344.083521  3569
 2084 22.908111   156
 2085 162.690818  1608
 2086 183.570093  1989
 2087 243.274263   557
 2088 141.348665  4458
 2089 1384.821196  4290
 2090 564.887991  1397
 2091 3182.800146  3827
 2092 790.223858  1521
 2093 2527.223756  4157
 2094 71.988435   640
 2095 2333.105124  4927
 2096 2119.680924  2415
 2097 4900.572576  4971
 2098 91.222626   327
 2099 0.333784     9
 2100 38.924799   531
 2101 32.654186   425
 2102 1759.892857  4721
 2103 931.895428  2426
 2104 707.329127  1159
 2105 0.443319   916
 2106 290.256990  2156
 2107 75.053036   151
 2108 888.188014   888
 2109 2064.312068  1533
 2110 67.152257  1152
 2111 558.618080  1787
 2112 721.348151  1850
 2113 3247.942766  3831
 2114 142.717553  1657
 2115 168.989566   918
 2116 1229.325349  1565
 2117 1811.617887  2309
 2118 1009.238053   883
 2119 976.552399  3794
 2120 853.071172  3885
 2121 63.290935   303
 2122 2869.933875  4221
 2123 733.037301  2305
 2124 97.851202  1195
 2125 1680.579059  3491
 2126 389.700558  2665
 2127 287.809591   442
 2128 298.460000  3183
 2129 1474.494192  1437
 2130 109.824287  3111
 2131 1102.403812  3356
 2132 893.343270  2895
 2133 993.954491   601
 2134 28.432309   239
 2135 816.290516  2879
 2136 0.607737   150
 2137 183.763328  4261
 2138 214.158624   734
 2139 4456.560010  4919
 2140 199.279390   848
 2141 1106.830050  3210
 2142 706.019256   293
 2143 0.444728   458
 2144 1052.026992  2818
 2145 1539.538886  3410
 2146 3646.164831  4358
 2147 1536.834309  2118
 2148 453.445582  3988
 2149 1483.838487  3072
 2150 272.051466   592
 2151 2312.573665  3078
 2152 348.586887  4904
 2153 245.747016  1437
 2154 189.716801  2248
 2155 141.059483   236
 2156 20.206538  2322
 2157 1010.850536  1895
 2158 272.202765  1216
 2159 420.071102  1469
 2160 3687.458030  2767
 2161 902.202272  3569
 2162 339.298266  4378
 2163 708.183512  1218
 2164 605.488989  4432
 2165 131.325522   863
 2166 810.308979  4467
 2167 799.086866  4603
 2168 170.016773  1006
 2169 481.794248  3568
 2170 1291.052481  3194
 2171 352.491500  1324
 2172 410.066785    29
 2173 58.817047  1181
 2174 36.600702  3775
 2175 663.705574  3953
 2176 2892.890231  3842
 2177 3201.397454  4862
 2178 3376.413464  2734
 2179 498.959810  2587
 2180 2091.894358  2727
 2181 1195.483571  3577
 2182 0.229772   132
 2183 1068.301174  3954
 2184 382.592481  1284
 2185 251.964391  1036
 2186 807.783898  3430
 2187 0.363722   250
 2188 380.865563  2917
 2189 139.808354   208
 2190 2544.270635  1998
 2191 860.889110  4640
 2192 527.323602  2192
 2193 104.718193   406
 2194 831.019747  1799
 2195 54.559100    12
 2196 3485.763404  4021
 2197 789.235947  2483
 2198 924.098689  3638
 2199 695.869225  3775
 2200 2127.922979  2822
 2201 5.828386  2501
 2202 718.454276   617
 2203 3976.581999  3995
 2204 264.131343   766
 2205 833.956396  1404
 2206 96.688292  1465
 2207 179.148702   576
 2208 1085.389018  2852
 2209 1052.291255  4620
 2210 1748.567028  4073
 2211 1527.724136  2554
 2212 481.557145  1639
 2213 488.442430  1704
 2214 275.082127   406
 2215 680.711641  1597
 2216 73.124868   368
 2217 12.647327   430
 2218 95.753454   502
 2219 706.706674  3084
 2220 61.149101  2421
 2221 693.612435  2655
 2222 828.149672  4955
 2223 4275.203449  4267
 2224 273.328066  2802
 2225 810.106798  1757
 2226 1676.415117  4287
 2227 1088.220088  1610
 2228 877.736424  4287
 2229 1827.975554  3276
 2230 968.518638  2400
 2231 169.583072   914
 2232 1518.082000  3775
 2233 52.218635   411
 2234 894.574449  2299
 2235 6.275063  1623
 2236 3641.208203  3236
 2237 380.614305  1386
 2238 2809.202399  4337
 2239 1827.495733  3310
 2240 2950.995970  3846
 2241 606.565185  4915
 2242 627.681906  2686
 2243 275.504383   142
 2244 863.531550  1499
 2245 1986.074623  1716
 2246 762.353582  1927
 2247 760.873486  4601
 2248 79.753962  1405
 2249 170.031119   377
 2250 185.857994   881
 2251 275.572862  2513
 2252 2910.602397  4129
 2253 129.906539  1475
 2254 3158.024292  4503
 2255 171.173214  1045
 2256 479.711558  2524
 2257 4436.931711  4749
 2258 1796.718575  4106
 2259 309.545180   907
 2260 313.473406  1366
 2261 391.357902  2027
 2262 2699.554218  4968
 2263 3.388194   189
 2264 2752.725462  3984
 2265 953.572120  3395
 2266 1954.277411  2399
 2267 1349.210577  2510
 2268 2782.823622  4871
 2269 698.081919  3125
 2270 262.860684   616
 2271 465.423561   988
 2272 1148.964223  3248
 2273 853.981938  2205
 2274 139.286612   534
 2275 374.816069  2133
 2276 237.120059   548
 2277 788.921621  4101
 2278 2645.037333  3838
 2279 272.237568  2467
 2280 88.210293   203
 2281 2122.172596  4941
 2282 911.710181  1559
 2283 1191.351321  3266
 2284 368.358043  2906
 2285 1495.346456  4773
 2286 1243.049326  1793
 2287 1138.843676  4286
 2288 5.834173   543
 2289 246.279290   639
 2290 1700.340807  2687
 2291 3920.519253  3192
 2292 2008.342622  4721
 2293 901.034028  1743
 2294 825.031689  1071
 2295 220.805666  1888
 2296 522.610238  1738
 2297 262.461654  1948
 2298 0.275944   342
 2299 3.313698  1001
 2300 1588.550457  4806
 2301 2864.961207  4246
 2302 313.577313   638
 2303 18.358364   401
 2304 132.587958   675
 2305 238.060258   583
 2306 231.979688  3673
 2307 859.624313  2176
 2308 517.738396  1785
 2309 4729.968058  4812
 2310 1464.282681  3740
 2311 721.925126  1030
 2312 35.470601   553
 2313 522.118410  2075
 2314 1137.191936  3119
 2315 1246.543247  2311
 2316 152.656035   776
 2317 89.755158   605
 2318 1398.859728  3562
 2319 385.700832  4080
 2320 86.654080  2882
 2321 1761.461581  4706
 2322 236.105697  1319
 2323 38.852759   584
 2324 210.841815  1233
 2325 484.742853  3353
 2326 602.024853  3412
 2327 2711.034049  4202
 2328 504.401323  2285
 2329 1623.959111  3439
 2330 1726.565605  3727
 2331 616.547930  1111
 2332 34.358851  2594
 2333 753.476965  2085
 2334 1502.942120  2098
 2335 7.885783   294
 2336 2186.202360  3703
 2337 28.083005  4132
 2338 2697.979940  3558
 2339 2848.664638  3926
 2340 2725.204328  4283
 2341 717.785028  2729
 2342 1944.632935  3097
 2343 178.163434  4312
 2344 359.122691  4592
 2345 192.357940   667
 2346 108.002004   370
 2347 541.056816  4775
 2348 47.218805  4786
 2349 1835.934157  2370
 2350 1563.254230  4009
 2351 1425.368258  2785
 2352 962.900565  4262
 2353 82.104283  1160
 2354 1740.498046  3138
 2355 42.301741   477
 2356 1646.673861  2325
 2357 2087.055339  4089
 2358 87.957691  2552
 2359 498.698843  1668
 2360 965.649386  2696
 2361 3879.814435  4676
 2362 53.909103  3083
 2363 1408.609904  3857
 2364 737.031074  1691
 2365 10.477925   201
 2366 193.000922  1764
 2367 780.335047  2251
 2368 533.771343  3476
 2369 150.434827  1426
 2370 1338.870218  2446
 2371 2270.614630  3544
 2372 735.570069  2730
 2373 49.709852   524
 2374 854.902370   821
 2375 1749.620621  3041
 2376 469.396295  3472
 2377 1251.322754  1933
 2378 104.158511   279
 2379 965.657473  2115
 2380 930.568931  3233
 2381 242.278122   773
 2382 2499.927372  3879
 2383 1494.888824  4641
 2384 93.873766  3035
 2385 327.530871  1070
 2386 542.573212  3367
 2387 723.745933  1700
 2388 223.887082   382
 2389 52.424695   446
 2390 1354.548383  2243
 2391 234.572308  2061
 2392 722.247642  2244
 2393 738.551695  1498
 2394 581.693106  2274
 2395 3180.124015  4511
 2396 508.883089  1888
 2397 290.626496  1930
 2398 681.755209  1982
 2399 173.728917    87
 2400 193.907081  1265
 2401 247.078773  1306
 2402 1453.911937   776
 2403 238.884346  2966
 2404 2152.633907  3445
 2405 869.166787  2028
 2406 1968.020934  4719
 2407 820.744687  3579
 2408 43.498887   304
 2409 522.170387  4928
 2410 404.614185  1952
 2411 1614.962498  4018
 2412 597.555413  1381
 2413 2551.661363  2877
 2414 635.053022  1996
 2415 165.262749   977
 2416 564.790175  4209
 2417 4197.776944  4367
 2418 1137.775907   918
 2419 195.396064  1760
 2420 3526.159826  3476
 2421 447.030031   401
 2422 0.746789   404
 2423 1045.878119  4606
 2424 1200.595496  2248
 2425 172.768484  1026
 2426 579.354973  2572
 2427 208.948203   456
 2428 749.060712  3578
 2429 471.092263  3762
 2430 684.600522  1590
 2431 856.989125  4323
 2432 161.392397  3270
 2433 986.017635  3419
 2434 2910.582881  3733
 2435 122.246659   527
 2436 1453.414274  2662
 2437 527.889753  2810
 2438 692.008024   743
 2439 12.670792   140
 2440 27.785477  1449
 2441 103.658771   588
 2442 663.516329  1818
 2443 1362.044736  1941
 2444 385.730910  4389
 2445 821.981399  1459
 2446 1742.383660  3031
 2447 4431.544520  4497
 2448 2468.015468  2847
 2449 8459.228618  4465
 2450 30.646928   953
 2451 1660.292559  1511
 2452 3130.377714  3662
 2453 55.467260    82
 2454 2.272176   420
 2455 102.082649   199
 2456 675.561398  1206
 2457 251.758046  3515
 2458 565.817231  2392
 2459 412.763485   813
 2460 1011.526788  2497
 2461 2362.070825  2495
 2462 136.032067   852
 2463 882.200133  2391
 2464 2987.112834  4101
 2465 7292.545765  4462
 2466 715.834259  1589
 2467 40.003267   724
 2468 644.664835  1258
 2469 1134.863733  1717
 2470 436.595941  3998
 2471 1167.422993  3204
 2472 374.767226   994
 2473 1168.836258  1307
 2474 348.761192  3264
 2475 1142.187729  1524
 2476 47.618249  2674
 2477 1187.628174  2143
 2478 1804.265773  4009
 2479 655.499552  1497
 2480 960.830634  2437
 2481 3042.535620  4261
 2482 968.892789  2734
 2483 2154.959805  4465
 2484 160.989314   685
 2485 1032.059846   680
 2486 1569.373833  4995
 2487 1713.233311  4175
 2488 7.849238   123
 2489 1317.040171  4398
 2490 1355.448800  2470
 2491 228.968265  4198
 2492 1411.127566  2780
 2493 445.597578  3281
 2494 246.661348   433
 2495 51.628863  2186
 2496 124.386628  3924
 2497 1521.007600  2466
 2498 1559.701633  3911
 2499 82.741172   372
 2500 1552.295456  4875
