200
    1 1698.155342     1
    2 8116.011121 12552
    3 437.070795  7863
    4 4451.439882  6186
    5 13308.492872 10557
    6 687.480511  1402
    7 274.216962  7882
    8 3261.354391  5438
    9 213.320185  1631
   10 9228.804278 16863
   11 40.994975   605
   12 0.353578   525
   13 5017.499431 19328
   14 6932.511392 10096
   15 1054.588955  2939
   16 1786.237324 14956
   17 8283.410481 17041
   18 539.813153  3215
   19 2969.171743 14573
   20 2042.473101  4699
   21 949.869240  1823
   22 4051.208569 15275
   23 1895.441441 14868
   24 292.744486  1059
   25 861.587509 12208
   26 831.914669  2904
   27 0.421063   395
   28 9420.756080 14425
   29 659.478841  4613
   30 1996.822375  4985
   31 10311.074999 10343
   32 1011.863591  5690
   33 517.055876  2104
   34 4141.119299 17016
   35 6956.916053  7064
   36 17.754689  1647
   37 7666.382951 12445
   38 213.379426  1257
   39 4687.316152 14887
   40 3167.431182  2568
   41 344.179192  2082
   42 646.923428 15949
   43 51.234813  3544
   44 474.895584  3714
   45 342.751720   240
   46 0.177610   842
   47 862.371034  5863
   48 3255.745644  7651
   49 1462.533279 15497
   50 4633.322105 11573
   51 3160.919928 10828
   52 923.879196  2746
   53 6904.396044 10314
   54 4141.056464 13962
   55 2867.849642  3513
   56 2265.598791  2017
   57 3509.971984  7528
   58 4839.843680 10127
   59 6652.881024  8792
   60 151.537085  1213
   61 18371.079737 19028
   62 1953.750808 11927
   63 2347.666593 11951
   64 1768.175772 16634
   65 586.136546 18009
   66 724.436169  8283
   67 672.266294  4765
   68 3460.871059  7953
   69 6915.442001 14234
   70 3310.639034 16832
   71 1954.814474  6524
   72 399.569809  8419
   73 1207.025034 13238
   74 5447.086467 13525
   75 952.276701 13759
   76 296.111249 10172
   77 91.042433  1958
   78 2529.013652 11635
   79 0.046150  1299
   80 308.176140  4435
   81 368.842128  3195
   82 378.036408  3101
   83 1390.490220 14367
   84 1333.596753  7462
   85 18.766445  1250
   86 5228.031210 13695
   87 894.492306  7429
   88 1139.670863 18848
   89 6072.756454 14337
   90 806.119336  1841
   91 1565.221097  3905
   92 581.579118 16181
   93 2468.979545  6201
   94 5205.903708  9235
   95 405.327898  7526
   96 596.830304   258
   97 9204.283207 11140
   98 11512.896051 18352
   99 8332.076137 17350
  100 6712.981118 13231
  101 1084.320925  6709
  102 0.248015    93
  103 5928.633156 10824
  104 0.078694   814
  105 3395.264942  9021
  106 0.415420  1080
  107 2061.776807  3377
  108 290.147389  3611
  109 1308.360653  1281
  110 1837.228437 19243
  111 3439.513579 12350
  112 1353.459079  6331
  113 2655.943866 11527
  114 1386.377051  8488
  115 560.087225 12613
  116 1595.835768  5599
  117 3168.869839 12552
  118 8391.187310 14764
  119 608.034340  1817
  120 4096.848135 18720
  121 9349.832435 10876
  122 2.001230  1854
  123 3552.761888  6725
  124 0.509934   546
  125 11049.855111 16403
  126 4861.964118 12558
  127 19768.453264 19437
  128 3080.529153 12051
  129 2329.891160 12728
  130 7471.091094 12216
  131 4571.995719 19666
  132 499.900476    74
  133 638.832366  5870
  134 2392.980790  6240
  135 2044.996898  3404
  136 8573.428894 13066
  137 2294.251779 13236
  138 463.896092 13974
  139 5597.272557  6575
  140 383.405910   702
  141 3491.763300 13859
  142 985.034391  3409
  143 6135.588143  5705
  144 10974.821645 14460
  145 8670.565319 16428
  146 802.626205  6421
  147 1023.578640   799
  148 2688.998156  5828
  149 687.320498   348
  150 3993.768610 14927
  151 998.026740  5717
  152 2747.144529 14176
  153 4444.071470 13369
  154 2224.746622  4629
  155 4672.937156 18117
  156 2769.088366  6851
  157 7778.756884  9251
  158 13528.231410 15560
  159 466.221474  5572
  160 12636.286222 13900
  161 9907.867439 19542
  162 120.264620  3379
  163 17935.644710 18562
  164 1084.155288  3554
  165 453.950980  4068
  166 3197.628743  4587
  167 3583.190755  4200
  168 8935.825903 12150
  169 2006.331939  3870
  170 1816.385939 17518
  171 6779.152562 12985
  172 11945.001146 14598
  173 6548.517148 14057
  174 286.042713  6694
  175 6302.362411 15891
  176 551.138078  2742
  177 3978.828287 11434
  178 7782.599021 10565
  179 2601.150534 11021
  180 184.085073  9654
  181 6066.810080 11837
  182 1107.177540 13672
  183 946.113688  4952
  184 1534.079803  6785
  185 3432.270661  6455
  186 4057.078542 19030
  187 16501.859310 19648
  188 1724.365398  7257
  189 1551.360109  6729
  190 4339.504491 13760
  191 4871.846965  4618
  192 311.525863  4846
  193 7131.609145  9565
  194 10531.794685 18720
  195 2871.099679 18229
  196 941.568707  8694
  197 1835.969504  5816
  198 21598.329906 17659
  199 3612.527254 14651
  200 630.324960 16147
