50
    1 2.337127     1
    2 46.308287    52
    3 8.151595    63
    4 18.500298    86
    5 23.901702    57
    6 0.523935     2
    7 27.016916    82
    8 22.711675    38
    9 8.874863    31
   10 41.266482    63
   11 4.355124     5
   12 16.603274    25
   13 0.189209    28
   14 6.772993    96
   15 3.807976    39
   16 10.917443    56
   17 4.946967    41
   18 9.351419    15
   19 54.594902    73
   20 59.473559    99
   21 32.081325    23
   22 33.055910    75
   23 6.673229    68
   24 4.427382    59
   25 0.697627     8
   26 0.405621     4
   27 52.994375    95
   28 2.351650    25
   29 0.429412    13
   30 10.981890    85
   31 42.894864    43
   32 18.977784    90
   33 0.419045     4
   34 0.153141    16
   35 52.861473    64
   36 1.025445    47
   37 26.724353    45
   38 86.234497    57
   39 17.933922    87
   40 24.119052    68
   41 30.682656    82
   42 45.504749    49
   43 10.637727    44
   44 2.531363    14
   45 21.350556    40
   46 42.757959    42
   47 19.242891    63
   48 23.217243    51
   49 37.581007    97
   50 18.868591    73
