100
    1 474.641410     1
    2 4641.888525 22552
    3 -961.591737     7
    4 -446.465141     7
    5 -1322.366776     8
    6 7186.228910 11402
    7 14030.205877  7882
    8 140.331777  5438
    9 -265.968725     7
   10 6698.704496  6863
   11 -230.740556     1
   12 5357.923501   525
   13 -1240.893197     2
   14 24205.841507 20096
   15 -405.797156     7
   16 23479.819699 24956
   17 -1049.007662     8
   18 -1618.978349     6
   19 11741.959529 14573
   20 -1458.400406     7
   21 17021.242577 21823
   22 12364.870732 15275
   23 5665.444598 14868
   24 -647.026502     6
   25 534.860863  2208
   26 -282.806097     1
   27 19788.226033 20395
   28 -1762.856008     3
   29 1068.535426  4613
   30 1191.747686 14985
   31 8.236097 10343
   32 -626.496952     7
   33 7025.262714  2104
   34 -1490.543079     7
   35 11347.032606 17064
   36 19489.553834 21647
   37 -240.398062     0
   38 1050.383371  1257
   39 -368.170732     9
   40 3414.947884  2568
   41 3578.454136 12082
   42 4213.000534 15949
   43 1142.803234 13544
   44 2866.494559 23714
   45 -662.341840     8
   46 10877.951386 10842
   47 3484.353941 15863
   48 -716.612774     0
   49 -933.640400     7
   50 5109.797483  1573
   51 3560.339462   828
   52 1903.115413 12746
   53 697.347728   314
   54 6723.380288 23962
   55 13296.824493 23513
   56 -666.082627     3
   57 28575.790347 27528
   58 -156.273625     5
   59 -1247.481883     3
   60 -716.475423     2
   61 11092.998084 19028
   62 -1944.544450     7
   63 -1483.303982     7
   64 6363.965825 26634
   65 2264.161208  8009
   66 3726.677675 18283
   67 15953.632326 14765
   68 -884.418489     5
   69 1916.994642  4234
   70 2701.804782  6832
   71 1510.272303  6524
   72 -910.819208     1
   73 18636.463654 23238
   74 4812.555921 23525
   75 -227.569004     4
   76 1548.985071 10172
   77 7356.691376 21958
   78 -37.183131     7
   79 -249.819119     8
   80 -1384.759751     1
   81 115.961009  3195
   82 464.413770  3101
   83 -978.437433     6
   84 3656.560952  7462
   85 1410.420229  1250
   86 1488.842849 13695
   87 -1748.738785     0
   88 -354.078710     4
   89 -79.620469     5
   90 15749.816246 11841
   91 2931.029100  3905
   92 3637.832504 26181
   93 6608.289862  6201
   94 -32.512122     0
   95 -506.510191     5
   96 6591.416575 20258
   97 9202.148192 11140
   98 -1049.031643     0
   99 6622.693541  7350
  100 -1274.796806     3
