300
    1 2856.060829     1
    2 10592.502891 22552
    3 -2672.679964     7
    4 -386.472189     7
    5 -802.458281     8
    6 18060.709444 11402
    7 651.906237  7882
    8 8026.438313  5438
    9 -1099.039240     7
   10 4189.859119  6863
   11 -135.766920     1
   12 2487.135665   525
   13 -1205.124949     2
   14 5715.285755 20096
   15 -1744.124819     7
   16 7989.396048 24956
   17 -342.973142     8
   18 -1737.827796     6
   19 3279.703751 14573
   20 -144.752152     7
   21 17174.978807 21823
   22 4277.535305 15275
   23 15258.130211 14868
   24 -301.250503     6
   25 2045.347201  2208
   26 -2002.064364     1
   27 6051.170154 20395
   28 -598.662975     3
   29 5827.784246  4613
   30 8026.853062 14985
   31 2975.808411 10343
   32 -1236.850122     7
   33 7249.352693  2104
   34 -500.960690     7
   35 14226.497917 17064
   36 7818.444876 21647
   37 -231.884032     0
   38 4098.283668  1257
   39 -14.859719     9
   40 4736.802564  2568
   41 1232.321227 12082
   42 2112.582053 15949
   43 15657.387977 13544
   44 6348.828372 23714
   45 -61.090639     8
   46 8321.663541 10842
   47 4017.155127 15863
   48 -1110.218651     0
   49 -593.447040     7
   50 2062.764098  1573
   51 1168.056255   828
   52 732.958711 12746
   53 549.093841   314
   54 1853.457458 23962
   55 4946.379880 23513
   56 -714.780648     3
   57 7616.313392 27528
   58 -1957.907928     5
   59 -1548.383999     3
   60 -1650.183129     2
   61 2513.959312 19028
   62 -444.020765     7
   63 -72.675871     7
   64 1764.415681 26634
   65 3139.162591  8009
   66 20636.506729 18283
   67 10107.722528 14765
   68 -1081.002884     5
   69 5423.482617  4234
   70 3966.428801  6832
   71 2593.557670  6524
   72 -2796.718008     1
   73 21.796310 23238
   74 7812.596996 23525
   75 -1166.026999     4
   76 5357.787318 10172
   77 10705.694193 21958
   78 -523.929746     7
   79 -1589.587788     8
   80 -319.962622     1
   81 1590.748812  3195
   82 6906.411193  3101
   83 -208.615658     6
   84 2284.280062  7462
   85 1782.794515  1250
   86 11624.388055 13695
   87 -1027.743260     0
   88 -633.669461     4
   89 -1034.891913     5
   90 8109.427406 11841
   91 5207.985939  3905
   92 264.689068 26181
   93 3818.147845  6201
   94 -105.348187     0
   95 -376.803572     5
   96 5664.242732 20258
   97 5456.907847 11140
   98 -1280.391234     0
   99 2311.666827  7350
  100 -173.322410     3
  101 913.813457  6709
  102 -522.488534     0
  103 16490.468053 20824
  104 1827.148053 10814
  105 -514.039757     3
  106 3904.616417  1080
  107 6545.751448 23377
  108 -1842.290740     6
  109 1210.165134  1281
  110 -471.610557     8
  111 9693.791425 12350
  112 -864.186960     5
  113 3284.956415 21527
  114 -1046.806224     1
  115 4160.177079 12613
  116 5797.319689 25599
  117 3288.479291  2552
  118 6471.106917  4764
  119 4141.211840 11817
  120 1155.338805  8720
  121 1432.296907   876
  122 7392.972531 21854
  123 -491.558603     9
  124 2828.007332   546
  125 -480.558757     5
  126 -3047.006586     1
  127 -1176.019358     7
  128 -2154.084912     8
  129 6552.973711 22728
  130 7699.161376 12216
  131 131.769952 19666
  132 2338.665664    74
  133 -979.374204     8
  134 8640.187969 16240
  135 16979.964566 23404
  136 2093.917489  3066
  137 100.482146  3236
  138 -1883.639865     9
  139 104.406879 26575
  140 -1576.433704     4
  141 3638.085281 23859
  142 -408.714274     0
  143 3003.086602 15705
  144 126.429325 14460
  145 3229.888992 16428
  146 7458.292759 26421
  147 8142.131952 10799
  148 -959.785866     0
  149 -668.011346     1
  150 9067.739060 14927
  151 -596.256220     0
  152 6190.809003  4176
  153 6912.922957  3369
  154 -203.998656     7
  155 -1667.369524     6
  156 16384.745019 26851
  157 -237.310803     8
  158 9936.332556  5560
  159 -666.310326     4
  160 8693.977115 13900
  161 -2588.758162     9
  162 9883.865610 23379
  163 13894.212352 18562
  164 -2723.020028     9
  165 -509.741800     0
  166 919.475716  4587
  167 5059.367696  4200
  168 -1382.185137     9
  169 -1081.210730     3
  170 -1492.169532     4
  171 -614.230008     3
  172 577.854161 24598
  173 15147.690935 14057
  174 -1146.992249     9
  175 10519.113907 15891
  176 -1400.176524     0
  177 -775.969766     4
  178 18380.109315 20565
  179 11669.321335 11021
  180 7519.615806 19654
  181 -175.084472     1
  182 4034.519093 13672
  183 25702.524971 14952
  184 11119.687051 26785
  185 8216.936394  6455
  186 -1045.854638     5
  187 -16.112959     5
  188 -705.322078     5
  189 13462.546382 16729
  190 4180.850967 13760
  191 -609.884439     2
  192 11564.982257 24846
  193 -620.287531     5
  194 -1190.823543     7
  195 -1049.623576     9
  196 -173.990387     1
  197 17212.859488 15816
  198 3663.765218 17659
  199 -1186.658959     4
  200 12291.835126  6147
  201 -1681.652355     1
  202 20111.786890 26161
  203 5298.608568  9518
  204 -2090.337286     4
  205 1805.173200 18278
  206 8059.746325 12201
  207 -195.073212     3
  208 -164.405170     5
  209 10217.237987 11251
  210 3984.216134 11128
  211 4036.073401 18494
  212 -683.983892     1
  213 -633.612062     0
  214 13757.329677 15528
  215 -211.798536     5
  216 2005.883355  1154
  217 1053.207529 15143
  218 -635.431261     3
  219 2784.731955 16679
  220 -750.469505     5
  221 5276.767297  1476
  222 10144.300079 19127
  223 427.532429  5680
  224 4425.623167  2168
  225 -799.286202     5
  226 12769.968568 25072
  227 1385.917953   460
  228 7053.569194  3095
  229 807.268394  8458
  230 -4052.822963     4
  231 15152.038888 11398
  232 218.078327   881
  233 1501.390491  1061
  234 -545.001158     9
  235 5901.302982 17055
  236 -158.363902     9
  237 9342.421005 25768
  238 5698.787311 14732
  239 -949.412766     2
  240 2169.692333    35
  241 22797.429135  9045
  242 -1321.312142     4
  243 7860.503407 25507
  244 33640.082715 27680
  245 5339.036135  6344
  246 10921.854443 21407
  247 -277.820437     8
  248 -2024.189833     2
  249 6419.467918 21608
  250 8806.741228 19993
  251 -2128.141044     0
  252 122.066090   131
  253 26301.895399 26725
  254 -1992.583592     7
  255 3022.218051  4774
  256 -1886.744014     8
  257 -1132.384206     3
  258 8533.262457 11874
  259 -86.937271     4
  260 -184.625198     5
  261 34162.668901 15881
  262 -1930.729013     3
  263 2158.784582 14536
  264 1516.196535  1231
  265 8248.134434 13187
  266 4888.102473  7031
  267 -1294.532415     0
  268 17911.938524 12441
  269 -1545.948425     1
  270 -1812.449589     0
  271 2526.961210 20832
  272 -281.490734     3
  273 12841.921808 13008
  274 9874.543688  3973
  275 979.985075  9596
  276 -218.792462     7
  277 4174.230857  8226
  278 4417.565504  8125
  279 385.078486  1936
  280 654.188461   519
  281 -55.074455     4
  282 17.964323 20779
  283 9263.008514  5897
  284 -935.826707     7
  285 -1135.623648     5
  286 -977.992719     2
  287 802.115711 13467
  288 -1152.269472     7
  289 -864.445272     1
  290 10329.779451 15224
  291 5770.502257 16581
  292 2703.378703 16126
  293 -1102.876186     6
  294 20672.092908 12038
  295 10320.526333 14498
  296 2121.355165  4174
  297 -1425.353894     6
  298 -1238.755633     5
  299 2075.274657 21172
  300 11203.067903 14979
