300
    1 4209.640509     1
    2 10610.245826 22552
    3 -1991.599348     7
    4 -123.124630     7
    5 -530.577215     8
    6 1083.991108 11402
    7 3901.383840  7882
    8 7155.298356  5438
    9 -14.754618     7
   10 1265.874951  6863
   11 -35.079274     1
   12 170.271769   525
   13 -402.784698     2
   14 13102.778075 20096
   15 -1246.140315     7
   16 4439.136775 24956
   17 -816.871152     8
   18 -64.746001     6
   19 3036.705125 14573
   20 -84.196865     7
   21 3896.070440 21823
   22 12192.992712 15275
   23 21648.066338 14868
   24 -269.224088     6
   25 1198.440622  2208
   26 -376.092401     1
   27 12785.748465 20395
   28 -1269.228869     3
   29 9363.876640  4613
   30 7741.314142 14985
   31 6241.581794 10343
   32 -142.342014     7
   33 493.558662  2104
   34 -1918.367152     7
   35 5575.341346 17064
   36 1490.201866 21647
   37 -149.066444     0
   38 2431.268895  1257
   39 -785.464744     9
   40 3868.053570  2568
   41 10773.919341 12082
   42 8012.257542 15949
   43 10881.713143 13544
   44 4836.761048 23714
   45 -1291.018789     8
   46 6248.058392 10842
   47 3218.485784 15863
   48 -400.189321     0
   49 -1333.633571     7
   50 445.459629  1573
   51 1628.240615   828
   52 15586.417191 12746
   53 1326.501148   314
   54 11874.555283 23962
   55 14251.998728 23513
   56 -85.629945     3
   57 20384.267066 27528
   58 -1420.374311     5
   59 -924.376852     3
   60 -1341.935280     2
   61 26019.778394 19028
   62 -1005.156253     7
   63 -1583.182153     7
   64 6097.612898 26634
   65 3092.301231  8009
   66 3203.378812 18283
   67 4593.641220 14765
   68 -128.762279     5
   69 277.872624  4234
   70 4731.439899  6832
   71 2897.636907  6524
   72 -312.342770     1
   73 4789.058762 23238
   74 11314.505737 23525
   75 -1298.012426     4
   76 1396.045838 10172
   77 15512.222144 21958
   78 -995.203763     7
   79 -815.395821     8
   80 -311.533832     1
   81 5669.434357  3195
   82 1414.474532  3101
   83 -1101.079341     6
   84 8366.660580  7462
   85 3552.047823  1250
   86 348.653684 13695
   87 -621.945952     0
   88 -1843.211154     4
   89 -190.654408     5
   90 10999.989142 11841
   91 3576.838281  3905
   92 5399.269018 26181
   93 2253.447273  6201
   94 -765.544228     0
   95 -483.952594     5
   96 7845.224828 20258
   97 4391.101292 11140
   98 -557.350890     0
   99 913.179692  7350
  100 -820.621674     3
  101 5926.799759  6709
  102 -2350.990689     0
  103 1893.470930 20824
  104 13066.634316 10814
  105 -1656.122328     3
  106 5206.842873  1080
  107 28329.891850 23377
  108 -904.047517     6
  109 3236.094089  1281
  110 -1027.523534     8
  111 3138.262108 12350
  112 -318.973637     5
  113 5135.111214 21527
  114 -3634.172902     1
  115 2375.476346 12613
  116 18012.206416 25599
  117 2429.871161  2552
  118 2238.327253  4764
  119 13233.445733 11817
  120 821.053105  8720
  121 206.334305   876
  122 12318.854508 21854
  123 -431.488016     9
  124 1519.662276   546
  125 -93.229355     5
  126 -318.571914     1
  127 -2076.793694     7
  128 -725.819472     8
  129 10012.994414 22728
  130 12766.073831 12216
  131 10935.989801 19666
  132 5506.317978    74
  133 -1141.456038     8
  134 29801.592161 16240
  135 4843.792249 23404
  136 5196.606186  3066
  137 1860.222666  3236
  138 -1329.726421     9
  139 23847.673782 26575
  140 -72.269958     4
  141 11916.056434 23859
  142 -1138.610663     0
  143 15214.333613 15705
  144 8141.711008 14460
  145 2682.934191 16428
  146 12244.932861 26421
  147 8561.872554 10799
  148 -1605.059138     0
  149 -466.430617     1
  150 11354.705732 14927
  151 -347.036676     0
  152 136.944667  4176
  153 2865.983170  3369
  154 -869.976008     7
  155 -931.561921     6
  156 24544.729661 26851
  157 -2001.162855     8
  158 1119.741637  5560
  159 -178.932032     4
  160 3520.467233 13900
  161 -1158.196314     9
  162 8521.529257 23379
  163 4505.953660 18562
  164 -536.531148     9
  165 -74.676794     0
  166 3250.936115  4587
  167 5317.795929  4200
  168 -1573.106852     9
  169 -184.566189     3
  170 -1236.155257     4
  171 -24.419013     3
  172 2172.782778 24598
  173 14130.299086 14057
  174 -732.949136     9
  175 4336.581823 15891
  176 -1813.671460     0
  177 -358.331885     4
  178 11120.171943 20565
  179 19595.891851 11021
  180 8690.706064 19654
  181 -634.509548     1
  182 13585.609865 13672
  183 9240.672703 14952
  184 11973.885127 26785
  185 7813.138971  6455
  186 -193.238461     5
  187 -1112.078113     5
  188 -274.920021     5
  189 2839.741501 16729
  190 1337.076450 13760
  191 -74.742042     2
  192 16307.662174 24846
  193 -1896.758556     5
  194 -197.358310     7
  195 -1218.505104     9
  196 -232.585389     1
  197 4992.549098 15816
  198 9596.876039 17659
  199 -972.052929     4
  200 3339.514359  6147
  201 -603.999542     1
  202 13751.706154 26161
  203 4477.727500  9518
  204 -490.212053     4
  205 21252.661388 18278
  206 19288.544297 12201
  207 -40.889170     3
  208 -941.401543     5
  209 4764.593878 11251
  210 12273.022488 11128
  211 13511.867139 18494
  212 -166.806439     1
  213 -96.071349     0
  214 1967.734692 15528
  215 -620.151007     5
  216 2042.335440  1154
  217 9701.923548 15143
  218 -1335.944188     3
  219 1250.348058 16679
  220 -829.512791     5
  221 5885.251873  1476
  222 13846.618351 19127
  223 4773.260264  5680
  224 3777.617749  2168
  225 -2558.305993     5
  226 6524.661836 25072
  227 652.140627   460
  228 1173.085014  3095
  229 4932.639620  8458
  230 -1171.630059     4
  231 10144.629248 11398
  232 772.974298   881
  233 608.730535  1061
  234 -542.438109     9
  235 9271.121826 17055
  236 -2294.461567     9
  237 1079.829493 25768
  238 9883.572954 14732
  239 -196.527462     2
  240 2664.853509    35
  241 3360.661453  9045
  242 -311.661685     4
  243 12441.068513 25507
  244 2215.362519 27680
  245 6150.505564  6344
  246 3573.701383 21407
  247 -488.617580     8
  248 -767.563295     2
  249 17720.965138 21608
  250 6435.856726 19993
  251 -1616.831172     0
  252 376.363350   131
  253 8377.778514 26725
  254 -255.635702     7
  255 2199.294266  4774
  256 -1152.223430     8
  257 -1879.051062     3
  258 13282.270945 11874
  259 -180.696466     4
  260 -1753.252218     5
  261 1064.611548 15881
  262 -1050.408902     3
  263 22124.532892 14536
  264 2567.763704  1231
  265 4441.768181 13187
  266 2774.123027  7031
  267 -448.717949     0
  268 5904.074518 12441
  269 -258.633712     1
  270 -292.648360     0
  271 11151.641181 20832
  272 -290.995532     3
  273 4944.290798 13008
  274 8084.733089  3973
  275 2283.896047  9596
  276 -4775.280773     7
  277 4114.062997  8226
  278 11676.503172  8125
  279 1934.140935  1936
  280 1115.821870   519
  281 -505.066005     4
  282 45.829533 20779
  283 6734.317096  5897
  284 -2211.502213     7
  285 -937.657299     5
  286 -1316.636167     2
  287 13102.010715 13467
  288 -893.980421     7
  289 -203.073629     1
  290 7379.113642 15224
  291 7147.382298 16581
  292 15576.619089 16126
  293 -449.069832     6
  294 736.741749 12038
  295 11050.866756 14498
  296 11677.147984  4174
  297 -924.686604     6
  298 -2218.557620     5
  299 13790.674532 21172
  300 3903.851615 14979
