300
    1 607.075088     1
    2 5681.700843 22552
    3 -3782.691742     7
    4 -325.543691     7
    5 -193.501237     8
    6 3511.530210 11402
    7 2266.484754  7882
    8 21.131422  5438
    9 -693.851986     7
   10 743.922444  6863
   11 -162.398984     1
   12 636.496016   525
   13 -847.436111     2
   14 17346.880189 20096
   15 -1043.820778     7
   16 8764.337515 24956
   17 -256.108089     8
   18 -673.784522     6
   19 4661.321331 14573
   20 -129.114274     7
   21 22070.754925 21823
   22 2315.652485 15275
   23 21746.024492 14868
   24 -1135.696786     6
   25 2213.616804  2208
   26 -89.842789     1
   27 27496.845597 20395
   28 -159.863352     3
   29 5875.102647  4613
   30 3363.944569 14985
   31 4235.236494 10343
   32 -1126.246488     7
   33 2232.765272  2104
   34 -30.063622     7
   35 17671.856479 17064
   36 7293.802347 21647
   37 -63.962760     0
   38 3643.750432  1257
   39 -1934.446743     9
   40 4114.629380  2568
   41 1407.740746 12082
   42 691.012685 15949
   43 7714.666624 13544
   44 11731.124390 23714
   45 -682.970766     8
   46 2037.294804 10842
   47 6097.876724 15863
   48 -366.349370     0
   49 -1121.429319     7
   50 991.653174  1573
   51 530.658623   828
   52 3154.939774 12746
   53 2049.357106   314
   54 248.688988 23962
   55 21668.903209 23513
   56 -235.314294     3
   57 414.188534 27528
   58 -589.661554     5
   59 -3335.014803     3
   60 -246.711324     2
   61 6486.555390 19028
   62 -135.496728     7
   63 -632.924051     7
   64 9792.702258 26634
   65 945.774046  8009
   66 8273.401817 18283
   67 9579.797716 14765
   68 -967.167787     5
   69 9231.627061  4234
   70 115.700692  6832
   71 3721.937350  6524
   72 -1419.665513     1
   73 9035.154547 23238
   74 24467.696931 23525
   75 -295.813608     4
   76 1407.985822 10172
   77 11006.579661 21958
   78 -692.299339     7
   79 -376.898472     8
   80 -296.409779     1
   81 2473.866770  3195
   82 4323.797276  3101
   83 -1082.074525     6
   84 3606.457307  7462
   85 3514.617525  1250
   86 15061.245158 13695
   87 -217.505629     0
   88 -873.957072     4
   89 -883.934444     5
   90 9125.166792 11841
   91 4371.890641  3905
   92 46613.690835 26181
   93 2560.425822  6201
   94 -376.385086     0
   95 -820.803510     5
   96 1798.918654 20258
   97 10719.093099 11140
   98 -992.939937     0
   99 320.603231  7350
  100 -2027.665122     3
  101 5173.139027  6709
  102 -509.281959     0
  103 538.202521 20824
  104 25.464653 10814
  105 -1244.569075     3
  106 2447.021762  1080
  107 5799.610675 23377
  108 -1693.160482     6
  109 1301.763793  1281
  110 -880.392042     8
  111 333.562398 12350
  112 -546.045247     5
  113 14933.737849 21527
  114 -1900.773472     1
  115 5976.136066 12613
  116 15700.894431 25599
  117 6883.800441  2552
  118 1558.750317  4764
  119 15370.743651 11817
  120 767.883760  8720
  121 1371.174451   876
  122 6860.005852 21854
  123 -327.589492     9
  124 4004.844046   546
  125 -645.306944     5
  126 -2132.903705     1
  127 -241.849168     7
  128 -253.627367     8
  129 4154.097633 22728
  130 2761.094866 12216
  131 7926.024981 19666
  132 1288.345637    74
  133 -72.749710     8
  134 15864.722541 16240
  135 13945.989315 23404
  136 5881.017286  3066
  137 1705.993395  3236
  138 -1997.441469     9
  139 3557.415821 26575
  140 -1698.340679     4
  141 10322.434666 23859
  142 -195.490587     0
  143 14336.251560 15705
  144 5362.277807 14460
  145 10175.515970 16428
  146 3407.561276 26421
  147 3872.802991 10799
  148 -84.562728     0
  149 -580.762533     1
  150 8192.596915 14927
  151 -1671.404180     0
  152 1295.709742  4176
  153 1485.571428  3369
  154 -1.124133     7
  155 -100.957384     6
  156 8835.694756 26851
  157 -533.517839     8
  158 3103.883125  5560
  159 -733.233622     4
  160 5466.354438 13900
  161 -1352.544229     9
  162 8732.702366 23379
  163 3760.713406 18562
  164 -772.444417     9
  165 -1666.678886     0
  166 7598.439213  4587
  167 1138.783284  4200
  168 -988.433461     9
  169 -633.700395     3
  170 -773.958771     4
  171 -1674.444752     3
  172 21055.726038 24598
  173 1296.083607 14057
  174 -523.562544     9
  175 1920.848302 15891
  176 -557.748586     0
  177 -2252.661602     4
  178 22049.595989 20565
  179 12966.670613 11021
  180 6007.597213 19654
  181 -1461.817819     1
  182 1148.668157 13672
  183 1373.122058 14952
  184 9387.319197 26785
  185 11331.737482  6455
  186 -57.347356     5
  187 -1322.487568     5
  188 -61.505243     5
  189 1486.229607 16729
  190 4608.376752 13760
  191 -321.839180     2
  192 2082.668067 24846
  193 -1077.754328     5
  194 -92.342107     7
  195 -2674.881776     9
  196 -331.628995     1
  197 4230.213238 15816
  198 3258.245847 17659
  199 -828.148039     4
  200 5344.320617  6147
  201 -696.503078     1
  202 29938.830209 26161
  203 6100.207369  9518
  204 -1278.109700     4
  205 8287.297001 18278
  206 13070.622952 12201
  207 -342.006125     3
  208 -538.341214     5
  209 505.997707 11251
  210 9328.947175 11128
  211 17109.588602 18494
  212 -237.709500     1
  213 -1388.841498     0
  214 18846.882078 15528
  215 -1022.148481     5
  216 614.621041  1154
  217 596.914827 15143
  218 -149.091528     3
  219 3118.310421 16679
  220 -792.475398     5
  221 375.495453  1476
  222 6768.641495 19127
  223 7641.531974  5680
  224 5022.014629  2168
  225 -699.824694     5
  226 7897.645646 25072
  227 4211.992207   460
  228 2023.293498  3095
  229 9695.117782  8458
  230 -1103.925361     4
  231 4733.075479 11398
  232 3813.191556   881
  233 2995.326095  1061
  234 -1481.476059     9
  235 2290.991234 17055
  236 -20.724662     9
  237 6271.980587 25768
  238 15679.936105 14732
  239 -1641.333627     2
  240 3431.357422    35
  241 10201.998630  9045
  242 -49.309447     4
  243 6035.397866 25507
  244 8398.113239 27680
  245 5568.795234  6344
  246 16965.427693 21407
  247 -1413.322546     8
  248 -1406.255892     2
  249 4213.420205 21608
  250 793.756671 19993
  251 -1382.268303     0
  252 1365.567453   131
  253 18131.074277 26725
  254 -861.534495     7
  255 9500.956961  4774
  256 -269.609001     8
  257 -102.092304     3
  258 9203.047953 11874
  259 -367.692887     4
  260 -1874.063870     5
  261 5595.192678 15881
  262 -2885.353072     3
  263 7588.373309 14536
  264 457.827900  1231
  265 7720.975986 13187
  266 7810.393571  7031
  267 -347.826942     0
  268 5514.845147 12441
  269 -1721.629651     1
  270 -487.478827     0
  271 11066.827188 20832
  272 -363.447452     3
  273 2653.689185 13008
  274 5206.944290  3973
  275 73.001648  9596
  276 -349.867388     7
  277 1016.723778  8226
  278 7405.074797  8125
  279 1546.141945  1936
  280 3449.759318   519
  281 -1322.657826     4
  282 7204.717664 20779
  283 8001.045621  5897
  284 -956.877695     7
  285 -1132.669314     5
  286 -816.535594     2
  287 8935.233024 13467
  288 -190.928197     7
  289 -1165.875019     1
  290 19675.719725 15224
  291 1758.530476 16581
  292 975.614368 16126
  293 -1724.324239     6
  294 10118.475131 12038
  295 11841.216546 14498
  296 449.435529  4174
  297 -1360.359224     6
  298 -794.662706     5
  299 9284.322174 21172
  300 3526.576328 14979
