300
    1 2374.550832     1
    2 9825.508321 22552
    3 -933.468378     7
    4 -75.966462     7
    5 -232.535337     8
    6 4037.485469 11402
    7 965.369973  7882
    8 1439.151525  5438
    9 -567.618936     7
   10 2960.402644  6863
   11 -62.599523     1
   12 879.872955   525
   13 -17.835917     2
   14 5780.105121 20096
   15 -865.503414     7
   16 37426.617470 24956
   17 -974.955339     8
   18 -1075.757662     6
   19 12279.899881 14573
   20 -530.974773     7
   21 1967.512697 21823
   22 5172.446619 15275
   23 20430.734267 14868
   24 -368.706128     6
   25 3512.386682  2208
   26 -1318.377462     1
   27 7366.420581 20395
   28 -186.711438     3
   29 5809.296870  4613
   30 14051.190556 14985
   31 3947.683325 10343
   32 -405.360771     7
   33 5459.896909  2104
   34 -233.812650     7
   35 11993.719088 17064
   36 5017.767246 21647
   37 -1190.710494     0
   38 2189.002692  1257
   39 -1093.564208     9
   40 3241.110042  2568
   41 14069.872778 12082
   42 9632.180369 15949
   43 1324.884067 13544
   44 8060.846465 23714
   45 -551.370861     8
   46 1699.516752 10842
   47 3427.189481 15863
   48 -1413.311971     0
   49 -3285.987006     7
   50 874.297055  1573
   51 1304.228900   828
   52 8792.380782 12746
   53 1574.610185   314
   54 12246.444019 23962
   55 25761.621237 23513
   56 -415.798453     3
   57 5277.133008 27528
   58 -855.114840     5
   59 -900.767977     3
   60 -2349.838338     2
   61 3341.236088 19028
   62 -2821.428116     7
   63 -1392.345636     7
   64 27487.122659 26634
   65 675.347175  8009
   66 15773.631716 18283
   67 24406.025922 14765
   68 -2864.199982     5
   69 3928.560408  4234
   70 1536.623059  6832
   71 3163.298561  6524
   72 -1083.419710     1
   73 21312.076495 23238
   74 6175.381126 23525
   75 -1098.182818     4
   76 2429.442287 10172
   77 8042.735374 21958
   78 -1229.384251     7
   79 -363.049092     8
   80 -239.037403     1
   81 3359.032362  3195
   82 12844.379904  3101
   83 -1101.768059     6
   84 4304.569297  7462
   85 1314.053802  1250
   86 9619.003300 13695
   87 -1372.683462     0
   88 -1091.223355     4
   89 -993.766615     5
   90 5476.789779 11841
   91 2680.127186  3905
   92 17310.920925 26181
   93 683.350190  6201
   94 -613.326122     0
   95 -725.645974     5
   96 30940.358831 20258
   97 6008.651955 11140
   98 -838.247455     0
   99 5482.352198  7350
  100 -287.141844     3
  101 1023.400881  6709
  102 -458.230112     0
  103 8535.549534 20824
  104 5906.328072 10814
  105 -460.518847     3
  106 2404.581711  1080
  107 19594.687820 23377
  108 -700.798062     6
  109 2649.663719  1281
  110 -1097.916898     8
  111 18644.075783 12350
  112 -879.825008     5
  113 876.211521 21527
  114 -695.642024     1
  115 13171.093028 12613
  116 20033.213104 25599
  117 3327.353235  2552
  118 3210.356905  4764
  119 19292.234851 11817
  120 1260.520543  8720
  121 1486.051125   876
  122 11525.447526 21854
  123 -400.432161     9
  124 2167.272188   546
  125 -239.041495     5
  126 -1639.413597     1
  127 -1283.313233     7
  128 -365.973731     8
  129 16055.719903 22728
  130 3192.099109 12216
  131 1877.467316 19666
  132 3287.521166    74
  133 -627.096516     8
  134 1823.161464 16240
  135 10013.462558 23404
  136 4782.360108  3066
  137 1085.122945  3236
  138 -490.771241     9
  139 22673.078267 26575
  140 -279.829517     4
  141 7293.969542 23859
  142 -967.636884     0
  143 2635.195832 15705
  144 11246.984720 14460
  145 2538.044959 16428
  146 37.703551 26421
  147 1529.598530 10799
  148 -1405.842055     0
  149 -1077.331480     1
  150 3920.047516 14927
  151 -495.898251     0
  152 4069.338122  4176
  153 2249.246373  3369
  154 -99.837783     7
  155 -133.954540     6
  156 20730.846246 26851
  157 -2255.268796     8
  158 3508.963166  5560
  159 -559.241966     4
  160 7384.782980 13900
  161 -754.843582     9
  162 35061.075765 23379
  163 14107.595293 18562
  164 -782.909970     9
  165 -748.146274     0
  166 2216.212762  4587
  167 1760.872990  4200
  168 -454.203354     9
  169 -1496.046231     3
  170 -485.394662     4
  171 -427.505209     3
  172 22724.733003 24598
  173 3396.874557 14057
  174 -1996.647508     9
  175 430.605530 15891
  176 -901.442532     0
  177 -2187.145655     4
  178 3323.793917 20565
  179 12301.171447 11021
  180 9653.720965 19654
  181 -1133.533411     1
  182 12112.634742 13672
  183 1559.509849 14952
  184 13326.182431 26785
  185 7338.818559  6455
  186 -103.041241     5
  187 -506.116052     5
  188 -2329.553956     5
  189 3453.560680 16729
  190 8987.693812 13760
  191 -1553.463720     2
  192 3137.212826 24846
  193 -1790.020231     5
  194 -482.477982     7
  195 -1636.445511     9
  196 -325.271407     1
  197 10495.224754 15816
  198 653.782541 17659
  199 -1018.839171     4
  200 11818.001773  6147
  201 -122.179581     1
  202 18279.724433 26161
  203 5981.061849  9518
  204 -205.743302     4
  205 20935.280564 18278
  206 8269.045887 12201
  207 -423.748355     3
  208 -820.455651     5
  209 2878.130591 11251
  210 1430.854492 11128
  211 7972.195116 18494
  212 -376.866243     1
  213 -2268.248044     0
  214 7094.161250 15528
  215 -868.943782     5
  216 1111.158691  1154
  217 24895.292939 15143
  218 -586.878093     3
  219 8214.845513 16679
  220 -484.288235     5
  221 2967.967093  1476
  222 1852.619162 19127
  223 544.411564  5680
  224 4667.059445  2168
  225 -866.561299     5
  226 11546.074300 25072
  227 370.380581   460
  228 699.974810  3095
  229 797.211178  8458
  230 -576.329880     4
  231 8929.946736 11398
  232 3175.764733   881
  233 40.508556  1061
  234 -863.823700     9
  235 31618.593890 17055
  236 -249.731349     9
  237 12870.317344 25768
  238 3545.567936 14732
  239 -2221.211784     2
  240 28.967768    35
  241 7384.392752  9045
  242 -199.757584     4
  243 8290.653484 25507
  244 8686.224318 27680
  245 2386.690812  6344
  246 7937.202250 21407
  247 -466.860825     8
  248 -239.969438     2
  249 10460.569858 21608
  250 3989.035864 19993
  251 -311.739141     0
  252 248.010688   131
  253 395.692115 26725
  254 -578.507555     7
  255 3943.576850  4774
  256 -180.489330     8
  257 -935.150790     3
  258 10663.135008 11874
  259 -1463.368987     4
  260 -475.623865     5
  261 9646.487003 15881
  262 -438.656514     3
  263 10707.474847 14536
  264 3066.492871  1231
  265 13524.245889 13187
  266 1269.441479  7031
  267 -1021.171548     0
  268 2986.394114 12441
  269 -266.200895     1
  270 -252.370206     0
  271 470.374257 20832
  272 -701.517360     3
  273 8780.246522 13008
  274 12730.835919  3973
  275 5607.447448  9596
  276 -2285.344831     7
  277 4393.898896  8226
  278 7003.357542  8125
  279 526.098814  1936
  280 1612.418156   519
  281 -366.563045     4
  282 8641.266841 20779
  283 9656.167216  5897
  284 -933.071854     7
  285 -374.935708     5
  286 -3129.699275     2
  287 5975.098246 13467
  288 -698.753390     7
  289 -279.428190     1
  290 7473.026509 15224
  291 3210.390652 16581
  292 5367.324937 16126
  293 -1440.090463     6
  294 783.887147 12038
  295 1215.304419 14498
  296 2759.149684  4174
  297 -533.247540     6
  298 -144.601255     5
  299 1984.504180 21172
  300 11578.991358 14979
