300
    1 2157.381952     1
    2 11594.847296 22552
    3 -275.931428     7
    4 -990.342674     7
    5 -346.149791     8
    6 6518.430132 11402
    7 1447.361477  7882
    8 4618.321212  5438
    9 -820.124756     7
   10 12860.426556  6863
   11 -1687.259320     1
   12 2713.453236   525
   13 -243.918532     2
   14 12474.500766 20096
   15 -527.593714     7
   16 7151.408247 24956
   17 -167.338994     8
   18 -616.281177     6
   19 5431.337025 14573
   20 -2157.980835     7
   21 14569.250322 21823
   22 1807.008126 15275
   23 1726.446794 14868
   24 -43.965314     6
   25 2860.413305  2208
   26 -302.207869     1
   27 1152.678362 20395
   28 -988.706117     3
   29 1828.270692  4613
   30 2807.025096 14985
   31 16579.043854 10343
   32 -1459.827780     7
   33 899.194652  2104
   34 -1058.383417     7
   35 5849.107557 17064
   36 27792.186823 21647
   37 -856.547398     0
   38 38.705168  1257
   39 -171.825141     9
   40 9933.299193  2568
   41 10243.161803 12082
   42 5616.757875 15949
   43 526.899073 13544
   44 16010.287771 23714
   45 -717.911106     8
   46 1973.433089 10842
   47 84.317945 15863
   48 -313.405737     0
   49 -621.874669     7
   50 563.506798  1573
   51 1066.413962   828
   52 2891.879638 12746
   53 1860.874706   314
   54 1669.234769 23962
   55 1102.459295 23513
   56 -2790.619444     3
   57 10954.516894 27528
   58 -55.727994     5
   59 -234.074541     3
   60 -2792.355639     2
   61 20887.448794 19028
   62 -845.972519     7
   63 -2016.489482     7
   64 1861.585730 26634
   65 4985.403534  8009
   66 19862.617972 18283
   67 9002.048547 14765
   68 -1922.782594     5
   69 465.802396  4234
   70 6545.711232  6832
   71 3963.035927  6524
   72 -2417.575296     1
   73 11832.234007 23238
   74 7010.748731 23525
   75 -259.289709     4
   76 11430.429025 10172
   77 3729.325570 21958
   78 -43.519970     7
   79 -620.245026     8
   80 -432.537392     1
   81 2997.636953  3195
   82 6004.939461  3101
   83 -2816.974983     6
   84 9700.178496  7462
   85 3030.058815  1250
   86 14363.544352 13695
   87 -1125.766010     0
   88 -766.059833     4
   89 -14.820404     5
   90 7551.650602 11841
   91 1551.168253  3905
   92 24614.913532 26181
   93 2321.402359  6201
   94 -11.754925     0
   95 -685.607719     5
   96 14898.777321 20258
   97 2589.477111 11140
   98 -92.431037     0
   99 237.944743  7350
  100 -711.312168     3
  101 6298.289044  6709
  102 -1024.389412     0
  103 5201.860666 20824
  104 515.530848 10814
  105 -168.929399     3
  106 2059.767935  1080
  107 27774.556128 23377
  108 -60.325273     6
  109 7476.548378  1281
  110 -1036.354203     8
  111 3643.145940 12350
  112 -1076.380525     5
  113 3237.472756 21527
  114 -1755.420918     1
  115 856.374301 12613
  116 39379.364015 25599
  117 2924.575049  2552
  118 3777.676662  4764
  119 6620.640124 11817
  120 3521.888497  8720
  121 6835.422643   876
  122 393.422632 21854
  123 -23.295183     9
  124 2940.991552   546
  125 -1184.267185     5
  126 -784.543766     1
  127 -659.833759     7
  128 -1863.485604     8
  129 17803.906307 22728
  130 20380.235123 12216
  131 1283.372589 19666
  132 3118.107717    74
  133 -188.260252     8
  134 7636.503961 16240
  135 24744.734086 23404
  136 1670.202385  3066
  137 2613.741866  3236
  138 -871.650456     9
  139 21618.685805 26575
  140 -1924.990935     4
  141 22305.648487 23859
  142 -575.127304     0
  143 8109.396537 15705
  144 12008.053525 14460
  145 17125.904302 16428
  146 25955.174666 26421
  147 1771.860364 10799
  148 -298.021254     0
  149 -670.537813     1
  150 13206.295136 14927
  151 -1619.649609     0
  152 622.651250  4176
  153 3908.179522  3369
  154 -2045.913491     7
  155 -215.976705     6
  156 6930.072790 26851
  157 -316.811487     8
  158 3710.818945  5560
  159 -367.705797     4
  160 4777.682686 13900
  161 -909.771659     9
  162 8087.321680 23379
  163 7996.402907 18562
  164 -810.419441     9
  165 -1136.504824     0
  166 6561.017712  4587
  167 721.016174  4200
  168 -306.570109     9
  169 -528.396892     3
  170 -505.050059     4
  171 -181.266457     3
  172 15496.811123 24598
  173 4019.625455 14057
  174 -466.013780     9
  175 13142.023296 15891
  176 -776.125266     0
  177 -322.175478     4
  178 7724.676136 20565
  179 6293.256298 11021
  180 11843.512698 19654
  181 -111.865404     1
  182 2307.318684 13672
  183 3610.899747 14952
  184 10227.818861 26785
  185 1289.032251  6455
  186 -323.940898     5
  187 -202.598447     5
  188 -1657.929305     5
  189 5662.571505 16729
  190 7064.980012 13760
  191 -1343.203878     2
  192 11741.511755 24846
  193 -2569.103867     5
  194 -228.118582     7
  195 -1030.652519     9
  196 -598.603972     1
  197 16827.616162 15816
  198 3365.671409 17659
  199 -744.575733     4
  200 5653.000456  6147
  201 -716.464405     1
  202 10647.905056 26161
  203 13038.077358  9518
  204 -1319.954060     4
  205 10716.192331 18278
  206 7760.036360 12201
  207 -107.865809     3
  208 -227.613467     5
  209 11529.425062 11251
  210 6437.953957 11128
  211 10452.135172 18494
  212 -368.761428     1
  213 -1767.531826     0
  214 1846.605861 15528
  215 -391.531303     5
  216 1285.070022  1154
  217 8392.461521 15143
  218 -2376.531080     3
  219 1171.170906 16679
  220 -235.283324     5
  221 3047.971101  1476
  222 15182.714163 19127
  223 1401.775400  5680
  224 3662.857300  2168
  225 -1807.635463     5
  226 15438.624934 25072
  227 1528.052883   460
  228 5952.208185  3095
  229 8752.296106  8458
  230 -43.328827     4
  231 5623.950442 11398
  232 56.374137   881
  233 4743.690401  1061
  234 -656.135590     9
  235 14665.154103 17055
  236 -934.034636     9
  237 12857.697295 25768
  238 5973.131159 14732
  239 -529.612541     2
  240 844.930128    35
  241 3144.784654  9045
  242 -797.474556     4
  243 21288.494867 25507
  244 7127.853738 27680
  245 862.481575  6344
  246 4124.917364 21407
  247 -647.338206     8
  248 -771.161352     2
  249 6454.761299 21608
  250 12183.247993 19993
  251 -819.190376     0
  252 2305.276431   131
  253 7230.501544 26725
  254 -585.398956     7
  255 1124.981476  4774
  256 -411.524598     8
  257 -967.698651     3
  258 6597.007179 11874
  259 -1401.533963     4
  260 -95.592344     5
  261 8093.573281 15881
  262 -1607.218452     3
  263 10852.867747 14536
  264 1432.425447  1231
  265 13909.325044 13187
  266 9553.141805  7031
  267 -789.119055     0
  268 10013.322737 12441
  269 -1738.053939     1
  270 -926.162893     0
  271 17257.013055 20832
  272 -994.987242     3
  273 5461.994761 13008
  274 3036.660355  3973
  275 15021.108792  9596
  276 -1018.836401     7
  277 3897.676010  8226
  278 4194.618581  8125
  279 660.990426  1936
  280 1569.148880   519
  281 -955.268173     4
  282 5244.287898 20779
  283 6065.292512  5897
  284 -2162.946718     7
  285 -280.927846     5
  286 -952.687307     2
  287 3757.702153 13467
  288 -241.478225     7
  289 -906.748934     1
  290 9875.628574 15224
  291 10160.453568 16581
  292 2787.405113 16126
  293 -865.573483     6
  294 9684.951387 12038
  295 26544.362882 14498
  296 6636.208764  4174
  297 -1875.083596     6
  298 -1523.531919     5
  299 9253.082071 21172
  300 4928.567085 14979
