300
    1 5108.778868     1
    2 4022.864879 22552
    3 -604.489998     7
    4 -411.278772     7
    5 -709.721736     8
    6 8451.127854 11402
    7 12385.725096  7882
    8 6104.676262  5438
    9 -1413.595086     7
   10 12080.011753  6863
   11 -1127.064536     1
   12 3874.801362   525
   13 -1034.860559     2
   14 2663.045184 20096
   15 -32.455658     7
   16 35168.813346 24956
   17 -1235.354627     8
   18 -2585.773701     6
   19 23513.472885 14573
   20 -125.439782     7
   21 3653.570874 21823
   22 1739.692747 15275
   23 7544.448345 14868
   24 -740.750170     6
   25 3938.897406  2208
   26 -1533.386740     1
   27 14611.872715 20395
   28 -82.767360     3
   29 2529.881975  4613
   30 501.008796 14985
   31 1260.116841 10343
   32 -1019.319680     7
   33 1553.607534  2104
   34 -2438.266032     7
   35 5946.916544 17064
   36 1332.299568 21647
   37 -732.430762     0
   38 2011.310353  1257
   39 -3483.042230     9
   40 3968.995097  2568
   41 257.209558 12082
   42 11399.923672 15949
   43 5439.398269 13544
   44 9150.968544 23714
   45 -729.966666     8
   46 12545.386266 10842
   47 349.898109 15863
   48 -1674.961088     0
   49 -1570.298387     7
   50 799.846542  1573
   51 3757.050383   828
   52 5366.705391 12746
   53 1456.403691   314
   54 6687.579721 23962
   55 28291.955825 23513
   56 -1929.314965     3
   57 2440.891083 27528
   58 -2034.165799     5
   59 -1118.573683     3
   60 -456.608383     2
   61 2522.838947 19028
   62 -970.224593     7
   63 -742.848347     7
   64 20645.378762 26634
   65 5156.366052  8009
   66 24710.492611 18283
   67 15765.009581 14765
   68 -2269.528555     5
   69 1059.586931  4234
   70 4410.240710  6832
   71 2441.273473  6524
   72 -747.277554     1
   73 2799.610821 23238
   74 16235.245468 23525
   75 -1366.303549     4
   76 9310.204784 10172
   77 30174.740320 21958
   78 -1305.899507     7
   79 -481.281776     8
   80 -328.135841     1
   81 5233.127739  3195
   82 2433.464636  3101
   83 -645.498020     6
   84 6377.301876  7462
   85 1982.330941  1250
   86 2512.957951 13695
   87 -610.683824     0
   88 -746.380555     4
   89 -377.393075     5
   90 11387.217022 11841
   91 8726.768387  3905
   92 6260.902214 26181
   93 8527.593948  6201
   94 -1650.067556     0
   95 -374.021431     5
   96 4604.984830 20258
   97 13405.807079 11140
   98 -833.765886     0
   99 956.763014  7350
  100 -1588.359673     3
  101 5734.475389  6709
  102 -283.148257     0
  103 27564.204924 20824
  104 13192.705097 10814
  105 -473.143143     3
  106 1055.928852  1080
  107 9956.623091 23377
  108 -146.442093     6
  109 1486.218494  1281
  110 -1148.766716     8
  111 1621.847738 12350
  112 -205.799460     5
  113 25341.887865 21527
  114 -1363.712503     1
  115 4022.252469 12613
  116 3776.204297 25599
  117 2359.549664  2552
  118 3051.846097  4764
  119 555.291311 11817
  120 19242.636914  8720
  121 1117.107551   876
  122 6315.389989 21854
  123 -117.998664     9
  124 387.677767   546
  125 -91.409597     5
  126 -1692.413535     1
  127 -2501.794978     7
  128 -2083.570035     8
  129 775.745659 22728
  130 5059.276345 12216
  131 4355.806550 19666
  132 668.425717    74
  133 -1282.863314     8
  134 21631.638264 16240
  135 6388.886918 23404
  136 4544.092416  3066
  137 975.787779  3236
  138 -1640.070845     9
  139 3116.030278 26575
  140 -911.964483     4
  141 4776.713991 23859
  142 -143.629312     0
  143 21921.863971 15705
  144 5534.764124 14460
  145 7748.221981 16428
  146 3048.129377 26421
  147 10517.731289 10799
  148 -1571.659527     0
  149 -902.306368     1
  150 575.661486 14927
  151 -798.054089     0
  152 2240.360022  4176
  153 6425.793981  3369
  154 -2107.701560     7
  155 -445.883567     6
  156 13374.377368 26851
  157 -876.926885     8
  158 1605.426825  5560
  159 -1486.819215     4
  160 2722.620139 13900
  161 -657.800248     9
  162 16640.166072 23379
  163 15214.776991 18562
  164 -289.146371     9
  165 -158.623177     0
  166 3158.924519  4587
  167 2760.749671  4200
  168 -1327.328910     9
  169 -95.393112     3
  170 -465.916328     4
  171 -914.125229     3
  172 9056.441366 24598
  173 13432.836428 14057
  174 -887.200481     9
  175 13023.441453 15891
  176 -82.700838     0
  177 -1121.360104     4
  178 11013.991034 20565
  179 9873.156265 11021
  180 3710.301028 19654
  181 -1744.804071     1
  182 7348.502921 13672
  183 4927.448841 14952
  184 7724.223118 26785
  185 5885.567135  6455
  186 -55.192693     5
  187 -973.850586     5
  188 -700.020790     5
  189 9701.656633 16729
  190 3197.386877 13760
  191 -1290.891209     2
  192 11508.399570 24846
  193 -1031.297146     5
  194 -782.114022     7
  195 -2352.217368     9
  196 -47.190323     1
  197 10120.292158 15816
  198 4297.571701 17659
  199 -386.692111     4
  200 2206.351527  6147
  201 -3127.685340     1
  202 6655.186426 26161
  203 6449.881436  9518
  204 -1174.674547     4
  205 2637.777512 18278
  206 1809.871068 12201
  207 -296.063606     3
  208 -625.968251     5
  209 7324.145943 11251
  210 4137.626974 11128
  211 19130.698163 18494
  212 -190.208999     1
  213 -1000.740682     0
  214 12249.477823 15528
  215 -561.290361     5
  216 942.728480  1154
  217 12520.180404 15143
  218 -497.960154     3
  219 952.742838 16679
  220 -1692.723246     5
  221 378.628148  1476
  222 11500.105539 19127
  223 475.614643  5680
  224 2529.677263  2168
  225 -305.204570     5
  226 5677.834746 25072
  227 1940.815805   460
  228 2695.130144  3095
  229 3857.766623  8458
  230 -1734.318674     4
  231 266.983422 11398
  232 749.230507   881
  233 2508.527311  1061
  234 -143.463901     9
  235 6373.511844 17055
  236 -1580.302193     9
  237 25280.752211 25768
  238 3530.990926 14732
  239 -1636.348705     2
  240 916.171437    35
  241 3339.524038  9045
  242 -481.998134     4
  243 9880.326248 25507
  244 34437.587235 27680
  245 7159.706009  6344
  246 20539.310476 21407
  247 -981.100395     8
  248 -1124.049244     2
  249 13909.003210 21608
  250 1094.729967 19993
  251 -1025.233284     0
  252 2656.704062   131
  253 16452.929226 26725
  254 -223.659102     7
  255 5336.744061  4774
  256 -531.090430     8
  257 -358.338270     3
  258 2364.905647 11874
  259 -107.982595     4
  260 -234.965249     5
  261 5951.212029 15881
  262 -1236.323588     3
  263 19662.045329 14536
  264 6486.941276  1231
  265 15594.390563 13187
  266 6443.137097  7031
  267 -524.308483     0
  268 12898.430168 12441
  269 -1419.004399     1
  270 -64.976742     0
  271 14995.484375 20832
  272 -1343.090921     3
  273 13788.460441 13008
  274 4767.668928  3973
  275 2301.066934  9596
  276 -932.989517     7
  277 4259.286017  8226
  278 3577.581407  8125
  279 6413.202230  1936
  280 3564.223778   519
  281 -305.738534     4
  282 6164.406882 20779
  283 1174.723321  5897
  284 -271.899657     7
  285 -2821.925752     5
  286 -694.767228     2
  287 5127.826013 13467
  288 -964.716955     7
  289 -504.694021     1
  290 9171.501665 15224
  291 11297.186905 16581
  292 2880.201490 16126
  293 -448.413751     6
  294 4711.210329 12038
  295 9010.650809 14498
  296 7170.912846  4174
  297 -929.952720     6
  298 -329.320270     5
  299 2893.954529 21172
  300 235.918803 14979
