300
    1 331.174930     1
    2 30398.972284 22552
    3 -714.634025     7
    4 -968.336204     7
    5 -1112.004776     8
    6 8380.231567 11402
    7 5029.369351  7882
    8 1160.957471  5438
    9 -314.502273     7
   10 7432.166937  6863
   11 -1255.779104     1
   12 1045.938301   525
   13 -407.465229     2
   14 3644.591063 20096
   15 -428.337817     7
   16 3159.084886 24956
   17 -1854.674527     8
   18 -1739.403077     6
   19 11880.171169 14573
   20 -2749.198191     7
   21 1259.631941 21823
   22 16548.615700 15275
   23 5877.233715 14868
   24 -821.191455     6
   25 969.116112  2208
   26 -293.000780     1
   27 17.017779 20395
   28 -609.261639     3
   29 1217.769118  4613
   30 12827.619376 14985
   31 6156.114860 10343
   32 -559.049149     7
   33 352.013487  2104
   34 -1599.739052     7
   35 849.665496 17064
   36 9216.930695 21647
   37 -1503.133461     0
   38 647.996725  1257
   39 -1254.478256     9
   40 8636.366321  2568
   41 1587.882609 12082
   42 17053.817934 15949
   43 5420.292347 13544
   44 11375.351452 23714
   45 -2125.222735     8
   46 1207.918933 10842
   47 14532.327794 15863
   48 -1064.524482     0
   49 -1689.416482     7
   50 1547.160337  1573
   51 2509.671607   828
   52 8495.663682 12746
   53 95.601089   314
   54 28665.058027 23962
   55 34289.965275 23513
   56 -1992.019130     3
   57 34673.169544 27528
   58 -1314.551559     5
   59 -3808.283930     3
   60 -336.283282     2
   61 15268.335272 19028
   62 -1581.246132     7
   63 -513.398336     7
   64 3934.976349 26634
   65 750.243322  8009
   66 11938.998632 18283
   67 4419.410045 14765
   68 -46.325347     5
   69 1199.375280  4234
   70 2633.585084  6832
   71 2758.535413  6524
   72 -203.033639     1
   73 1323.382771 23238
   74 28307.725179 23525
   75 -1251.519043     4
   76 6148.031506 10172
   77 18571.020629 21958
   78 -995.942077     7
   79 -375.167340     8
   80 -1781.182192     1
   81 5176.046299  3195
   82 4154.382370  3101
   83 -1465.448844     6
   84 5635.385066  7462
   85 222.400176  1250
   86 9785.387264 13695
   87 -2685.431903     0
   88 -2070.142971     4
   89 -1186.718124     5
   90 5038.326580 11841
   91 2478.966248  3905
   92 30753.556026 26181
   93 444.570450  6201
   94 -1423.776001     0
   95 -325.654765     5
   96 5043.182041 20258
   97 16824.151349 11140
   98 -1920.408248     0
   99 79.288603  7350
  100 -1301.635981     3
  101 2711.096429  6709
  102 -553.157360     0
  103 14795.395855 20824
  104 7642.375820 10814
  105 -142.937213     3
  106 94.425692  1080
  107 6522.373169 23377
  108 -268.069741     6
  109 106.271543  1281
  110 -77.634050     8
  111 1674.055839 12350
  112 -517.177693     5
  113 10488.719671 21527
  114 -907.472716     1
  115 4219.968745 12613
  116 19280.040987 25599
  117 2806.678034  2552
  118 1189.375064  4764
  119 10451.165161 11817
  120 370.660154  8720
  121 759.487340   876
  122 5640.166396 21854
  123 -647.097508     9
  124 5214.482162   546
  125 -720.721353     5
  126 -1400.094060     1
  127 -123.257895     7
  128 -2570.192532     8
  129 1940.069481 22728
  130 7204.740577 12216
  131 6333.002611 19666
  132 4711.936745    74
  133 -262.529053     8
  134 19183.308937 16240
  135 16430.985957 23404
  136 1852.376522  3066
  137 1819.334778  3236
  138 -1638.394526     9
  139 8472.612162 26575
  140 -3059.592293     4
  141 16928.133698 23859
  142 -281.097425     0
  143 23616.381263 15705
  144 4501.498234 14460
  145 971.146338 16428
  146 8011.971216 26421
  147 1005.341597 10799
  148 -212.721797     0
  149 -1424.412360     1
  150 7506.805251 14927
  151 -582.056489     0
  152 888.217711  4176
  153 6181.516406  3369
  154 -956.647047     7
  155 -400.380695     6
  156 570.115606 26851
  157 -3080.398627     8
  158 1180.138105  5560
  159 -395.146425     4
  160 6756.476715 13900
  161 -1335.430826     9
  162 11358.554143 23379
  163 10302.988774 18562
  164 -464.937792     9
  165 -1372.805353     0
  166 1574.190967  4587
  167 5118.170611  4200
  168 -829.180302     9
  169 -25.645710     3
  170 -1501.607557     4
  171 -3093.875929     3
  172 11725.328834 24598
  173 8625.885547 14057
  174 -1260.885754     9
  175 14540.358280 15891
  176 -5.614305     0
  177 -50.133249     4
  178 9311.660721 20565
  179 5250.872019 11021
  180 20098.975632 19654
  181 -1459.345501     1
  182 3521.686269 13672
  183 18095.561895 14952
  184 3554.605880 26785
  185 3339.410897  6455
  186 -245.090598     5
  187 -1701.840036     5
  188 -793.793319     5
  189 1355.400315 16729
  190 2306.311298 13760
  191 -763.021781     2
  192 9526.823307 24846
  193 -1856.725091     5
  194 -1045.938883     7
  195 -729.832094     9
  196 -13.262063     1
  197 13081.650668 15816
  198 3921.072601 17659
  199 -1033.201437     4
  200 4559.759203  6147
  201 -267.173191     1
  202 21708.225684 26161
  203 10718.596813  9518
  204 -1796.486835     4
  205 12206.920248 18278
  206 1506.182506 12201
  207 -1582.423863     3
  208 -68.301952     5
  209 7788.598240 11251
  210 3370.572221 11128
  211 8381.000138 18494
  212 -247.003304     1
  213 -1185.825888     0
  214 2562.988228 15528
  215 -356.985509     5
  216 1975.575858  1154
  217 13997.884833 15143
  218 -1759.315839     3
  219 17629.147992 16679
  220 -1151.436182     5
  221 139.980553  1476
  222 6677.136002 19127
  223 4256.346784  5680
  224 2309.983177  2168
  225 -1324.419539     5
  226 8999.397436 25072
  227 594.124129   460
  228 4441.620717  3095
  229 7048.347797  8458
  230 -1021.782183     4
  231 1403.920818 11398
  232 3100.957504   881
  233 2548.706167  1061
  234 -742.519209     9
  235 24862.379968 17055
  236 -18.388517     9
  237 26499.655770 25768
  238 19025.805134 14732
  239 -512.322809     2
  240 1261.816087    35
  241 1456.588936  9045
  242 -3060.627111     4
  243 20055.217594 25507
  244 9069.248451 27680
  245 891.410960  6344
  246 3486.189888 21407
  247 -17.358086     8
  248 -358.422624     2
  249 1696.155394 21608
  250 4236.952198 19993
  251 -374.987416     0
  252 2248.824225   131
  253 12835.816288 26725
  254 -162.729039     7
  255 5843.058359  4774
  256 -1131.721332     8
  257 -1865.269767     3
  258 9965.851182 11874
  259 -2461.176972     4
  260 -1453.216934     5
  261 2218.539914 15881
  262 -1518.265227     3
  263 4985.957995 14536
  264 7734.875587  1231
  265 2098.628468 13187
  266 2473.154391  7031
  267 -564.045640     0
  268 6574.494109 12441
  269 -95.726929     1
  270 -1742.480314     0
  271 4410.660038 20832
  272 -552.428133     3
  273 6268.452636 13008
  274 1331.451497  3973
  275 1209.617985  9596
  276 -1826.392597     7
  277 3704.762115  8226
  278 2964.026651  8125
  279 1441.969784  1936
  280 917.009293   519
  281 -85.870456     4
  282 9631.330131 20779
  283 11064.115526  5897
  284 -3763.129582     7
  285 -612.984070     5
  286 -2152.220357     2
  287 15163.279388 13467
  288 -1018.074154     7
  289 -300.283653     1
  290 1541.994256 15224
  291 5546.578775 16581
  292 13189.112860 16126
  293 -629.239977     6
  294 17198.603836 12038
  295 18372.795738 14498
  296 4805.124309  4174
  297 -955.660122     6
  298 -757.990995     5
  299 4332.612050 21172
  300 19233.226913 14979
