300
    1 2884.764101     1
    2 25763.919274 22552
    3 -1155.296767     7
    4 -131.829080     7
    5 -204.996979     8
    6 1486.854740 11402
    7 1350.924228  7882
    8 11380.360996  5438
    9 -930.407122     7
   10 6525.941126  6863
   11 -525.042064     1
   12 798.107735   525
   13 -439.993019     2
   14 10368.904961 20096
   15 -557.550336     7
   16 420.466506 24956
   17 -1326.277482     8
   18 -487.676124     6
   19 1176.240079 14573
   20 -556.915353     7
   21 19386.987411 21823
   22 7644.027772 15275
   23 16120.200540 14868
   24 -673.642067     6
   25 2413.930672  2208
   26 -1112.809264     1
   27 7405.019710 20395
   28 -2380.841145     3
   29 1612.867177  4613
   30 4622.349876 14985
   31 2454.896985 10343
   32 -32.471441     7
   33 1949.012636  2104
   34 -127.040169     7
   35 13618.246419 17064
   36 9754.968869 21647
   37 -27.611187     0
   38 2429.067100  1257
   39 -1247.800140     9
   40 4645.613913  2568
   41 7269.801222 12082
   42 3480.008242 15949
   43 27868.070467 13544
   44 364.467060 23714
   45 -2386.799343     8
   46 649.041880 10842
   47 2103.619710 15863
   48 -11.590919     0
   49 -1613.575542     7
   50 1646.207998  1573
   51 2537.631230   828
   52 6554.512571 12746
   53 629.051854   314
   54 9330.451853 23962
   55 4666.947814 23513
   56 -2672.224269     3
   57 5527.932422 27528
   58 -1861.291105     5
   59 -126.754910     3
   60 -1470.456209     2
   61 13912.705286 19028
   62 -1279.783722     7
   63 -748.851855     7
   64 10722.555767 26634
   65 9529.137267  8009
   66 10254.322779 18283
   67 225.589587 14765
   68 -1065.598045     5
   69 500.754499  4234
   70 1293.102105  6832
   71 4696.756344  6524
   72 -726.698184     1
   73 3144.806623 23238
   74 9401.154688 23525
   75 -1535.643896     4
   76 12863.360747 10172
   77 13578.197219 21958
   78 -1213.389355     7
   79 -1567.873025     8
   80 -690.907692     1
   81 2165.224825  3195
   82 2927.454716  3101
   83 -524.268423     6
   84 8598.415918  7462
   85 5011.903110  1250
   86 23068.250412 13695
   87 -2030.479152     0
   88 -63.902851     4
   89 -1001.980786     5
   90 8327.483335 11841
   91 165.443234  3905
   92 27817.514247 26181
   93 1044.521195  6201
   94 -1071.297936     0
   95 -1317.320670     5
   96 44853.854383 20258
   97 2158.943266 11140
   98 -789.267932     0
   99 1765.188046  7350
  100 -238.985578     3
  101 12430.139657  6709
  102 -200.434028     0
  103 591.648586 20824
  104 169.242955 10814
  105 -1622.368658     3
  106 1287.222512  1080
  107 1089.448667 23377
  108 -486.976244     6
  109 310.376305  1281
  110 -40.815410     8
  111 3191.832793 12350
  112 -1455.984612     5
  113 7831.883529 21527
  114 -164.943761     1
  115 4583.857080 12613
  116 12843.279627 25599
  117 835.112325  2552
  118 4723.080257  4764
  119 15389.786320 11817
  120 5066.184455  8720
  121 374.143349   876
  122 1094.322611 21854
  123 -148.479976     9
  124 1756.368552   546
  125 -594.511188     5
  126 -2625.564421     1
  127 -403.672856     7
  128 -320.571743     8
  129 1234.229233 22728
  130 5452.971008 12216
  131 4371.464129 19666
  132 732.024923    74
  133 -991.555704     8
  134 10670.657921 16240
  135 23372.012141 23404
  136 5728.281731  3066
  137 3110.264883  3236
  138 -791.908018     9
  139 4574.442765 26575
  140 -775.805749     4
  141 5954.147272 23859
  142 -717.552694     0
  143 10471.132604 15705
  144 8367.140175 14460
  145 13458.920872 16428
  146 2009.650468 26421
  147 8792.132516 10799
  148 -1119.692070     0
  149 -651.829097     1
  150 4706.088019 14927
  151 -412.876821     0
  152 4450.215499  4176
  153 3173.378303  3369
  154 -1267.927442     7
  155 -1672.411194     6
  156 2566.824678 26851
  157 -548.263382     8
  158 3305.535833  5560
  159 -407.550446     4
  160 4024.300675 13900
  161 -2394.035867     9
  162 958.414457 23379
  163 11208.179861 18562
  164 -390.134446     9
  165 -1259.986068     0
  166 3087.073282  4587
  167 9103.968221  4200
  168 -886.575138     9
  169 -636.681198     3
  170 -1815.316350     4
  171 -720.184105     3
  172 4093.102652 24598
  173 6730.652491 14057
  174 -146.528461     9
  175 7230.158535 15891
  176 -60.988348     0
  177 -217.412955     4
  178 5855.155521 20565
  179 1228.445237 11021
  180 12679.249870 19654
  181 -1522.534094     1
  182 7362.231178 13672
  183 20934.727095 14952
  184 17059.622976 26785
  185 5516.886075  6455
  186 -319.297530     5
  187 -973.171267     5
  188 -478.844978     5
  189 8311.723657 16729
  190 11614.401679 13760
  191 -1106.973221     2
  192 861.921838 24846
  193 -1764.427146     5
  194 -858.782845     7
  195 -701.131207     9
  196 -866.791586     1
  197 6202.400117 15816
  198 7160.705283 17659
  199 -2642.784631     4
  200 4040.892020  6147
  201 -1074.818454     1
  202 347.546804 26161
  203 1479.138558  9518
  204 -579.000090     4
  205 8545.273025 18278
  206 9967.974547 12201
  207 -134.836057     3
  208 -1392.755141     5
  209 1192.652334 11251
  210 4499.025478 11128
  211 22110.647273 18494
  212 -839.381321     1
  213 -49.983286     0
  214 8730.794453 15528
  215 -405.500773     5
  216 4770.053460  1154
  217 19012.661602 15143
  218 -3578.752540     3
  219 11324.347505 16679
  220 -155.826571     5
  221 1783.294111  1476
  222 7021.384489 19127
  223 671.125768  5680
  224 426.674952  2168
  225 -1838.375567     5
  226 9434.646182 25072
  227 1844.425549   460
  228 4997.684121  3095
  229 4145.549006  8458
  230 -746.462303     4
  231 12288.181494 11398
  232 3466.052440   881
  233 590.174581  1061
  234 -95.439237     9
  235 13840.260281 17055
  236 -74.253053     9
  237 5428.513475 25768
  238 11498.685479 14732
  239 -1320.144391     2
  240 4818.781778    35
  241 2408.371823  9045
  242 -519.333873     4
  243 2620.408779 25507
  244 23507.463472 27680
  245 7987.625968  6344
  246 9346.059579 21407
  247 -91.105673     8
  248 -1089.930540     2
  249 18985.997893 21608
  250 7384.959059 19993
  251 -1051.967085     0
  252 434.887211   131
  253 7365.937120 26725
  254 -811.746850     7
  255 2180.713770  4774
  256 -179.995577     8
  257 -158.153951     3
  258 6368.037110 11874
  259 -287.450017     4
  260 -1480.540150     5
  261 9096.389540 15881
  262 -387.252563     3
  263 1068.914892 14536
  264 2614.003139  1231
  265 4267.112139 13187
  266 2002.034736  7031
  267 -1162.317843     0
  268 3610.201455 12441
  269 -506.069703     1
  270 -1147.456799     0
  271 10745.136306 20832
  272 -453.361732     3
  273 404.649645 13008
  274 904.501633  3973
  275 2856.873152  9596
  276 -600.657592     7
  277 7434.438486  8226
  278 5078.122864  8125
  279 6588.189924  1936
  280 1986.772739   519
  281 -669.313388     4
  282 9850.302512 20779
  283 686.355801  5897
  284 -569.255077     7
  285 -2377.216353     5
  286 -1012.081577     2
  287 3653.515444 13467
  288 -779.742976     7
  289 -228.098075     1
  290 3687.500810 15224
  291 12903.108897 16581
  292 6544.553279 16126
  293 -331.087156     6
  294 5374.433886 12038
  295 15.571528 14498
  296 6390.514458  4174
  297 -922.076335     6
  298 -1430.181876     5
  299 744.812554 21172
  300 1025.444276 14979
