300
    1 1647.061907     1
    2 13607.763510 22552
    3 -980.167368     7
    4 -121.149708     7
    5 -1560.160495     8
    6 156.096173 11402
    7 4521.609253  7882
    8 9509.626144  5438
    9 -199.794855     7
   10 1156.364874  6863
   11 -1858.531936     1
   12 424.080403   525
   13 -223.926810     2
   14 6733.620695 20096
   15 -1131.925920     7
   16 7657.317344 24956
   17 -156.327143     8
   18 -824.292545     6
   19 709.319358 14573
   20 -1183.256355     7
   21 7307.945748 21823
   22 15398.373499 15275
   23 15367.662884 14868
   24 -1500.436674     6
   25 4532.627526  2208
   26 -169.606366     1
   27 1739.929741 20395
   28 -128.197925     3
   29 9462.534942  4613
   30 6685.473148 14985
   31 2036.527702 10343
   32 -350.107813     7
   33 2965.824581  2104
   34 -1185.807206     7
   35 6199.871086 17064
   36 13421.839677 21647
   37 -678.967894     0
   38 272.707962  1257
   39 -2421.342190     9
   40 1315.467308  2568
   41 8141.096868 12082
   42 10573.266958 15949
   43 7584.969846 13544
   44 189.826260 23714
   45 -619.621937     8
   46 3535.572670 10842
   47 6232.460901 15863
   48 -447.737371     0
   49 -930.688157     7
   50 6563.419713  1573
   51 3714.066290   828
   52 5523.574565 12746
   53 1674.448156   314
   54 14229.269701 23962
   55 7984.133509 23513
   56 -1383.699759     3
   57 15387.233290 27528
   58 -75.559892     5
   59 -1168.621052     3
   60 -724.266416     2
   61 15657.132844 19028
   62 -834.675489     7
   63 -2876.882617     7
   64 13768.397229 26634
   65 5409.848117  8009
   66 5118.361069 18283
   67 2686.839525 14765
   68 -1913.007944     5
   69 4605.953545  4234
   70 2578.457986  6832
   71 5916.811278  6524
   72 -199.340091     1
   73 12357.071821 23238
   74 20970.826635 23525
   75 -115.222691     4
   76 2454.672935 10172
   77 19480.789466 21958
   78 -500.787914     7
   79 -987.938226     8
   80 -431.894036     1
   81 3375.007006  3195
   82 2259.811594  3101
   83 -1451.364182     6
   84 3199.510296  7462
   85 2096.640296  1250
   86 3385.360207 13695
   87 -734.157248     0
   88 -82.446353     4
   89 -267.521980     5
   90 21165.037229 11841
   91 860.990353  3905
   92 1813.831071 26181
   93 9498.546069  6201
   94 -1192.987228     0
   95 -27.732166     5
   96 6433.907114 20258
   97 5093.169125 11140
   98 -727.423869     0
   99 6118.550123  7350
  100 -549.356870     3
  101 3250.612916  6709
  102 -653.271652     0
  103 3252.029141 20824
  104 16482.401088 10814
  105 -1704.417214     3
  106 3341.062776  1080
  107 1240.735866 23377
  108 -489.504735     6
  109 1128.963208  1281
  110 -812.719520     8
  111 6398.745624 12350
  112 -587.819424     5
  113 23579.871482 21527
  114 -1093.571934     1
  115 5696.460200 12613
  116 9280.283422 25599
  117 1942.779509  2552
  118 1095.662725  4764
  119 2231.034792 11817
  120 16309.285151  8720
  121 2379.045661   876
  122 944.766508 21854
  123 -721.669368     9
  124 3800.609540   546
  125 -352.300031     5
  126 -1116.032405     1
  127 -1637.273191     7
  128 -329.421886     8
  129 11529.384179 22728
  130 5546.225193 12216
  131 3529.535882 19666
  132 1041.709631    74
  133 -1494.180445     8
  134 4791.669931 16240
  135 12253.873113 23404
  136 6707.674453  3066
  137 1791.526265  3236
  138 -2763.629783     9
  139 8544.754130 26575
  140 -14.196480     4
  141 10899.385291 23859
  142 -236.676586     0
  143 10554.545681 15705
  144 11938.769397 14460
  145 16544.792915 16428
  146 4318.139059 26421
  147 782.674170 10799
  148 -161.434833     0
  149 -704.001743     1
  150 5782.074028 14927
  151 -2317.963387     0
  152 202.872543  4176
  153 1633.824143  3369
  154 -1252.029939     7
  155 -388.933811     6
  156 2674.802595 26851
  157 -1024.239233     8
  158 15728.779726  5560
  159 -438.644173     4
  160 1307.421885 13900
  161 -864.282689     9
  162 5243.084952 23379
  163 1915.532146 18562
  164 -446.987263     9
  165 -1281.828746     0
  166 1759.635503  4587
  167 2641.559430  4200
  168 -721.325131     9
  169 -1100.021517     3
  170 -1816.284977     4
  171 -1525.152991     3
  172 2817.367994 24598
  173 12851.772815 14057
  174 -2268.153126     9
  175 7853.919734 15891
  176 -1185.974800     0
  177 -728.370023     4
  178 13623.737132 20565
  179 541.796661 11021
  180 4582.988696 19654
  181 -268.248420     1
  182 471.296856 13672
  183 2555.325339 14952
  184 4770.612675 26785
  185 11286.729950  6455
  186 -693.072372     5
  187 -247.720298     5
  188 -638.439956     5
  189 9956.243913 16729
  190 11560.854804 13760
  191 -1601.174524     2
  192 4680.719039 24846
  193 -2144.916314     5
  194 -442.672541     7
  195 -1371.698266     9
  196 -366.397892     1
  197 1894.103864 15816
  198 6871.084003 17659
  199 -862.452588     4
  200 716.686856  6147
  201 -46.851429     1
  202 24897.625884 26161
  203 5660.192640  9518
  204 -949.222546     4
  205 24974.054511 18278
  206 5229.403227 12201
  207 -364.035509     3
  208 -899.323206     5
  209 3959.232768 11251
  210 5880.936774 11128
  211 13764.400183 18494
  212 -81.091256     1
  213 -772.954755     0
  214 8307.272091 15528
  215 -221.043362     5
  216 2290.038392  1154
  217 1800.506190 15143
  218 -54.928938     3
  219 2499.081761 16679
  220 -997.101073     5
  221 2728.395333  1476
  222 14510.027180 19127
  223 727.230070  5680
  224 755.004477  2168
  225 -195.793664     5
  226 5652.912537 25072
  227 2814.936613   460
  228 2899.352644  3095
  229 9746.223859  8458
  230 -287.130521     4
  231 2384.007451 11398
  232 2369.316919   881
  233 1295.397326  1061
  234 -1083.898302     9
  235 203.331420 17055
  236 -1251.722613     9
  237 8560.664178 25768
  238 2494.455733 14732
  239 -1147.249808     2
  240 3613.198859    35
  241 10136.003880  9045
  242 -1591.003889     4
  243 24866.817738 25507
  244 2862.892895 27680
  245 6642.904582  6344
  246 15388.085918 21407
  247 -253.674739     8
  248 -1332.959281     2
  249 7626.974820 21608
  250 373.258912 19993
  251 -98.043394     0
  252 2823.620171   131
  253 10717.129547 26725
  254 -1642.361897     7
  255 68.722179  4774
  256 -369.339812     8
  257 -336.546147     3
  258 10343.481255 11874
  259 -294.887777     4
  260 -291.503963     5
  261 9191.742494 15881
  262 -1183.519014     3
  263 13899.117192 14536
  264 2611.477070  1231
  265 8686.966576 13187
  266 7755.833038  7031
  267 -125.675378     0
  268 5723.304937 12441
  269 -55.788339     1
  270 -1461.961139     0
  271 4451.333992 20832
  272 -966.148807     3
  273 22865.640375 13008
  274 9279.550569  3973
  275 2762.586971  9596
  276 -167.367124     7
  277 4986.667318  8226
  278 10314.440416  8125
  279 636.583034  1936
  280 1301.023691   519
  281 -1001.811903     4
  282 6427.951051 20779
  283 4286.234399  5897
  284 -1594.920986     7
  285 -882.124787     5
  286 -601.680603     2
  287 20043.340069 13467
  288 -1284.581255     7
  289 -1580.845018     1
  290 20358.187502 15224
  291 9676.940775 16581
  292 20314.205384 16126
  293 -1664.993982     6
  294 11690.213395 12038
  295 3818.145670 14498
  296 2120.355049  4174
  297 -1506.542530     6
  298 -1297.276611     5
  299 1528.701598 21172
  300 2730.600259 14979
