300
    1 2311.524057     1
    2 20689.932079 22552
    3 -799.050489     7
    4 -1210.375780     7
    5 -111.549441     8
    6 3461.582395 11402
    7 510.425605  7882
    8 2423.741092  5438
    9 -1499.206878     7
   10 4345.939193  6863
   11 -598.788456     1
   12 1291.937464   525
   13 -513.359809     2
   14 13190.536722 20096
   15 -659.999680     7
   16 3616.543582 24956
   17 -447.650177     8
   18 -58.351745     6
   19 13298.016497 14573
   20 -74.288576     7
   21 6871.870839 21823
   22 6868.793744 15275
   23 2869.875311 14868
   24 -1678.342332     6
   25 1997.652241  2208
   26 -2016.249318     1
   27 16971.646228 20395
   28 -186.418172     3
   29 7660.852483  4613
   30 8084.380411 14985
   31 903.521006 10343
   32 -1548.543654     7
   33 1894.857433  2104
   34 -273.883994     7
   35 16321.823504 17064
   36 10881.404746 21647
   37 -8.892622     0
   38 2100.965127  1257
   39 -1446.597763     9
   40 8009.726250  2568
   41 4431.098885 12082
   42 3687.585521 15949
   43 4901.456729 13544
   44 11307.426474 23714
   45 -499.798429     8
   46 292.973867 10842
   47 9400.187618 15863
   48 -373.804377     0
   49 -823.283716     7
   50 1080.694867  1573
   51 3216.570364   828
   52 10693.196647 12746
   53 1290.204059   314
   54 9400.878198 23962
   55 25740.387831 23513
   56 -1189.447917     3
   57 12040.989941 27528
   58 -767.529378     5
   59 -1957.621548     3
   60 -174.258701     2
   61 3772.826670 19028
   62 -610.784350     7
   63 -1406.688953     7
   64 6019.679122 26634
   65 12024.978436  8009
   66 2091.969580 18283
   67 7422.434192 14765
   68 -2167.683842     5
   69 6155.573637  4234
   70 2441.764945  6832
   71 7548.263072  6524
   72 -1561.417270     1
   73 13303.165509 23238
   74 8969.646283 23525
   75 -84.654085     4
   76 2818.722172 10172
   77 12948.006624 21958
   78 -559.798869     7
   79 -906.604415     8
   80 -370.786295     1
   81 632.091041  3195
   82 5048.412028  3101
   83 -474.719981     6
   84 7367.577288  7462
   85 1453.380581  1250
   86 567.119691 13695
   87 -860.021307     0
   88 -1713.183894     4
   89 -140.295238     5
   90 1584.722356 11841
   91 3421.456578  3905
   92 3055.642060 26181
   93 13382.542423  6201
   94 -540.156337     0
   95 -1039.000971     5
   96 7217.673678 20258
   97 289.241678 11140
   98 -39.522463     0
   99 1006.338735  7350
  100 -1290.210720     3
  101 6385.396611  6709
  102 -1399.700607     0
  103 19233.080840 20824
  104 3858.832545 10814
  105 -207.862031     3
  106 1901.621375  1080
  107 8668.229565 23377
  108 -2605.784350     6
  109 2349.811286  1281
  110 -358.177469     8
  111 14508.421481 12350
  112 -1552.347194     5
  113 10543.035191 21527
  114 -2420.536315     1
  115 485.329494 12613
  116 9734.274918 25599
  117 870.742510  2552
  118 4216.688510  4764
  119 6899.731160 11817
  120 8010.804299  8720
  121 4665.679402   876
  122 1787.411766 21854
  123 -292.285933     9
  124 2581.130090   546
  125 -985.790588     5
  126 -2544.007410     1
  127 -1279.090529     7
  128 -242.035973     8
  129 5256.802018 22728
  130 1703.190006 12216
  131 2522.254291 19666
  132 1505.206724    74
  133 -417.048153     8
  134 16017.971014 16240
  135 15537.034174 23404
  136 5734.911807  3066
  137 389.729105  3236
  138 -945.673821     9
  139 8779.394736 26575
  140 -1870.533034     4
  141 13421.293948 23859
  142 -1018.440543     0
  143 2662.377582 15705
  144 8432.924280 14460
  145 1601.530063 16428
  146 18740.082277 26421
  147 19384.081334 10799
  148 -67.493178     0
  149 -376.242539     1
  150 16897.565810 14927
  151 -2260.944794     0
  152 262.998974  4176
  153 290.290672  3369
  154 -1413.111518     7
  155 -494.690094     6
  156 21977.973290 26851
  157 -23.780506     8
  158 1844.401647  5560
  159 -1089.950060     4
  160 27930.820757 13900
  161 -2940.458428     9
  162 24503.781350 23379
  163 22437.275807 18562
  164 -1445.127053     9
  165 -421.337599     0
  166 9443.246662  4587
  167 3396.340893  4200
  168 -109.463836     9
  169 -233.914510     3
  170 -961.284612     4
  171 -333.800047     3
  172 2570.693686 24598
  173 2841.627956 14057
  174 -1991.626912     9
  175 9709.108873 15891
  176 -379.742616     0
  177 -1039.489052     4
  178 16437.935627 20565
  179 5791.258017 11021
  180 970.629278 19654
  181 -1474.934099     1
  182 3039.181549 13672
  183 7349.922382 14952
  184 10671.547806 26785
  185 1644.664379  6455
  186 -710.444957     5
  187 -279.489175     5
  188 -959.964310     5
  189 6226.806502 16729
  190 4525.711316 13760
  191 -1157.947179     2
  192 25194.065329 24846
  193 -1153.156016     5
  194 -198.950063     7
  195 -1960.109575     9
  196 -692.944209     1
  197 3847.608186 15816
  198 15019.394989 17659
  199 -770.285635     4
  200 307.514998  6147
  201 -1637.718543     1
  202 5719.415744 26161
  203 5853.441508  9518
  204 -1403.675463     4
  205 19350.950287 18278
  206 6163.752297 12201
  207 -0.208940     3
  208 -360.676884     5
  209 1632.167683 11251
  210 8520.490310 11128
  211 12465.324971 18494
  212 -520.735846     1
  213 -449.145874     0
  214 11836.513213 15528
  215 -1057.132424     5
  216 1870.379839  1154
  217 5386.444187 15143
  218 -1169.903742     3
  219 2558.914414 16679
  220 -15.320821     5
  221 682.715137  1476
  222 2856.377682 19127
  223 3396.291508  5680
  224 1218.742793  2168
  225 -2205.451213     5
  226 4323.128667 25072
  227 4455.064637   460
  228 197.526619  3095
  229 1731.481310  8458
  230 -780.695748     4
  231 5857.593336 11398
  232 3843.227686   881
  233 1763.785792  1061
  234 -641.101598     9
  235 11900.443670 17055
  236 -176.902871     9
  237 17788.745081 25768
  238 19963.738701 14732
  239 -1292.557769     2
  240 969.566779    35
  241 9639.489768  9045
  242 -89.413377     4
  243 11210.160256 25507
  244 20264.857292 27680
  245 1081.014582  6344
  246 11757.695276 21407
  247 -242.771926     8
  248 -980.673935     2
  249 9492.968904 21608
  250 20105.945947 19993
  251 -2830.971187     0
  252 5404.806050   131
  253 5686.936513 26725
  254 -1236.833165     7
  255 8621.861943  4774
  256 -685.927604     8
  257 -196.196719     3
  258 5722.257204 11874
  259 -521.218018     4
  260 -539.414100     5
  261 10827.855613 15881
  262 -105.050119     3
  263 9067.474210 14536
  264 1871.116277  1231
  265 10948.648806 13187
  266 16932.438555  7031
  267 -27.067175     0
  268 1865.736140 12441
  269 -635.496887     1
  270 -645.021771     0
  271 27928.843577 20832
  272 -266.884947     3
  273 3202.466856 13008
  274 4123.984045  3973
  275 2813.851000  9596
  276 -1014.351751     7
  277 275.455448  8226
  278 858.496841  8125
  279 3107.675651  1936
  280 2113.230381   519
  281 -156.270470     4
  282 7405.003442 20779
  283 2626.309697  5897
  284 -945.103131     7
  285 -1460.029080     5
  286 -724.570773     2
  287 1545.989346 13467
  288 -32.320875     7
  289 -648.802608     1
  290 11825.749658 15224
  291 16921.319079 16581
  292 3566.214373 16126
  293 -1247.220949     6
  294 3252.974333 12038
  295 4986.223629 14498
  296 3355.309211  4174
  297 -1952.242384     6
  298 -84.390363     5
  299 12046.578627 21172
  300 7574.040014 14979
