100
    1 0.482531     1
    2 1.229232    12
    3 0.807004     3
    4 3.379904     6
    5 13.592660    17
    6 0.398541     2
    7 0.890331     2
    8 3.369293    18
    9 0.266778    11
   10 0.896840     3
   11 0.348259     5
   12 5.765787     5
   13 12.983006     8
   14 1.719863    16
   15 6.539816    19
   16 4.478679    16
   17 2.385802     1
   18 1.578192    15
   19 6.210425    13
   20 5.860715    19
   21 0.328974     3
   22 4.623604    15
   23 0.676169     8
   24 14.467652    19
   25 0.386752     8
   26 2.263352     4
   27 1.607945    15
   28 1.789123     5
   29 9.737044    13
   30 1.329040     5
   31 3.100021     3
   32 4.037107    10
   33 0.966765     4
   34 7.109688    16
   35 2.006763     4
   36 0.922958     7
   37 0.331834     5
   38 21.631118    17
   39 0.732259     7
   40 4.625747     8
   41 2.437372     2
   42 7.591025     9
   43 3.760392     4
   44 15.141209    14
   45 5.458295    20
   46 1.088238     2
   47 5.031786     3
   48 6.276821    11
   49 3.289042    17
   50 2.442160    13
   51 5.331522     8
   52 1.595125     6
   53 10.195989    14
   54 1.316904     2
   55 9.260648    13
   56 3.914309    17
   57 5.727704     8
   58 7.068726     7
   59 7.203712    12
   60 0.428777    13
   61 0.718390     8
   62 1.376441     7
   63 1.097621    11
   64 5.012238    14
   65 2.975293     9
   66 1.315349     3
   67 0.672052     5
   68 15.097673    13
   69 7.296633    14
   70 8.667134    12
   71 2.567563     4
   72 0.440924    19
   73 15.830418    18
   74 3.576044     5
   75 12.785039    19
   76 9.244625    12
   77 7.798336    18
   78 11.158156    15
   79 0.777956    19
   80 7.159319    15
   81 5.528517    15
   82 0.958559     1
   83 0.606746     7
   84 0.885441     2
   85 1.586044    10
   86 11.540385    15
   87 3.465648     9
   88 13.831954     8
   89 8.502881    17
   90 2.580830     1
   91 4.068004     5
   92 0.455831     1
   93 0.696390     1
   94 5.695409    15
   95 6.255818     6
   96 9.377188    18
   97 14.792578    20
   98 11.085295    12
   99 1.019140    10
  100 8.600351    11
