300
    1 2781.884819     1
    2 8328.220016 22552
    3 -1036.783435     7
    4 -63.187474     7
    5 -805.837900     8
    6 777.435488 11402
    7 6196.578013  7882
    8 7144.637726  5438
    9 -904.995336     7
   10 1246.803794  6863
   11 -1715.073651     1
   12 3375.129279   525
   13 -425.205690     2
   14 7870.089356 20096
   15 -3206.704026     7
   16 3756.082522 24956
   17 -1350.998645     8
   18 -709.542347     6
   19 2805.351805 14573
   20 -1191.305361     7
   21 26420.644903 21823
   22 3802.201875 15275
   23 5316.063677 14868
   24 -303.183737     6
   25 4381.906636  2208
   26 -232.954755     1
   27 4267.771916 20395
   28 -1483.609724     3
   29 2722.408561  4613
   30 10378.431539 14985
   31 13357.374482 10343
   32 -170.429565     7
   33 8719.162985  2104
   34 -1603.528825     7
   35 10102.249304 17064
   36 13480.051652 21647
   37 -757.414331     0
   38 3084.370847  1257
   39 -403.287518     9
   40 4803.999939  2568
   41 2554.705387 12082
   42 194.261175 15949
   43 1392.528171 13544
   44 14429.724911 23714
   45 -107.508142     8
   46 8885.859279 10842
   47 30309.134657 15863
   48 -674.058721     0
   49 -261.951071     7
   50 5472.180215  1573
   51 248.051704   828
   52 8135.951401 12746
   53 873.150861   314
   54 1469.941944 23962
   55 2500.074857 23513
   56 -1138.916300     3
   57 790.463229 27528
   58 -519.428237     5
   59 -3488.365007     3
   60 -845.806697     2
   61 17539.099172 19028
   62 -3077.838688     7
   63 -296.448206     7
   64 534.098879 26634
   65 2819.091395  8009
   66 2103.179426 18283
   67 22082.046591 14765
   68 -775.341468     5
   69 1891.030011  4234
   70 1195.500362  6832
   71 8504.239925  6524
   72 -662.033565     1
   73 7885.287651 23238
   74 10470.046421 23525
   75 -977.041804     4
   76 4601.074987 10172
   77 8988.260055 21958
   78 -540.845818     7
   79 -539.812556     8
   80 -502.284904     1
   81 2735.819162  3195
   82 476.802508  3101
   83 -52.072494     6
   84 3429.847026  7462
   85 1174.539170  1250
   86 18038.142120 13695
   87 -1608.490273     0
   88 -2510.270426     4
   89 -257.909360     5
   90 3533.728023 11841
   91 1242.487971  3905
   92 2928.352511 26181
   93 110.357582  6201
   94 -529.255501     0
   95 -247.089789     5
   96 93.832793 20258
   97 237.164136 11140
   98 -1246.804770     0
   99 3970.660178  7350
  100 -200.086426     3
  101 157.342547  6709
  102 -1704.268926     0
  103 2004.418855 20824
  104 7028.411611 10814
  105 -1208.098592     3
  106 752.166424  1080
  107 10950.010697 23377
  108 -583.330833     6
  109 1619.250665  1281
  110 -800.914250     8
  111 1861.553924 12350
  112 -948.503158     5
  113 661.727024 21527
  114 -1212.463455     1
  115 717.110116 12613
  116 12758.103618 25599
  117 1461.474996  2552
  118 9617.745575  4764
  119 19986.911794 11817
  120 14133.650785  8720
  121 1285.478447   876
  122 2844.208080 21854
  123 -662.288320     9
  124 1335.957546   546
  125 -1810.352605     5
  126 -713.636786     1
  127 -892.830538     7
  128 -179.421430     8
  129 21923.865456 22728
  130 15167.333240 12216
  131 368.516938 19666
  132 2968.937983    74
  133 -458.186147     8
  134 18538.254751 16240
  135 15941.866721 23404
  136 615.545513  3066
  137 4409.244154  3236
  138 -2163.767527     9
  139 18941.284959 26575
  140 -2178.712236     4
  141 19200.616830 23859
  142 -1847.462532     0
  143 5962.516339 15705
  144 3490.847117 14460
  145 10150.194811 16428
  146 9474.359728 26421
  147 10867.880569 10799
  148 -1913.961197     0
  149 -1422.371534     1
  150 11534.474457 14927
  151 -157.110749     0
  152 5864.716193  4176
  153 3994.450509  3369
  154 -642.737110     7
  155 -950.054318     6
  156 3077.135365 26851
  157 -2990.950689     8
  158 3959.772920  5560
  159 -402.377360     4
  160 2502.732277 13900
  161 -243.757455     9
  162 10223.565844 23379
  163 6454.779710 18562
  164 -209.867682     9
  165 -149.113672     0
  166 848.137040  4587
  167 3192.610294  4200
  168 -196.314241     9
  169 -610.499680     3
  170 -1560.505082     4
  171 -709.829052     3
  172 7984.258042 24598
  173 12067.914082 14057
  174 -292.667360     9
  175 7410.415410 15891
  176 -739.020235     0
  177 -2880.973956     4
  178 6909.421258 20565
  179 10940.421772 11021
  180 6956.636523 19654
  181 -621.594175     1
  182 8789.155148 13672
  183 17741.229423 14952
  184 113.137834 26785
  185 2341.621603  6455
  186 -281.594513     5
  187 -348.005533     5
  188 -687.759066     5
  189 15571.057906 16729
  190 12489.783829 13760
  191 -718.141902     2
  192 10037.082394 24846
  193 -96.628569     5
  194 -132.746811     7
  195 -1703.159284     9
  196 -360.153875     1
  197 4176.144503 15816
  198 4175.822900 17659
  199 -2336.117127     4
  200 3245.635641  6147
  201 -389.628941     1
  202 15460.867264 26161
  203 1676.594453  9518
  204 -2769.595768     4
  205 578.940756 18278
  206 6232.474188 12201
  207 -852.239827     3
  208 -1809.905765     5
  209 9000.729117 11251
  210 4228.425042 11128
  211 952.376019 18494
  212 -825.082102     1
  213 -1119.185201     0
  214 18938.944763 15528
  215 -511.786840     5
  216 158.131239  1154
  217 5251.979938 15143
  218 -1480.017908     3
  219 2567.082065 16679
  220 -785.079098     5
  221 722.536591  1476
  222 13924.811854 19127
  223 2646.296002  5680
  224 4201.552014  2168
  225 -79.604793     5
  226 8420.458331 25072
  227 1321.527768   460
  228 4757.215055  3095
  229 7402.962952  8458
  230 -703.957957     4
  231 7774.150239 11398
  232 623.708360   881
  233 1323.022234  1061
  234 -1422.872028     9
  235 660.210095 17055
  236 -380.025046     9
  237 26982.683702 25768
  238 745.824191 14732
  239 -662.477101     2
  240 4454.015688    35
  241 8067.200539  9045
  242 -372.997254     4
  243 8767.038311 25507
  244 25255.747026 27680
  245 1343.493061  6344
  246 8544.738439 21407
  247 -417.628001     8
  248 -609.444716     2
  249 13791.568176 21608
  250 17151.158471 19993
  251 -1013.174519     0
  252 220.512692   131
  253 8455.323259 26725
  254 -1200.129199     7
  255 3395.122156  4774
  256 -89.376391     8
  257 -253.060253     3
  258 6143.704658 11874
  259 -382.944032     4
  260 -150.552852     5
  261 3881.594268 15881
  262 -57.423485     3
  263 6848.430592 14536
  264 1470.584456  1231
  265 351.695799 13187
  266 3383.806271  7031
  267 -620.910296     0
  268 20025.455329 12441
  269 -225.429511     1
  270 -802.190191     0
  271 73.008761 20832
  272 -78.204839     3
  273 2965.642161 13008
  274 7363.971079  3973
  275 335.812733  9596
  276 -1489.767738     7
  277 5559.325834  8226
  278 13534.917086  8125
  279 896.927426  1936
  280 583.643803   519
  281 -533.401686     4
  282 686.620438 20779
  283 21.569144  5897
  284 -3047.784286     7
  285 -454.639669     5
  286 -1037.666674     2
  287 2361.352793 13467
  288 -2231.275015     7
  289 -438.315723     1
  290 17419.058666 15224
  291 8754.155408 16581
  292 31528.064657 16126
  293 -418.097269     6
  294 11175.131145 12038
  295 820.154855 14498
  296 5365.080423  4174
  297 -2290.366009     6
  298 -2160.405806     5
  299 2198.124315 21172
  300 2427.361068 14979
