300
    1 1164.320779     1
    2 9644.522337 22552
    3 -190.854238     7
    4 -616.599000     7
    5 -14.096141     8
    6 6109.506186 11402
    7 2390.943412  7882
    8 7402.812115  5438
    9 -4.330300     7
   10 3713.559322  6863
   11 -10.864716     1
   12 1266.958822   525
   13 -424.718421     2
   14 17023.790569 20096
   15 -359.782618     7
   16 8015.154204 24956
   17 -434.914134     8
   18 -1436.300568     6
   19 5309.538628 14573
   20 -684.763051     7
   21 29596.854846 21823
   22 8692.427812 15275
   23 5170.357778 14868
   24 -482.378737     6
   25 1646.059218  2208
   26 -564.054682     1
   27 5028.933191 20395
   28 -1144.057641     3
   29 3863.519191  4613
   30 8706.549960 14985
   31 9891.311927 10343
   32 -323.112360     7
   33 1377.080247  2104
   34 -728.368302     7
   35 7694.126628 17064
   36 13041.556035 21647
   37 -1609.460180     0
   38 561.424791  1257
   39 -1375.652542     9
   40 2441.379915  2568
   41 2283.933610 12082
   42 2548.243738 15949
   43 16008.290056 13544
   44 7051.819681 23714
   45 -1135.794152     8
   46 3688.188852 10842
   47 7291.377029 15863
   48 -143.464010     0
   49 -1383.766310     7
   50 1199.224933  1573
   51 1148.467734   828
   52 2069.600374 12746
   53 1122.955354   314
   54 1086.960761 23962
   55 8701.962741 23513
   56 -1206.027500     3
   57 5671.852525 27528
   58 -23.210288     5
   59 -754.998269     3
   60 -62.619617     2
   61 2302.749301 19028
   62 -1967.653707     7
   63 -110.003922     7
   64 18859.124196 26634
   65 9600.301519  8009
   66 3155.393561 18283
   67 2771.508494 14765
   68 -243.603302     5
   69 6376.859100  4234
   70 10654.491398  6832
   71 218.349469  6524
   72 -2534.132693     1
   73 11678.378052 23238
   74 12425.026368 23525
   75 -914.995403     4
   76 1429.679388 10172
   77 32177.543801 21958
   78 -106.701532     7
   79 -1053.155538     8
   80 -1182.608370     1
   81 14.926943  3195
   82 7061.039924  3101
   83 -730.603151     6
   84 8062.403449  7462
   85 4665.796281  1250
   86 9431.049266 13695
   87 -296.025054     0
   88 -991.066106     4
   89 -711.149619     5
   90 9856.233062 11841
   91 6648.733385  3905
   92 7438.607165 26181
   93 5750.131151  6201
   94 -504.785753     0
   95 -669.886420     5
   96 8582.275436 20258
   97 1038.636508 11140
   98 -202.865322     0
   99 6661.241704  7350
  100 -1252.253571     3
  101 2741.177082  6709
  102 -816.363174     0
  103 20667.862868 20824
  104 5246.328307 10814
  105 -927.376951     3
  106 2925.911163  1080
  107 15194.782260 23377
  108 -430.109826     6
  109 1263.489471  1281
  110 -708.849473     8
  111 5495.695979 12350
  112 -821.103864     5
  113 20787.541223 21527
  114 -250.195409     1
  115 10179.234524 12613
  116 19129.346223 25599
  117 2740.008971  2552
  118 1466.944026  4764
  119 6332.350799 11817
  120 2422.102989  8720
  121 962.777425   876
  122 3135.499323 21854
  123 -80.281548     9
  124 2964.682317   546
  125 -188.828023     5
  126 -1232.819462     1
  127 -1167.896844     7
  128 -1741.736268     8
  129 13965.502103 22728
  130 2307.518385 12216
  131 2652.245812 19666
  132 3039.536809    74
  133 -47.862030     8
  134 20945.400149 16240
  135 11379.797928 23404
  136 321.429328  3066
  137 24.668019  3236
  138 -1907.989347     9
  139 13748.386107 26575
  140 -2852.966000     4
  141 273.967561 23859
  142 -950.583301     0
  143 3562.805315 15705
  144 15353.813238 14460
  145 8116.902513 16428
  146 26657.207569 26421
  147 5684.918165 10799
  148 -2587.697007     0
  149 -1224.204004     1
  150 14849.924575 14927
  151 -202.420507     0
  152 1835.919938  4176
  153 1648.056089  3369
  154 -1536.960744     7
  155 -1391.327257     6
  156 19034.952755 26851
  157 -2520.711249     8
  158 511.330491  5560
  159 -430.181370     4
  160 4472.920684 13900
  161 -480.743621     9
  162 6157.924797 23379
  163 6754.126222 18562
  164 -1221.765329     9
  165 -640.498874     0
  166 4478.715618  4587
  167 6352.187595  4200
  168 -540.503853     9
  169 -978.279735     3
  170 -737.866000     4
  171 -701.092379     3
  172 13360.832427 24598
  173 2108.822060 14057
  174 -995.198548     9
  175 17767.203546 15891
  176 -2022.156571     0
  177 -675.186087     4
  178 6817.839813 20565
  179 10785.070396 11021
  180 22576.639703 19654
  181 -1774.840328     1
  182 372.530382 13672
  183 4903.735010 14952
  184 11642.033931 26785
  185 6269.138991  6455
  186 -180.177819     5
  187 -589.873793     5
  188 -501.444337     5
  189 6705.795274 16729
  190 5971.092706 13760
  191 -1403.435061     2
  192 6882.423128 24846
  193 -306.937443     5
  194 -170.696931     7
  195 -2040.657812     9
  196 -609.856138     1
  197 16436.347356 15816
  198 805.494473 17659
  199 -1781.355287     4
  200 6545.068731  6147
  201 -484.130469     1
  202 7450.976035 26161
  203 9437.827017  9518
  204 -220.907614     4
  205 10637.876359 18278
  206 7319.085358 12201
  207 -764.227344     3
  208 -307.650107     5
  209 3986.755922 11251
  210 5486.978829 11128
  211 11632.291548 18494
  212 -326.407633     1
  213 -58.892154     0
  214 1554.188812 15528
  215 -458.913613     5
  216 2974.697402  1154
  217 5751.712795 15143
  218 -727.621734     3
  219 3595.423614 16679
  220 -15.366997     5
  221 2487.071096  1476
  222 8623.337142 19127
  223 3478.714396  5680
  224 6532.386058  2168
  225 -1009.795350     5
  226 1069.275299 25072
  227 762.594047   460
  228 5659.062691  3095
  229 2190.978296  8458
  230 -50.465432     4
  231 16507.105332 11398
  232 858.516381   881
  233 1486.786775  1061
  234 -229.124694     9
  235 18326.531700 17055
  236 -1279.589195     9
  237 6045.081196 25768
  238 7478.033522 14732
  239 -654.485556     2
  240 323.411479    35
  241 1308.034089  9045
  242 -2660.054301     4
  243 7664.911899 25507
  244 12023.149579 27680
  245 7705.142326  6344
  246 9585.308140 21407
  247 -113.427607     8
  248 -21.138773     2
  249 4949.320352 21608
  250 8240.242591 19993
  251 -1016.228333     0
  252 2378.018205   131
  253 3092.980418 26725
  254 -2205.968303     7
  255 827.329269  4774
  256 -1665.397886     8
  257 -683.417805     3
  258 1958.798144 11874
  259 -549.485987     4
  260 -2539.350444     5
  261 4952.404141 15881
  262 -497.613820     3
  263 2636.072742 14536
  264 906.211110  1231
  265 10558.618114 13187
  266 16273.708454  7031
  267 -579.696165     0
  268 9056.601439 12441
  269 -1848.765555     1
  270 -2943.428808     0
  271 438.490500 20832
  272 -1281.221764     3
  273 5861.536330 13008
  274 4258.258316  3973
  275 381.035580  9596
  276 -1699.646685     7
  277 1185.524354  8226
  278 4330.167822  8125
  279 4487.142999  1936
  280 3195.681073   519
  281 -981.185898     4
  282 31472.233027 20779
  283 1896.705883  5897
  284 -810.284443     7
  285 -441.450444     5
  286 -163.858531     2
  287 2097.972254 13467
  288 -1695.633929     7
  289 -981.132430     1
  290 6444.298734 15224
  291 15233.601749 16581
  292 2949.517526 16126
  293 -12.806340     6
  294 19997.297754 12038
  295 5391.452298 14498
  296 2683.398987  4174
  297 -1629.660142     6
  298 -947.863836     5
  299 1730.362251 21172
  300 1546.344494 14979
