300
    1 218.383444     1
    2 3887.534847 22552
    3 -3455.079477     7
    4 -2436.047138     7
    5 -218.197739     8
    6 3802.853289 11402
    7 5765.517312  7882
    8 4089.142699  5438
    9 -184.801082     7
   10 11034.726387  6863
   11 -1104.398717     1
   12 1426.732802   525
   13 -930.024434     2
   14 860.162558 20096
   15 -98.421608     7
   16 11724.571139 24956
   17 -265.203157     8
   18 -2419.161791     6
   19 9710.380690 14573
   20 -989.580229     7
   21 7108.614202 21823
   22 1699.941735 15275
   23 1396.903385 14868
   24 -4.758429     6
   25 1842.449881  2208
   26 -177.556024     1
   27 6297.313888 20395
   28 -1451.490896     3
   29 5029.036858  4613
   30 3568.671777 14985
   31 5549.282050 10343
   32 -698.213412     7
   33 1988.351858  2104
   34 -941.067724     7
   35 7993.736966 17064
   36 7891.588169 21647
   37 -606.466184     0
   38 968.438196  1257
   39 -2874.711846     9
   40 7995.361827  2568
   41 772.499822 12082
   42 2570.710611 15949
   43 10199.748659 13544
   44 11280.218882 23714
   45 -1427.518329     8
   46 648.490910 10842
   47 5182.203044 15863
   48 -679.437318     0
   49 -1925.898929     7
   50 640.183830  1573
   51 6921.482118   828
   52 11226.305109 12746
   53 14.904353   314
   54 19572.344954 23962
   55 10504.868500 23513
   56 -902.797211     3
   57 12900.281934 27528
   58 -1759.355271     5
   59 -31.627356     3
   60 -748.540199     2
   61 9024.269859 19028
   62 -3101.356725     7
   63 -1056.724999     7
   64 23694.464948 26634
   65 2303.064347  8009
   66 4375.629087 18283
   67 12817.154387 14765
   68 -1402.293834     5
   69 4212.857484  4234
   70 749.501011  6832
   71 3622.745346  6524
   72 -1238.328699     1
   73 11363.659637 23238
   74 20033.794629 23525
   75 -91.759494     4
   76 5560.969151 10172
   77 26796.294682 21958
   78 -79.179481     7
   79 -428.877393     8
   80 -604.432610     1
   81 1645.308615  3195
   82 5583.952377  3101
   83 -571.489505     6
   84 7036.923053  7462
   85 3036.404351  1250
   86 4312.673842 13695
   87 -2374.186397     0
   88 -1240.056503     4
   89 -928.977547     5
   90 3697.085069 11841
   91 2435.697659  3905
   92 20807.313076 26181
   93 3853.957776  6201
   94 -286.944681     0
   95 -1892.054742     5
   96 9810.305692 20258
   97 16263.674943 11140
   98 -1031.784887     0
   99 4175.485489  7350
  100 -272.964712     3
  101 3796.076411  6709
  102 -1245.069319     0
  103 11954.717522 20824
  104 3295.503568 10814
  105 -914.938150     3
  106 32.965517  1080
  107 28840.835219 23377
  108 -1358.410988     6
  109 3429.340547  1281
  110 -445.565189     8
  111 5968.135426 12350
  112 -1098.226589     5
  113 4513.664523 21527
  114 -1743.411313     1
  115 10922.972415 12613
  116 5511.595574 25599
  117 3748.635831  2552
  118 754.401948  4764
  119 1907.847112 11817
  120 8396.153710  8720
  121 1549.522534   876
  122 7350.717002 21854
  123 -855.071072     9
  124 3905.840144   546
  125 -1076.901250     5
  126 -2700.341141     1
  127 -275.565508     7
  128 -804.495663     8
  129 20404.782366 22728
  130 10678.979714 12216
  131 4069.006908 19666
  132 361.903700    74
  133 -648.637024     8
  134 9383.260143 16240
  135 17977.726301 23404
  136 7699.164842  3066
  137 11006.141043  3236
  138 -2190.087430     9
  139 25993.788877 26575
  140 -433.040442     4
  141 15527.725996 23859
  142 -951.303250     0
  143 9809.892790 15705
  144 9934.354641 14460
  145 3413.731540 16428
  146 6719.314182 26421
  147 13735.333911 10799
  148 -285.765401     0
  149 -151.441409     1
  150 1694.805403 14927
  151 -397.992131     0
  152 2708.712781  4176
  153 3528.764298  3369
  154 -944.940080     7
  155 -26.563535     6
  156 4928.115419 26851
  157 -4004.189424     8
  158 6747.972109  5560
  159 -1232.131937     4
  160 2977.361302 13900
  161 -591.509049     9
  162 1278.767886 23379
  163 3173.505765 18562
  164 -1086.583866     9
  165 -940.462908     0
  166 3801.801958  4587
  167 4193.619810  4200
  168 -3123.672099     9
  169 -19.283287     3
  170 -679.074760     4
  171 -2886.865518     3
  172 8233.032661 24598
  173 3373.225854 14057
  174 -140.382488     9
  175 10029.681739 15891
  176 -750.074327     0
  177 -336.155672     4
  178 18724.274829 20565
  179 10603.794383 11021
  180 14913.893067 19654
  181 -2585.612959     1
  182 11497.675036 13672
  183 385.135508 14952
  184 3887.437866 26785
  185 2069.564088  6455
  186 -520.149909     5
  187 -826.466055     5
  188 -518.026630     5
  189 9423.955149 16729
  190 7014.331571 13760
  191 -814.898367     2
  192 3499.614636 24846
  193 -1916.234792     5
  194 -39.561968     7
  195 -1003.739740     9
  196 -37.236133     1
  197 9161.188187 15816
  198 17413.434395 17659
  199 -853.093389     4
  200 3012.247061  6147
  201 -1332.943039     1
  202 13007.993860 26161
  203 10154.276257  9518
  204 -884.626144     4
  205 2060.672907 18278
  206 2805.373508 12201
  207 -442.533558     3
  208 -399.155455     5
  209 9579.202200 11251
  210 7484.977054 11128
  211 5165.210182 18494
  212 -838.436571     1
  213 -1000.641853     0
  214 7368.756506 15528
  215 -664.404751     5
  216 2390.416561  1154
  217 14243.675400 15143
  218 -799.180671     3
  219 1378.578964 16679
  220 -1554.119690     5
  221 115.402962  1476
  222 1899.724631 19127
  223 6966.715219  5680
  224 677.014083  2168
  225 -970.605661     5
  226 23090.410122 25072
  227 874.997433   460
  228 841.471390  3095
  229 8232.632017  8458
  230 -1461.699298     4
  231 18630.803760 11398
  232 610.795843   881
  233 3035.223102  1061
  234 -965.192304     9
  235 3734.544602 17055
  236 -881.023642     9
  237 14398.429791 25768
  238 2506.435603 14732
  239 -1021.354104     2
  240 1593.440063    35
  241 5993.526543  9045
  242 -2658.543319     4
  243 7120.588496 25507
  244 558.554741 27680
  245 8478.538868  6344
  246 12409.322531 21407
  247 -1104.785199     8
  248 -699.730261     2
  249 3685.979429 21608
  250 20178.679992 19993
  251 -623.142697     0
  252 1093.827344   131
  253 2645.232627 26725
  254 -649.039239     7
  255 3508.710453  4774
  256 -45.173129     8
  257 -1880.408854     3
  258 9637.625643 11874
  259 -1284.656269     4
  260 -1518.775552     5
  261 12367.278854 15881
  262 -1304.503261     3
  263 9311.021639 14536
  264 994.575271  1231
  265 10949.481258 13187
  266 1227.802357  7031
  267 -1556.535783     0
  268 14206.100440 12441
  269 -418.971478     1
  270 -1818.928046     0
  271 14388.611893 20832
  272 -943.384389     3
  273 8053.687543 13008
  274 1221.668169  3973
  275 6467.557635  9596
  276 -183.161130     7
  277 11295.820679  8226
  278 6531.951146  8125
  279 7014.682868  1936
  280 3981.726667   519
  281 -373.298615     4
  282 20762.757840 20779
  283 3673.828435  5897
  284 -1406.335561     7
  285 -1228.591017     5
  286 -180.930786     2
  287 1946.518554 13467
  288 -351.168883     7
  289 -548.357013     1
  290 253.031072 15224
  291 9489.328487 16581
  292 3144.611325 16126
  293 -888.754276     6
  294 5011.541155 12038
  295 7071.394844 14498
  296 6909.977098  4174
  297 -4270.354356     6
  298 -1031.278694     5
  299 13717.030277 21172
  300 10630.313114 14979
