300
    1 2107.404888     1
    2 5330.730230 22552
    3 -96.798609     7
    4 -851.316864     7
    5 -228.332062     8
    6 11397.899642 11402
    7 841.433705  7882
    8 2644.725915  5438
    9 -1220.285762     7
   10 295.119508  6863
   11 -230.893946     1
   12 4505.488874   525
   13 -92.956352     2
   14 16444.632659 20096
   15 -3007.592519     7
   16 35896.263882 24956
   17 -284.266968     8
   18 -1373.265640     6
   19 7450.159295 14573
   20 -621.186115     7
   21 2367.800001 21823
   22 17640.630842 15275
   23 2350.946100 14868
   24 -457.666793     6
   25 2063.535885  2208
   26 -371.688113     1
   27 16684.640362 20395
   28 -2444.214818     3
   29 924.481124  4613
   30 139.160727 14985
   31 2677.589809 10343
   32 -111.823074     7
   33 1328.888533  2104
   34 -1234.632178     7
   35 21824.288510 17064
   36 45.068474 21647
   37 -412.183165     0
   38 1963.227966  1257
   39 -665.396048     9
   40 1807.627300  2568
   41 13955.669297 12082
   42 2609.759349 15949
   43 8661.632178 13544
   44 32251.899679 23714
   45 -1908.607004     8
   46 11712.816597 10842
   47 7110.914267 15863
   48 -2.434344     0
   49 -941.131508     7
   50 3853.526707  1573
   51 1416.234875   828
   52 2022.609502 12746
   53 1069.453094   314
   54 10214.695580 23962
   55 578.028928 23513
   56 -183.684190     3
   57 12306.838811 27528
   58 -731.563766     5
   59 -412.021261     3
   60 -1023.902125     2
   61 1320.637878 19028
   62 -957.684432     7
   63 -185.001849     7
   64 23873.001140 26634
   65 4561.779847  8009
   66 25573.595704 18283
   67 3099.983634 14765
   68 -2350.296474     5
   69 5770.752741  4234
   70 1981.585232  6832
   71 2794.241726  6524
   72 -360.535401     1
   73 5827.189309 23238
   74 17305.858833 23525
   75 -18.607290     4
   76 4731.107536 10172
   77 2676.708027 21958
   78 -92.151288     7
   79 -149.037138     8
   80 -15.305022     1
   81 1012.096592  3195
   82 5084.556934  3101
   83 -368.517358     6
   84 8502.800647  7462
   85 8450.350210  1250
   86 7588.570535 13695
   87 -814.998279     0
   88 -91.202797     4
   89 -130.324649     5
   90 8862.772237 11841
   91 4648.365519  3905
   92 1193.915339 26181
   93 2048.448363  6201
   94 -1746.449101     0
   95 -690.929487     5
   96 18491.203774 20258
   97 13035.422851 11140
   98 -812.242628     0
   99 4059.905649  7350
  100 -448.345708     3
  101 11437.626318  6709
  102 -497.805492     0
  103 3736.362747 20824
  104 3472.036680 10814
  105 -1091.795565     3
  106 1352.348506  1080
  107 24884.178668 23377
  108 -17.461474     6
  109 1486.472771  1281
  110 -870.579354     8
  111 1999.281221 12350
  112 -232.538433     5
  113 14902.288572 21527
  114 -1651.540214     1
  115 6940.574279 12613
  116 6742.115761 25599
  117 5434.133095  2552
  118 1583.788688  4764
  119 2080.319354 11817
  120 4650.298336  8720
  121 1575.989885   876
  122 10491.865008 21854
  123 -807.506320     9
  124 6809.767267   546
  125 -322.366069     5
  126 -910.543421     1
  127 -1733.553586     7
  128 -602.462202     8
  129 14389.415876 22728
  130 2296.736206 12216
  131 1878.327807 19666
  132 3314.358539    74
  133 -236.455787     8
  134 1976.527870 16240
  135 1096.939873 23404
  136 3055.668324  3066
  137 11929.093062  3236
  138 -1909.498825     9
  139 3683.253844 26575
  140 -1497.371627     4
  141 5021.762812 23859
  142 -1933.765909     0
  143 4707.377895 15705
  144 14346.009453 14460
  145 6120.770045 16428
  146 28567.022531 26421
  147 1879.152506 10799
  148 -1460.225085     0
  149 -472.774392     1
  150 2660.056529 14927
  151 -2701.162852     0
  152 7482.801168  4176
  153 3998.019287  3369
  154 -1863.657849     7
  155 -487.663472     6
  156 12868.180201 26851
  157 -1481.320693     8
  158 1232.333505  5560
  159 -564.859311     4
  160 5584.175899 13900
  161 -2258.240490     9
  162 8766.524513 23379
  163 16704.978847 18562
  164 -933.806211     9
  165 -826.954999     0
  166 4201.019763  4587
  167 8452.496044  4200
  168 -855.499225     9
  169 -929.739830     3
  170 -865.861110     4
  171 -144.340590     3
  172 9890.566862 24598
  173 3803.509817 14057
  174 -38.253315     9
  175 10035.611823 15891
  176 -399.927282     0
  177 -1213.064492     4
  178 21406.021154 20565
  179 4427.405542 11021
  180 13387.620590 19654
  181 -679.158884     1
  182 1106.383122 13672
  183 3331.618260 14952
  184 3661.497231 26785
  185 295.364174  6455
  186 -748.593608     5
  187 -1094.420007     5
  188 -1956.982046     5
  189 11850.786978 16729
  190 11595.696379 13760
  191 -855.473004     2
  192 7874.339602 24846
  193 -930.872889     5
  194 -670.889136     7
  195 -622.456923     9
  196 -294.751619     1
  197 17760.772038 15816
  198 12778.824496 17659
  199 -1077.153311     4
  200 5429.318992  6147
  201 -2013.358816     1
  202 7423.891723 26161
  203 3075.240155  9518
  204 -1150.141942     4
  205 11959.116670 18278
  206 8053.583507 12201
  207 -536.638156     3
  208 -857.831513     5
  209 4347.607023 11251
  210 5153.598126 11128
  211 15108.010716 18494
  212 -165.632550     1
  213 -1468.733502     0
  214 4165.844878 15528
  215 -418.502750     5
  216 1625.357486  1154
  217 16701.816756 15143
  218 -282.780143     3
  219 27401.647176 16679
  220 -1892.142487     5
  221 1415.245124  1476
  222 3674.804395 19127
  223 4670.982145  5680
  224 4301.683031  2168
  225 -1211.899446     5
  226 303.656718 25072
  227 5013.641096   460
  228 938.934399  3095
  229 3307.589747  8458
  230 -4452.059997     4
  231 3328.599260 11398
  232 584.718220   881
  233 1287.597679  1061
  234 -76.315386     9
  235 7772.042554 17055
  236 -1593.847257     9
  237 13540.284573 25768
  238 7497.224871 14732
  239 -161.899037     2
  240 2256.022667    35
  241 479.002999  9045
  242 -1837.479738     4
  243 1473.264687 25507
  244 710.364594 27680
  245 2943.911320  6344
  246 539.697955 21407
  247 -880.451351     8
  248 -5.906396     2
  249 9722.549843 21608
  250 19014.221967 19993
  251 -1148.357441     0
  252 6605.267701   131
  253 10188.227806 26725
  254 -1602.985555     7
  255 5255.845414  4774
  256 -311.731388     8
  257 -244.618820     3
  258 8343.563644 11874
  259 -741.387848     4
  260 -514.602204     5
  261 27887.322893 15881
  262 -228.784234     3
  263 11870.189797 14536
  264 4193.677527  1231
  265 4847.727175 13187
  266 2183.170006  7031
  267 -147.616023     0
  268 4399.420460 12441
  269 -744.084159     1
  270 -1575.630861     0
  271 1879.762305 20832
  272 -421.343070     3
  273 14591.109249 13008
  274 3848.795222  3973
  275 6163.247078  9596
  276 -1344.166228     7
  277 8850.502606  8226
  278 129.826580  8125
  279 4474.012683  1936
  280 2041.373658   519
  281 -232.999012     4
  282 9650.064698 20779
  283 5499.540409  5897
  284 -2037.644625     7
  285 -1518.798999     5
  286 -833.648814     2
  287 14990.824174 13467
  288 -404.890188     7
  289 -759.214280     1
  290 11310.547703 15224
  291 5621.178477 16581
  292 4016.183299 16126
  293 -1431.232845     6
  294 1376.709595 12038
  295 12694.893591 14498
  296 1868.626346  4174
  297 -1882.830292     6
  298 -1214.825749     5
  299 28224.200755 21172
  300 2074.611376 14979
