300
    1 3364.565198     1
    2 11985.996648 22552
    3 -4332.287947     7
    4 -334.191466     7
    5 -825.376367     8
    6 9150.814184 11402
    7 1922.321954  7882
    8 2522.719081  5438
    9 -2016.504721     7
   10 12357.415401  6863
   11 -574.516483     1
   12 426.219830   525
   13 -134.007378     2
   14 9720.276336 20096
   15 -1356.716370     7
   16 26475.477242 24956
   17 -778.187489     8
   18 -851.878997     6
   19 9901.415941 14573
   20 -92.968680     7
   21 5970.118200 21823
   22 7666.811745 15275
   23 8874.919062 14868
   24 -1691.190137     6
   25 8141.561317  2208
   26 -313.305457     1
   27 3710.548834 20395
   28 -451.084538     3
   29 2787.283617  4613
   30 2900.116592 14985
   31 5324.434618 10343
   32 -1073.319542     7
   33 1416.614112  2104
   34 -491.341466     7
   35 26323.593793 17064
   36 4397.306345 21647
   37 -104.629119     0
   38 1774.785454  1257
   39 -1578.722505     9
   40 1777.714477  2568
   41 340.264287 12082
   42 13896.968688 15949
   43 2522.951371 13544
   44 17259.528789 23714
   45 -2354.607684     8
   46 5671.879221 10842
   47 2538.831781 15863
   48 -408.218053     0
   49 -2365.844623     7
   50 980.304701  1573
   51 4351.916093   828
   52 8491.973003 12746
   53 3084.033362   314
   54 22284.902265 23962
   55 6120.674243 23513
   56 -2036.626934     3
   57 15408.018806 27528
   58 -696.015464     5
   59 -2005.463883     3
   60 -709.350606     2
   61 20417.989398 19028
   62 -903.414780     7
   63 -2320.721831     7
   64 8439.998437 26634
   65 5888.331020  8009
   66 23341.423724 18283
   67 9104.957442 14765
   68 -990.502533     5
   69 2502.561083  4234
   70 1834.823548  6832
   71 5974.128836  6524
   72 -1849.128370     1
   73 40.837363 23238
   74 16120.989989 23525
   75 -787.951181     4
   76 4949.745293 10172
   77 6330.055763 21958
   78 -245.647756     7
   79 -225.254094     8
   80 -726.441196     1
   81 2704.946799  3195
   82 5749.980801  3101
   83 -1234.315413     6
   84 796.196578  7462
   85 1047.056433  1250
   86 8381.291588 13695
   87 -1120.918905     0
   88 -656.585898     4
   89 -87.967492     5
   90 14063.233842 11841
   91 2441.873560  3905
   92 9872.780106 26181
   93 6542.664143  6201
   94 -2114.087982     0
   95 -684.035749     5
   96 5092.413076 20258
   97 12819.905224 11140
   98 -837.519089     0
   99 3837.222885  7350
  100 -345.604688     3
  101 2711.871869  6709
  102 -345.311575     0
  103 11348.402561 20824
  104 4221.211928 10814
  105 -143.103401     3
  106 1867.390856  1080
  107 34773.831936 23377
  108 -421.457814     6
  109 536.817340  1281
  110 -420.310502     8
  111 90.828145 12350
  112 -16.141023     5
  113 12742.161975 21527
  114 -1210.198006     1
  115 1883.473961 12613
  116 1673.883419 25599
  117 828.216632  2552
  118 1025.420977  4764
  119 2182.682643 11817
  120 4984.961935  8720
  121 3691.311852   876
  122 12959.137327 21854
  123 -85.705493     9
  124 3199.950490   546
  125 -140.403402     5
  126 -209.689385     1
  127 -1704.379079     7
  128 -700.823902     8
  129 9900.480474 22728
  130 11418.620798 12216
  131 22228.163611 19666
  132 42.755999    74
  133 -502.110604     8
  134 935.523115 16240
  135 1603.270461 23404
  136 2068.512284  3066
  137 1653.688258  3236
  138 -463.430732     9
  139 6371.602319 26575
  140 -2374.796583     4
  141 3294.599865 23859
  142 -641.668271     0
  143 3739.343088 15705
  144 8431.985911 14460
  145 8121.687727 16428
  146 8277.791793 26421
  147 11370.216130 10799
  148 -743.940074     0
  149 -722.294038     1
  150 19823.038386 14927
  151 -784.249647     0
  152 2285.563309  4176
  153 5701.810501  3369
  154 -724.898147     7
  155 -83.440629     6
  156 9827.989887 26851
  157 -3380.865965     8
  158 1207.046259  5560
  159 -1347.476418     4
  160 10119.824213 13900
  161 -800.909864     9
  162 22492.697185 23379
  163 11203.561679 18562
  164 -1202.229529     9
  165 -1200.162358     0
  166 5685.811220  4587
  167 7359.509986  4200
  168 -3023.215204     9
  169 -1352.420966     3
  170 -24.574635     4
  171 -1042.099595     3
  172 3262.318645 24598
  173 11095.185830 14057
  174 -670.979479     9
  175 7938.493222 15891
  176 -369.651313     0
  177 -1042.778243     4
  178 15722.984699 20565
  179 3369.895087 11021
  180 2091.776837 19654
  181 -2000.625447     1
  182 5285.102288 13672
  183 373.367642 14952
  184 9987.435241 26785
  185 11532.526839  6455
  186 -140.153164     5
  187 -206.622202     5
  188 -872.813800     5
  189 3282.689005 16729
  190 10311.016769 13760
  191 -558.670333     2
  192 14956.335784 24846
  193 -158.583001     5
  194 -1072.184356     7
  195 -1294.018088     9
  196 -75.765606     1
  197 15548.102663 15816
  198 57.822152 17659
  199 -781.588490     4
  200 1215.928440  6147
  201 -1812.270536     1
  202 8314.100240 26161
  203 2786.217305  9518
  204 -2035.250296     4
  205 3242.189974 18278
  206 18411.720643 12201
  207 -756.446761     3
  208 -336.101759     5
  209 11016.026109 11251
  210 9248.690610 11128
  211 26474.023808 18494
  212 -510.285763     1
  213 -306.042403     0
  214 6870.447339 15528
  215 -101.932588     5
  216 6237.525441  1154
  217 8055.167238 15143
  218 -1189.929178     3
  219 6636.659190 16679
  220 -2026.327403     5
  221 2498.649983  1476
  222 4490.252656 19127
  223 2517.902086  5680
  224 1219.165670  2168
  225 -1067.121416     5
  226 18834.714121 25072
  227 2150.404297   460
  228 1021.112130  3095
  229 3028.023499  8458
  230 -863.350121     4
  231 16284.408347 11398
  232 194.877336   881
  233 1095.035531  1061
  234 -760.170809     9
  235 5550.002184 17055
  236 -2662.635127     9
  237 5580.524853 25768
  238 311.648423 14732
  239 -276.289197     2
  240 2376.155582    35
  241 3684.315328  9045
  242 -935.386908     4
  243 17663.845384 25507
  244 22487.780741 27680
  245 11022.160706  6344
  246 16467.282560 21407
  247 -289.462975     8
  248 -325.945653     2
  249 5813.478548 21608
  250 13077.299587 19993
  251 -1338.246736     0
  252 1492.693923   131
  253 26517.370338 26725
  254 -863.306844     7
  255 3920.008962  4774
  256 -683.817230     8
  257 -1790.199180     3
  258 8244.481380 11874
  259 -163.320695     4
  260 -476.284416     5
  261 4451.847497 15881
  262 -1946.418024     3
  263 847.877488 14536
  264 3668.078579  1231
  265 3888.768311 13187
  266 6700.195913  7031
  267 -2663.452149     0
  268 6066.147022 12441
  269 -1060.656383     1
  270 -2446.829066     0
  271 7264.595121 20832
  272 -865.852152     3
  273 11642.827336 13008
  274 2970.219898  3973
  275 6026.810819  9596
  276 -816.343009     7
  277 6224.120469  8226
  278 893.669196  8125
  279 1589.673466  1936
  280 241.916380   519
  281 -319.818623     4
  282 11838.939146 20779
  283 3256.125805  5897
  284 -1060.289386     7
  285 -1551.135748     5
  286 -2836.230194     2
  287 2721.975469 13467
  288 -13.113928     7
  289 -187.766700     1
  290 12749.443246 15224
  291 12592.795285 16581
  292 14299.857104 16126
  293 -1455.742705     6
  294 547.269203 12038
  295 3722.769363 14498
  296 2315.331881  4174
  297 -841.756514     6
  298 -1585.001418     5
  299 5752.871153 21172
  300 1360.885836 14979
