300
    1 1426.211919     1
    2 14373.437673 22552
    3 -1081.275669     7
    4 -752.966366     7
    5 -1262.414106     8
    6 12822.132967 11402
    7 3310.088850  7882
    8 3456.765407  5438
    9 -1179.817205     7
   10 4974.491351  6863
   11 -1600.414082     1
   12 959.784730   525
   13 -47.061272     2
   14 3581.074831 20096
   15 -1964.716828     7
   16 28961.834512 24956
   17 -1351.794982     8
   18 -888.755956     6
   19 10580.167881 14573
   20 -1694.535825     7
   21 12634.762031 21823
   22 21105.268879 15275
   23 15314.498904 14868
   24 -324.324896     6
   25 6141.440198  2208
   26 -58.744535     1
   27 1598.242575 20395
   28 -1622.001771     3
   29 3163.405806  4613
   30 3148.814435 14985
   31 2891.148801 10343
   32 -567.357566     7
   33 3465.291719  2104
   34 -3258.678096     7
   35 8723.153906 17064
   36 2427.589896 21647
   37 -1131.850900     0
   38 3101.541085  1257
   39 -5.616305     9
   40 6704.369584  2568
   41 5453.845202 12082
   42 1836.995656 15949
   43 772.621486 13544
   44 34660.388765 23714
   45 -243.185124     8
   46 657.283844 10842
   47 31599.679480 15863
   48 -1313.213169     0
   49 -1555.240355     7
   50 3897.798317  1573
   51 1349.154287   828
   52 10497.459945 12746
   53 3559.180475   314
   54 2221.172314 23962
   55 3355.798314 23513
   56 -254.843468     3
   57 17502.924779 27528
   58 -470.308566     5
   59 -1362.661109     3
   60 -307.623027     2
   61 9541.687518 19028
   62 -1697.163728     7
   63 -2135.632120     7
   64 10251.575088 26634
   65 8693.531986  8009
   66 14876.957783 18283
   67 10198.010362 14765
   68 -1539.236259     5
   69 6555.387240  4234
   70 1571.935209  6832
   71 5919.846299  6524
   72 -743.555830     1
   73 17736.916275 23238
   74 13178.855386 23525
   75 -208.786014     4
   76 7110.364482 10172
   77 11972.743724 21958
   78 -701.558640     7
   79 -241.566604     8
   80 -151.476266     1
   81 5737.192524  3195
   82 2988.707770  3101
   83 -1146.930667     6
   84 7645.439957  7462
   85 537.296867  1250
   86 6759.170312 13695
   87 -551.539076     0
   88 -1003.073878     4
   89 -573.620992     5
   90 2792.043379 11841
   91 712.514457  3905
   92 5887.821484 26181
   93 3653.955851  6201
   94 -377.924831     0
   95 -272.290461     5
   96 2049.932578 20258
   97 7908.208794 11140
   98 -279.037939     0
   99 2307.789884  7350
  100 -38.491173     3
  101 1037.795514  6709
  102 -2610.912008     0
  103 11727.638754 20824
  104 15722.678968 10814
  105 -192.222655     3
  106 1649.781865  1080
  107 10541.627691 23377
  108 -1041.368246     6
  109 127.732025  1281
  110 -1441.073489     8
  111 5660.739927 12350
  112 -1417.155093     5
  113 31460.175622 21527
  114 -281.819197     1
  115 2351.347061 12613
  116 23243.414845 25599
  117 3329.039953  2552
  118 1291.166043  4764
  119 5786.699707 11817
  120 15306.809213  8720
  121 1001.095357   876
  122 3182.471482 21854
  123 -842.955449     9
  124 738.970801   546
  125 -493.659490     5
  126 -28.988830     1
  127 -810.444244     7
  128 -1470.179701     8
  129 15252.366228 22728
  130 1824.680088 12216
  131 9017.025520 19666
  132 1144.134835    74
  133 -902.685013     8
  134 6481.072697 16240
  135 25948.018529 23404
  136 585.869974  3066
  137 3156.466413  3236
  138 -892.863453     9
  139 1893.868287 26575
  140 -266.837268     4
  141 16192.512319 23859
  142 -478.635900     0
  143 6632.720537 15705
  144 6739.862888 14460
  145 1573.039630 16428
  146 6300.178199 26421
  147 8451.857976 10799
  148 -981.580688     0
  149 -1545.705201     1
  150 4932.309855 14927
  151 -1934.855537     0
  152 2224.421783  4176
  153 2741.615445  3369
  154 -707.224970     7
  155 -684.486325     6
  156 10094.815723 26851
  157 -596.607388     8
  158 3897.133527  5560
  159 -613.976507     4
  160 13405.960910 13900
  161 -1070.152436     9
  162 4681.927204 23379
  163 13326.103986 18562
  164 -1223.169207     9
  165 -52.083129     0
  166 572.249434  4587
  167 5127.494417  4200
  168 -264.877211     9
  169 -490.268463     3
  170 -1967.453813     4
  171 -939.899005     3
  172 16058.439666 24598
  173 5259.769037 14057
  174 -375.084828     9
  175 3427.275501 15891
  176 -994.868867     0
  177 -2444.301350     4
  178 9405.662557 20565
  179 12843.541307 11021
  180 36972.052562 19654
  181 -1878.148485     1
  182 749.441882 13672
  183 12710.837276 14952
  184 31470.358492 26785
  185 4950.688758  6455
  186 -234.362470     5
  187 -711.007485     5
  188 -1421.689123     5
  189 5189.333218 16729
  190 17512.180996 13760
  191 -1037.272979     2
  192 9829.881591 24846
  193 -387.443190     5
  194 -909.906271     7
  195 -122.169377     9
  196 -501.119933     1
  197 3958.128667 15816
  198 2849.388340 17659
  199 -784.167116     4
  200 5353.871774  6147
  201 -1973.803745     1
  202 14623.198757 26161
  203 6296.030941  9518
  204 -65.964321     4
  205 4537.987848 18278
  206 12699.162482 12201
  207 -470.876023     3
  208 -1325.516963     5
  209 5020.330044 11251
  210 14523.147194 11128
  211 16506.585253 18494
  212 -447.529371     1
  213 -1022.670099     0
  214 247.625356 15528
  215 -413.034792     5
  216 785.497787  1154
  217 921.694611 15143
  218 -262.119808     3
  219 425.962404 16679
  220 -478.071904     5
  221 937.865231  1476
  222 11386.702848 19127
  223 4913.040064  5680
  224 2019.395730  2168
  225 -291.206939     5
  226 3544.257123 25072
  227 3136.969378   460
  228 515.982499  3095
  229 3527.610437  8458
  230 -879.762740     4
  231 9774.755407 11398
  232 653.394814   881
  233 2173.184170  1061
  234 -643.329977     9
  235 15620.908450 17055
  236 -1324.830705     9
  237 20780.958343 25768
  238 4960.182696 14732
  239 -1093.764645     2
  240 2412.120584    35
  241 2361.928969  9045
  242 -1604.385262     4
  243 7233.264987 25507
  244 11976.831433 27680
  245 9047.982502  6344
  246 11208.923770 21407
  247 -454.856894     8
  248 -2219.427875     2
  249 13236.972806 21608
  250 14044.309636 19993
  251 -2129.569187     0
  252 970.195715   131
  253 6790.446104 26725
  254 -459.633475     7
  255 5618.608649  4774
  256 -678.828161     8
  257 -1386.532179     3
  258 2146.637976 11874
  259 -744.436200     4
  260 -926.786214     5
  261 13558.460357 15881
  262 -1006.912831     3
  263 6683.561957 14536
  264 1096.756528  1231
  265 8987.597351 13187
  266 2662.198154  7031
  267 -1498.876005     0
  268 2188.826181 12441
  269 -742.358025     1
  270 -735.031365     0
  271 17050.509458 20832
  272 -394.182836     3
  273 12813.610419 13008
  274 6021.257008  3973
  275 4520.148651  9596
  276 -922.900198     7
  277 14993.852244  8226
  278 2964.787521  8125
  279 1630.868584  1936
  280 1391.333068   519
  281 -689.804420     4
  282 2781.014863 20779
  283 3690.385445  5897
  284 -2057.439317     7
  285 -1421.905847     5
  286 -2123.909418     2
  287 684.576704 13467
  288 -153.561847     7
  289 -80.739862     1
  290 989.157869 15224
  291 11253.482132 16581
  292 4960.097005 16126
  293 -175.407532     6
  294 5150.601299 12038
  295 8045.068833 14498
  296 5574.688626  4174
  297 -416.351034     6
  298 -730.696170     5
  299 19255.087806 21172
  300 11733.508990 14979
