300
    1 78.738658     1
    2 13034.295302 22552
    3 -2507.046300     7
    4 -791.975417     7
    5 -529.981061     8
    6 456.466532 11402
    7 10266.015503  7882
    8 8121.128111  5438
    9 -496.205158     7
   10 514.280397  6863
   11 -410.427025     1
   12 2474.791083   525
   13 -211.929730     2
   14 3699.765482 20096
   15 -1160.694836     7
   16 30121.979632 24956
   17 -242.866994     8
   18 -820.960252     6
   19 954.903479 14573
   20 -1645.674452     7
   21 13563.882508 21823
   22 18530.715793 15275
   23 8989.469061 14868
   24 -1383.840929     6
   25 2656.302771  2208
   26 -432.840872     1
   27 911.204670 20395
   28 -1119.107618     3
   29 4788.935491  4613
   30 134.238192 14985
   31 10506.639200 10343
   32 -817.385769     7
   33 3601.742082  2104
   34 -984.490247     7
   35 8144.454901 17064
   36 28020.695034 21647
   37 -1155.721907     0
   38 299.945319  1257
   39 -257.970736     9
   40 1400.735407  2568
   41 3957.162172 12082
   42 10291.953322 15949
   43 276.551082 13544
   44 27372.267194 23714
   45 -645.250343     8
   46 5675.825318 10842
   47 2733.556255 15863
   48 -481.614560     0
   49 -955.675353     7
   50 2157.594097  1573
   51 6872.515036   828
   52 250.042897 12746
   53 793.092813   314
   54 22277.479635 23962
   55 21943.872961 23513
   56 -2105.942546     3
   57 21589.999626 27528
   58 -173.451047     5
   59 -955.758238     3
   60 -1099.537098     2
   61 15523.526974 19028
   62 -1607.550114     7
   63 -1450.010008     7
   64 245.024606 26634
   65 5777.600279  8009
   66 1491.401316 18283
   67 9606.911294 14765
   68 -2058.233584     5
   69 3112.659010  4234
   70 2390.435887  6832
   71 10935.306708  6524
   72 -120.360406     1
   73 6490.638054 23238
   74 15041.017426 23525
   75 -1164.042838     4
   76 3315.149581 10172
   77 11154.858696 21958
   78 -1169.392331     7
   79 -354.187933     8
   80 -1105.154602     1
   81 8247.176867  3195
   82 2696.434078  3101
   83 -1033.726510     6
   84 1223.265165  7462
   85 4062.976302  1250
   86 11339.857439 13695
   87 -1103.952696     0
   88 -4.351295     4
   89 -542.165953     5
   90 4579.753448 11841
   91 7366.802093  3905
   92 2553.678171 26181
   93 2160.625574  6201
   94 -827.777993     0
   95 -1558.626411     5
   96 9507.721420 20258
   97 16863.279715 11140
   98 -1874.938278     0
   99 4940.244074  7350
  100 -1045.347688     3
  101 1631.195169  6709
  102 -580.608395     0
  103 61.936518 20824
  104 3502.982852 10814
  105 -214.540408     3
  106 3136.105615  1080
  107 12232.236969 23377
  108 -1808.370787     6
  109 537.911386  1281
  110 -391.208464     8
  111 8259.093823 12350
  112 -735.410066     5
  113 35838.366411 21527
  114 -719.791628     1
  115 3412.434364 12613
  116 4588.143586 25599
  117 472.049240  2552
  118 2412.599944  4764
  119 16929.732056 11817
  120 1672.559365  8720
  121 2148.365489   876
  122 4370.676565 21854
  123 -335.082279     9
  124 5419.116717   546
  125 -1582.856462     5
  126 -3365.847711     1
  127 -45.388402     7
  128 -3452.284300     8
  129 8634.029230 22728
  130 7960.216957 12216
  131 19198.317827 19666
  132 65.777647    74
  133 -393.521082     8
  134 8943.277490 16240
  135 25395.906497 23404
  136 716.866711  3066
  137 5926.556303  3236
  138 -1602.818982     9
  139 3811.402936 26575
  140 -2019.547676     4
  141 1604.185323 23859
  142 -383.183324     0
  143 8760.882459 15705
  144 6833.405842 14460
  145 1631.930701 16428
  146 10070.547872 26421
  147 1718.346478 10799
  148 -1839.487888     0
  149 -93.830374     1
  150 10587.071411 14927
  151 -3096.623406     0
  152 2968.717149  4176
  153 5448.649445  3369
  154 -477.576777     7
  155 -722.276952     6
  156 21013.356111 26851
  157 -246.421127     8
  158 4892.037182  5560
  159 -1475.834486     4
  160 1987.871311 13900
  161 -2374.009917     9
  162 11202.948185 23379
  163 10031.594368 18562
  164 -620.528026     9
  165 -147.829264     0
  166 9830.478930  4587
  167 9247.858496  4200
  168 -649.122251     9
  169 -961.258740     3
  170 -256.102250     4
  171 -667.999711     3
  172 11209.411814 24598
  173 3218.787643 14057
  174 -1132.334821     9
  175 8826.661779 15891
  176 -448.108973     0
  177 -446.497612     4
  178 19968.231630 20565
  179 4189.303427 11021
  180 8732.010357 19654
  181 -473.115492     1
  182 21487.974439 13672
  183 4927.523212 14952
  184 767.394944 26785
  185 8273.040852  6455
  186 -402.219877     5
  187 -1308.620508     5
  188 -894.789549     5
  189 6660.765710 16729
  190 20500.007128 13760
  191 -1194.510609     2
  192 10810.004000 24846
  193 -2003.736645     5
  194 -1293.690244     7
  195 -2021.062066     9
  196 -278.984529     1
  197 2239.216477 15816
  198 10370.939212 17659
  199 -1579.684036     4
  200 4803.376828  6147
  201 -3118.916906     1
  202 3938.433317 26161
  203 12850.951211  9518
  204 -3473.379135     4
  205 5481.063125 18278
  206 10907.157064 12201
  207 -467.615636     3
  208 -559.478596     5
  209 19808.581315 11251
  210 8319.940961 11128
  211 667.550236 18494
  212 -152.593850     1
  213 -385.138493     0
  214 2756.175028 15528
  215 -627.034040     5
  216 4429.706634  1154
  217 4306.791752 15143
  218 -1911.689393     3
  219 699.159238 16679
  220 -43.604256     5
  221 3305.560307  1476
  222 17444.639243 19127
  223 8082.185393  5680
  224 4178.926068  2168
  225 -2024.641809     5
  226 31366.815468 25072
  227 4666.233891   460
  228 5591.467061  3095
  229 6878.180652  8458
  230 -673.185938     4
  231 5561.482650 11398
  232 953.945400   881
  233 3052.783063  1061
  234 -198.462209     9
  235 20247.034656 17055
  236 -778.342238     9
  237 26280.260612 25768
  238 12725.716798 14732
  239 -560.513796     2
  240 3771.927955    35
  241 7555.278072  9045
  242 -2181.553239     4
  243 1320.579065 25507
  244 6601.129948 27680
  245 11408.944027  6344
  246 22798.089899 21407
  247 -1016.553365     8
  248 -47.688630     2
  249 6943.106027 21608
  250 4823.427392 19993
  251 -388.156475     0
  252 866.630057   131
  253 12561.872298 26725
  254 -1638.132120     7
  255 2646.838329  4774
  256 -1165.391610     8
  257 -444.888814     3
  258 3521.705939 11874
  259 -503.179144     4
  260 -2755.810929     5
  261 4007.239578 15881
  262 -695.670267     3
  263 12159.243594 14536
  264 1593.365069  1231
  265 3701.895510 13187
  266 9556.507154  7031
  267 -792.511869     0
  268 15906.960592 12441
  269 -180.191781     1
  270 -377.033334     0
  271 17279.891294 20832
  272 -2433.192182     3
  273 21851.336006 13008
  274 1572.938130  3973
  275 4181.422096  9596
  276 -1057.722482     7
  277 3897.073335  8226
  278 10733.042014  8125
  279 2984.719240  1936
  280 6455.916486   519
  281 -728.530627     4
  282 3558.911860 20779
  283 1997.627535  5897
  284 -1100.786886     7
  285 -3495.217048     5
  286 -512.566233     2
  287 7668.715315 13467
  288 -741.085334     7
  289 -448.953128     1
  290 3298.381516 15224
  291 10882.185058 16581
  292 3303.005747 16126
  293 -1134.880522     6
  294 1524.488763 12038
  295 1845.050796 14498
  296 4109.268277  4174
  297 -2526.246199     6
  298 -173.269621     5
  299 7453.232308 21172
  300 9308.702142 14979
