300
    1 649.135278     1
    2 33764.318330 22552
    3 -362.430140     7
    4 -303.872763     7
    5 -486.034138     8
    6 8858.909069 11402
    7 6720.603383  7882
    8 1764.491584  5438
    9 -1364.576625     7
   10 4829.410910  6863
   11 -1181.305590     1
   12 1581.556507   525
   13 -992.170912     2
   14 1159.880850 20096
   15 -1028.585196     7
   16 9307.031271 24956
   17 -1792.157196     8
   18 -833.505554     6
   19 3195.959927 14573
   20 -465.366835     7
   21 13658.826738 21823
   22 8225.253897 15275
   23 1045.466456 14868
   24 -270.067452     6
   25 3878.076763  2208
   26 -707.715795     1
   27 15669.795875 20395
   28 -369.398539     3
   29 420.634653  4613
   30 1425.750149 14985
   31 3909.026843 10343
   32 -765.206928     7
   33 1856.441952  2104
   34 -2232.962339     7
   35 15737.551672 17064
   36 11673.138781 21647
   37 -1116.203888     0
   38 1864.519923  1257
   39 -409.694023     9
   40 960.830766  2568
   41 6900.668216 12082
   42 7072.290145 15949
   43 2531.641527 13544
   44 7239.549138 23714
   45 -675.023765     8
   46 6098.572137 10842
   47 6702.095331 15863
   48 -536.635008     0
   49 -242.895055     7
   50 205.639729  1573
   51 3098.839337   828
   52 7068.361078 12746
   53 2698.539217   314
   54 7140.535772 23962
   55 35020.283769 23513
   56 -86.657930     3
   57 4441.615538 27528
   58 -660.911250     5
   59 -1275.608279     3
   60 -751.722757     2
   61 9266.067047 19028
   62 -2063.837070     7
   63 -974.636125     7
   64 1615.886887 26634
   65 7796.609257  8009
   66 224.891834 18283
   67 11632.045139 14765
   68 -1012.415069     5
   69 4766.329018  4234
   70 1976.706300  6832
   71 22.029325  6524
   72 -9.347208     1
   73 6441.329973 23238
   74 4930.561014 23525
   75 -1134.919205     4
   76 2285.731734 10172
   77 14579.975078 21958
   78 -1428.028307     7
   79 -452.625955     8
   80 -397.661081     1
   81 685.058933  3195
   82 2628.325360  3101
   83 -1100.291832     6
   84 3568.296181  7462
   85 389.432359  1250
   86 4871.589942 13695
   87 -703.387269     0
   88 -271.329928     4
   89 -866.335225     5
   90 14278.021677 11841
   91 9383.144259  3905
   92 718.361991 26181
   93 1589.153301  6201
   94 -197.323366     0
   95 -356.926319     5
   96 9838.326885 20258
   97 8991.552429 11140
   98 -2069.057772     0
   99 5479.571336  7350
  100 -1812.184935     3
  101 746.007094  6709
  102 -837.608841     0
  103 2946.377078 20824
  104 1639.135116 10814
  105 -707.187522     3
  106 386.198536  1080
  107 28240.856168 23377
  108 -1352.502868     6
  109 2789.769018  1281
  110 -672.209446     8
  111 1072.681829 12350
  112 -330.391559     5
  113 4199.781294 21527
  114 -1044.975851     1
  115 6906.071401 12613
  116 4571.319293 25599
  117 7745.141356  2552
  118 99.860320  4764
  119 3942.678013 11817
  120 1937.081180  8720
  121 3358.615982   876
  122 5186.861339 21854
  123 -179.943543     9
  124 2817.304750   546
  125 -548.715300     5
  126 -723.619777     1
  127 -101.328345     7
  128 -537.792483     8
  129 1143.721921 22728
  130 14714.548499 12216
  131 9227.073483 19666
  132 374.123882    74
  133 -140.909015     8
  134 6201.209225 16240
  135 6159.367522 23404
  136 805.657140  3066
  137 541.432637  3236
  138 -578.082730     9
  139 7104.426705 26575
  140 -954.999529     4
  141 12419.553762 23859
  142 -304.571868     0
  143 13917.448208 15705
  144 20970.130855 14460
  145 4965.308552 16428
  146 4849.432932 26421
  147 4765.652576 10799
  148 -36.005712     0
  149 -1217.485066     1
  150 2777.447319 14927
  151 -467.126474     0
  152 491.346833  4176
  153 3991.596540  3369
  154 -67.426394     7
  155 -175.144967     6
  156 25441.654690 26851
  157 -1306.534843     8
  158 921.145901  5560
  159 -309.160961     4
  160 1522.075434 13900
  161 -825.362228     9
  162 3529.276139 23379
  163 3356.335781 18562
  164 -578.381540     9
  165 -408.861041     0
  166 1103.063316  4587
  167 5521.952200  4200
  168 -854.674791     9
  169 -114.596738     3
  170 -959.306992     4
  171 -830.165805     3
  172 20679.078261 24598
  173 11628.719559 14057
  174 -398.882493     9
  175 6221.511738 15891
  176 -1246.084754     0
  177 -1309.393502     4
  178 28784.397600 20565
  179 9740.691541 11021
  180 21734.784727 19654
  181 -568.370150     1
  182 16321.735260 13672
  183 6014.143175 14952
  184 45066.256035 26785
  185 5426.945405  6455
  186 -1062.012327     5
  187 -1689.195302     5
  188 -1141.943648     5
  189 1683.879203 16729
  190 352.794728 13760
  191 -734.244971     2
  192 5230.053206 24846
  193 -1533.322107     5
  194 -1190.094591     7
  195 -87.564658     9
  196 -115.910661     1
  197 3477.032866 15816
  198 5137.497241 17659
  199 -275.441424     4
  200 4005.554342  6147
  201 -242.004146     1
  202 18789.096957 26161
  203 6624.517749  9518
  204 -363.012332     4
  205 15307.547793 18278
  206 1399.165900 12201
  207 -492.591824     3
  208 -1558.411455     5
  209 3476.220917 11251
  210 7128.534788 11128
  211 2211.539690 18494
  212 -431.588610     1
  213 -673.140531     0
  214 5166.594690 15528
  215 -34.366617     5
  216 852.075625  1154
  217 10175.909304 15143
  218 -516.688786     3
  219 7206.515069 16679
  220 -772.950676     5
  221 4625.749380  1476
  222 3600.229397 19127
  223 2998.012934  5680
  224 3052.357823  2168
  225 -1294.741741     5
  226 10377.346834 25072
  227 5900.681087   460
  228 981.745817  3095
  229 4475.961760  8458
  230 -96.225023     4
  231 7036.789373 11398
  232 4397.323295   881
  233 1926.640980  1061
  234 -368.249469     9
  235 10251.115497 17055
  236 -263.052029     9
  237 37643.079341 25768
  238 4255.610489 14732
  239 -1461.337635     2
  240 1105.831533    35
  241 1441.270134  9045
  242 -1899.951177     4
  243 21013.227631 25507
  244 14922.761183 27680
  245 2377.521809  6344
  246 19086.041461 21407
  247 -1213.973533     8
  248 -1100.129490     2
  249 18859.572056 21608
  250 4535.117711 19993
  251 -453.440493     0
  252 746.786748   131
  253 23038.799647 26725
  254 -184.653071     7
  255 3513.414626  4774
  256 -344.181907     8
  257 -497.163619     3
  258 6612.022446 11874
  259 -1760.841331     4
  260 -1451.340239     5
  261 7674.309595 15881
  262 -627.298898     3
  263 1930.449148 14536
  264 1368.154465  1231
  265 10197.641611 13187
  266 2946.041652  7031
  267 -810.225915     0
  268 2240.476829 12441
  269 -265.155521     1
  270 -1180.782832     0
  271 6278.159042 20832
  272 -1139.410067     3
  273 10732.305263 13008
  274 1213.582717  3973
  275 7188.998338  9596
  276 -2677.098435     7
  277 3530.516656  8226
  278 7032.176351  8125
  279 7390.318590  1936
  280 3883.996012   519
  281 -401.567209     4
  282 14808.780690 20779
  283 546.229977  5897
  284 -939.599533     7
  285 -2672.465475     5
  286 -1610.609178     2
  287 4532.349923 13467
  288 -148.471848     7
  289 -1467.720668     1
  290 1410.278867 15224
  291 3335.970156 16581
  292 15759.725010 16126
  293 -81.964821     6
  294 2099.769070 12038
  295 1195.560786 14498
  296 4758.926577  4174
  297 -580.032068     6
  298 -411.767033     5
  299 8219.088935 21172
  300 12789.528885 14979
