300
    1 414.662091     1
    2 738.974151 22552
    3 -1163.475647     7
    4 -731.501626     7
    5 -1475.195207     8
    6 3358.348798 11402
    7 11781.093590  7882
    8 4417.894061  5438
    9 -286.196240     7
   10 1219.776003  6863
   11 -395.306270     1
   12 277.460168   525
   13 -965.050959     2
   14 31313.399107 20096
   15 -821.919169     7
   16 4233.237845 24956
   17 -534.467677     8
   18 -1293.766888     6
   19 10721.082260 14573
   20 -875.827576     7
   21 4556.754795 21823
   22 4075.190172 15275
   23 3833.437151 14868
   24 -302.961830     6
   25 334.597226  2208
   26 -532.628802     1
   27 87.315852 20395
   28 -1252.609446     3
   29 7962.716439  4613
   30 6979.977518 14985
   31 7696.704523 10343
   32 -180.026538     7
   33 6412.323385  2104
   34 -615.414436     7
   35 10656.302827 17064
   36 10621.634572 21647
   37 -164.042380     0
   38 630.327652  1257
   39 -3197.141788     9
   40 1265.647378  2568
   41 1856.016182 12082
   42 16794.464373 15949
   43 1110.942307 13544
   44 18940.024643 23714
   45 -1347.013804     8
   46 399.596385 10842
   47 4320.157647 15863
   48 -205.366105     0
   49 -1216.351410     7
   50 3144.410260  1573
   51 1979.706572   828
   52 2584.185051 12746
   53 2820.409753   314
   54 3375.409829 23962
   55 5631.275001 23513
   56 -2123.409794     3
   57 35088.523528 27528
   58 -362.957450     5
   59 -1876.345492     3
   60 -2687.542201     2
   61 1064.524123 19028
   62 -2172.898957     7
   63 -887.004764     7
   64 1554.794010 26634
   65 12113.197663  8009
   66 14365.588640 18283
   67 8482.311949 14765
   68 -1855.840502     5
   69 1338.110255  4234
   70 2639.468413  6832
   71 1815.308377  6524
   72 -1175.744083     1
   73 2315.196733 23238
   74 1879.746942 23525
   75 -747.602638     4
   76 4408.761342 10172
   77 50513.696983 21958
   78 -335.946086     7
   79 -946.577426     8
   80 -1464.643452     1
   81 3343.326662  3195
   82 1831.944544  3101
   83 -1935.521502     6
   84 1605.996784  7462
   85 1657.812643  1250
   86 10642.963496 13695
   87 -1315.312464     0
   88 -667.582275     4
   89 -10.027071     5
   90 9656.545791 11841
   91 5851.991347  3905
   92 19285.306974 26181
   93 3190.844992  6201
   94 -295.925827     0
   95 -40.460244     5
   96 7698.054191 20258
   97 10286.160171 11140
   98 -104.202139     0
   99 3430.159091  7350
  100 -1918.227769     3
  101 1483.195509  6709
  102 -627.530203     0
  103 19764.114548 20824
  104 2948.621779 10814
  105 -1038.351510     3
  106 3245.376370  1080
  107 3819.679333 23377
  108 -1233.060110     6
  109 171.539914  1281
  110 -430.561446     8
  111 10492.932781 12350
  112 -1161.198362     5
  113 6694.236812 21527
  114 -313.108568     1
  115 423.171455 12613
  116 2513.457534 25599
  117 5463.340528  2552
  118 4377.383922  4764
  119 5869.161842 11817
  120 4868.285730  8720
  121 5557.805381   876
  122 10037.547814 21854
  123 -123.140605     9
  124 2773.778756   546
  125 -202.328578     5
  126 -738.464877     1
  127 -147.203250     7
  128 -1391.313872     8
  129 25804.784009 22728
  130 3403.423424 12216
  131 10757.792911 19666
  132 1327.909543    74
  133 -335.960207     8
  134 7284.802955 16240
  135 27171.785459 23404
  136 150.898175  3066
  137 352.086230  3236
  138 -1107.081152     9
  139 2568.692478 26575
  140 -325.367492     4
  141 15903.422286 23859
  142 -107.607801     0
  143 3616.314777 15705
  144 13151.455392 14460
  145 3632.467548 16428
  146 5857.308630 26421
  147 8751.563878 10799
  148 -757.086188     0
  149 -8.157511     1
  150 29078.072812 14927
  151 -668.077477     0
  152 2460.697021  4176
  153 6621.140334  3369
  154 -319.730125     7
  155 -783.415771     6
  156 6530.599393 26851
  157 -1028.540229     8
  158 7755.659152  5560
  159 -395.890099     4
  160 901.377947 13900
  161 -2035.472379     9
  162 8900.970741 23379
  163 1856.023124 18562
  164 -89.089086     9
  165 -1228.275903     0
  166 5770.794969  4587
  167 5883.835412  4200
  168 -2637.498599     9
  169 -571.658359     3
  170 -532.204277     4
  171 -564.947830     3
  172 3501.063484 24598
  173 10091.068816 14057
  174 -1873.074540     9
  175 21124.021644 15891
  176 -122.916375     0
  177 -1418.703595     4
  178 17539.663333 20565
  179 989.496557 11021
  180 685.060118 19654
  181 -92.509337     1
  182 10812.286224 13672
  183 26107.148640 14952
  184 2463.799449 26785
  185 5581.005010  6455
  186 -253.608701     5
  187 -602.599824     5
  188 -747.968295     5
  189 18515.711538 16729
  190 2976.069121 13760
  191 -93.685805     2
  192 23862.680352 24846
  193 -429.393943     5
  194 -91.490718     7
  195 -645.113483     9
  196 -1583.227816     1
  197 1961.465116 15816
  198 8119.435832 17659
  199 -833.559021     4
  200 2101.521896  6147
  201 -326.735596     1
  202 4146.825705 26161
  203 1910.693800  9518
  204 -1398.374377     4
  205 7656.415766 18278
  206 4696.797539 12201
  207 -96.472328     3
  208 -271.755958     5
  209 14687.724378 11251
  210 5449.470920 11128
  211 7162.561568 18494
  212 -195.835988     1
  213 -940.700534     0
  214 21433.599036 15528
  215 -650.921064     5
  216 3292.254274  1154
  217 5439.755778 15143
  218 -299.029022     3
  219 8289.634449 16679
  220 -770.690693     5
  221 3397.250738  1476
  222 4817.036478 19127
  223 11907.489514  5680
  224 4811.647888  2168
  225 -806.736885     5
  226 47.586890 25072
  227 2707.616228   460
  228 3723.048432  3095
  229 7048.849880  8458
  230 -28.405400     4
  231 3001.292534 11398
  232 1187.005292   881
  233 1776.099512  1061
  234 -527.658111     9
  235 14582.104772 17055
  236 -218.613739     9
  237 10149.313717 25768
  238 7239.499461 14732
  239 -1520.831725     2
  240 1304.329784    35
  241 16345.053750  9045
  242 -334.284405     4
  243 7069.196801 25507
  244 2715.754191 27680
  245 9837.406965  6344
  246 1137.716835 21407
  247 -1572.700282     8
  248 -1312.278660     2
  249 12962.773332 21608
  250 4113.401338 19993
  251 -942.052819     0
  252 1649.242502   131
  253 3216.016968 26725
  254 -393.795838     7
  255 5691.994673  4774
  256 -218.667045     8
  257 -714.932129     3
  258 13022.229347 11874
  259 -2054.849589     4
  260 -666.956340     5
  261 15801.352623 15881
  262 -606.710142     3
  263 1939.948780 14536
  264 4220.009959  1231
  265 9113.263944 13187
  266 15138.056500  7031
  267 -161.257685     0
  268 6599.541562 12441
  269 -1042.326701     1
  270 -1961.582870     0
  271 4077.465830 20832
  272 -364.861703     3
  273 1615.922391 13008
  274 2466.617930  3973
  275 7609.739518  9596
  276 -2191.028575     7
  277 3261.453712  8226
  278 1245.892343  8125
  279 8.129056  1936
  280 599.414633   519
  281 -623.073481     4
  282 17069.961795 20779
  283 4947.369360  5897
  284 -2193.978215     7
  285 -208.804958     5
  286 -414.372537     2
  287 13120.816272 13467
  288 -445.452435     7
  289 -255.550426     1
  290 4448.007701 15224
  291 17765.698509 16581
  292 719.232129 16126
  293 -1374.395324     6
  294 9313.386756 12038
  295 8644.103809 14498
  296 6950.174361  4174
  297 -93.217291     6
  298 -893.074283     5
  299 7378.246616 21172
  300 24724.806124 14979
