300
    1 1322.608299     1
    2 4575.157341 22552
    3 -573.123076     7
    4 -304.378174     7
    5 -30.830257     8
    6 2162.049193 11402
    7 1442.189331  7882
    8 1960.783939  5438
    9 -146.418872     7
   10 2404.902829  6863
   11 -597.060351     1
   12 6280.371498   525
   13 -605.738913     2
   14 11109.738986 20096
   15 -464.037587     7
   16 24364.400796 24956
   17 -1048.486142     8
   18 -654.162701     6
   19 9637.209953 14573
   20 -400.169166     7
   21 10363.751190 21823
   22 890.085475 15275
   23 15984.569218 14868
   24 -1378.745602     6
   25 77.782394  2208
   26 -740.926713     1
   27 4471.878826 20395
   28 -537.010521     3
   29 2056.055500  4613
   30 13460.323755 14985
   31 1671.270658 10343
   32 -46.802230     7
   33 4493.495176  2104
   34 -322.704561     7
   35 16930.375262 17064
   36 6865.093806 21647
   37 -328.142082     0
   38 348.767459  1257
   39 -118.035853     9
   40 5363.348215  2568
   41 3615.777413 12082
   42 6867.242809 15949
   43 14958.257473 13544
   44 28940.099406 23714
   45 -744.106905     8
   46 2561.482244 10842
   47 5164.697673 15863
   48 -226.595056     0
   49 -546.421314     7
   50 741.400438  1573
   51 2384.433239   828
   52 12521.793123 12746
   53 1171.852064   314
   54 13630.258816 23962
   55 1451.149831 23513
   56 -1262.748586     3
   57 32624.567508 27528
   58 -1239.800023     5
   59 -615.615769     3
   60 -1147.105968     2
   61 11477.765039 19028
   62 -318.496504     7
   63 -1460.333575     7
   64 27072.126886 26634
   65 1816.290017  8009
   66 6796.355405 18283
   67 12012.611332 14765
   68 -5356.802021     5
   69 2979.630104  4234
   70 1165.488279  6832
   71 5779.074642  6524
   72 -780.242357     1
   73 3411.437169 23238
   74 14229.902125 23525
   75 -1146.700962     4
   76 15413.872515 10172
   77 23278.070958 21958
   78 -155.749965     7
   79 -1502.289286     8
   80 -2057.875360     1
   81 6569.317465  3195
   82 3705.222446  3101
   83 -1314.858997     6
   84 9964.655335  7462
   85 1994.642978  1250
   86 14037.972261 13695
   87 -716.559365     0
   88 -1072.298794     4
   89 -702.514397     5
   90 636.535830 11841
   91 3729.169966  3905
   92 714.807305 26181
   93 2712.452157  6201
   94 -1128.749412     0
   95 -908.804901     5
   96 16613.222575 20258
   97 3207.348355 11140
   98 -200.205185     0
   99 8598.360615  7350
  100 -1092.846484     3
  101 7150.701083  6709
  102 -53.706286     0
  103 1819.110010 20824
  104 6359.733091 10814
  105 -1368.399567     3
  106 2382.535248  1080
  107 8826.296363 23377
  108 -420.037980     6
  109 1744.281822  1281
  110 -513.308956     8
  111 13242.805053 12350
  112 -265.048251     5
  113 6503.406160 21527
  114 -656.503474     1
  115 16806.163742 12613
  116 12494.918162 25599
  117 1278.179029  2552
  118 4452.429719  4764
  119 2683.374098 11817
  120 9100.374990  8720
  121 3732.878593   876
  122 19041.163619 21854
  123 -1233.719904     9
  124 2703.220190   546
  125 -33.038081     5
  126 -560.555437     1
  127 -2152.490195     7
  128 -2104.553714     8
  129 7034.556987 22728
  130 4008.434032 12216
  131 3330.669874 19666
  132 4272.133908    74
  133 -384.127254     8
  134 7116.380522 16240
  135 6954.035516 23404
  136 1305.005684  3066
  137 8397.548307  3236
  138 -688.833537     9
  139 5106.251392 26575
  140 -819.202376     4
  141 3559.987496 23859
  142 -1090.586640     0
  143 7775.958110 15705
  144 12797.378448 14460
  145 14018.329672 16428
  146 7467.489417 26421
  147 18607.621373 10799
  148 -1390.452026     0
  149 -75.833996     1
  150 10194.108499 14927
  151 -670.448248     0
  152 4131.574968  4176
  153 1459.609474  3369
  154 -291.112812     7
  155 -479.127571     6
  156 19606.945926 26851
  157 -2303.473902     8
  158 5442.201798  5560
  159 -765.400232     4
  160 646.082330 13900
  161 -284.781104     9
  162 11980.052226 23379
  163 13044.934700 18562
  164 -474.739475     9
  165 -58.521598     0
  166 8657.547742  4587
  167 4350.036641  4200
  168 -977.773365     9
  169 -111.582903     3
  170 -310.789135     4
  171 -2543.495915     3
  172 23523.523299 24598
  173 13006.680006 14057
  174 -267.649275     9
  175 484.588381 15891
  176 -887.062464     0
  177 -1674.549926     4
  178 12212.473841 20565
  179 3524.175087 11021
  180 18989.708405 19654
  181 -1485.113882     1
  182 13280.940059 13672
  183 5263.410230 14952
  184 6874.843345 26785
  185 14248.730294  6455
  186 -470.747147     5
  187 -681.783886     5
  188 -665.077631     5
  189 3334.874150 16729
  190 2965.570761 13760
  191 -500.443265     2
  192 4531.227304 24846
  193 -2159.383619     5
  194 -978.495126     7
  195 -2974.304646     9
  196 -301.062209     1
  197 35925.920241 15816
  198 5658.165410 17659
  199 -1286.339873     4
  200 9743.744523  6147
  201 -1080.799262     1
  202 15335.296645 26161
  203 2295.181924  9518
  204 -1010.785266     4
  205 15785.568588 18278
  206 7964.149966 12201
  207 -812.629624     3
  208 -409.293229     5
  209 1785.933387 11251
  210 254.878241 11128
  211 16501.894232 18494
  212 -540.669421     1
  213 -652.536710     0
  214 7521.852769 15528
  215 -1296.213111     5
  216 1808.797004  1154
  217 5397.657513 15143
  218 -13.957997     3
  219 26123.831484 16679
  220 -345.845091     5
  221 6952.993579  1476
  222 15249.464347 19127
  223 808.279801  5680
  224 6682.987821  2168
  225 -909.803725     5
  226 1506.064279 25072
  227 1055.185019   460
  228 2114.435644  3095
  229 3370.479461  8458
  230 -218.647361     4
  231 1879.656680 11398
  232 1849.932978   881
  233 810.422735  1061
  234 -100.724653     9
  235 16536.431172 17055
  236 -1948.448634     9
  237 8341.728773 25768
  238 1453.598746 14732
  239 -560.977003     2
  240 738.805917    35
  241 13314.305656  9045
  242 -3898.362187     4
  243 15805.331445 25507
  244 20056.569318 27680
  245 5437.666865  6344
  246 7465.996086 21407
  247 -984.964279     8
  248 -1591.267426     2
  249 13509.442145 21608
  250 15069.617835 19993
  251 -1740.020905     0
  252 1778.408104   131
  253 18360.647035 26725
  254 -347.218074     7
  255 3910.755150  4774
  256 -655.192250     8
  257 -1071.834548     3
  258 15889.526260 11874
  259 -1391.616667     4
  260 -952.629145     5
  261 3302.691468 15881
  262 -889.080171     3
  263 14106.418034 14536
  264 611.711336  1231
  265 5109.289097 13187
  266 3797.196627  7031
  267 -323.465770     0
  268 564.544141 12441
  269 -1623.003304     1
  270 -632.309115     0
  271 7557.812409 20832
  272 -752.452425     3
  273 17075.674869 13008
  274 4086.413776  3973
  275 4227.992789  9596
  276 -831.595524     7
  277 2697.047885  8226
  278 3806.545702  8125
  279 3097.687860  1936
  280 845.182561   519
  281 -580.979014     4
  282 10631.590652 20779
  283 9033.174631  5897
  284 -1297.051469     7
  285 -676.242438     5
  286 -888.234882     2
  287 9564.265890 13467
  288 -867.490234     7
  289 -468.538307     1
  290 6564.119874 15224
  291 28862.701707 16581
  292 3927.365213 16126
  293 -441.313984     6
  294 8680.510220 12038
  295 10182.369938 14498
  296 5344.078679  4174
  297 -568.870792     6
  298 -3119.033797     5
  299 20984.052656 21172
  300 5011.364208 14979
