300
    1 1317.412230     1
    2 13008.788227 22552
    3 -193.284193     7
    4 -298.641091     7
    5 -1097.143310     8
    6 8817.572782 11402
    7 8168.227966  7882
    8 4387.824071  5438
    9 -254.997540     7
   10 3577.535541  6863
   11 -773.113895     1
   12 2234.492714   525
   13 -585.447984     2
   14 17608.726245 20096
   15 -1823.755125     7
   16 10181.502927 24956
   17 -1175.930847     8
   18 -1506.126976     6
   19 27190.958245 14573
   20 -663.457537     7
   21 5918.117134 21823
   22 4811.922364 15275
   23 1197.667649 14868
   24 -178.113148     6
   25 6213.001757  2208
   26 -489.480561     1
   27 13853.484586 20395
   28 -1273.559996     3
   29 12122.384686  4613
   30 8495.064712 14985
   31 8171.502750 10343
   32 -245.641669     7
   33 1499.471275  2104
   34 -197.480508     7
   35 4659.434554 17064
   36 14826.710727 21647
   37 -1753.121290     0
   38 634.446807  1257
   39 -1065.510491     9
   40 117.038629  2568
   41 2115.755072 12082
   42 9141.465751 15949
   43 7043.794594 13544
   44 16212.692973 23714
   45 -1763.701174     8
   46 4578.929464 10842
   47 2865.852473 15863
   48 -182.163586     0
   49 -1842.377873     7
   50 5699.789141  1573
   51 5866.615181   828
   52 5752.659136 12746
   53 1202.848317   314
   54 3449.583726 23962
   55 15256.888004 23513
   56 -501.663441     3
   57 12871.010694 27528
   58 -1834.613106     5
   59 -1791.172639     3
   60 -2004.312866     2
   61 8116.079548 19028
   62 -158.582206     7
   63 -838.256976     7
   64 19843.513199 26634
   65 1053.448141  8009
   66 4221.716750 18283
   67 2693.041567 14765
   68 -1377.484732     5
   69 1530.517831  4234
   70 1282.161335  6832
   71 6061.340124  6524
   72 -11.394268     1
   73 7555.707361 23238
   74 31564.177297 23525
   75 -404.863264     4
   76 10190.574307 10172
   77 25691.076567 21958
   78 -682.260849     7
   79 -142.201742     8
   80 -183.411954     1
   81 3074.851364  3195
   82 2618.526388  3101
   83 -744.023864     6
   84 2762.001795  7462
   85 4322.329571  1250
   86 8303.719018 13695
   87 -1029.840036     0
   88 -1471.217280     4
   89 -1163.575930     5
   90 5911.179155 11841
   91 3975.729605  3905
   92 7072.479020 26181
   93 8185.883709  6201
   94 -463.684381     0
   95 -1385.249820     5
   96 3311.809551 20258
   97 4727.461478 11140
   98 -774.201808     0
   99 12296.985217  7350
  100 -675.154475     3
  101 3700.320557  6709
  102 -760.233493     0
  103 5722.908436 20824
  104 6925.650437 10814
  105 -1620.437378     3
  106 1656.372850  1080
  107 10747.487163 23377
  108 -798.153052     6
  109 742.482132  1281
  110 -788.807769     8
  111 2661.028853 12350
  112 -262.113557     5
  113 17283.099538 21527
  114 -962.435850     1
  115 14126.562419 12613
  116 16875.951407 25599
  117 3136.765254  2552
  118 1939.515257  4764
  119 1769.303526 11817
  120 2797.080448  8720
  121 588.781009   876
  122 7811.877026 21854
  123 -394.788943     9
  124 1766.838533   546
  125 -34.158656     5
  126 -149.011874     1
  127 -984.639174     7
  128 -1193.688202     8
  129 19728.152412 22728
  130 9608.501328 12216
  131 3031.301776 19666
  132 1057.071401    74
  133 -567.133675     8
  134 12298.639598 16240
  135 23735.399646 23404
  136 491.361256  3066
  137 944.097135  3236
  138 -347.664863     9
  139 21299.641053 26575
  140 -985.084278     4
  141 19812.600860 23859
  142 -110.651071     0
  143 9500.653191 15705
  144 8839.512020 14460
  145 2334.374918 16428
  146 7162.214992 26421
  147 3660.759424 10799
  148 -705.457106     0
  149 -1501.993909     1
  150 6433.109676 14927
  151 -1096.160217     0
  152 3302.594853  4176
  153 2748.030218  3369
  154 -1152.479733     7
  155 -155.623782     6
  156 7455.111317 26851
  157 -406.367621     8
  158 2497.323562  5560
  159 -801.292773     4
  160 5599.523035 13900
  161 -1964.195184     9
  162 1896.767390 23379
  163 10958.544945 18562
  164 -945.416970     9
  165 -1906.371881     0
  166 3163.053568  4587
  167 430.899049  4200
  168 -158.495966     9
  169 -670.257439     3
  170 -360.063585     4
  171 -1302.334267     3
  172 5394.308106 24598
  173 387.820148 14057
  174 -317.875703     9
  175 7862.817118 15891
  176 -1163.958691     0
  177 -250.902382     4
  178 11622.927562 20565
  179 165.492157 11021
  180 8521.980333 19654
  181 -568.392628     1
  182 12762.105113 13672
  183 8127.834760 14952
  184 44103.658188 26785
  185 3562.111872  6455
  186 -159.201787     5
  187 -388.307248     5
  188 -2410.620527     5
  189 11829.957825 16729
  190 7925.497639 13760
  191 -238.864216     2
  192 25599.658338 24846
  193 -3302.052778     5
  194 -468.190139     7
  195 -929.319799     9
  196 -141.777338     1
  197 8828.385731 15816
  198 3608.560572 17659
  199 -867.687927     4
  200 77.413879  6147
  201 -86.926526     1
  202 19310.252047 26161
  203 10280.162871  9518
  204 -3076.761843     4
  205 19883.260708 18278
  206 2991.242278 12201
  207 -379.075660     3
  208 -1688.716740     5
  209 898.375171 11251
  210 99.393623 11128
  211 3396.699184 18494
  212 -688.318855     1
  213 -32.714596     0
  214 13054.653803 15528
  215 -190.799831     5
  216 1844.178054  1154
  217 3013.361610 15143
  218 -42.248091     3
  219 4255.703361 16679
  220 -847.704120     5
  221 1498.911043  1476
  222 5440.556879 19127
  223 3429.513878  5680
  224 5145.696019  2168
  225 -124.995616     5
  226 13533.414512 25072
  227 848.177205   460
  228 148.848318  3095
  229 2353.057152  8458
  230 -219.750055     4
  231 4113.486163 11398
  232 8537.076583   881
  233 1427.982282  1061
  234 -402.451844     9
  235 277.191569 17055
  236 -3045.112034     9
  237 499.467133 25768
  238 2248.246719 14732
  239 -62.854309     2
  240 3950.706637    35
  241 535.075673  9045
  242 -2152.185612     4
  243 2752.938317 25507
  244 774.016756 27680
  245 4632.712701  6344
  246 23669.519968 21407
  247 -731.352621     8
  248 -1747.054535     2
  249 8737.988808 21608
  250 9634.278590 19993
  251 -535.659516     0
  252 3063.519041   131
  253 35081.077557 26725
  254 -662.926399     7
  255 2194.200237  4774
  256 -1128.262992     8
  257 -457.554467     3
  258 388.588298 11874
  259 -1523.002795     4
  260 -1924.634736     5
  261 1723.071595 15881
  262 -2286.428490     3
  263 6082.544704 14536
  264 3189.512309  1231
  265 374.686681 13187
  266 9492.117280  7031
  267 -1160.141830     0
  268 16678.803385 12441
  269 -3.013340     1
  270 -1714.733624     0
  271 6200.763054 20832
  272 -1376.293041     3
  273 63.943995 13008
  274 1508.744745  3973
  275 4798.332472  9596
  276 -2971.811988     7
  277 3661.513384  8226
  278 16587.597184  8125
  279 2541.088918  1936
  280 1813.362726   519
  281 -168.435695     4
  282 24175.554712 20779
  283 14159.378461  5897
  284 -89.451484     7
  285 -301.822706     5
  286 -1886.590063     2
  287 3328.123804 13467
  288 -1691.266697     7
  289 -176.541483     1
  290 14237.688335 15224
  291 12864.142341 16581
  292 511.608522 16126
  293 -635.585805     6
  294 720.506168 12038
  295 9150.302731 14498
  296 4262.816264  4174
  297 -545.600161     6
  298 -1986.965331     5
  299 1151.450989 21172
  300 3727.706731 14979
