300
    1 1001.809856     1
    2 7124.688053 22552
    3 -5337.593353     7
    4 -1387.437580     7
    5 -482.165017     8
    6 7702.140882 11402
    7 5898.566187  7882
    8 8038.047237  5438
    9 -522.630353     7
   10 2012.414696  6863
   11 -694.661398     1
   12 937.103321   525
   13 -580.393773     2
   14 6172.501998 20096
   15 -2269.337886     7
   16 360.966805 24956
   17 -844.246359     8
   18 -697.611190     6
   19 3162.595573 14573
   20 -693.684293     7
   21 4860.354983 21823
   22 8608.278717 15275
   23 6948.209097 14868
   24 -695.535849     6
   25 7886.114916  2208
   26 -846.259757     1
   27 15316.967706 20395
   28 -1254.063835     3
   29 4655.331820  4613
   30 14416.344307 14985
   31 2759.909706 10343
   32 -673.897120     7
   33 243.198714  2104
   34 -395.463270     7
   35 7166.666632 17064
   36 6886.615153 21647
   37 -1577.257953     0
   38 4657.745618  1257
   39 -649.239896     9
   40 264.853146  2568
   41 1391.383849 12082
   42 1305.996758 15949
   43 4935.652323 13544
   44 12679.396872 23714
   45 -1400.193164     8
   46 11884.602409 10842
   47 7691.317965 15863
   48 -1285.814604     0
   49 -2225.078325     7
   50 3958.501381  1573
   51 1206.978546   828
   52 14394.896561 12746
   53 4833.412147   314
   54 1019.723370 23962
   55 2824.235236 23513
   56 -1494.970014     3
   57 22976.768024 27528
   58 -1351.395866     5
   59 -1296.201253     3
   60 -61.985174     2
   61 9851.236131 19028
   62 -1804.400193     7
   63 -2450.424406     7
   64 25712.898824 26634
   65 6496.151961  8009
   66 5118.260847 18283
   67 7915.286454 14765
   68 -2677.410472     5
   69 563.303300  4234
   70 1905.861243  6832
   71 5642.993107  6524
   72 -935.366588     1
   73 18069.896586 23238
   74 3720.725208 23525
   75 -1224.205670     4
   76 4411.511187 10172
   77 5910.734452 21958
   78 -439.676672     7
   79 -388.362865     8
   80 -843.777518     1
   81 3993.876537  3195
   82 4382.362705  3101
   83 -2006.916527     6
   84 1543.244757  7462
   85 660.626071  1250
   86 2574.239851 13695
   87 -1368.120056     0
   88 -653.292025     4
   89 -804.539724     5
   90 2162.098669 11841
   91 4017.928127  3905
   92 15435.900370 26181
   93 1794.821999  6201
   94 -605.205165     0
   95 -474.349111     5
   96 9464.192227 20258
   97 5524.110900 11140
   98 -932.283581     0
   99 4224.624374  7350
  100 -1586.420496     3
  101 6705.434622  6709
  102 -768.528261     0
  103 15678.378092 20824
  104 9382.294833 10814
  105 -12.468718     3
  106 61.220370  1080
  107 11919.032373 23377
  108 -786.426513     6
  109 5187.852242  1281
  110 -301.082286     8
  111 10594.571056 12350
  112 -328.063765     5
  113 6057.924664 21527
  114 -1098.078933     1
  115 16810.322837 12613
  116 714.912302 25599
  117 3198.028654  2552
  118 3606.966973  4764
  119 13228.404503 11817
  120 5235.927472  8720
  121 3623.272840   876
  122 7829.520925 21854
  123 -637.138763     9
  124 1941.566551   546
  125 -1071.370458     5
  126 -417.591443     1
  127 -789.255819     7
  128 -847.548333     8
  129 3244.764153 22728
  130 4305.254069 12216
  131 674.066403 19666
  132 226.975683    74
  133 -373.958569     8
  134 5397.048063 16240
  135 3050.814200 23404
  136 7482.370818  3066
  137 4796.436422  3236
  138 -552.671004     9
  139 19798.440059 26575
  140 -1140.776293     4
  141 7792.026008 23859
  142 -346.852856     0
  143 8372.784558 15705
  144 8337.924334 14460
  145 13337.027417 16428
  146 6562.419468 26421
  147 9770.861908 10799
  148 -786.507009     0
  149 -1033.359992     1
  150 9698.286199 14927
  151 -6.435690     0
  152 5972.890825  4176
  153 2385.383832  3369
  154 -1110.186701     7
  155 -251.492049     6
  156 7021.882775 26851
  157 -2233.012912     8
  158 1749.124505  5560
  159 -744.938645     4
  160 6007.198674 13900
  161 -2400.644098     9
  162 2835.132621 23379
  163 6801.883668 18562
  164 -475.894802     9
  165 -1069.271041     0
  166 3932.105659  4587
  167 7752.577304  4200
  168 -1133.947952     9
  169 -721.723903     3
  170 -922.161593     4
  171 -860.609920     3
  172 2097.959162 24598
  173 4108.120811 14057
  174 -1132.758480     9
  175 15064.318275 15891
  176 -1658.586668     0
  177 -2981.231346     4
  178 9290.979901 20565
  179 5217.549556 11021
  180 11309.399079 19654
  181 -1548.778413     1
  182 1505.110419 13672
  183 12457.043628 14952
  184 27340.172264 26785
  185 6512.224045  6455
  186 -858.019171     5
  187 -1459.134184     5
  188 -64.672477     5
  189 4624.192631 16729
  190 5927.260175 13760
  191 -925.030770     2
  192 6764.952200 24846
  193 -2283.463862     5
  194 -908.454677     7
  195 -1260.782334     9
  196 -325.124153     1
  197 26257.017833 15816
  198 2962.252395 17659
  199 -1263.316804     4
  200 2645.589276  6147
  201 -844.327691     1
  202 10492.695202 26161
  203 8940.533252  9518
  204 -275.078428     4
  205 12189.407469 18278
  206 8055.915087 12201
  207 -1201.563144     3
  208 -744.456211     5
  209 12852.845313 11251
  210 5795.223339 11128
  211 10459.168213 18494
  212 -229.497550     1
  213 -1416.313096     0
  214 572.643029 15528
  215 -323.917453     5
  216 1104.444617  1154
  217 2679.795269 15143
  218 -437.361637     3
  219 5001.575237 16679
  220 -788.019401     5
  221 2657.339411  1476
  222 7378.925455 19127
  223 832.947045  5680
  224 974.804796  2168
  225 -2020.972114     5
  226 11617.926682 25072
  227 2999.504767   460
  228 3348.943731  3095
  229 9129.732525  8458
  230 -190.807115     4
  231 8141.753205 11398
  232 2326.466654   881
  233 4102.643475  1061
  234 -747.549183     9
  235 2290.524520 17055
  236 -443.718490     9
  237 7164.171316 25768
  238 9775.302711 14732
  239 -751.571887     2
  240 2380.570849    35
  241 9512.601912  9045
  242 -1467.234075     4
  243 4118.050612 25507
  244 5865.209903 27680
  245 5570.733108  6344
  246 4341.144681 21407
  247 -489.413146     8
  248 -1109.748604     2
  249 30799.860830 21608
  250 3228.065869 19993
  251 -1456.334351     0
  252 1487.702904   131
  253 9248.879945 26725
  254 -805.499776     7
  255 6170.134347  4774
  256 -54.628380     8
  257 -561.902751     3
  258 10687.501472 11874
  259 -1985.315004     4
  260 -620.778091     5
  261 15413.339479 15881
  262 -595.157168     3
  263 3362.647047 14536
  264 1090.738673  1231
  265 15606.474036 13187
  266 432.033307  7031
  267 -684.181520     0
  268 4261.531552 12441
  269 -1637.060258     1
  270 -1218.889395     0
  271 25023.596830 20832
  272 -179.082153     3
  273 6158.018754 13008
  274 2991.863154  3973
  275 2746.049881  9596
  276 -2174.556694     7
  277 2962.909726  8226
  278 3529.805121  8125
  279 2469.281138  1936
  280 666.286567   519
  281 -97.599989     4
  282 3981.994977 20779
  283 2839.548734  5897
  284 -1835.954025     7
  285 -2133.044199     5
  286 -318.734737     2
  287 13662.207546 13467
  288 -501.509615     7
  289 -790.766101     1
  290 11104.979444 15224
  291 17969.751672 16581
  292 458.054376 16126
  293 -770.312041     6
  294 4707.427386 12038
  295 13338.567322 14498
  296 2977.684364  4174
  297 -1525.787400     6
  298 -571.248582     5
  299 12570.790306 21172
  300 9167.107354 14979
