300
    1 4691.875216     1
    2 317.303490 22552
    3 -3631.285357     7
    4 -251.137971     7
    5 -1194.504501     8
    6 4375.525895 11402
    7 6388.903546  7882
    8 4887.205460  5438
    9 -284.265730     7
   10 12852.807617  6863
   11 -1728.338363     1
   12 4364.327916   525
   13 -311.099103     2
   14 3691.622804 20096
   15 -1079.738047     7
   16 34595.050194 24956
   17 -1075.854470     8
   18 -1596.856186     6
   19 10529.376637 14573
   20 -1555.504136     7
   21 17105.823784 21823
   22 8196.965358 15275
   23 19242.451922 14868
   24 -4.362197     6
   25 1400.194342  2208
   26 -907.954286     1
   27 5523.245664 20395
   28 -1480.068747     3
   29 23.754286  4613
   30 5963.920969 14985
   31 5134.368072 10343
   32 -126.098300     7
   33 2230.484863  2104
   34 -492.049034     7
   35 9560.114880 17064
   36 664.533429 21647
   37 -790.008132     0
   38 1139.785171  1257
   39 -787.534052     9
   40 3656.709670  2568
   41 3047.522802 12082
   42 1469.466937 15949
   43 3043.217596 13544
   44 10494.533947 23714
   45 -1058.727193     8
   46 11646.008271 10842
   47 13275.499200 15863
   48 -1464.853769     0
   49 -55.366367     7
   50 2534.823285  1573
   51 1964.031825   828
   52 13986.719655 12746
   53 955.997083   314
   54 12283.217092 23962
   55 13656.729617 23513
   56 -1305.810236     3
   57 9201.499993 27528
   58 -878.124360     5
   59 -1806.424081     3
   60 -2047.386563     2
   61 605.254226 19028
   62 -471.702876     7
   63 -30.963492     7
   64 17620.876389 26634
   65 3806.924132  8009
   66 6334.619782 18283
   67 19853.399336 14765
   68 -1640.769841     5
   69 5709.286669  4234
   70 550.814522  6832
   71 4746.956019  6524
   72 -904.699733     1
   73 4497.836708 23238
   74 10251.917131 23525
   75 -1124.972729     4
   76 5400.635276 10172
   77 9105.837381 21958
   78 -1005.587026     7
   79 -1953.565841     8
   80 -881.158500     1
   81 2385.138864  3195
   82 478.758920  3101
   83 -1430.772974     6
   84 2347.726600  7462
   85 1280.116335  1250
   86 10266.127142 13695
   87 -134.867212     0
   88 -646.439026     4
   89 -876.110486     5
   90 8178.728846 11841
   91 1985.798452  3905
   92 11220.284195 26181
   93 9117.188474  6201
   94 -790.016769     0
   95 -959.029962     5
   96 9432.915227 20258
   97 9088.534671 11140
   98 -381.308852     0
   99 767.253437  7350
  100 -777.905507     3
  101 1629.926897  6709
  102 -1912.167972     0
  103 4058.331014 20824
  104 689.235431 10814
  105 -1142.725503     3
  106 1553.028385  1080
  107 14514.845780 23377
  108 -657.986779     6
  109 3512.428857  1281
  110 -947.127945     8
  111 16349.894117 12350
  112 -242.540823     5
  113 4709.284646 21527
  114 -41.193831     1
  115 1541.614317 12613
  116 1428.005784 25599
  117 2369.167149  2552
  118 2655.171788  4764
  119 6172.181519 11817
  120 851.790900  8720
  121 2417.948750   876
  122 18437.949220 21854
  123 -846.482630     9
  124 1370.256123   546
  125 -1097.249262     5
  126 -234.563856     1
  127 -783.594597     7
  128 -1458.655763     8
  129 2538.525235 22728
  130 2787.233243 12216
  131 23038.315756 19666
  132 1917.717125    74
  133 -393.509471     8
  134 3288.843977 16240
  135 5775.936680 23404
  136 436.639698  3066
  137 118.218085  3236
  138 -615.198539     9
  139 14202.321610 26575
  140 -2497.060254     4
  141 6755.182206 23859
  142 -845.121489     0
  143 12361.321619 15705
  144 14483.178210 14460
  145 4392.907491 16428
  146 11630.756262 26421
  147 7438.814235 10799
  148 -1695.912189     0
  149 -431.986670     1
  150 1.312861 14927
  151 -1379.492483     0
  152 6147.936342  4176
  153 2532.022307  3369
  154 -313.051523     7
  155 -11.765129     6
  156 5265.621699 26851
  157 -702.505316     8
  158 736.626596  5560
  159 -385.371966     4
  160 11931.527031 13900
  161 -2030.445557     9
  162 3298.240057 23379
  163 2696.421022 18562
  164 -311.496205     9
  165 -587.916782     0
  166 2729.378329  4587
  167 720.508937  4200
  168 -164.253954     9
  169 -1134.550134     3
  170 -68.712690     4
  171 -753.941173     3
  172 23673.840825 24598
  173 6765.730981 14057
  174 -469.306293     9
  175 14361.005438 15891
  176 -231.329881     0
  177 -2064.202742     4
  178 6906.130971 20565
  179 6351.955655 11021
  180 14452.760543 19654
  181 -64.246720     1
  182 4948.140369 13672
  183 6564.001553 14952
  184 11422.185078 26785
  185 1512.400760  6455
  186 -1065.941788     5
  187 -1227.991204     5
  188 -2030.750247     5
  189 22884.587901 16729
  190 903.405931 13760
  191 -406.079848     2
  192 11173.822602 24846
  193 -786.569857     5
  194 -324.611630     7
  195 -84.927554     9
  196 -1486.636914     1
  197 1948.877612 15816
  198 11363.911165 17659
  199 -2959.342449     4
  200 7082.714407  6147
  201 -783.396551     1
  202 5909.022312 26161
  203 2398.430817  9518
  204 -2600.224233     4
  205 7801.873734 18278
  206 5193.216948 12201
  207 -1368.501886     3
  208 -585.009178     5
  209 12295.804138 11251
  210 7823.006770 11128
  211 10748.038417 18494
  212 -448.797381     1
  213 -1723.296374     0
  214 8142.062425 15528
  215 -1264.879644     5
  216 4004.537704  1154
  217 9712.701623 15143
  218 -962.854635     3
  219 5428.389513 16679
  220 -493.603129     5
  221 1681.395877  1476
  222 5943.724404 19127
  223 8357.200124  5680
  224 2815.847739  2168
  225 -650.500528     5
  226 6058.728724 25072
  227 432.382733   460
  228 3493.602354  3095
  229 1115.068193  8458
  230 -26.679675     4
  231 14269.098080 11398
  232 1450.680049   881
  233 1046.163780  1061
  234 -697.907623     9
  235 20427.164283 17055
  236 -47.197451     9
  237 7886.694159 25768
  238 3206.080397 14732
  239 -2343.527214     2
  240 2147.112248    35
  241 11189.220587  9045
  242 -589.481130     4
  243 13353.672979 25507
  244 9515.459841 27680
  245 4921.483513  6344
  246 4071.259331 21407
  247 -26.364468     8
  248 -404.909067     2
  249 11452.021514 21608
  250 4036.174039 19993
  251 -391.126616     0
  252 3178.286179   131
  253 578.524950 26725
  254 -124.003336     7
  255 1453.219761  4774
  256 -332.750215     8
  257 -775.042467     3
  258 5685.731332 11874
  259 -1960.562574     4
  260 -984.606106     5
  261 11776.344994 15881
  262 -753.773783     3
  263 11136.776300 14536
  264 3931.707931  1231
  265 22031.934807 13187
  266 5195.818824  7031
  267 -261.095772     0
  268 627.038686 12441
  269 -228.433058     1
  270 -2435.644612     0
  271 12006.433930 20832
  272 -133.533998     3
  273 15846.834364 13008
  274 3972.548288  3973
  275 6574.920495  9596
  276 -1362.979688     7
  277 2257.051010  8226
  278 4447.671273  8125
  279 363.812860  1936
  280 1065.266533   519
  281 -179.037452     4
  282 17202.660248 20779
  283 392.506225  5897
  284 -3264.313102     7
  285 -4368.279205     5
  286 -117.166328     2
  287 1982.927244 13467
  288 -689.814375     7
  289 -377.163584     1
  290 6191.996366 15224
  291 135.497762 16581
  292 15718.831462 16126
  293 -297.950889     6
  294 6204.909225 12038
  295 5740.120091 14498
  296 6879.495489  4174
  297 -2847.114229     6
  298 -45.335787     5
  299 15085.314268 21172
  300 16144.126934 14979
