300
    1 2078.709522     1
    2 19668.122998 22552
    3 -725.442506     7
    4 -676.583032     7
    5 -2556.004377     8
    6 611.185834 11402
    7 2630.498914  7882
    8 11298.832343  5438
    9 -169.191336     7
   10 8341.545700  6863
   11 -108.588155     1
   12 1387.002334   525
   13 -765.102387     2
   14 1166.847027 20096
   15 -568.216091     7
   16 16814.449555 24956
   17 -250.288517     8
   18 -1771.982142     6
   19 15643.429907 14573
   20 -1492.589538     7
   21 11735.181959 21823
   22 1310.327803 15275
   23 5695.847713 14868
   24 -599.093447     6
   25 1484.924251  2208
   26 -852.567379     1
   27 29713.076896 20395
   28 -1443.025452     3
   29 183.393584  4613
   30 11769.398408 14985
   31 3352.602167 10343
   32 -1235.588567     7
   33 5484.871070  2104
   34 -1299.059875     7
   35 17626.383820 17064
   36 12059.080584 21647
   37 -707.138759     0
   38 2596.686898  1257
   39 -341.398548     9
   40 2276.961444  2568
   41 578.449888 12082
   42 17800.590217 15949
   43 2476.765268 13544
   44 21114.191845 23714
   45 -66.638594     8
   46 8600.058973 10842
   47 641.643439 15863
   48 -229.908747     0
   49 -1417.982199     7
   50 4461.332660  1573
   51 3164.381253   828
   52 5951.087556 12746
   53 365.062476   314
   54 5591.359313 23962
   55 5139.327185 23513
   56 -1256.456211     3
   57 10629.706865 27528
   58 -1652.045771     5
   59 -47.719284     3
   60 -1075.221343     2
   61 7016.189220 19028
   62 -159.777430     7
   63 -871.019568     7
   64 22205.654000 26634
   65 7797.609365  8009
   66 4793.611732 18283
   67 16073.795393 14765
   68 -489.775416     5
   69 2537.179255  4234
   70 3114.207441  6832
   71 2049.415221  6524
   72 -1140.300138     1
   73 8297.855321 23238
   74 18319.932697 23525
   75 -2212.869218     4
   76 1668.925499 10172
   77 4626.274729 21958
   78 -1234.660654     7
   79 -1114.259474     8
   80 -112.572064     1
   81 5305.426322  3195
   82 2063.037325  3101
   83 -981.000634     6
   84 4337.953998  7462
   85 3584.135143  1250
   86 2583.243223 13695
   87 -552.319355     0
   88 -787.807959     4
   89 -455.973489     5
   90 9090.435989 11841
   91 3983.596558  3905
   92 1434.536177 26181
   93 2979.537794  6201
   94 -517.540890     0
   95 -315.409455     5
   96 21320.749626 20258
   97 1491.734799 11140
   98 -830.710046     0
   99 1309.109046  7350
  100 -737.886828     3
  101 4350.183487  6709
  102 -893.133186     0
  103 3233.717250 20824
  104 2419.673009 10814
  105 -372.811362     3
  106 888.119164  1080
  107 6387.277956 23377
  108 -243.829388     6
  109 62.404271  1281
  110 -2217.545337     8
  111 419.604537 12350
  112 -236.289268     5
  113 4616.829897 21527
  114 -1531.903402     1
  115 5949.657630 12613
  116 15004.457092 25599
  117 6284.943860  2552
  118 1961.701217  4764
  119 8811.759523 11817
  120 12263.157946  8720
  121 1087.326795   876
  122 3184.326532 21854
  123 -540.977617     9
  124 6515.143881   546
  125 -372.472176     5
  126 -74.148207     1
  127 -922.549211     7
  128 -426.083279     8
  129 2191.210688 22728
  130 1442.143458 12216
  131 3117.225503 19666
  132 3278.896340    74
  133 -809.793938     8
  134 6184.565040 16240
  135 4230.417373 23404
  136 1023.180622  3066
  137 1493.967023  3236
  138 -969.131162     9
  139 5385.440391 26575
  140 -381.153407     4
  141 5415.873217 23859
  142 -1284.223939     0
  143 2224.126773 15705
  144 6622.221385 14460
  145 3624.308593 16428
  146 4704.569193 26421
  147 3564.489324 10799
  148 -1449.902189     0
  149 -42.387904     1
  150 661.371040 14927
  151 -1778.507040     0
  152 3099.086496  4176
  153 3076.354492  3369
  154 -1446.783047     7
  155 -207.220750     6
  156 11136.256142 26851
  157 -1263.690814     8
  158 9151.599889  5560
  159 -1056.813599     4
  160 11119.005172 13900
  161 -1599.243522     9
  162 13300.424657 23379
  163 12222.385982 18562
  164 -575.256952     9
  165 -853.955901     0
  166 1316.485253  4587
  167 3102.742708  4200
  168 -2526.740757     9
  169 -1199.088266     3
  170 -1199.744665     4
  171 -137.166081     3
  172 27455.471976 24598
  173 17680.970958 14057
  174 -2383.023550     9
  175 2489.170451 15891
  176 -720.951802     0
  177 -1183.600249     4
  178 14148.423116 20565
  179 1923.312659 11021
  180 4748.382816 19654
  181 -2722.897713     1
  182 5225.606575 13672
  183 6379.735955 14952
  184 5475.061718 26785
  185 2079.672663  6455
  186 -192.383424     5
  187 -1186.888027     5
  188 -286.890170     5
  189 2785.716868 16729
  190 2892.059614 13760
  191 -401.870543     2
  192 16081.024919 24846
  193 -2314.490920     5
  194 -110.018035     7
  195 -2395.187632     9
  196 -483.415276     1
  197 7191.261097 15816
  198 5090.408264 17659
  199 -185.817355     4
  200 4121.984159  6147
  201 -805.057140     1
  202 41963.011617 26161
  203 2690.675103  9518
  204 -2651.726788     4
  205 10441.911820 18278
  206 2365.404014 12201
  207 -175.030531     3
  208 -1107.859788     5
  209 7343.803436 11251
  210 1896.472960 11128
  211 3559.529759 18494
  212 -900.184484     1
  213 -51.963838     0
  214 9453.989252 15528
  215 -99.988227     5
  216 3474.759351  1154
  217 8216.393451 15143
  218 -642.964516     3
  219 14483.492878 16679
  220 -950.819291     5
  221 4761.070762  1476
  222 802.386738 19127
  223 6323.665240  5680
  224 4925.842729  2168
  225 -571.845641     5
  226 3318.403371 25072
  227 2277.760391   460
  228 12849.954458  3095
  229 1025.798840  8458
  230 -1408.139405     4
  231 5039.562863 11398
  232 1108.719872   881
  233 4467.497216  1061
  234 -987.848552     9
  235 1382.729963 17055
  236 -295.326501     9
  237 12106.185423 25768
  238 5387.391988 14732
  239 -2051.615526     2
  240 3830.561005    35
  241 16369.612596  9045
  242 -2976.689183     4
  243 1430.822774 25507
  244 22490.006075 27680
  245 5535.685884  6344
  246 23352.783599 21407
  247 -120.432352     8
  248 -844.778496     2
  249 17996.886621 21608
  250 10376.688891 19993
  251 -818.769245     0
  252 1603.852904   131
  253 2348.230785 26725
  254 -477.661296     7
  255 6978.773640  4774
  256 -1567.868499     8
  257 -1367.945688     3
  258 427.318232 11874
  259 -1283.982974     4
  260 -2349.156510     5
  261 23849.466363 15881
  262 -1392.834574     3
  263 10029.161051 14536
  264 3462.231232  1231
  265 11840.361002 13187
  266 4213.634898  7031
  267 -1931.180739     0
  268 1652.899205 12441
  269 -847.279010     1
  270 -523.611730     0
  271 3689.674916 20832
  272 -92.044553     3
  273 17274.187154 13008
  274 11285.923550  3973
  275 1676.203039  9596
  276 -1493.937167     7
  277 5719.491453  8226
  278 8297.354927  8125
  279 3359.547763  1936
  280 7111.277596   519
  281 -1136.703400     4
  282 8302.828800 20779
  283 3723.627219  5897
  284 -672.408991     7
  285 -2041.212161     5
  286 -2517.490592     2
  287 10849.531248 13467
  288 -2318.216452     7
  289 -155.766509     1
  290 1067.869921 15224
  291 9127.781228 16581
  292 8364.086198 16126
  293 -1353.553032     6
  294 270.383219 12038
  295 4342.434682 14498
  296 2875.794490  4174
  297 -846.577545     6
  298 -1415.071905     5
  299 28204.440034 21172
  300 9590.421354 14979
