300
    1 863.929148     1
    2 2345.669726 22552
    3 -1765.436710     7
    4 -690.111552     7
    5 -55.593993     8
    6 6215.818371 11402
    7 4585.541041  7882
    8 2608.366208  5438
    9 -1384.958625     7
   10 9946.239039  6863
   11 -994.557244     1
   12 329.031296   525
   13 -749.347774     2
   14 1257.663246 20096
   15 -922.805911     7
   16 37208.008495 24956
   17 -522.779757     8
   18 -803.103059     6
   19 6529.649964 14573
   20 -988.812245     7
   21 10219.806286 21823
   22 4690.301427 15275
   23 12256.316433 14868
   24 -1381.748414     6
   25 3963.263108  2208
   26 -856.079626     1
   27 84.140387 20395
   28 -1415.056819     3
   29 8549.550892  4613
   30 28715.282845 14985
   31 2051.681721 10343
   32 -86.754098     7
   33 1235.799480  2104
   34 -1224.163782     7
   35 19213.218822 17064
   36 11392.256046 21647
   37 -924.698260     0
   38 3373.265018  1257
   39 -1665.620057     9
   40 6243.322318  2568
   41 8975.765097 12082
   42 11473.473613 15949
   43 3379.189015 13544
   44 14911.560208 23714
   45 -1202.275404     8
   46 1304.748971 10842
   47 2125.077610 15863
   48 -381.059803     0
   49 -1174.228304     7
   50 2373.535360  1573
   51 3699.138840   828
   52 5010.808106 12746
   53 524.454832   314
   54 3871.116892 23962
   55 10588.245404 23513
   56 -1032.346410     3
   57 6035.796010 27528
   58 -367.677526     5
   59 -697.699043     3
   60 -835.534803     2
   61 12842.918902 19028
   62 -1770.995839     7
   63 -1761.249112     7
   64 7546.468323 26634
   65 3894.415638  8009
   66 12081.914541 18283
   67 7932.550700 14765
   68 -492.393771     5
   69 5778.502096  4234
   70 2081.835546  6832
   71 3939.125502  6524
   72 -1530.103189     1
   73 15044.603621 23238
   74 30674.049809 23525
   75 -1593.874818     4
   76 7395.342770 10172
   77 3716.404500 21958
   78 -126.924019     7
   79 -381.314806     8
   80 -73.425525     1
   81 1176.101201  3195
   82 5155.669166  3101
   83 -15.184846     6
   84 7985.254944  7462
   85 2426.857183  1250
   86 1132.872014 13695
   87 -457.823709     0
   88 -2029.092674     4
   89 -434.043795     5
   90 1256.584024 11841
   91 1661.044919  3905
   92 37600.977327 26181
   93 6870.136109  6201
   94 -47.235125     0
   95 -3935.828377     5
   96 2923.234590 20258
   97 1989.739054 11140
   98 -93.301168     0
   99 5818.888615  7350
  100 -3121.473309     3
  101 233.367847  6709
  102 -667.452863     0
  103 5432.017535 20824
  104 10286.914696 10814
  105 -36.853093     3
  106 2127.983465  1080
  107 11042.370596 23377
  108 -242.201046     6
  109 2485.860964  1281
  110 -1336.603102     8
  111 431.745246 12350
  112 -214.419907     5
  113 12734.025578 21527
  114 -597.485122     1
  115 5532.998481 12613
  116 9639.983816 25599
  117 4175.805690  2552
  118 472.572763  4764
  119 4173.147827 11817
  120 3685.870115  8720
  121 2978.943693   876
  122 2849.961737 21854
  123 -908.749417     9
  124 878.122052   546
  125 -652.142916     5
  126 -1130.088589     1
  127 -2069.269284     7
  128 -207.758589     8
  129 19277.355975 22728
  130 5747.304927 12216
  131 8037.740298 19666
  132 1419.934352    74
  133 -540.513469     8
  134 379.101550 16240
  135 5543.885377 23404
  136 1739.316700  3066
  137 981.410129  3236
  138 -472.506829     9
  139 21915.089723 26575
  140 -354.716826     4
  141 13394.579333 23859
  142 -1231.017634     0
  143 14606.150864 15705
  144 2717.225128 14460
  145 18038.327300 16428
  146 9659.582454 26421
  147 3642.259697 10799
  148 -687.248306     0
  149 -909.150287     1
  150 2590.394953 14927
  151 -295.355165     0
  152 4842.468692  4176
  153 4458.325125  3369
  154 -492.709954     7
  155 -86.206997     6
  156 6396.127283 26851
  157 -1207.258769     8
  158 2792.989280  5560
  159 -662.531610     4
  160 1619.792730 13900
  161 -90.518902     9
  162 11119.303350 23379
  163 932.515054 18562
  164 -6.945785     9
  165 -2030.006350     0
  166 8022.783831  4587
  167 821.966025  4200
  168 -64.473685     9
  169 -391.209653     3
  170 -974.136581     4
  171 -1902.279576     3
  172 13978.487953 24598
  173 6247.847292 14057
  174 -2336.545396     9
  175 15749.701534 15891
  176 -543.619396     0
  177 -1504.234884     4
  178 20361.450325 20565
  179 15800.985741 11021
  180 4094.502687 19654
  181 -1557.563192     1
  182 614.071028 13672
  183 3254.691945 14952
  184 18344.675543 26785
  185 4257.573364  6455
  186 -595.303119     5
  187 -77.235107     5
  188 -1705.126279     5
  189 14891.025105 16729
  190 8155.269356 13760
  191 -593.772560     2
  192 1898.818176 24846
  193 -145.761172     5
  194 -9.119956     7
  195 -716.616280     9
  196 -469.242616     1
  197 5412.596797 15816
  198 3036.606962 17659
  199 -521.671443     4
  200 1612.368020  6147
  201 -324.202335     1
  202 7810.942153 26161
  203 14869.951275  9518
  204 -136.706790     4
  205 19057.770684 18278
  206 7177.077426 12201
  207 -586.206396     3
  208 -1222.068341     5
  209 4828.800856 11251
  210 10536.438854 11128
  211 7728.568879 18494
  212 -59.731343     1
  213 -19.075007     0
  214 8413.705415 15528
  215 -365.489299     5
  216 5007.213910  1154
  217 1933.142143 15143
  218 -4426.543348     3
  219 19899.380700 16679
  220 -401.161836     5
  221 1515.597536  1476
  222 4232.891081 19127
  223 1104.923496  5680
  224 1568.643235  2168
  225 -1771.994281     5
  226 8126.152667 25072
  227 1534.722117   460
  228 3774.488617  3095
  229 10902.578413  8458
  230 -240.261137     4
  231 9235.063207 11398
  232 1218.606723   881
  233 3954.012192  1061
  234 -497.172414     9
  235 21641.841486 17055
  236 -286.533214     9
  237 13316.279140 25768
  238 8692.037111 14732
  239 -823.406526     2
  240 491.847326    35
  241 5168.162396  9045
  242 -1884.708968     4
  243 9800.277364 25507
  244 15536.384324 27680
  245 1256.470654  6344
  246 6459.586795 21407
  247 -387.703847     8
  248 -335.381493     2
  249 16681.829592 21608
  250 16890.679533 19993
  251 -1090.145050     0
  252 3628.946747   131
  253 14814.031398 26725
  254 -942.318779     7
  255 3605.601416  4774
  256 -176.797309     8
  257 -1497.541440     3
  258 24482.742793 11874
  259 -499.770457     4
  260 -293.044095     5
  261 495.287150 15881
  262 -841.359135     3
  263 6360.741544 14536
  264 152.183004  1231
  265 1976.179471 13187
  266 501.325202  7031
  267 -26.739167     0
  268 4054.750241 12441
  269 -1437.556824     1
  270 -2793.500567     0
  271 31392.059683 20832
  272 -771.784020     3
  273 487.480236 13008
  274 1376.533764  3973
  275 6638.072472  9596
  276 -679.214966     7
  277 10838.373771  8226
  278 453.593539  8125
  279 3934.394332  1936
  280 522.705852   519
  281 -488.027597     4
  282 12167.475509 20779
  283 11491.863528  5897
  284 -1093.615918     7
  285 -2011.548596     5
  286 -627.656223     2
  287 11137.701676 13467
  288 -1178.103234     7
  289 -870.703569     1
  290 82.542011 15224
  291 4932.320606 16581
  292 6998.062370 16126
  293 -1188.131068     6
  294 3461.437463 12038
  295 14756.984558 14498
  296 1294.026732  4174
  297 -948.725658     6
  298 -1514.504434     5
  299 20914.744717 21172
  300 4400.631974 14979
