300
    1 405.633179     1
    2 2561.229643 22552
    3 -1846.403964     7
    4 -118.588887     7
    5 -422.856243     8
    6 7733.768207 11402
    7 1511.774005  7882
    8 1844.016350  5438
    9 -1263.010287     7
   10 6620.727022  6863
   11 -774.704587     1
   12 1575.341785   525
   13 -263.035234     2
   14 15963.831145 20096
   15 -610.538764     7
   16 11715.258714 24956
   17 -1460.712600     8
   18 -98.820024     6
   19 546.584550 14573
   20 -565.467695     7
   21 8620.766289 21823
   22 21708.513593 15275
   23 6535.620932 14868
   24 -641.530716     6
   25 1318.978386  2208
   26 -808.267573     1
   27 8453.391525 20395
   28 -128.891646     3
   29 8838.572789  4613
   30 11556.648566 14985
   31 7792.740977 10343
   32 -329.092201     7
   33 2131.709529  2104
   34 -1506.983901     7
   35 9317.431055 17064
   36 6413.652539 21647
   37 -304.320896     0
   38 2926.788605  1257
   39 -2421.361714     9
   40 6374.787740  2568
   41 83.399019 12082
   42 13706.089244 15949
   43 6468.736610 13544
   44 26389.552756 23714
   45 -290.313399     8
   46 199.150002 10842
   47 2381.455984 15863
   48 -71.984395     0
   49 -1122.549899     7
   50 1015.193565  1573
   51 2708.481936   828
   52 19444.760260 12746
   53 1610.314133   314
   54 19845.048000 23962
   55 45262.600623 23513
   56 -96.993510     3
   57 5322.028663 27528
   58 -1096.348605     5
   59 -645.826745     3
   60 -142.238802     2
   61 27453.849177 19028
   62 -1350.475394     7
   63 -149.295106     7
   64 23544.792859 26634
   65 902.555319  8009
   66 7870.772143 18283
   67 26838.168855 14765
   68 -1502.048396     5
   69 2010.374865  4234
   70 2249.273777  6832
   71 12421.686555  6524
   72 -374.350372     1
   73 5126.266506 23238
   74 20368.995120 23525
   75 -1200.214280     4
   76 10215.326403 10172
   77 8038.185092 21958
   78 -309.356761     7
   79 -647.584960     8
   80 -1053.126987     1
   81 51.157408  3195
   82 1902.338908  3101
   83 -805.039152     6
   84 5316.635818  7462
   85 1841.918805  1250
   86 9211.492081 13695
   87 -2568.748105     0
   88 -882.344513     4
   89 -417.108589     5
   90 4130.702963 11841
   91 1588.691336  3905
   92 28183.862931 26181
   93 1390.961836  6201
   94 -638.763431     0
   95 -402.606651     5
   96 14981.135195 20258
   97 8249.997211 11140
   98 -747.482873     0
   99 2928.303897  7350
  100 -343.635524     3
  101 6089.102616  6709
  102 -390.938905     0
  103 9176.159733 20824
  104 1494.390373 10814
  105 -706.772716     3
  106 1354.987022  1080
  107 39248.242755 23377
  108 -99.035660     6
  109 1237.698982  1281
  110 -1057.575063     8
  111 14924.445369 12350
  112 -1826.439506     5
  113 1733.939123 21527
  114 -739.847694     1
  115 6518.498758 12613
  116 8586.740898 25599
  117 7711.649311  2552
  118 5162.642873  4764
  119 12146.212291 11817
  120 6568.519587  8720
  121 2155.408711   876
  122 4388.550236 21854
  123 -164.260595     9
  124 5548.631313   546
  125 -346.650231     5
  126 -1888.197261     1
  127 -171.065414     7
  128 -175.490561     8
  129 10677.858594 22728
  130 6654.684742 12216
  131 10366.471459 19666
  132 3157.107520    74
  133 -634.786253     8
  134 67.235407 16240
  135 2758.841403 23404
  136 780.135004  3066
  137 5604.049135  3236
  138 -2533.364835     9
  139 31781.316908 26575
  140 -97.025440     4
  141 9087.506971 23859
  142 -772.757073     0
  143 8317.026237 15705
  144 6182.549240 14460
  145 17643.897710 16428
  146 11909.591551 26421
  147 11693.633327 10799
  148 -729.734836     0
  149 -2930.273493     1
  150 1830.372351 14927
  151 -470.992186     0
  152 1254.976016  4176
  153 1629.703104  3369
  154 -1004.061940     7
  155 -280.722610     6
  156 14258.646810 26851
  157 -1191.608872     8
  158 2922.592382  5560
  159 -1115.293397     4
  160 4485.094158 13900
  161 -1561.611210     9
  162 6665.165411 23379
  163 7085.361747 18562
  164 -688.127089     9
  165 -281.051370     0
  166 1142.600191  4587
  167 3004.209854  4200
  168 -1236.457493     9
  169 -145.015890     3
  170 -591.133674     4
  171 -615.053720     3
  172 2178.521900 24598
  173 14260.565024 14057
  174 -569.941809     9
  175 2256.627953 15891
  176 -1936.526076     0
  177 -472.910198     4
  178 1191.177193 20565
  179 5227.539546 11021
  180 10059.279915 19654
  181 -764.455277     1
  182 6565.655605 13672
  183 12111.442268 14952
  184 20973.223869 26785
  185 9501.705745  6455
  186 -717.673931     5
  187 -2535.310436     5
  188 -1471.459589     5
  189 16780.873695 16729
  190 12252.531869 13760
  191 -703.972614     2
  192 7084.180301 24846
  193 -92.922636     5
  194 -578.390273     7
  195 -1533.410599     9
  196 -147.351783     1
  197 750.724276 15816
  198 2209.027883 17659
  199 -249.198585     4
  200 1634.940858  6147
  201 -1022.546506     1
  202 4875.935390 26161
  203 5262.288428  9518
  204 -924.372674     4
  205 2873.645367 18278
  206 6984.428036 12201
  207 -516.894677     3
  208 -75.169190     5
  209 12406.490482 11251
  210 9944.285181 11128
  211 3765.800054 18494
  212 -154.652732     1
  213 -254.561314     0
  214 12343.871281 15528
  215 -1155.477339     5
  216 3844.822364  1154
  217 1197.500636 15143
  218 -344.066000     3
  219 5945.605131 16679
  220 -1063.861621     5
  221 603.811887  1476
  222 3467.113955 19127
  223 7911.043092  5680
  224 372.163615  2168
  225 -739.350258     5
  226 25659.510895 25072
  227 884.346387   460
  228 1922.933524  3095
  229 4158.226273  8458
  230 -104.888166     4
  231 3275.151454 11398
  232 7359.794040   881
  233 819.545817  1061
  234 -114.684171     9
  235 18810.685992 17055
  236 -1600.466362     9
  237 15879.912423 25768
  238 18545.830236 14732
  239 -1281.583615     2
  240 3414.903633    35
  241 17845.961978  9045
  242 -1693.105821     4
  243 7336.356127 25507
  244 18901.990344 27680
  245 3729.984354  6344
  246 9410.411068 21407
  247 -1210.257331     8
  248 -1422.451058     2
  249 28265.226263 21608
  250 3977.495759 19993
  251 -196.795122     0
  252 1665.265169   131
  253 24215.342640 26725
  254 -1041.420784     7
  255 9558.492822  4774
  256 -415.381140     8
  257 -76.678692     3
  258 7881.051514 11874
  259 -592.340780     4
  260 -1606.223376     5
  261 75.341962 15881
  262 -218.611456     3
  263 6604.623852 14536
  264 731.180504  1231
  265 801.352297 13187
  266 132.248276  7031
  267 -193.726688     0
  268 14991.837149 12441
  269 -30.236689     1
  270 -2520.264980     0
  271 22534.628988 20832
  272 -1487.077956     3
  273 504.393311 13008
  274 2115.241439  3973
  275 1900.853558  9596
  276 -1996.479426     7
  277 5614.816227  8226
  278 3670.733981  8125
  279 8371.382089  1936
  280 528.148352   519
  281 -197.204968     4
  282 2495.550344 20779
  283 2869.576433  5897
  284 -176.623300     7
  285 -1000.659322     5
  286 -1905.256178     2
  287 30085.205194 13467
  288 -380.502312     7
  289 -188.668779     1
  290 10620.064929 15224
  291 3717.731203 16581
  292 918.440603 16126
  293 -92.349974     6
  294 3901.167467 12038
  295 10966.928306 14498
  296 2490.654589  4174
  297 -339.213988     6
  298 -186.136803     5
  299 1520.325725 21172
  300 13557.207648 14979
