300
    1 1999.100573     1
    2 21576.051768 22552
    3 -338.185922     7
    4 -964.817808     7
    5 -574.696930     8
    6 1568.852273 11402
    7 1709.723853  7882
    8 2479.286588  5438
    9 -2449.556092     7
   10 5798.841526  6863
   11 -935.945379     1
   12 2203.295987   525
   13 -309.041383     2
   14 7245.250914 20096
   15 -682.461906     7
   16 22222.945959 24956
   17 -1212.696965     8
   18 -2022.204351     6
   19 3212.505488 14573
   20 -981.764733     7
   21 12422.764958 21823
   22 830.220708 15275
   23 8684.398013 14868
   24 -226.419581     6
   25 2807.834402  2208
   26 -1007.128222     1
   27 12938.659572 20395
   28 -2000.228114     3
   29 3723.601792  4613
   30 2116.352278 14985
   31 15896.996736 10343
   32 -374.877191     7
   33 5755.223943  2104
   34 -1482.813870     7
   35 4525.606410 17064
   36 20415.401308 21647
   37 -756.788718     0
   38 1295.412586  1257
   39 -2382.164118     9
   40 909.611668  2568
   41 20004.319215 12082
   42 11071.468064 15949
   43 9480.257898 13544
   44 6540.412802 23714
   45 -229.284949     8
   46 5572.942855 10842
   47 5649.975536 15863
   48 -90.291877     0
   49 -482.255481     7
   50 3883.049067  1573
   51 101.459402   828
   52 3905.471671 12746
   53 2079.326787   314
   54 21947.172249 23962
   55 1895.812992 23513
   56 -1568.941751     3
   57 26190.613322 27528
   58 -1430.800770     5
   59 -2463.671182     3
   60 -1332.338452     2
   61 20103.261700 19028
   62 -817.492235     7
   63 -1350.391025     7
   64 28425.854033 26634
   65 10076.906444  8009
   66 15441.910697 18283
   67 7627.275844 14765
   68 -122.951820     5
   69 2323.252182  4234
   70 2404.068574  6832
   71 4533.081946  6524
   72 -141.746114     1
   73 369.686660 23238
   74 12214.102538 23525
   75 -282.292699     4
   76 9140.868321 10172
   77 5968.480357 21958
   78 -17.889598     7
   79 -225.936413     8
   80 -134.287431     1
   81 378.007916  3195
   82 4447.765277  3101
   83 -303.921209     6
   84 5425.126116  7462
   85 3838.972063  1250
   86 8451.980428 13695
   87 -1060.023328     0
   88 -1528.665427     4
   89 -133.782262     5
   90 9885.924523 11841
   91 7351.655239  3905
   92 3628.971116 26181
   93 346.945787  6201
   94 -572.202848     0
   95 -979.793257     5
   96 17724.367247 20258
   97 14764.702790 11140
   98 -2034.383753     0
   99 1387.467688  7350
  100 -278.356895     3
  101 3219.981052  6709
  102 -228.066214     0
  103 2526.173244 20824
  104 4441.465688 10814
  105 -445.271365     3
  106 4207.205643  1080
  107 16921.292558 23377
  108 -225.883300     6
  109 788.654802  1281
  110 -136.938617     8
  111 11504.238093 12350
  112 -847.859758     5
  113 10136.121974 21527
  114 -17.612492     1
  115 6547.503095 12613
  116 8375.950728 25599
  117 3383.493215  2552
  118 1186.244106  4764
  119 9617.172536 11817
  120 3190.633345  8720
  121 1563.797971   876
  122 16661.337629 21854
  123 -188.851841     9
  124 1270.701873   546
  125 -763.719881     5
  126 -2109.136387     1
  127 -401.007772     7
  128 -758.025336     8
  129 27374.147072 22728
  130 8301.746333 12216
  131 13691.059076 19666
  132 2563.760179    74
  133 -482.906267     8
  134 12673.215210 16240
  135 18630.062589 23404
  136 7671.836753  3066
  137 5593.587041  3236
  138 -1660.113426     9
  139 1814.233220 26575
  140 -1840.538838     4
  141 8564.635163 23859
  142 -392.724049     0
  143 8391.630513 15705
  144 2071.711195 14460
  145 406.017648 16428
  146 660.507298 26421
  147 1979.243483 10799
  148 -225.164810     0
  149 -3035.882964     1
  150 2562.015081 14927
  151 -691.402948     0
  152 5172.107269  4176
  153 7219.066779  3369
  154 -963.332651     7
  155 -1482.864443     6
  156 17351.223285 26851
  157 -1716.151897     8
  158 5712.315331  5560
  159 -74.415077     4
  160 6275.013102 13900
  161 -1654.484588     9
  162 14861.482905 23379
  163 4562.212456 18562
  164 -843.148027     9
  165 -125.590492     0
  166 1054.629086  4587
  167 2732.175806  4200
  168 -613.900068     9
  169 -285.556681     3
  170 -710.751691     4
  171 -742.130198     3
  172 272.272653 24598
  173 1005.796389 14057
  174 -496.044771     9
  175 750.261493 15891
  176 -333.063152     0
  177 -1666.972558     4
  178 16290.522965 20565
  179 5308.527921 11021
  180 16268.024892 19654
  181 -1218.174429     1
  182 8048.721883 13672
  183 3559.557254 14952
  184 9781.426227 26785
  185 53.784728  6455
  186 -428.285251     5
  187 -650.893202     5
  188 -152.543367     5
  189 13588.886480 16729
  190 7879.376865 13760
  191 -9.000545     2
  192 11002.733436 24846
  193 -690.149089     5
  194 -72.082154     7
  195 -2556.456562     9
  196 -205.593718     1
  197 3804.758592 15816
  198 9441.711102 17659
  199 -128.817670     4
  200 242.532043  6147
  201 -1051.525255     1
  202 11423.847549 26161
  203 2685.322237  9518
  204 -1072.859702     4
  205 5513.760296 18278
  206 4200.244911 12201
  207 -398.499782     3
  208 -698.359339     5
  209 4078.616120 11251
  210 6251.916333 11128
  211 6235.689454 18494
  212 -598.359370     1
  213 -2325.440936     0
  214 10136.854803 15528
  215 -257.821599     5
  216 7403.758980  1154
  217 7071.116695 15143
  218 -2763.740370     3
  219 21825.869865 16679
  220 -64.934267     5
  221 1512.777697  1476
  222 24704.877020 19127
  223 3530.387070  5680
  224 1106.547224  2168
  225 -49.070367     5
  226 9842.118182 25072
  227 1484.495547   460
  228 1109.504201  3095
  229 252.799260  8458
  230 -971.204268     4
  231 1502.411258 11398
  232 2400.192562   881
  233 2313.394679  1061
  234 -895.636567     9
  235 29969.333708 17055
  236 -540.127724     9
  237 250.673421 25768
  238 15348.250694 14732
  239 -1546.919245     2
  240 4944.853227    35
  241 230.015466  9045
  242 -105.040952     4
  243 17069.093457 25507
  244 5298.570370 27680
  245 2202.383101  6344
  246 1860.286056 21407
  247 -103.450657     8
  248 -146.247225     2
  249 12452.532712 21608
  250 9323.563461 19993
  251 -2004.228332     0
  252 91.952082   131
  253 7633.161052 26725
  254 -334.416055     7
  255 5835.074783  4774
  256 -1363.871373     8
  257 -417.146867     3
  258 12203.913925 11874
  259 -468.257803     4
  260 -599.052350     5
  261 173.710156 15881
  262 -1009.755259     3
  263 821.868961 14536
  264 2067.727046  1231
  265 3225.474621 13187
  266 1680.404134  7031
  267 -409.218181     0
  268 6972.991784 12441
  269 -855.702336     1
  270 -1421.989166     0
  271 13440.360170 20832
  272 -1999.021927     3
  273 12661.936569 13008
  274 4925.300427  3973
  275 7263.661665  9596
  276 -1310.342939     7
  277 4551.645134  8226
  278 13676.612619  8125
  279 1331.147236  1936
  280 22.212100   519
  281 -435.232590     4
  282 3141.637930 20779
  283 397.835606  5897
  284 -285.095127     7
  285 -1424.276371     5
  286 -324.278552     2
  287 969.136673 13467
  288 -475.787619     7
  289 -1073.778202     1
  290 10895.846847 15224
  291 8398.689240 16581
  292 7241.530991 16126
  293 -1565.489331     6
  294 5828.057790 12038
  295 10902.042261 14498
  296 14284.478176  4174
  297 -2600.365538     6
  298 -494.059592     5
  299 13945.352092 21172
  300 7783.757900 14979
