300
    1 3911.983602     1
    2 11644.007471 22552
    3 -1850.126438     7
    4 -195.056276     7
    5 -388.748095     8
    6 8045.548832 11402
    7 2885.750896  7882
    8 1097.788330  5438
    9 -440.094800     7
   10 17975.403911  6863
   11 -627.475409     1
   12 413.366339   525
   13 -376.494328     2
   14 16789.299695 20096
   15 -2276.380825     7
   16 11684.681566 24956
   17 -1772.258363     8
   18 -1104.588798     6
   19 5590.522015 14573
   20 -647.176057     7
   21 11541.418739 21823
   22 2876.691403 15275
   23 349.959022 14868
   24 -377.656547     6
   25 1185.897381  2208
   26 -1801.559249     1
   27 12121.520352 20395
   28 -1677.728508     3
   29 5867.971540  4613
   30 819.508069 14985
   31 10820.349342 10343
   32 -594.602112     7
   33 3463.097819  2104
   34 -1205.633142     7
   35 12319.612408 17064
   36 2731.085419 21647
   37 -13.564778     0
   38 605.906686  1257
   39 -3064.239204     9
   40 2358.285609  2568
   41 7131.772999 12082
   42 11851.918160 15949
   43 1158.020443 13544
   44 6833.833462 23714
   45 -355.717766     8
   46 15438.366244 10842
   47 1697.842976 15863
   48 -406.585494     0
   49 -1556.042202     7
   50 1097.703582  1573
   51 2248.291085   828
   52 7219.245760 12746
   53 3218.931702   314
   54 6084.068602 23962
   55 10662.434310 23513
   56 -661.819571     3
   57 8162.609352 27528
   58 -1877.320981     5
   59 -66.654036     3
   60 -1759.324041     2
   61 8589.427031 19028
   62 -2044.824048     7
   63 -1832.497698     7
   64 21251.195993 26634
   65 3618.373371  8009
   66 6868.351859 18283
   67 17292.450172 14765
   68 -572.148821     5
   69 1758.171077  4234
   70 705.395668  6832
   71 2805.155408  6524
   72 -1613.557604     1
   73 26111.231838 23238
   74 18353.903929 23525
   75 -64.931795     4
   76 5611.958802 10172
   77 7625.163689 21958
   78 -304.926360     7
   79 -189.772344     8
   80 -183.613908     1
   81 6792.519454  3195
   82 481.296118  3101
   83 -572.288331     6
   84 2862.141392  7462
   85 647.494648  1250
   86 3432.641575 13695
   87 -104.464547     0
   88 -762.994727     4
   89 -377.978000     5
   90 2998.328532 11841
   91 4246.200216  3905
   92 31323.742368 26181
   93 2201.050816  6201
   94 -3745.535379     0
   95 -519.066498     5
   96 2331.299862 20258
   97 3472.962924 11140
   98 -1202.302851     0
   99 4960.630583  7350
  100 -1535.922109     3
  101 7953.721711  6709
  102 -798.793853     0
  103 12512.279942 20824
  104 9722.669232 10814
  105 -2159.025168     3
  106 4016.351511  1080
  107 6464.492903 23377
  108 -120.766683     6
  109 1154.965340  1281
  110 -1063.691689     8
  111 6923.807463 12350
  112 -97.818933     5
  113 8792.522828 21527
  114 -1480.673742     1
  115 5728.745088 12613
  116 12913.009624 25599
  117 687.983091  2552
  118 2439.103845  4764
  119 11898.040000 11817
  120 3143.629171  8720
  121 2150.564210   876
  122 8741.816147 21854
  123 -1142.560996     9
  124 3259.042078   546
  125 -74.453704     5
  126 -836.652041     1
  127 -74.928138     7
  128 -2031.233621     8
  129 10969.129835 22728
  130 16945.997602 12216
  131 5996.678244 19666
  132 1724.488989    74
  133 -948.919797     8
  134 11384.520455 16240
  135 8672.424452 23404
  136 2905.363399  3066
  137 352.418788  3236
  138 -296.338937     9
  139 23240.689153 26575
  140 -2264.189756     4
  141 8713.890892 23859
  142 -1583.010549     0
  143 18116.862436 15705
  144 10759.649252 14460
  145 9117.999046 16428
  146 2277.705698 26421
  147 6010.787724 10799
  148 -605.334327     0
  149 -1945.640657     1
  150 5771.668237 14927
  151 -1836.770226     0
  152 702.203057  4176
  153 3590.209328  3369
  154 -567.704704     7
  155 -326.235825     6
  156 18963.126460 26851
  157 -467.744847     8
  158 57.957458  5560
  159 -388.669018     4
  160 1475.059737 13900
  161 -99.723319     9
  162 14943.785643 23379
  163 4502.834457 18562
  164 -209.759307     9
  165 -339.987630     0
  166 5692.423147  4587
  167 5649.951135  4200
  168 -1639.083214     9
  169 -1403.838736     3
  170 -122.115586     4
  171 -284.726346     3
  172 9175.739244 24598
  173 15273.931395 14057
  174 -515.845859     9
  175 10920.335887 15891
  176 -846.249010     0
  177 -1443.870842     4
  178 5404.140094 20565
  179 21022.050654 11021
  180 2523.023766 19654
  181 -443.894866     1
  182 19496.271600 13672
  183 1664.102732 14952
  184 21148.971102 26785
  185 13052.841194  6455
  186 -441.544066     5
  187 -1631.941520     5
  188 -1164.915165     5
  189 9827.362505 16729
  190 7563.628358 13760
  191 -1370.951452     2
  192 11242.459616 24846
  193 -2918.761159     5
  194 -667.949148     7
  195 -232.155586     9
  196 -44.013943     1
  197 266.953212 15816
  198 12005.217314 17659
  199 -3259.294446     4
  200 5167.011335  6147
  201 -1259.238149     1
  202 6699.394908 26161
  203 3341.753160  9518
  204 -829.434558     4
  205 12646.312191 18278
  206 16068.424565 12201
  207 -616.731292     3
  208 -444.859436     5
  209 4440.105744 11251
  210 2250.380886 11128
  211 17326.648062 18494
  212 -1381.374389     1
  213 -476.429209     0
  214 1064.573876 15528
  215 -296.388424     5
  216 858.350058  1154
  217 200.420154 15143
  218 -409.659069     3
  219 10821.470356 16679
  220 -1908.059935     5
  221 2088.706310  1476
  222 11943.377463 19127
  223 6323.199037  5680
  224 1356.100950  2168
  225 -480.711253     5
  226 29200.501382 25072
  227 3455.295013   460
  228 1375.867834  3095
  229 4804.767551  8458
  230 -900.752484     4
  231 671.473541 11398
  232 831.633475   881
  233 3834.974898  1061
  234 -356.297003     9
  235 8377.500202 17055
  236 -1294.021585     9
  237 6718.883508 25768
  238 7558.302255 14732
  239 -2543.374061     2
  240 3719.269243    35
  241 1617.752302  9045
  242 -2771.832861     4
  243 5882.762589 25507
  244 1549.158232 27680
  245 535.829680  6344
  246 5617.038343 21407
  247 -613.478130     8
  248 -587.109060     2
  249 6616.416247 21608
  250 8972.287787 19993
  251 -2481.248168     0
  252 2303.639314   131
  253 13958.190287 26725
  254 -773.773009     7
  255 7257.482912  4774
  256 -739.675160     8
  257 -105.143395     3
  258 2702.257809 11874
  259 -495.031094     4
  260 -227.263613     5
  261 209.254336 15881
  262 -1329.447618     3
  263 251.397062 14536
  264 645.295196  1231
  265 6277.229649 13187
  266 388.533901  7031
  267 -880.867926     0
  268 18904.956684 12441
  269 -367.641276     1
  270 -250.776205     0
  271 7379.593348 20832
  272 -785.904989     3
  273 4369.199516 13008
  274 2972.302766  3973
  275 14602.153248  9596
  276 -140.485588     7
  277 5567.063024  8226
  278 2155.611208  8125
  279 947.322076  1936
  280 338.287644   519
  281 -626.568642     4
  282 37341.505755 20779
  283 7873.087824  5897
  284 -2736.707252     7
  285 -1206.151428     5
  286 -1733.329067     2
  287 14629.857534 13467
  288 -549.586924     7
  289 -901.407848     1
  290 2744.691990 15224
  291 5354.272951 16581
  292 4318.365983 16126
  293 -1496.057170     6
  294 2354.189898 12038
  295 10923.967656 14498
  296 1611.265870  4174
  297 -468.019888     6
  298 -298.004805     5
  299 22375.881927 21172
  300 16430.581830 14979
