300
    1 1570.928184     1
    2 19235.489974 22552
    3 -1308.853948     7
    4 -522.138204     7
    5 -1603.139546     8
    6 5772.190731 11402
    7 7274.081613  7882
    8 979.280204  5438
    9 -627.054353     7
   10 5371.777666  6863
   11 -149.547035     1
   12 1234.402090   525
   13 -311.783730     2
   14 8005.598403 20096
   15 -1322.980799     7
   16 6810.178202 24956
   17 -1825.326146     8
   18 -739.605550     6
   19 7404.134950 14573
   20 -696.980672     7
   21 3327.225406 21823
   22 9288.615583 15275
   23 789.578453 14868
   24 -90.215124     6
   25 1274.946050  2208
   26 -217.607650     1
   27 25150.657494 20395
   28 -201.581036     3
   29 1865.422788  4613
   30 11027.722822 14985
   31 9926.487622 10343
   32 -290.035173     7
   33 7209.519825  2104
   34 -1093.710782     7
   35 6540.630563 17064
   36 7889.365500 21647
   37 -129.781961     0
   38 1477.014655  1257
   39 -1309.181230     9
   40 2499.899204  2568
   41 7830.404266 12082
   42 4278.584681 15949
   43 1989.774249 13544
   44 5852.658308 23714
   45 -1278.827290     8
   46 10027.675112 10842
   47 15903.907074 15863
   48 -119.678692     0
   49 -440.075705     7
   50 2693.935129  1573
   51 1102.734104   828
   52 4755.861392 12746
   53 46.773301   314
   54 23363.345373 23962
   55 12264.247813 23513
   56 -1215.954485     3
   57 19989.738447 27528
   58 -355.865996     5
   59 -2027.914052     3
   60 -1149.497993     2
   61 11177.155155 19028
   62 -859.451112     7
   63 -2258.421102     7
   64 3336.434530 26634
   65 7439.363065  8009
   66 12769.554592 18283
   67 3888.970634 14765
   68 -1685.422715     5
   69 6252.662901  4234
   70 2201.152091  6832
   71 3764.382617  6524
   72 -456.462745     1
   73 21027.129699 23238
   74 1842.106368 23525
   75 -841.271841     4
   76 7741.856383 10172
   77 17068.547940 21958
   78 -585.430950     7
   79 -1224.001891     8
   80 -357.015135     1
   81 3247.964953  3195
   82 3067.342447  3101
   83 -1536.110188     6
   84 1938.528979  7462
   85 3992.801422  1250
   86 7413.281104 13695
   87 -1374.574797     0
   88 -467.406298     4
   89 -519.656450     5
   90 2488.840846 11841
   91 2639.527566  3905
   92 7955.785869 26181
   93 8565.936125  6201
   94 -433.196142     0
   95 -1104.051051     5
   96 6188.218908 20258
   97 9008.670720 11140
   98 -812.719816     0
   99 8307.106725  7350
  100 -922.033712     3
  101 5377.491624  6709
  102 -733.239659     0
  103 1662.863311 20824
  104 3173.139037 10814
  105 -1655.356236     3
  106 2261.466304  1080
  107 17737.153308 23377
  108 -1835.913404     6
  109 4900.304166  1281
  110 -2060.664719     8
  111 6663.174531 12350
  112 -969.169058     5
  113 20503.738892 21527
  114 -1390.996609     1
  115 8037.760531 12613
  116 4692.494225 25599
  117 3249.879436  2552
  118 2906.484239  4764
  119 8503.706172 11817
  120 379.412720  8720
  121 1521.218900   876
  122 12676.283083 21854
  123 -206.363918     9
  124 372.212173   546
  125 -929.390295     5
  126 -1709.239006     1
  127 -1212.820512     7
  128 -2492.810599     8
  129 1666.885475 22728
  130 2908.954148 12216
  131 9482.860473 19666
  132 4271.901364    74
  133 -711.840439     8
  134 4723.310487 16240
  135 23831.336435 23404
  136 6993.862884  3066
  137 2685.870391  3236
  138 -587.101133     9
  139 5281.093792 26575
  140 -898.599124     4
  141 14133.949502 23859
  142 -294.703489     0
  143 6813.308379 15705
  144 6108.391805 14460
  145 17602.958336 16428
  146 5693.716530 26421
  147 3606.130517 10799
  148 -605.336911     0
  149 -1343.684166     1
  150 15167.075065 14927
  151 -187.565122     0
  152 3334.723681  4176
  153 633.130313  3369
  154 -154.199830     7
  155 -580.594074     6
  156 8926.315071 26851
  157 -1288.768780     8
  158 8445.489943  5560
  159 -991.252392     4
  160 11287.325596 13900
  161 -2532.190768     9
  162 23477.240624 23379
  163 8356.304112 18562
  164 -422.984533     9
  165 -579.600122     0
  166 6000.004865  4587
  167 4745.597418  4200
  168 -546.977086     9
  169 -732.282299     3
  170 -201.421394     4
  171 -1317.009702     3
  172 17396.234302 24598
  173 2420.711331 14057
  174 -242.000910     9
  175 3431.535582 15891
  176 -324.943015     0
  177 -1340.208734     4
  178 2528.242367 20565
  179 2652.043993 11021
  180 4433.237189 19654
  181 -1231.049773     1
  182 14481.600000 13672
  183 6113.271903 14952
  184 960.745822 26785
  185 4146.336293  6455
  186 -224.182688     5
  187 -1394.261209     5
  188 -1087.137686     5
  189 2543.135554 16729
  190 6799.652041 13760
  191 -313.255832     2
  192 22906.693589 24846
  193 -43.115990     5
  194 -392.524603     7
  195 -258.861593     9
  196 -617.463552     1
  197 1054.297937 15816
  198 20967.518554 17659
  199 -1088.426705     4
  200 243.220556  6147
  201 -139.662470     1
  202 20896.631736 26161
  203 2520.045856  9518
  204 -201.443416     4
  205 5002.928311 18278
  206 548.367845 12201
  207 -129.478913     3
  208 -1469.441146     5
  209 3831.496354 11251
  210 364.020372 11128
  211 2904.825900 18494
  212 -248.950617     1
  213 -440.959189     0
  214 2716.622947 15528
  215 -3.572374     5
  216 364.843328  1154
  217 10024.392159 15143
  218 -2285.399980     3
  219 4545.672951 16679
  220 -425.730307     5
  221 41.122412  1476
  222 2800.776615 19127
  223 4225.666659  5680
  224 1604.776102  2168
  225 -1507.737934     5
  226 13941.424719 25072
  227 4198.055743   460
  228 135.824353  3095
  229 5011.650762  8458
  230 -902.817627     4
  231 12315.738916 11398
  232 2085.855251   881
  233 3688.629113  1061
  234 -125.783325     9
  235 7528.724960 17055
  236 -1177.286018     9
  237 19580.613366 25768
  238 2174.355105 14732
  239 -1538.746302     2
  240 2034.876751    35
  241 6932.572443  9045
  242 -837.992271     4
  243 15297.884492 25507
  244 744.744961 27680
  245 3773.572821  6344
  246 7781.121276 21407
  247 -606.028760     8
  248 -340.105401     2
  249 20591.589010 21608
  250 11170.073563 19993
  251 -838.452832     0
  252 994.769996   131
  253 10904.437724 26725
  254 -128.389491     7
  255 6052.482582  4774
  256 -1192.939735     8
  257 -522.440135     3
  258 1753.411674 11874
  259 -1194.675138     4
  260 -176.924453     5
  261 7119.063709 15881
  262 -1795.880478     3
  263 19172.963336 14536
  264 2235.833622  1231
  265 3722.283266 13187
  266 1798.084725  7031
  267 -948.123063     0
  268 4243.880230 12441
  269 -2808.150881     1
  270 -422.484110     0
  271 1278.846312 20832
  272 -912.776415     3
  273 12903.719609 13008
  274 6983.201733  3973
  275 18535.279210  9596
  276 -2699.524560     7
  277 709.959426  8226
  278 8838.061179  8125
  279 1977.708633  1936
  280 277.026346   519
  281 -815.210513     4
  282 2547.168293 20779
  283 2288.104307  5897
  284 -266.451946     7
  285 -10.683021     5
  286 -703.894958     2
  287 15675.341466 13467
  288 -238.415790     7
  289 -574.472070     1
  290 1163.632166 15224
  291 4142.625921 16581
  292 12351.678842 16126
  293 -1171.526648     6
  294 12377.644438 12038
  295 5904.976027 14498
  296 619.464505  4174
  297 -1431.041904     6
  298 -199.503421     5
  299 11622.794472 21172
  300 5918.908887 14979
