300
    1 2891.116425     1
    2 3912.288910 22552
    3 -46.173586     7
    4 -714.622580     7
    5 -1476.453398     8
    6 1917.050445 11402
    7 800.481919  7882
    8 4110.443859  5438
    9 -219.754251     7
   10 4274.500588  6863
   11 -1293.236981     1
   12 3520.465602   525
   13 -145.282683     2
   14 18668.635564 20096
   15 -1348.546515     7
   16 13293.953552 24956
   17 -130.238163     8
   18 -1620.323378     6
   19 2487.475458 14573
   20 -766.927784     7
   21 21506.125448 21823
   22 4351.321818 15275
   23 4842.910093 14868
   24 -141.173130     6
   25 1662.368882  2208
   26 -356.959372     1
   27 16390.168419 20395
   28 -1128.986857     3
   29 641.814620  4613
   30 8017.009226 14985
   31 8739.934659 10343
   32 -47.183810     7
   33 7319.281496  2104
   34 -719.834216     7
   35 5542.319982 17064
   36 3083.155583 21647
   37 -564.537737     0
   38 4189.303324  1257
   39 -635.889708     9
   40 3635.611155  2568
   41 8335.574178 12082
   42 367.698348 15949
   43 1103.391750 13544
   44 7356.355190 23714
   45 -1556.276597     8
   46 9650.393179 10842
   47 6208.017684 15863
   48 -236.251983     0
   49 -1149.102159     7
   50 5822.416529  1573
   51 4187.098827   828
   52 13102.295830 12746
   53 1534.228359   314
   54 23699.201351 23962
   55 21145.152469 23513
   56 -1829.854744     3
   57 23677.686267 27528
   58 -148.535662     5
   59 -1049.978714     3
   60 -1875.620605     2
   61 20355.475937 19028
   62 -949.080947     7
   63 -2106.132107     7
   64 5749.021484 26634
   65 3407.867004  8009
   66 6213.559219 18283
   67 16634.084754 14765
   68 -474.978859     5
   69 1595.837143  4234
   70 4466.013544  6832
   71 2494.396317  6524
   72 -671.747872     1
   73 28443.591358 23238
   74 815.520483 23525
   75 -696.300164     4
   76 6532.297005 10172
   77 12225.057423 21958
   78 -2404.183419     7
   79 -137.224018     8
   80 -415.868339     1
   81 3733.946227  3195
   82 2555.345161  3101
   83 -2692.852958     6
   84 10875.409595  7462
   85 449.572587  1250
   86 8253.725750 13695
   87 -1319.145779     0
   88 -1540.626462     4
   89 -2162.817954     5
   90 6448.337169 11841
   91 3925.333950  3905
   92 20863.024237 26181
   93 1218.426113  6201
   94 -1066.453305     0
   95 -779.290916     5
   96 12051.508650 20258
   97 3774.119088 11140
   98 -291.849100     0
   99 4209.104242  7350
  100 -3493.794902     3
  101 3365.543429  6709
  102 -89.233103     0
  103 4000.342574 20824
  104 15305.138877 10814
  105 -2260.515762     3
  106 6743.474558  1080
  107 20639.926087 23377
  108 -2169.248776     6
  109 184.319000  1281
  110 -1212.375908     8
  111 7875.948222 12350
  112 -10.552846     5
  113 1562.342908 21527
  114 -2690.083470     1
  115 6579.161122 12613
  116 2640.282244 25599
  117 2457.434473  2552
  118 4590.399725  4764
  119 5159.624000 11817
  120 9735.617248  8720
  121 488.975736   876
  122 6932.799663 21854
  123 -180.579397     9
  124 3594.183109   546
  125 -814.667451     5
  126 -2028.215469     1
  127 -1068.652680     7
  128 -664.815217     8
  129 8153.776274 22728
  130 11391.766503 12216
  131 14639.514543 19666
  132 1164.978266    74
  133 -604.216587     8
  134 12302.350720 16240
  135 10619.939630 23404
  136 4392.811195  3066
  137 6077.940418  3236
  138 -45.110810     9
  139 7345.077932 26575
  140 -1347.045329     4
  141 15627.323109 23859
  142 -677.359567     0
  143 12601.877263 15705
  144 1925.176495 14460
  145 7158.267787 16428
  146 13501.123561 26421
  147 15734.815340 10799
  148 -869.148938     0
  149 -2360.660320     1
  150 6457.568308 14927
  151 -1020.392492     0
  152 4560.084015  4176
  153 2300.320477  3369
  154 -2162.223883     7
  155 -1369.524490     6
  156 9980.878052 26851
  157 -276.117679     8
  158 1190.736764  5560
  159 -595.778773     4
  160 15472.583561 13900
  161 -833.066091     9
  162 14810.425698 23379
  163 803.182409 18562
  164 -91.850202     9
  165 -185.760560     0
  166 2676.629203  4587
  167 2430.444357  4200
  168 -445.080293     9
  169 -1102.255225     3
  170 -154.792102     4
  171 -487.282793     3
  172 9131.741509 24598
  173 5406.137156 14057
  174 -264.563521     9
  175 1494.505184 15891
  176 -410.837905     0
  177 -483.548049     4
  178 87.332450 20565
  179 10905.332900 11021
  180 2992.167257 19654
  181 -1414.890321     1
  182 7500.028317 13672
  183 2874.139749 14952
  184 28045.216696 26785
  185 2697.027286  6455
  186 -533.424973     5
  187 -243.547975     5
  188 -951.747633     5
  189 4610.210186 16729
  190 5116.439791 13760
  191 -1112.285983     2
  192 2312.841859 24846
  193 -685.288681     5
  194 -381.673907     7
  195 -765.604133     9
  196 -918.571786     1
  197 5585.575408 15816
  198 6811.903176 17659
  199 -1525.031468     4
  200 584.579332  6147
  201 -95.004334     1
  202 8227.015838 26161
  203 10159.991828  9518
  204 -876.756446     4
  205 7907.543198 18278
  206 4329.271047 12201
  207 -106.270740     3
  208 -1310.111595     5
  209 11341.962165 11251
  210 5240.880652 11128
  211 10262.815985 18494
  212 -78.132493     1
  213 -1220.236896     0
  214 3339.015033 15528
  215 -762.277652     5
  216 2187.889757  1154
  217 10759.709008 15143
  218 -833.057571     3
  219 4664.095005 16679
  220 -411.262309     5
  221 117.775427  1476
  222 944.090576 19127
  223 8300.686208  5680
  224 2558.933803  2168
  225 -854.444254     5
  226 18971.867283 25072
  227 3052.709623   460
  228 3132.064553  3095
  229 9140.569348  8458
  230 -1681.454124     4
  231 6463.585345 11398
  232 3251.575490   881
  233 274.924828  1061
  234 -171.673621     9
  235 4494.196758 17055
  236 -1775.756823     9
  237 27757.327025 25768
  238 7556.510084 14732
  239 -281.155390     2
  240 1863.326933    35
  241 3237.255541  9045
  242 -757.921351     4
  243 618.827456 25507
  244 9083.259448 27680
  245 4535.577447  6344
  246 10631.553610 21407
  247 -945.052770     8
  248 -1534.435687     2
  249 9831.440054 21608
  250 390.211610 19993
  251 -22.497584     0
  252 3287.908986   131
  253 11679.405020 26725
  254 -158.724526     7
  255 84.716172  4774
  256 -642.716880     8
  257 -566.287975     3
  258 2027.065576 11874
  259 -362.260891     4
  260 -35.756682     5
  261 5786.559473 15881
  262 -272.189031     3
  263 797.430989 14536
  264 3785.359611  1231
  265 28684.536872 13187
  266 369.179981  7031
  267 -227.070278     0
  268 14890.728112 12441
  269 -78.459353     1
  270 -168.359657     0
  271 12210.863290 20832
  272 -72.207156     3
  273 1728.450494 13008
  274 8129.409084  3973
  275 6366.199832  9596
  276 -232.962620     7
  277 1330.466688  8226
  278 34.296983  8125
  279 1115.077522  1936
  280 3388.381971   519
  281 -8.740732     4
  282 9542.645025 20779
  283 2016.548381  5897
  284 -2125.616190     7
  285 -2213.865759     5
  286 -1844.813413     2
  287 5964.155888 13467
  288 -125.523634     7
  289 -393.703177     1
  290 13290.575655 15224
  291 7762.095870 16581
  292 69.475251 16126
  293 -858.615117     6
  294 2939.816433 12038
  295 5264.346641 14498
  296 2430.061690  4174
  297 -1357.641162     6
  298 -54.240432     5
  299 12040.545568 21172
  300 5596.946545 14979
