300
    1 2476.492660     1
    2 12882.121165 22552
    3 -507.783922     7
    4 -512.866129     7
    5 -255.645097     8
    6 11130.198351 11402
    7 9629.633843  7882
    8 1756.739182  5438
    9 -710.092077     7
   10 89.654990  6863
   11 -199.937215     1
   12 1670.521098   525
   13 -496.502613     2
   14 8566.652588 20096
   15 -356.548816     7
   16 3106.194623 24956
   17 -414.446308     8
   18 -1373.750652     6
   19 17729.930136 14573
   20 -1069.402310     7
   21 350.574832 21823
   22 3189.993878 15275
   23 7860.790623 14868
   24 -275.621987     6
   25 2052.742345  2208
   26 -472.372035     1
   27 581.650646 20395
   28 -295.577324     3
   29 8608.933412  4613
   30 15800.849784 14985
   31 14596.059825 10343
   32 -89.476926     7
   33 4874.654019  2104
   34 -1654.298696     7
   35 4539.855532 17064
   36 12626.864838 21647
   37 -349.092574     0
   38 3035.534675  1257
   39 -515.432465     9
   40 5621.732886  2568
   41 5722.009464 12082
   42 16971.072036 15949
   43 1326.999374 13544
   44 25460.842068 23714
   45 -1310.180774     8
   46 16696.768470 10842
   47 5908.900247 15863
   48 -1470.351969     0
   49 -591.470752     7
   50 1520.844935  1573
   51 8659.612780   828
   52 8649.691917 12746
   53 291.295217   314
   54 17943.887857 23962
   55 30530.902807 23513
   56 -194.601694     3
   57 4372.536868 27528
   58 -1437.557318     5
   59 -448.227018     3
   60 -190.127929     2
   61 236.107855 19028
   62 -971.179679     7
   63 -575.595514     7
   64 2636.415714 26634
   65 5575.439473  8009
   66 7903.566782 18283
   67 7353.525706 14765
   68 -224.390438     5
   69 190.383959  4234
   70 9255.258069  6832
   71 4744.162677  6524
   72 -72.309874     1
   73 10791.682592 23238
   74 6733.787167 23525
   75 -233.883511     4
   76 1039.625771 10172
   77 165.193328 21958
   78 -267.128938     7
   79 -374.062253     8
   80 -192.208885     1
   81 1843.371414  3195
   82 362.784260  3101
   83 -1568.178291     6
   84 9888.245914  7462
   85 119.834551  1250
   86 1599.647783 13695
   87 -196.429513     0
   88 -377.446014     4
   89 -1017.282523     5
   90 3727.612690 11841
   91 875.901898  3905
   92 10595.417712 26181
   93 642.536453  6201
   94 -859.492871     0
   95 -540.253969     5
   96 14064.410964 20258
   97 20303.053982 11140
   98 -1310.196636     0
   99 4605.705621  7350
  100 -579.907337     3
  101 1315.423174  6709
  102 -1103.358391     0
  103 13791.982520 20824
  104 2280.373573 10814
  105 -534.134469     3
  106 4614.302485  1080
  107 30281.504557 23377
  108 -136.428784     6
  109 2251.800633  1281
  110 -272.477480     8
  111 1131.551365 12350
  112 -1720.698350     5
  113 1278.308283 21527
  114 -713.318628     1
  115 6811.863625 12613
  116 8311.433568 25599
  117 655.768684  2552
  118 3266.494010  4764
  119 10503.422005 11817
  120 7712.861729  8720
  121 2662.541236   876
  122 21115.588961 21854
  123 -1616.121805     9
  124 4902.064207   546
  125 -66.370069     5
  126 -2317.371813     1
  127 -1595.360550     7
  128 -432.656303     8
  129 12142.170846 22728
  130 1811.386459 12216
  131 5421.660051 19666
  132 3061.879900    74
  133 -71.370361     8
  134 6808.372064 16240
  135 23064.465502 23404
  136 2017.650036  3066
  137 332.147804  3236
  138 -835.993529     9
  139 4633.849354 26575
  140 -409.951904     4
  141 5400.045110 23859
  142 -110.077172     0
  143 8759.060867 15705
  144 24160.350914 14460
  145 11802.928258 16428
  146 18574.301960 26421
  147 8076.125599 10799
  148 -2237.185453     0
  149 -132.237846     1
  150 10529.871324 14927
  151 -919.065216     0
  152 9639.199400  4176
  153 2377.139288  3369
  154 -309.572075     7
  155 -390.978688     6
  156 24906.070258 26851
  157 -310.391688     8
  158 200.852410  5560
  159 -706.196296     4
  160 19443.264458 13900
  161 -102.657580     9
  162 26896.685614 23379
  163 9143.427477 18562
  164 -58.964049     9
  165 -51.910004     0
  166 9388.408810  4587
  167 619.465473  4200
  168 -1014.580727     9
  169 -1023.638194     3
  170 -1887.244739     4
  171 -180.153292     3
  172 16794.166123 24598
  173 2647.574337 14057
  174 -1030.382688     9
  175 1136.075200 15891
  176 -508.957738     0
  177 -2731.479600     4
  178 1793.902177 20565
  179 27.418251 11021
  180 10505.509988 19654
  181 -1935.067592     1
  182 8441.668266 13672
  183 6318.195293 14952
  184 26209.565452 26785
  185 950.479742  6455
  186 -697.715650     5
  187 -95.546264     5
  188 -796.316272     5
  189 27861.203956 16729
  190 1592.128888 13760
  191 -755.006958     2
  192 2313.742697 24846
  193 -1767.470263     5
  194 -256.300130     7
  195 -1301.155355     9
  196 -871.782301     1
  197 7124.207570 15816
  198 2900.234597 17659
  199 -1692.061353     4
  200 2181.138169  6147
  201 -2948.227255     1
  202 14668.990488 26161
  203 1468.646343  9518
  204 -1636.444413     4
  205 5238.579540 18278
  206 3033.546275 12201
  207 -256.038008     3
  208 -970.003038     5
  209 21954.431418 11251
  210 1918.050231 11128
  211 2026.334224 18494
  212 -1261.378362     1
  213 -589.965700     0
  214 5822.776915 15528
  215 -83.123879     5
  216 1497.345224  1154
  217 3153.810855 15143
  218 -873.665740     3
  219 9504.742957 16679
  220 -963.688071     5
  221 4093.657096  1476
  222 4262.329049 19127
  223 2391.064231  5680
  224 2122.930950  2168
  225 -1212.720710     5
  226 16445.260836 25072
  227 4697.162475   460
  228 1283.747406  3095
  229 3894.532065  8458
  230 -812.740724     4
  231 7417.193253 11398
  232 1113.752039   881
  233 757.354355  1061
  234 -347.250239     9
  235 7195.732271 17055
  236 -646.889210     9
  237 24069.244999 25768
  238 5424.620751 14732
  239 -481.177532     2
  240 2157.199642    35
  241 2815.014012  9045
  242 -1041.165844     4
  243 31926.113363 25507
  244 4528.475117 27680
  245 5014.705203  6344
  246 10560.505519 21407
  247 -782.670901     8
  248 -1287.016713     2
  249 26659.108211 21608
  250 15727.579827 19993
  251 -1280.887478     0
  252 1464.249514   131
  253 723.076020 26725
  254 -1465.977913     7
  255 5271.790442  4774
  256 -956.070066     8
  257 -1165.296584     3
  258 1486.391693 11874
  259 -1720.496213     4
  260 -829.526774     5
  261 5092.852179 15881
  262 -368.619554     3
  263 9907.553760 14536
  264 1296.079061  1231
  265 3147.511367 13187
  266 5524.209913  7031
  267 -1188.907563     0
  268 4901.018906 12441
  269 -2417.985584     1
  270 -594.576982     0
  271 9756.876039 20832
  272 -583.947077     3
  273 16195.422826 13008
  274 4197.771484  3973
  275 3510.834980  9596
  276 -1097.006222     7
  277 7093.468921  8226
  278 8205.734039  8125
  279 5692.696251  1936
  280 872.912449   519
  281 -437.989974     4
  282 13364.808847 20779
  283 8646.278515  5897
  284 -622.941374     7
  285 -713.665869     5
  286 -164.091384     2
  287 10670.657944 13467
  288 -602.684650     7
  289 -1218.231451     1
  290 2176.700061 15224
  291 7487.827594 16581
  292 7807.303167 16126
  293 -376.952460     6
  294 6042.526002 12038
  295 12941.549773 14498
  296 2483.259675  4174
  297 -971.320085     6
  298 -948.944572     5
  299 19463.294859 21172
  300 310.172271 14979
