300
    1 88.753291     1
    2 5141.697393 22552
    3 -179.542971     7
    4 -353.743316     7
    5 -979.658812     8
    6 413.177533 11402
    7 11077.445385  7882
    8 4203.552126  5438
    9 -1063.325998     7
   10 7907.613685  6863
   11 -968.809430     1
   12 2595.594390   525
   13 -214.127687     2
   14 8705.126057 20096
   15 -495.262186     7
   16 16656.826231 24956
   17 -1742.567398     8
   18 -17.092651     6
   19 23328.708758 14573
   20 -35.923070     7
   21 1656.687093 21823
   22 9636.639930 15275
   23 6664.673969 14868
   24 -984.310215     6
   25 3418.663920  2208
   26 -378.568943     1
   27 12695.199789 20395
   28 -577.710137     3
   29 2345.158879  4613
   30 11774.099952 14985
   31 5363.287164 10343
   32 -80.518590     7
   33 2752.114485  2104
   34 -489.315253     7
   35 885.744899 17064
   36 6576.107663 21647
   37 -491.513513     0
   38 3558.067064  1257
   39 -864.467823     9
   40 890.693857  2568
   41 324.500762 12082
   42 598.224368 15949
   43 2431.886252 13544
   44 2392.005114 23714
   45 -3134.120296     8
   46 1393.247710 10842
   47 12942.875898 15863
   48 -1079.000863     0
   49 -1162.242724     7
   50 2498.517281  1573
   51 217.527728   828
   52 2943.021945 12746
   53 428.180998   314
   54 18811.186411 23962
   55 10634.024320 23513
   56 -170.848913     3
   57 24778.479546 27528
   58 -2179.052468     5
   59 -429.363394     3
   60 -334.458579     2
   61 29444.525085 19028
   62 -1924.664037     7
   63 -759.603402     7
   64 18806.487392 26634
   65 1414.591158  8009
   66 13176.958710 18283
   67 3.496045 14765
   68 -253.965832     5
   69 1092.082272  4234
   70 777.361102  6832
   71 2528.696557  6524
   72 -4.362970     1
   73 9986.222909 23238
   74 3407.771196 23525
   75 -291.079148     4
   76 6105.321165 10172
   77 16112.470340 21958
   78 -39.709398     7
   79 -598.815363     8
   80 -403.431396     1
   81 752.307102  3195
   82 3078.776406  3101
   83 -441.243668     6
   84 2233.824113  7462
   85 1380.702051  1250
   86 11106.030936 13695
   87 -150.606710     0
   88 -337.727080     4
   89 -553.456029     5
   90 3041.047741 11841
   91 745.488817  3905
   92 17790.555066 26181
   93 11374.473653  6201
   94 -280.001303     0
   95 -469.054378     5
   96 20004.666901 20258
   97 3649.395250 11140
   98 -1920.831936     0
   99 1522.157217  7350
  100 -1570.896652     3
  101 13536.639956  6709
  102 -1528.149748     0
  103 935.378700 20824
  104 3350.925948 10814
  105 -70.252105     3
  106 4088.732812  1080
  107 25582.420140 23377
  108 -2143.525982     6
  109 3045.521064  1281
  110 -493.452867     8
  111 3325.620301 12350
  112 -900.898403     5
  113 26754.550212 21527
  114 -3731.192530     1
  115 1515.188100 12613
  116 1985.814605 25599
  117 1353.286860  2552
  118 540.960983  4764
  119 13966.011986 11817
  120 9613.816070  8720
  121 971.463974   876
  122 21681.564890 21854
  123 -500.832926     9
  124 1441.554541   546
  125 -363.785401     5
  126 -233.305515     1
  127 -805.482770     7
  128 -1707.274551     8
  129 839.540523 22728
  130 3842.476475 12216
  131 4862.217114 19666
  132 606.239313    74
  133 -654.338937     8
  134 6246.282143 16240
  135 241.544807 23404
  136 3289.325447  3066
  137 1374.556345  3236
  138 -1691.651839     9
  139 267.255998 26575
  140 -802.412717     4
  141 10304.606560 23859
  142 -1414.327238     0
  143 1086.578886 15705
  144 304.718105 14460
  145 19789.438738 16428
  146 12097.630065 26421
  147 2035.798027 10799
  148 -2037.026041     0
  149 -40.940486     1
  150 1465.110706 14927
  151 -767.239721     0
  152 9678.398082  4176
  153 3947.834727  3369
  154 -1345.798295     7
  155 -58.544279     6
  156 7792.571924 26851
  157 -1999.130479     8
  158 574.772801  5560
  159 -77.753901     4
  160 6931.225935 13900
  161 -79.951574     9
  162 113.508530 23379
  163 10525.535474 18562
  164 -363.425366     9
  165 -559.900146     0
  166 399.084236  4587
  167 1525.913666  4200
  168 -2610.123104     9
  169 -777.121921     3
  170 -658.566149     4
  171 -1064.577021     3
  172 2706.818490 24598
  173 5056.644318 14057
  174 -2035.928295     9
  175 7330.059896 15891
  176 -399.323657     0
  177 -1799.317553     4
  178 17273.692938 20565
  179 3059.929751 11021
  180 14438.340700 19654
  181 -946.769619     1
  182 518.653322 13672
  183 274.028280 14952
  184 8766.579281 26785
  185 9284.988081  6455
  186 -520.378747     5
  187 -365.689458     5
  188 -1328.097939     5
  189 4281.426013 16729
  190 18182.999716 13760
  191 -547.487453     2
  192 9900.048201 24846
  193 -1806.435269     5
  194 -541.007545     7
  195 -1419.089081     9
  196 -14.601437     1
  197 2385.997000 15816
  198 5323.752118 17659
  199 -706.106873     4
  200 2233.020630  6147
  201 -524.506800     1
  202 1122.236513 26161
  203 15218.829467  9518
  204 -1199.077584     4
  205 18655.119099 18278
  206 2334.730587 12201
  207 -1492.257821     3
  208 -368.920892     5
  209 2853.069532 11251
  210 2841.452541 11128
  211 6306.175906 18494
  212 -355.215685     1
  213 -173.807453     0
  214 5172.949697 15528
  215 -632.279113     5
  216 2230.447960  1154
  217 11779.079466 15143
  218 -220.188406     3
  219 26085.127992 16679
  220 -169.015350     5
  221 1825.492165  1476
  222 2712.414536 19127
  223 4561.031561  5680
  224 3213.383197  2168
  225 -2304.178926     5
  226 21756.065067 25072
  227 1592.838755   460
  228 4460.028421  3095
  229 779.343701  8458
  230 -783.920854     4
  231 4618.504070 11398
  232 3033.553138   881
  233 996.601375  1061
  234 -777.446256     9
  235 2733.440704 17055
  236 -828.285649     9
  237 8064.078544 25768
  238 3114.184681 14732
  239 -1835.690487     2
  240 316.036362    35
  241 9846.494033  9045
  242 -2382.887166     4
  243 4305.948166 25507
  244 5519.233791 27680
  245 1764.830211  6344
  246 22294.443741 21407
  247 -449.292002     8
  248 -2135.872560     2
  249 13833.338395 21608
  250 3259.769017 19993
  251 -147.592199     0
  252 1749.960497   131
  253 8730.758273 26725
  254 -1170.482786     7
  255 4006.142489  4774
  256 -72.771951     8
  257 -1165.141390     3
  258 11173.669772 11874
  259 -680.509733     4
  260 -271.941729     5
  261 1380.096061 15881
  262 -2054.513792     3
  263 4325.821965 14536
  264 818.890562  1231
  265 18574.855956 13187
  266 2076.823569  7031
  267 -779.665319     0
  268 2225.862217 12441
  269 -223.314351     1
  270 -379.841067     0
  271 13039.232034 20832
  272 -41.192389     3
  273 7064.326961 13008
  274 4797.083358  3973
  275 7225.579205  9596
  276 -349.751514     7
  277 3057.821767  8226
  278 5331.624352  8125
  279 3339.246666  1936
  280 3955.633767   519
  281 -156.084039     4
  282 10738.137166 20779
  283 2755.733864  5897
  284 -1729.525248     7
  285 -2226.696304     5
  286 -449.585580     2
  287 10155.077019 13467
  288 -212.222237     7
  289 -336.081334     1
  290 7872.692487 15224
  291 23070.797924 16581
  292 3885.552139 16126
  293 -934.748809     6
  294 6675.964388 12038
  295 10385.210622 14498
  296 1931.109559  4174
  297 -3378.365072     6
  298 -780.999188     5
  299 9434.359059 21172
  300 5311.018821 14979
