300
    1 1045.911224     1
    2 646.000711 22552
    3 -310.616596     7
    4 -111.660390     7
    5 -513.241360     8
    6 6090.801786 11402
    7 10085.873828  7882
    8 7469.013360  5438
    9 -928.736855     7
   10 8147.496809  6863
   11 -1372.142596     1
   12 3678.526505   525
   13 -64.050803     2
   14 9602.729269 20096
   15 -765.029100     7
   16 7264.877169 24956
   17 -1052.363618     8
   18 -3789.108802     6
   19 904.629806 14573
   20 -55.240124     7
   21 9613.261928 21823
   22 8134.227783 15275
   23 4752.237042 14868
   24 -1997.719434     6
   25 9121.762165  2208
   26 -967.494012     1
   27 943.179867 20395
   28 -377.050611     3
   29 1990.607924  4613
   30 9115.233984 14985
   31 3070.580633 10343
   32 -260.859397     7
   33 2135.635602  2104
   34 -483.072768     7
   35 1668.742777 17064
   36 11332.892551 21647
   37 -2002.097954     0
   38 1438.763633  1257
   39 -332.286367     9
   40 1230.481449  2568
   41 8007.795989 12082
   42 8089.943808 15949
   43 1953.043399 13544
   44 7954.193563 23714
   45 -816.931410     8
   46 5744.961092 10842
   47 9932.021023 15863
   48 -336.555089     0
   49 -1262.661978     7
   50 168.510388  1573
   51 2861.344026   828
   52 10270.170901 12746
   53 2289.480502   314
   54 4351.165431 23962
   55 17710.784044 23513
   56 -597.220118     3
   57 9315.188819 27528
   58 -378.996072     5
   59 -2351.169795     3
   60 -2927.920207     2
   61 10727.545280 19028
   62 -498.656771     7
   63 -512.238740     7
   64 2650.469962 26634
   65 629.315528  8009
   66 102.294225 18283
   67 6788.786741 14765
   68 -2866.426159     5
   69 460.958722  4234
   70 12692.380006  6832
   71 9727.622602  6524
   72 -1860.845728     1
   73 1508.876530 23238
   74 22620.273505 23525
   75 -435.236378     4
   76 955.300706 10172
   77 6314.002516 21958
   78 -2157.672624     7
   79 -224.839329     8
   80 -364.344422     1
   81 11337.176061  3195
   82 6164.688960  3101
   83 -447.623303     6
   84 12547.779481  7462
   85 287.137941  1250
   86 8126.395896 13695
   87 -1870.305085     0
   88 -2333.203699     4
   89 -353.603860     5
   90 11333.738926 11841
   91 3072.235918  3905
   92 27585.356967 26181
   93 3945.009614  6201
   94 -197.725513     0
   95 -659.926592     5
   96 5337.085228 20258
   97 6493.407740 11140
   98 -9.115942     0
   99 2406.884551  7350
  100 -1323.840986     3
  101 6917.866523  6709
  102 -2050.259446     0
  103 1420.661049 20824
  104 3013.778072 10814
  105 -592.873351     3
  106 1648.415792  1080
  107 15882.027671 23377
  108 -390.305648     6
  109 789.219176  1281
  110 -589.140093     8
  111 3574.041936 12350
  112 -825.885729     5
  113 4393.365782 21527
  114 -1161.524709     1
  115 3261.286415 12613
  116 8560.991243 25599
  117 1476.829954  2552
  118 4016.146555  4764
  119 33.165470 11817
  120 7488.696705  8720
  121 2052.310108   876
  122 16079.331606 21854
  123 -1104.107105     9
  124 1658.992252   546
  125 -1228.044705     5
  126 -775.463028     1
  127 -1718.608965     7
  128 -1394.176748     8
  129 20484.617103 22728
  130 1822.594811 12216
  131 12394.201895 19666
  132 1715.783708    74
  133 -873.476544     8
  134 6951.178258 16240
  135 4046.624627 23404
  136 2516.480761  3066
  137 3260.674641  3236
  138 -1205.082860     9
  139 17504.535218 26575
  140 -2481.126187     4
  141 13160.936359 23859
  142 -85.362213     0
  143 8864.843308 15705
  144 5481.774899 14460
  145 10312.167419 16428
  146 2377.475580 26421
  147 8323.897062 10799
  148 -2926.996993     0
  149 -1100.925818     1
  150 3294.222605 14927
  151 -805.224076     0
  152 128.780681  4176
  153 171.185815  3369
  154 -1453.468002     7
  155 -1420.221743     6
  156 3972.514145 26851
  157 -489.566892     8
  158 69.527025  5560
  159 -333.693557     4
  160 15271.993945 13900
  161 -685.917026     9
  162 3290.595471 23379
  163 8136.861821 18562
  164 -93.663581     9
  165 -19.811141     0
  166 6800.301471  4587
  167 3109.049392  4200
  168 -81.402177     9
  169 -1429.792640     3
  170 -217.720075     4
  171 -794.365508     3
  172 19951.738653 24598
  173 299.687994 14057
  174 -1018.593111     9
  175 4195.486652 15891
  176 -2265.550818     0
  177 -2647.437669     4
  178 10577.681546 20565
  179 4052.854974 11021
  180 3506.646644 19654
  181 -382.619527     1
  182 1850.372933 13672
  183 12636.716770 14952
  184 3645.220917 26785
  185 8636.166003  6455
  186 -330.664705     5
  187 -402.070497     5
  188 -156.664586     5
  189 998.462270 16729
  190 12887.226543 13760
  191 -1034.522924     2
  192 8896.281167 24846
  193 -2966.364945     5
  194 -186.806575     7
  195 -388.248136     9
  196 -126.337598     1
  197 4475.998685 15816
  198 17899.496067 17659
  199 -1238.170059     4
  200 8204.983094  6147
  201 -2677.473600     1
  202 6187.371729 26161
  203 1537.516648  9518
  204 -934.810229     4
  205 1697.599958 18278
  206 13352.977306 12201
  207 -615.170740     3
  208 -522.508847     5
  209 13613.083559 11251
  210 865.633911 11128
  211 6372.783451 18494
  212 -33.884965     1
  213 -1057.889652     0
  214 3248.947313 15528
  215 -381.332676     5
  216 4522.631242  1154
  217 16606.718952 15143
  218 -1315.467090     3
  219 22656.860027 16679
  220 -40.508228     5
  221 1882.644647  1476
  222 1831.567987 19127
  223 269.394175  5680
  224 5636.862101  2168
  225 -149.906326     5
  226 11594.242962 25072
  227 31.206745   460
  228 5070.606726  3095
  229 2837.248843  8458
  230 -248.197388     4
  231 677.133688 11398
  232 905.960410   881
  233 3616.616355  1061
  234 -341.240026     9
  235 9520.011582 17055
  236 -452.585246     9
  237 21208.631988 25768
  238 400.017040 14732
  239 -1645.190344     2
  240 1928.588752    35
  241 8477.228985  9045
  242 -590.687899     4
  243 24265.560129 25507
  244 5578.795671 27680
  245 5106.457759  6344
  246 7764.806560 21407
  247 -886.810891     8
  248 -589.739034     2
  249 21576.015852 21608
  250 10117.470687 19993
  251 -948.114336     0
  252 3495.486568   131
  253 8860.078149 26725
  254 -116.312870     7
  255 2918.458375  4774
  256 -595.558065     8
  257 -478.493349     3
  258 1739.643080 11874
  259 -2214.561271     4
  260 -522.758843     5
  261 7836.097402 15881
  262 -1894.916707     3
  263 7740.930836 14536
  264 604.259072  1231
  265 27070.296562 13187
  266 2485.078935  7031
  267 -286.528625     0
  268 1463.592093 12441
  269 -136.065342     1
  270 -1665.634113     0
  271 7171.980659 20832
  272 -24.161938     3
  273 7359.272589 13008
  274 3668.825437  3973
  275 11914.469551  9596
  276 -1749.335402     7
  277 1509.992939  8226
  278 3771.595136  8125
  279 1392.230626  1936
  280 585.914227   519
  281 -857.515995     4
  282 1429.002186 20779
  283 1665.359133  5897
  284 -638.461631     7
  285 -852.126184     5
  286 -368.609036     2
  287 16998.937727 13467
  288 -991.304148     7
  289 -380.122700     1
  290 4215.409100 15224
  291 14358.728429 16581
  292 4454.796560 16126
  293 -42.938161     6
  294 738.388644 12038
  295 9943.745186 14498
  296 4811.675684  4174
  297 -2317.212363     6
  298 -571.980235     5
  299 12604.820334 21172
  300 5910.782289 14979
