300
    1 2172.161761     1
    2 13548.048727 22552
    3 -528.899292     7
    4 -925.594764     7
    5 -11.763897     8
    6 4749.622570 11402
    7 4587.750578  7882
    8 8852.144433  5438
    9 -63.977044     7
   10 6903.173928  6863
   11 -155.552304     1
   12 1421.450154   525
   13 -609.128921     2
   14 4062.563171 20096
   15 -133.710809     7
   16 14294.260070 24956
   17 -2535.601323     8
   18 -1527.131167     6
   19 1347.497766 14573
   20 -1874.960039     7
   21 27605.866381 21823
   22 12943.195105 15275
   23 5971.403958 14868
   24 -2373.078190     6
   25 7644.006992  2208
   26 -1316.506912     1
   27 11166.700838 20395
   28 -521.584580     3
   29 505.119070  4613
   30 473.913168 14985
   31 11465.937583 10343
   32 -937.243418     7
   33 4350.162689  2104
   34 -2274.791438     7
   35 8820.655699 17064
   36 18074.146426 21647
   37 -647.339397     0
   38 48.117325  1257
   39 -1510.332319     9
   40 5596.478519  2568
   41 4876.917683 12082
   42 1290.638780 15949
   43 9407.581643 13544
   44 2011.197436 23714
   45 -339.177143     8
   46 11424.631752 10842
   47 10064.299199 15863
   48 -91.691395     0
   49 -216.037661     7
   50 221.624858  1573
   51 1065.688518   828
   52 10162.180490 12746
   53 1702.745753   314
   54 37626.415899 23962
   55 7069.586731 23513
   56 -391.324701     3
   57 24534.459934 27528
   58 -2876.950735     5
   59 -883.222275     3
   60 -2273.059535     2
   61 6712.916626 19028
   62 -618.697472     7
   63 -2084.738099     7
   64 414.458047 26634
   65 1181.938089  8009
   66 2005.676381 18283
   67 7699.927384 14765
   68 -1862.403211     5
   69 5071.586390  4234
   70 925.907095  6832
   71 1618.591778  6524
   72 -1549.010417     1
   73 11586.961575 23238
   74 18185.962139 23525
   75 -445.585761     4
   76 14398.628435 10172
   77 20738.266514 21958
   78 -56.364866     7
   79 -494.249758     8
   80 -69.470695     1
   81 1455.418674  3195
   82 1018.344049  3101
   83 -2901.601871     6
   84 13744.536639  7462
   85 785.982888  1250
   86 8765.659361 13695
   87 -2604.988065     0
   88 -1475.678586     4
   89 -2108.194824     5
   90 2897.076523 11841
   91 6029.100662  3905
   92 11776.182775 26181
   93 997.629498  6201
   94 -933.007196     0
   95 -219.418227     5
   96 28646.430776 20258
   97 3425.650334 11140
   98 -227.279332     0
   99 13.911046  7350
  100 -709.188821     3
  101 2498.373567  6709
  102 -186.146382     0
  103 142.893381 20824
  104 6652.008009 10814
  105 -112.924722     3
  106 2378.703972  1080
  107 2750.540378 23377
  108 -2655.418683     6
  109 3418.899583  1281
  110 -821.358500     8
  111 4717.944385 12350
  112 -101.975431     5
  113 219.518234 21527
  114 -802.698883     1
  115 3989.551022 12613
  116 25702.817618 25599
  117 49.620885  2552
  118 3965.383246  4764
  119 14195.850876 11817
  120 12599.300268  8720
  121 75.023170   876
  122 17998.217232 21854
  123 -42.216578     9
  124 1284.800710   546
  125 -1030.813281     5
  126 -1993.358037     1
  127 -1230.765466     7
  128 -2947.182145     8
  129 32867.443109 22728
  130 2824.811023 12216
  131 3631.320019 19666
  132 4086.087956    74
  133 -682.333414     8
  134 2587.180080 16240
  135 1710.667014 23404
  136 4640.782472  3066
  137 3272.063422  3236
  138 -2121.678912     9
  139 30924.296523 26575
  140 -3623.779532     4
  141 5346.150588 23859
  142 -1101.048622     0
  143 13901.839149 15705
  144 7788.540151 14460
  145 1706.481720 16428
  146 11971.013936 26421
  147 3156.326451 10799
  148 -1007.592767     0
  149 -1209.445350     1
  150 543.878020 14927
  151 -1522.793992     0
  152 4164.263966  4176
  153 1512.119881  3369
  154 -975.649972     7
  155 -243.886802     6
  156 12993.425716 26851
  157 -1827.779948     8
  158 2784.145222  5560
  159 -174.120301     4
  160 7185.057426 13900
  161 -1371.278173     9
  162 3544.083418 23379
  163 10392.268885 18562
  164 -1275.696808     9
  165 -786.266732     0
  166 2203.080614  4587
  167 4271.902579  4200
  168 -2232.973891     9
  169 -1090.704357     3
  170 -1364.491500     4
  171 -677.517526     3
  172 16961.631851 24598
  173 2120.345862 14057
  174 -151.025519     9
  175 21723.028531 15891
  176 -722.051069     0
  177 -304.076634     4
  178 14564.710844 20565
  179 5905.603432 11021
  180 4900.204606 19654
  181 -2242.289401     1
  182 2061.799044 13672
  183 9807.214697 14952
  184 23529.703295 26785
  185 2253.318899  6455
  186 -251.128590     5
  187 -1721.013383     5
  188 -19.898414     5
  189 7211.590573 16729
  190 5162.980269 13760
  191 -242.501333     2
  192 7212.387968 24846
  193 -561.580058     5
  194 -462.136358     7
  195 -1989.850679     9
  196 -993.395668     1
  197 4903.720822 15816
  198 8057.221462 17659
  199 -623.964251     4
  200 8175.786885  6147
  201 -374.787494     1
  202 10617.615352 26161
  203 12332.334842  9518
  204 -748.860178     4
  205 11722.468137 18278
  206 11759.904430 12201
  207 -1060.396634     3
  208 -386.019964     5
  209 6517.059542 11251
  210 3424.439514 11128
  211 15327.266729 18494
  212 -541.974273     1
  213 -205.051768     0
  214 6836.047514 15528
  215 -145.710524     5
  216 3969.918159  1154
  217 10559.979826 15143
  218 -93.268162     3
  219 4085.886140 16679
  220 -853.076382     5
  221 2339.002710  1476
  222 9872.660699 19127
  223 7142.960586  5680
  224 268.178928  2168
  225 -583.658003     5
  226 10256.372896 25072
  227 3272.839033   460
  228 1349.830322  3095
  229 11019.199985  8458
  230 -608.549337     4
  231 7278.058024 11398
  232 1851.523702   881
  233 4566.953953  1061
  234 -177.012374     9
  235 16832.976831 17055
  236 -1155.570815     9
  237 18073.355761 25768
  238 6187.098967 14732
  239 -230.393077     2
  240 1028.962722    35
  241 5089.780666  9045
  242 -1087.516656     4
  243 22798.839587 25507
  244 12335.069659 27680
  245 2226.797342  6344
  246 9625.883883 21407
  247 -450.467458     8
  248 -933.310664     2
  249 18234.383747 21608
  250 1327.380622 19993
  251 -724.144238     0
  252 1904.169580   131
  253 27143.322190 26725
  254 -842.713921     7
  255 1569.874824  4774
  256 -1024.191304     8
  257 -1176.394036     3
  258 9955.171743 11874
  259 -111.146554     4
  260 -531.032081     5
  261 4822.114750 15881
  262 -461.288392     3
  263 8244.283649 14536
  264 397.862851  1231
  265 3924.975538 13187
  266 10091.231994  7031
  267 -760.981506     0
  268 8014.629471 12441
  269 -2416.846009     1
  270 -507.406869     0
  271 5083.348043 20832
  272 -544.067989     3
  273 2966.185992 13008
  274 4033.539099  3973
  275 9211.722286  9596
  276 -154.185857     7
  277 4981.705003  8226
  278 8918.850870  8125
  279 5696.003028  1936
  280 2037.133427   519
  281 -849.074911     4
  282 19323.423087 20779
  283 6014.724716  5897
  284 -1693.751705     7
  285 -1853.712926     5
  286 -133.995355     2
  287 10257.208012 13467
  288 -898.041414     7
  289 -426.247475     1
  290 7186.616056 15224
  291 12893.104607 16581
  292 3426.381619 16126
  293 -356.087902     6
  294 10074.746080 12038
  295 12243.188122 14498
  296 349.941088  4174
  297 -1760.698666     6
  298 -889.962388     5
  299 4630.825738 21172
  300 8517.588405 14979
