300
    1 4344.034862     1
    2 1198.197953 22552
    3 -2474.175731     7
    4 -1480.178615     7
    5 -396.354571     8
    6 7668.003951 11402
    7 4855.331450  7882
    8 2295.653781  5438
    9 -250.008907     7
   10 816.680277  6863
   11 -514.280332     1
   12 4237.175815   525
   13 -423.915556     2
   14 4533.745590 20096
   15 -1557.620432     7
   16 5872.760208 24956
   17 -2084.294218     8
   18 -2939.673859     6
   19 5970.092672 14573
   20 -300.656802     7
   21 16569.267617 21823
   22 22948.104946 15275
   23 13304.037140 14868
   24 -1194.372329     6
   25 973.148352  2208
   26 -2059.661321     1
   27 14262.389955 20395
   28 -1234.654078     3
   29 1161.672139  4613
   30 1363.740754 14985
   31 2206.373741 10343
   32 -187.933665     7
   33 5478.590039  2104
   34 -1430.777406     7
   35 7328.029964 17064
   36 989.619499 21647
   37 -1568.304662     0
   38 305.327762  1257
   39 -99.248855     9
   40 4828.077555  2568
   41 2467.778306 12082
   42 3303.570675 15949
   43 2697.701252 13544
   44 3122.315565 23714
   45 -1019.110432     8
   46 12422.683973 10842
   47 13557.474158 15863
   48 -660.884890     0
   49 -188.326528     7
   50 93.295021  1573
   51 4394.527248   828
   52 1279.292333 12746
   53 2208.283704   314
   54 4068.594586 23962
   55 14630.205897 23513
   56 -413.171217     3
   57 14190.701675 27528
   58 -1062.146696     5
   59 -540.073810     3
   60 -1788.906411     2
   61 22255.108592 19028
   62 -3833.049614     7
   63 -630.192003     7
   64 23721.533502 26634
   65 5632.674781  8009
   66 2598.651698 18283
   67 9613.915894 14765
   68 -2702.456068     5
   69 3124.677239  4234
   70 14893.226819  6832
   71 6314.482037  6524
   72 -724.388418     1
   73 8892.036080 23238
   74 16018.750617 23525
   75 -696.886338     4
   76 655.575788 10172
   77 5872.019961 21958
   78 -1752.108916     7
   79 -796.380104     8
   80 -559.591582     1
   81 1493.603286  3195
   82 7178.076746  3101
   83 -617.728808     6
   84 4979.745413  7462
   85 4938.220217  1250
   86 12239.957663 13695
   87 -83.887683     0
   88 -180.859432     4
   89 -518.779797     5
   90 3166.998060 11841
   91 5858.290536  3905
   92 4308.227621 26181
   93 2234.369528  6201
   94 -1199.239978     0
   95 -1366.799540     5
   96 14450.534694 20258
   97 13348.919525 11140
   98 -184.564728     0
   99 5992.138624  7350
  100 -1619.890991     3
  101 2323.630881  6709
  102 -614.881346     0
  103 10261.360189 20824
  104 7140.097955 10814
  105 -941.824712     3
  106 2727.188517  1080
  107 2886.864012 23377
  108 -1646.806340     6
  109 6178.386963  1281
  110 -1001.373344     8
  111 5523.751327 12350
  112 -646.764849     5
  113 27814.246719 21527
  114 -977.630539     1
  115 5426.027174 12613
  116 13348.396022 25599
  117 1598.518715  2552
  118 4661.823545  4764
  119 12025.568734 11817
  120 3070.145654  8720
  121 2391.887095   876
  122 16206.430752 21854
  123 -151.378368     9
  124 2556.769571   546
  125 -109.092293     5
  126 -241.895988     1
  127 -866.463441     7
  128 -436.345379     8
  129 26393.830632 22728
  130 2676.226636 12216
  131 4931.864128 19666
  132 2933.532017    74
  133 -129.729065     8
  134 13533.067851 16240
  135 5794.271855 23404
  136 46.697820  3066
  137 1776.991022  3236
  138 -2304.039545     9
  139 8277.220014 26575
  140 -589.774815     4
  141 2259.086663 23859
  142 -815.903745     0
  143 1397.514565 15705
  144 6571.436885 14460
  145 1846.895982 16428
  146 20330.400833 26421
  147 1413.590541 10799
  148 -485.596880     0
  149 -211.382875     1
  150 1105.459687 14927
  151 -855.451275     0
  152 2846.100540  4176
  153 2253.225683  3369
  154 -2366.718807     7
  155 -382.807331     6
  156 16481.436256 26851
  157 -767.552898     8
  158 520.636813  5560
  159 -439.773165     4
  160 13168.415406 13900
  161 -47.843047     9
  162 5653.626615 23379
  163 14292.393182 18562
  164 -1435.010908     9
  165 -535.637084     0
  166 5330.419795  4587
  167 4168.671134  4200
  168 -77.803303     9
  169 -948.508355     3
  170 -1485.617441     4
  171 -885.551960     3
  172 1929.024986 24598
  173 18782.785715 14057
  174 -1735.593962     9
  175 2229.664700 15891
  176 -1580.957899     0
  177 -1440.137903     4
  178 14967.745191 20565
  179 9732.890818 11021
  180 19710.712836 19654
  181 -1248.339940     1
  182 1586.497959 13672
  183 9360.004649 14952
  184 4613.464922 26785
  185 4944.151926  6455
  186 -765.423635     5
  187 -286.556614     5
  188 -430.870850     5
  189 2774.191523 16729
  190 11785.727980 13760
  191 -396.940013     2
  192 18164.619778 24846
  193 -474.777395     5
  194 -351.168730     7
  195 -3863.577929     9
  196 -561.629652     1
  197 27967.143252 15816
  198 990.049256 17659
  199 -356.424212     4
  200 3625.236446  6147
  201 -200.954577     1
  202 19021.140604 26161
  203 5331.518035  9518
  204 -1223.801807     4
  205 13572.521929 18278
  206 3978.560588 12201
  207 -551.442762     3
  208 -2731.941799     5
  209 7312.197646 11251
  210 5070.745609 11128
  211 15073.603173 18494
  212 -545.612929     1
  213 -45.358989     0
  214 18441.475185 15528
  215 -689.356458     5
  216 3137.597480  1154
  217 17220.027657 15143
  218 -581.605694     3
  219 20283.346422 16679
  220 -1319.296409     5
  221 1446.870829  1476
  222 793.579431 19127
  223 329.194011  5680
  224 2332.490765  2168
  225 -377.457770     5
  226 7705.469337 25072
  227 1168.487947   460
  228 7849.812102  3095
  229 5395.233325  8458
  230 -1631.711593     4
  231 1736.244284 11398
  232 520.151277   881
  233 3738.817581  1061
  234 -1270.157036     9
  235 19626.940567 17055
  236 -682.936442     9
  237 17.490560 25768
  238 3126.127570 14732
  239 -98.648850     2
  240 948.228270    35
  241 1767.844634  9045
  242 -1722.151334     4
  243 21947.988270 25507
  244 11899.141602 27680
  245 624.258586  6344
  246 17734.759496 21407
  247 -475.517318     8
  248 -640.690549     2
  249 5542.091633 21608
  250 15012.193814 19993
  251 -1115.994765     0
  252 662.759195   131
  253 29131.176437 26725
  254 -535.907725     7
  255 51.419335  4774
  256 -2166.466190     8
  257 -609.109295     3
  258 13474.785017 11874
  259 -984.653816     4
  260 -2124.836444     5
  261 4317.564445 15881
  262 -351.916859     3
  263 6498.558551 14536
  264 3625.985788  1231
  265 4044.298929 13187
  266 982.946265  7031
  267 -239.448559     0
  268 3709.334603 12441
  269 -443.989032     1
  270 -2100.009865     0
  271 11251.639449 20832
  272 -177.117695     3
  273 2185.999877 13008
  274 3792.295029  3973
  275 2417.142455  9596
  276 -1770.396853     7
  277 1165.606485  8226
  278 7435.032247  8125
  279 3168.422064  1936
  280 3652.034155   519
  281 -440.645594     4
  282 16193.715401 20779
  283 276.938115  5897
  284 -1972.417228     7
  285 -2142.642452     5
  286 -651.381151     2
  287 11700.810801 13467
  288 -2549.273423     7
  289 -53.651328     1
  290 10989.302788 15224
  291 9019.209718 16581
  292 2200.322437 16126
  293 -1512.147655     6
  294 4247.231432 12038
  295 1197.231688 14498
  296 5218.635289  4174
  297 -873.446934     6
  298 -1533.970667     5
  299 8124.998205 21172
  300 3705.199205 14979
