300
    1 841.461174     1
    2 27038.102746 22552
    3 -814.229643     7
    4 -895.924817     7
    5 -72.732381     8
    6 5627.211076 11402
    7 1363.590875  7882
    8 2338.526441  5438
    9 -1776.650772     7
   10 6390.357704  6863
   11 -48.960180     1
   12 3688.568262   525
   13 -376.660118     2
   14 11359.867420 20096
   15 -80.867757     7
   16 23185.823132 24956
   17 -1494.642938     8
   18 -1420.816285     6
   19 7944.701228 14573
   20 -250.619698     7
   21 22379.033598 21823
   22 200.327843 15275
   23 15077.027698 14868
   24 -968.234376     6
   25 2692.823276  2208
   26 -717.231488     1
   27 2020.313436 20395
   28 -1604.963350     3
   29 2125.703785  4613
   30 88.573407 14985
   31 12864.377335 10343
   32 -296.811114     7
   33 3660.467218  2104
   34 -1252.392313     7
   35 4567.873427 17064
   36 21224.423328 21647
   37 -449.401889     0
   38 2498.013794  1257
   39 -1360.942201     9
   40 1540.622590  2568
   41 5162.050822 12082
   42 5269.784344 15949
   43 11166.788563 13544
   44 7009.421555 23714
   45 -1111.446207     8
   46 5964.493204 10842
   47 10332.551560 15863
   48 -423.210696     0
   49 -693.527638     7
   50 31.027901  1573
   51 4679.121413   828
   52 3513.935349 12746
   53 1508.019289   314
   54 7726.882753 23962
   55 4334.967296 23513
   56 -879.829364     3
   57 17017.105103 27528
   58 -1588.116280     5
   59 -2267.877333     3
   60 -113.666750     2
   61 13721.806821 19028
   62 -1042.191603     7
   63 -402.016136     7
   64 8324.899157 26634
   65 689.690545  8009
   66 11618.813867 18283
   67 6609.586193 14765
   68 -2308.160884     5
   69 801.998077  4234
   70 5336.367273  6832
   71 7004.523157  6524
   72 -1046.612280     1
   73 996.895238 23238
   74 24745.430655 23525
   75 -287.762110     4
   76 9479.737075 10172
   77 9448.054255 21958
   78 -1490.070770     7
   79 -417.173155     8
   80 -11.031356     1
   81 1932.190182  3195
   82 3524.608229  3101
   83 -1007.936455     6
   84 5079.243007  7462
   85 1076.439170  1250
   86 6753.263777 13695
   87 -1535.669494     0
   88 -2963.266379     4
   89 -1135.037797     5
   90 380.121296 11841
   91 2131.790304  3905
   92 8230.862650 26181
   93 2589.689885  6201
   94 -1166.263182     0
   95 -205.906183     5
   96 12077.814080 20258
   97 11994.474323 11140
   98 -270.967339     0
   99 1739.009829  7350
  100 -13.979578     3
  101 7689.047383  6709
  102 -372.652654     0
  103 14153.751924 20824
  104 13669.721158 10814
  105 -554.253398     3
  106 3971.064280  1080
  107 15876.472211 23377
  108 -624.639114     6
  109 6290.570103  1281
  110 -1216.793157     8
  111 342.927025 12350
  112 -3.770482     5
  113 2979.311080 21527
  114 -376.319313     1
  115 5512.941565 12613
  116 12823.112543 25599
  117 2011.731162  2552
  118 497.142512  4764
  119 3929.305867 11817
  120 4575.992074  8720
  121 2437.288218   876
  122 12016.133556 21854
  123 -265.058152     9
  124 1339.188916   546
  125 -284.740801     5
  126 -432.517345     1
  127 -1007.227208     7
  128 -1566.984368     8
  129 27283.649474 22728
  130 11874.132161 12216
  131 30668.401373 19666
  132 196.579701    74
  133 -948.832522     8
  134 2901.471046 16240
  135 3976.696953 23404
  136 308.922742  3066
  137 2552.748733  3236
  138 -917.339828     9
  139 7529.491249 26575
  140 -1246.264752     4
  141 248.990306 23859
  142 -740.861092     0
  143 15506.825222 15705
  144 1057.924909 14460
  145 8293.516788 16428
  146 1144.830254 26421
  147 12635.426751 10799
  148 -1605.599838     0
  149 -775.895128     1
  150 10187.574824 14927
  151 -772.214775     0
  152 1210.266097  4176
  153 5982.908067  3369
  154 -555.616330     7
  155 -1203.591519     6
  156 10869.309540 26851
  157 -841.941798     8
  158 118.199378  5560
  159 -645.496642     4
  160 3838.992594 13900
  161 -1211.214798     9
  162 8740.624100 23379
  163 14157.052274 18562
  164 -409.593023     9
  165 -1049.801866     0
  166 2776.352973  4587
  167 8339.083164  4200
  168 -348.263171     9
  169 -708.446406     3
  170 -1071.580017     4
  171 -1650.227703     3
  172 16833.300071 24598
  173 27080.557189 14057
  174 -1181.345661     9
  175 14456.910685 15891
  176 -657.860640     0
  177 -963.872322     4
  178 1114.447136 20565
  179 15288.396053 11021
  180 3558.358903 19654
  181 -1648.661201     1
  182 6054.405914 13672
  183 3698.510491 14952
  184 22885.241612 26785
  185 5164.620333  6455
  186 -813.868660     5
  187 -158.273172     5
  188 -386.065035     5
  189 1667.219778 16729
  190 11007.159924 13760
  191 -63.025889     2
  192 18201.958765 24846
  193 -1335.250839     5
  194 -356.641345     7
  195 -1297.650338     9
  196 -909.881054     1
  197 1975.211617 15816
  198 8957.971518 17659
  199 -136.878423     4
  200 668.003597  6147
  201 -258.565049     1
  202 9800.320208 26161
  203 5059.545995  9518
  204 -356.174802     4
  205 5540.780732 18278
  206 3396.644616 12201
  207 -1028.111776     3
  208 -466.381409     5
  209 22161.630461 11251
  210 2516.248281 11128
  211 451.513985 18494
  212 -681.839064     1
  213 -903.720391     0
  214 11093.729856 15528
  215 -214.717410     5
  216 1420.840000  1154
  217 2260.447672 15143
  218 -324.193446     3
  219 7857.315792 16679
  220 -576.213298     5
  221 4027.629822  1476
  222 16217.646354 19127
  223 1274.422449  5680
  224 5433.729904  2168
  225 -1099.032013     5
  226 18716.982282 25072
  227 2702.071363   460
  228 1648.841663  3095
  229 11717.697357  8458
  230 -2311.921427     4
  231 19388.413603 11398
  232 1276.595316   881
  233 2906.641877  1061
  234 -263.558820     9
  235 3364.677515 17055
  236 -1962.994281     9
  237 13837.907797 25768
  238 3377.479070 14732
  239 -1610.871270     2
  240 681.817840    35
  241 225.161578  9045
  242 -500.758354     4
  243 4856.245736 25507
  244 16821.049037 27680
  245 3558.225107  6344
  246 13808.996429 21407
  247 -731.184857     8
  248 -498.575297     2
  249 12558.010551 21608
  250 2311.239346 19993
  251 -1356.418475     0
  252 5895.294557   131
  253 19998.651219 26725
  254 -118.751881     7
  255 127.837038  4774
  256 -569.094318     8
  257 -1976.572807     3
  258 779.696878 11874
  259 -1142.649745     4
  260 -687.257577     5
  261 5441.080896 15881
  262 -501.917381     3
  263 10077.668825 14536
  264 3121.740405  1231
  265 20182.751906 13187
  266 384.958847  7031
  267 -1882.703206     0
  268 9892.918243 12441
  269 -542.183118     1
  270 -1973.046325     0
  271 17288.162254 20832
  272 -103.932114     3
  273 8916.689882 13008
  274 427.984957  3973
  275 8377.593890  9596
  276 -1444.862987     7
  277 3340.503529  8226
  278 5766.265788  8125
  279 544.686347  1936
  280 4869.207258   519
  281 -456.373591     4
  282 11240.072356 20779
  283 1109.375527  5897
  284 -1670.872493     7
  285 -767.502178     5
  286 -1047.911688     2
  287 144.085572 13467
  288 -748.629556     7
  289 -230.777185     1
  290 10887.323270 15224
  291 25043.078088 16581
  292 9856.569235 16126
  293 -235.174634     6
  294 7061.592514 12038
  295 4871.841083 14498
  296 4310.402347  4174
  297 -594.010203     6
  298 -1265.665180     5
  299 4916.476174 21172
  300 2868.300164 14979
