300
    1 1002.678513     1
    2 29891.773527 22552
    3 -397.265021     7
    4 -37.617577     7
    5 -424.863063     8
    6 3780.082046 11402
    7 2420.523147  7882
    8 1307.982132  5438
    9 -405.710088     7
   10 7538.407043  6863
   11 -392.483904     1
   12 2125.501999   525
   13 -266.226539     2
   14 4694.453502 20096
   15 -2440.075188     7
   16 205.344030 24956
   17 -122.713001     8
   18 -965.009996     6
   19 3321.109081 14573
   20 -260.471101     7
   21 9679.578060 21823
   22 9601.693220 15275
   23 9895.079726 14868
   24 -1765.651585     6
   25 2736.890839  2208
   26 -1021.078999     1
   27 2398.812885 20395
   28 -553.414652     3
   29 1290.062940  4613
   30 10034.541571 14985
   31 3220.266209 10343
   32 -261.950418     7
   33 3707.116392  2104
   34 -589.456425     7
   35 17896.194349 17064
   36 115.842009 21647
   37 -579.672386     0
   38 3024.921599  1257
   39 -117.182600     9
   40 5711.333541  2568
   41 1896.624179 12082
   42 10600.228660 15949
   43 2047.970706 13544
   44 35204.251805 23714
   45 -446.016371     8
   46 1316.715137 10842
   47 2008.254807 15863
   48 -0.880769     0
   49 -280.161639     7
   50 3796.330116  1573
   51 2187.484684   828
   52 3466.505720 12746
   53 197.231333   314
   54 8389.679053 23962
   55 4191.205712 23513
   56 -349.118690     3
   57 1274.848595 27528
   58 -720.135047     5
   59 -2717.716257     3
   60 -2065.105220     2
   61 5611.926124 19028
   62 -2873.605514     7
   63 -83.200831     7
   64 4073.477636 26634
   65 1673.353408  8009
   66 20831.258755 18283
   67 2592.910649 14765
   68 -1625.929355     5
   69 1146.293159  4234
   70 340.311439  6832
   71 2337.514115  6524
   72 -260.303886     1
   73 4927.430320 23238
   74 28.447617 23525
   75 -786.053647     4
   76 13753.857528 10172
   77 23454.211615 21958
   78 -520.265089     7
   79 -86.299262     8
   80 -459.472285     1
   81 2709.176338  3195
   82 1121.089119  3101
   83 -2847.745520     6
   84 4986.653002  7462
   85 1301.270215  1250
   86 706.075667 13695
   87 -468.620549     0
   88 -165.220761     4
   89 -863.960249     5
   90 491.377302 11841
   91 1694.481823  3905
   92 27124.051877 26181
   93 1890.385092  6201
   94 -178.583687     0
   95 -654.356276     5
   96 29015.937007 20258
   97 2308.067064 11140
   98 -102.864759     0
   99 20622.704658  7350
  100 -388.810432     3
  101 1839.391477  6709
  102 -1673.301704     0
  103 599.102135 20824
  104 7596.554968 10814
  105 -119.323870     3
  106 1794.460420  1080
  107 4218.982271 23377
  108 -949.863146     6
  109 188.134580  1281
  110 -466.726322     8
  111 554.856466 12350
  112 -1454.792664     5
  113 22521.308153 21527
  114 -1877.530931     1
  115 1583.483377 12613
  116 15588.622112 25599
  117 866.865226  2552
  118 564.760387  4764
  119 2641.368035 11817
  120 166.136987  8720
  121 2558.921185   876
  122 28967.103294 21854
  123 -242.665413     9
  124 6046.450713   546
  125 -429.421487     5
  126 -7.887294     1
  127 -2336.157697     7
  128 -2583.691812     8
  129 5854.315545 22728
  130 804.190744 12216
  131 6230.920786 19666
  132 5171.491841    74
  133 -232.629251     8
  134 5129.072368 16240
  135 34397.732639 23404
  136 6074.612315  3066
  137 826.961512  3236
  138 -2670.939606     9
  139 1745.738024 26575
  140 -1165.559946     4
  141 5692.910283 23859
  142 -2370.228025     0
  143 2916.113426 15705
  144 12789.532724 14460
  145 958.276195 16428
  146 50452.683724 26421
  147 5075.861051 10799
  148 -2128.019951     0
  149 -2150.733095     1
  150 3967.351478 14927
  151 -222.061386     0
  152 3890.527126  4176
  153 553.039345  3369
  154 -2136.966052     7
  155 -36.287684     6
  156 2669.049276 26851
  157 -347.991351     8
  158 345.260030  5560
  159 -588.394948     4
  160 2350.172795 13900
  161 -51.391853     9
  162 6604.741374 23379
  163 4597.024469 18562
  164 -230.241256     9
  165 -72.512284     0
  166 3859.861619  4587
  167 3704.166947  4200
  168 -478.543629     9
  169 -304.198867     3
  170 -171.722826     4
  171 -2882.031581     3
  172 12824.295576 24598
  173 1446.556786 14057
  174 -633.142341     9
  175 199.713335 15891
  176 -436.530131     0
  177 -1826.303948     4
  178 4888.100795 20565
  179 9985.274615 11021
  180 23134.055149 19654
  181 -1006.100209     1
  182 14039.510313 13672
  183 9932.179739 14952
  184 18205.618501 26785
  185 380.087331  6455
  186 -11.554500     5
  187 -180.869332     5
  188 -380.196663     5
  189 2632.900860 16729
  190 15595.243680 13760
  191 -26.597111     2
  192 33542.402058 24846
  193 -1615.380545     5
  194 -595.284343     7
  195 -19.732237     9
  196 -4.664678     1
  197 3317.119946 15816
  198 5451.754274 17659
  199 -1239.346015     4
  200 4819.665205  6147
  201 -603.808079     1
  202 8789.666540 26161
  203 7292.617130  9518
  204 -1882.041724     4
  205 6090.465492 18278
  206 18652.448979 12201
  207 -1506.389237     3
  208 -323.132880     5
  209 10637.662010 11251
  210 2709.180869 11128
  211 9426.000217 18494
  212 -497.057679     1
  213 -484.608817     0
  214 2584.166573 15528
  215 -1464.594261     5
  216 774.542071  1154
  217 4915.011510 15143
  218 -278.502097     3
  219 1701.734040 16679
  220 -167.278029     5
  221 203.989412  1476
  222 15671.080062 19127
  223 7179.386123  5680
  224 3055.759019  2168
  225 -398.847975     5
  226 10148.944669 25072
  227 1305.377975   460
  228 3443.530352  3095
  229 4969.724195  8458
  230 -1425.701620     4
  231 12915.878242 11398
  232 1372.086622   881
  233 1148.474167  1061
  234 -289.462603     9
  235 6125.367510 17055
  236 -1052.659105     9
  237 7248.707836 25768
  238 596.542719 14732
  239 -912.026099     2
  240 1872.655874    35
  241 9708.448946  9045
  242 -1642.867005     4
  243 21529.677703 25507
  244 8599.016585 27680
  245 4340.380772  6344
  246 8252.900091 21407
  247 -1001.562902     8
  248 -24.545065     2
  249 4853.194211 21608
  250 5603.414927 19993
  251 -378.398118     0
  252 958.547548   131
  253 23793.243143 26725
  254 -215.866602     7
  255 3638.466407  4774
  256 -829.418931     8
  257 -189.489395     3
  258 2700.639445 11874
  259 -1101.824046     4
  260 -642.303735     5
  261 11921.826877 15881
  262 -935.819710     3
  263 19858.067248 14536
  264 1058.156308  1231
  265 8958.190323 13187
  266 5113.747549  7031
  267 -1053.641947     0
  268 4095.492011 12441
  269 -334.835720     1
  270 -785.957124     0
  271 10648.651179 20832
  272 -906.061405     3
  273 14383.706286 13008
  274 102.739150  3973
  275 8275.474051  9596
  276 -851.283013     7
  277 8885.821101  8226
  278 3570.039941  8125
  279 1605.725030  1936
  280 1091.348405   519
  281 -630.804179     4
  282 9222.064438 20779
  283 9252.038788  5897
  284 -856.006310     7
  285 -724.567895     5
  286 -740.146957     2
  287 4879.571446 13467
  288 -484.572391     7
  289 -444.225919     1
  290 6517.672590 15224
  291 7470.192062 16581
  292 9096.186664 16126
  293 -1349.421152     6
  294 1768.504896 12038
  295 13743.157007 14498
  296 2774.746309  4174
  297 -647.251193     6
  298 -1221.266848     5
  299 21710.476688 21172
  300 137.401374 14979
