300
    1 1406.996791     1
    2 26478.818139 22552
    3 -1916.483758     7
    4 -976.175083     7
    5 -997.615576     8
    6 5510.529138 11402
    7 90.859809  7882
    8 8901.569493  5438
    9 -648.167604     7
   10 2806.041316  6863
   11 -295.658324     1
   12 367.769029   525
   13 -233.707556     2
   14 8147.896120 20096
   15 -65.917707     7
   16 11654.064244 24956
   17 -318.419231     8
   18 -853.643327     6
   19 20038.681323 14573
   20 -1465.571917     7
   21 22644.059758 21823
   22 2969.714964 15275
   23 1259.539601 14868
   24 -924.568025     6
   25 3225.721138  2208
   26 -148.259272     1
   27 6341.390448 20395
   28 -759.364306     3
   29 3322.702109  4613
   30 1765.480049 14985
   31 8505.464584 10343
   32 -104.380256     7
   33 4327.757619  2104
   34 -92.445803     7
   35 9780.860251 17064
   36 22361.157439 21647
   37 -417.844879     0
   38 1022.589925  1257
   39 -1361.270681     9
   40 4572.119825  2568
   41 873.548147 12082
   42 11363.612723 15949
   43 14759.689942 13544
   44 6244.431453 23714
   45 -1001.410035     8
   46 29.377220 10842
   47 19987.282672 15863
   48 -472.678297     0
   49 -1168.698402     7
   50 1031.366217  1573
   51 966.570325   828
   52 11709.492429 12746
   53 2014.153840   314
   54 26248.660404 23962
   55 1375.749019 23513
   56 -2932.518024     3
   57 13394.693689 27528
   58 -1165.524541     5
   59 -909.776652     3
   60 -370.597587     2
   61 10522.773336 19028
   62 -870.589524     7
   63 -3365.757352     7
   64 7820.932693 26634
   65 6470.028621  8009
   66 6349.787943 18283
   67 11450.255078 14765
   68 -1282.700391     5
   69 9179.474905  4234
   70 1294.934832  6832
   71 7852.755251  6524
   72 -1687.712606     1
   73 16676.190845 23238
   74 7040.960984 23525
   75 -906.889626     4
   76 543.731863 10172
   77 8229.855134 21958
   78 -584.661727     7
   79 -26.965180     8
   80 -1046.732542     1
   81 224.825947  3195
   82 1444.948433  3101
   83 -1.517387     6
   84 11337.445662  7462
   85 588.744447  1250
   86 9805.991968 13695
   87 -2616.785595     0
   88 -458.599866     4
   89 -391.457049     5
   90 4231.971709 11841
   91 917.388445  3905
   92 11180.040617 26181
   93 1089.394808  6201
   94 -472.998562     0
   95 -822.919537     5
   96 10347.609017 20258
   97 885.207140 11140
   98 -299.631290     0
   99 1950.435606  7350
  100 -642.588937     3
  101 5295.914438  6709
  102 -1134.302538     0
  103 1251.227659 20824
  104 7676.137768 10814
  105 -92.484971     3
  106 2217.783540  1080
  107 8075.616622 23377
  108 -81.961485     6
  109 7370.453650  1281
  110 -1566.584800     8
  111 3064.930671 12350
  112 -938.929022     5
  113 3836.424887 21527
  114 -1071.851487     1
  115 3676.677203 12613
  116 20928.117409 25599
  117 1734.490230  2552
  118 5000.001973  4764
  119 5898.236494 11817
  120 4966.359665  8720
  121 1054.229090   876
  122 11046.060419 21854
  123 -53.423198     9
  124 1029.471540   546
  125 -609.588493     5
  126 -1661.104131     1
  127 -296.178670     7
  128 -1065.666018     8
  129 18648.632182 22728
  130 19622.480999 12216
  131 2676.310255 19666
  132 4503.656082    74
  133 -184.597965     8
  134 10496.096179 16240
  135 29603.458549 23404
  136 1286.290500  3066
  137 2370.435071  3236
  138 -2069.708712     9
  139 17710.352402 26575
  140 -387.209740     4
  141 20558.362095 23859
  142 -307.380476     0
  143 9333.778479 15705
  144 6696.219671 14460
  145 15997.739046 16428
  146 19065.873270 26421
  147 10490.167212 10799
  148 -688.163930     0
  149 -1279.990097     1
  150 12507.779560 14927
  151 -208.023376     0
  152 3441.303393  4176
  153 219.190761  3369
  154 -1029.553366     7
  155 -1781.373506     6
  156 12859.543221 26851
  157 -71.746765     8
  158 7009.733892  5560
  159 -1120.256725     4
  160 2041.674878 13900
  161 -745.646720     9
  162 19797.257221 23379
  163 14049.946285 18562
  164 -249.659637     9
  165 -1338.163068     0
  166 2458.699204  4587
  167 4382.999613  4200
  168 -1500.535879     9
  169 -261.632338     3
  170 -1004.115764     4
  171 -492.264428     3
  172 3705.235713 24598
  173 1729.813222 14057
  174 -726.296191     9
  175 9541.228639 15891
  176 -484.526086     0
  177 -1288.841405     4
  178 3681.717757 20565
  179 3531.456825 11021
  180 8349.768982 19654
  181 -863.768732     1
  182 2294.026424 13672
  183 13340.582068 14952
  184 7348.625270 26785
  185 933.437065  6455
  186 -279.486923     5
  187 -632.694923     5
  188 -190.059523     5
  189 6071.085073 16729
  190 6092.414368 13760
  191 -534.414873     2
  192 13928.791794 24846
  193 -897.145026     5
  194 -564.320072     7
  195 -993.498167     9
  196 -1201.761182     1
  197 23226.669841 15816
  198 21842.400597 17659
  199 -354.196201     4
  200 3572.487775  6147
  201 -1250.404090     1
  202 13748.462964 26161
  203 2191.279644  9518
  204 -199.479132     4
  205 23702.734829 18278
  206 20488.778398 12201
  207 -28.177322     3
  208 -1094.988184     5
  209 4360.182054 11251
  210 4759.994534 11128
  211 17495.448749 18494
  212 -56.754874     1
  213 -550.433885     0
  214 9333.742155 15528
  215 -431.194987     5
  216 447.403276  1154
  217 4132.964740 15143
  218 -35.190902     3
  219 14270.398780 16679
  220 -52.573219     5
  221 1192.734215  1476
  222 13616.487313 19127
  223 2400.711541  5680
  224 929.169713  2168
  225 -718.522787     5
  226 14733.953112 25072
  227 1962.214128   460
  228 944.112506  3095
  229 3553.887084  8458
  230 -755.964201     4
  231 3391.050471 11398
  232 3065.011207   881
  233 668.941044  1061
  234 -314.776838     9
  235 7108.285655 17055
  236 -1781.755244     9
  237 27726.970102 25768
  238 2431.289931 14732
  239 -2115.636108     2
  240 3078.972210    35
  241 743.919786  9045
  242 -110.903598     4
  243 16834.098708 25507
  244 8632.911627 27680
  245 5459.411533  6344
  246 22254.325759 21407
  247 -527.460765     8
  248 -1737.766224     2
  249 1833.626109 21608
  250 7512.585466 19993
  251 -246.283215     0
  252 3741.230534   131
  253 7342.955500 26725
  254 -2293.192976     7
  255 2443.009668  4774
  256 -94.329343     8
  257 -774.481217     3
  258 402.508445 11874
  259 -887.027221     4
  260 -996.822244     5
  261 1689.057628 15881
  262 -487.810879     3
  263 14559.703594 14536
  264 4184.443580  1231
  265 2613.409055 13187
  266 903.901237  7031
  267 -389.333443     0
  268 8894.684490 12441
  269 -1837.357845     1
  270 -389.713785     0
  271 17025.648220 20832
  272 -684.840094     3
  273 4398.043545 13008
  274 1933.671481  3973
  275 8046.973900  9596
  276 -1293.649862     7
  277 7089.327668  8226
  278 7782.018440  8125
  279 2499.419229  1936
  280 811.214361   519
  281 -136.313583     4
  282 8168.127182 20779
  283 3252.870382  5897
  284 -2047.802475     7
  285 -2138.458996     5
  286 -167.748587     2
  287 2803.058274 13467
  288 -736.043737     7
  289 -215.411424     1
  290 13151.570067 15224
  291 4637.644185 16581
  292 10322.639526 16126
  293 -1046.866630     6
  294 2329.017218 12038
  295 1734.331309 14498
  296 2161.524068  4174
  297 -2044.765285     6
  298 -1868.587343     5
  299 18144.421929 21172
  300 10130.885320 14979
