100
    1 2.728647     1
    2 13.318982    12
    3 2.553207     3
    4 1.457168     6
    5 6.009484    17
    6 0.395045     2
    7 0.009961     2
    8 9.679054    18
    9 2.683655    11
   10 4.083058     3
   11 12.990987     5
   12 1.150420     5
   13 2.810266     8
   14 14.116615    16
   15 7.364869    19
   16 3.373834    16
   17 0.778819     1
   18 7.569343    15
   19 10.826155    13
   20 6.612801    19
   21 2.035008     3
   22 9.881975    15
   23 1.577424     8
   24 21.143940    19
   25 4.584429     8
   26 0.158713     4
   27 4.275844    15
   28 4.126190     5
   29 1.655753    13
   30 3.986555     5
   31 0.310790     3
   32 0.001130    10
   33 1.274130     4
   34 13.568145    16
   35 5.612495     4
   36 1.226389     7
   37 2.433241     5
   38 8.575232    17
   39 1.108036     7
   40 4.170504     8
   41 0.996187     2
   42 6.532019     9
   43 1.367759     4
   44 1.553314    14
   45 0.851918    20
   46 2.584205     2
   47 0.473655     3
   48 5.344069    11
   49 2.946785    17
   50 2.478706    13
   51 2.195875     8
   52 4.995410     6
   53 0.748688    14
   54 0.477826     2
   55 5.289437    13
   56 7.843323    17
   57 1.313631     8
   58 4.895339     7
   59 3.656756    12
   60 10.840373    13
   61 2.476309     8
   62 1.224771     7
   63 1.776018    11
   64 8.923628    14
   65 0.146795     9
   66 2.483240     3
   67 2.144825     5
   68 1.430847    13
   69 2.750789    14
   70 6.340521    12
   71 0.928625     4
   72 6.102847    19
   73 13.010204    18
   74 3.326651     5
   75 0.348501    19
   76 2.429271    12
   77 6.528182    18
   78 16.123947    15
   79 7.026094    19
   80 23.368245    15
   81 4.830181    15
   82 0.408203     1
   83 5.557104     7
   84 0.305158     2
   85 4.920091    10
   86 13.952683    15
   87 6.910591     9
   88 1.248863     8
   89 10.816300    17
   90 1.192776     1
   91 4.281151     5
   92 0.517121     1
   93 1.686734     1
   94 14.176205    15
   95 1.283474     6
   96 0.732953    18
   97 9.073278    20
   98 14.386679    12
   99 8.592832    10
  100 9.270336    11
