300
    1 1353.179448     1
    2 3686.344254 22552
    3 -1793.729466     7
    4 -621.163939     7
    5 -477.385323     8
    6 10232.382961 11402
    7 1712.880242  7882
    8 4794.014885  5438
    9 -1072.819272     7
   10 1118.854782  6863
   11 -1211.996515     1
   12 3375.501919   525
   13 -456.651635     2
   14 1418.501028 20096
   15 -1618.814784     7
   16 7816.329172 24956
   17 -804.175699     8
   18 -541.851767     6
   19 973.807303 14573
   20 -790.952444     7
   21 11308.758257 21823
   22 4502.240785 15275
   23 8581.119516 14868
   24 -1769.816884     6
   25 24.457060  2208
   26 -302.398043     1
   27 1781.182699 20395
   28 -421.455436     3
   29 3768.979901  4613
   30 2262.784518 14985
   31 407.983144 10343
   32 -32.887392     7
   33 2551.720361  2104
   34 -656.883836     7
   35 10134.415439 17064
   36 20866.442044 21647
   37 -463.644654     0
   38 3989.512977  1257
   39 -289.612821     9
   40 4266.545772  2568
   41 2626.301710 12082
   42 26485.629370 15949
   43 4592.749914 13544
   44 22092.737745 23714
   45 -2575.912849     8
   46 9085.389371 10842
   47 18371.016349 15863
   48 -303.231693     0
   49 -1305.462050     7
   50 3208.702844  1573
   51 4015.270974   828
   52 11087.476921 12746
   53 6910.463365   314
   54 4229.383075 23962
   55 9832.601844 23513
   56 -776.783235     3
   57 7587.092441 27528
   58 -30.365884     5
   59 -142.181848     3
   60 -555.299955     2
   61 788.461126 19028
   62 -109.285216     7
   63 -1032.657137     7
   64 12196.038372 26634
   65 8277.732736  8009
   66 598.410940 18283
   67 11609.502627 14765
   68 -1179.580916     5
   69 2354.327012  4234
   70 3121.581744  6832
   71 6325.912999  6524
   72 -106.195981     1
   73 8831.480580 23238
   74 2554.412161 23525
   75 -488.151885     4
   76 2879.372429 10172
   77 23182.270887 21958
   78 -1784.859990     7
   79 -199.946868     8
   80 -529.148098     1
   81 3852.056237  3195
   82 4238.817947  3101
   83 -466.359183     6
   84 3671.062587  7462
   85 3976.546556  1250
   86 1328.689137 13695
   87 -867.499763     0
   88 -920.608645     4
   89 -287.622396     5
   90 5730.543589 11841
   91 8431.770235  3905
   92 21063.622676 26181
   93 598.803877  6201
   94 -228.736611     0
   95 -350.203135     5
   96 953.898338 20258
   97 1064.814686 11140
   98 -378.980226     0
   99 3290.165064  7350
  100 -1438.012151     3
  101 7352.122035  6709
  102 -916.744582     0
  103 6272.532419 20824
  104 5763.588253 10814
  105 -1029.585276     3
  106 1236.736798  1080
  107 6586.292826 23377
  108 -299.274955     6
  109 1801.921185  1281
  110 -286.776559     8
  111 3915.719675 12350
  112 -602.380525     5
  113 12661.770876 21527
  114 -524.559693     1
  115 26420.827772 12613
  116 8428.922198 25599
  117 2477.033217  2552
  118 47.754793  4764
  119 4632.455101 11817
  120 3501.295769  8720
  121 4658.357622   876
  122 3976.235819 21854
  123 -1129.792383     9
  124 2456.179676   546
  125 -489.619956     5
  126 -1949.203054     1
  127 -947.101707     7
  128 -180.366204     8
  129 16973.409778 22728
  130 8704.442297 12216
  131 4685.944056 19666
  132 3499.129201    74
  133 -375.066712     8
  134 3921.745165 16240
  135 21102.697743 23404
  136 353.972097  3066
  137 2031.358933  3236
  138 -776.094576     9
  139 18376.012848 26575
  140 -1915.489357     4
  141 12181.758362 23859
  142 -56.271383     0
  143 692.992032 15705
  144 10485.349328 14460
  145 9895.164376 16428
  146 3173.292444 26421
  147 15762.366825 10799
  148 -1513.372406     0
  149 -365.239355     1
  150 5642.924809 14927
  151 -830.104250     0
  152 1309.392224  4176
  153 2192.051675  3369
  154 -2189.006364     7
  155 -440.592096     6
  156 10018.673810 26851
  157 -1524.446409     8
  158 5601.808642  5560
  159 -788.625386     4
  160 1883.529313 13900
  161 -194.380630     9
  162 11441.237859 23379
  163 9728.789885 18562
  164 -1039.821195     9
  165 -531.248312     0
  166 815.514946  4587
  167 541.408224  4200
  168 -574.383905     9
  169 -449.563050     3
  170 -647.027687     4
  171 -3578.539975     3
  172 1590.764449 24598
  173 16978.263939 14057
  174 -657.421312     9
  175 7262.749101 15891
  176 -374.241473     0
  177 -119.455055     4
  178 7496.045317 20565
  179 4855.102694 11021
  180 42596.860117 19654
  181 -2377.204014     1
  182 10792.696141 13672
  183 3185.264846 14952
  184 41692.621185 26785
  185 524.211539  6455
  186 -420.991993     5
  187 -664.594190     5
  188 -424.667518     5
  189 23368.647769 16729
  190 19194.954282 13760
  191 -706.582542     2
  192 3767.479789 24846
  193 -1159.719078     5
  194 -659.159331     7
  195 -1214.029377     9
  196 -111.490698     1
  197 10669.302216 15816
  198 5393.141860 17659
  199 -790.050773     4
  200 4472.460073  6147
  201 -1809.850862     1
  202 2567.566114 26161
  203 4265.359788  9518
  204 -1072.281807     4
  205 4903.435544 18278
  206 5848.156939 12201
  207 -840.572674     3
  208 -420.624373     5
  209 9246.320619 11251
  210 10878.565466 11128
  211 3869.052882 18494
  212 -357.916582     1
  213 -332.900305     0
  214 4683.614358 15528
  215 -989.825248     5
  216 2857.163528  1154
  217 7006.476789 15143
  218 -1441.403067     3
  219 535.479894 16679
  220 -994.297890     5
  221 1115.586487  1476
  222 4658.490765 19127
  223 2652.312602  5680
  224 4806.738545  2168
  225 -131.050251     5
  226 16069.816572 25072
  227 3393.155977   460
  228 988.134085  3095
  229 7243.062073  8458
  230 -16.697802     4
  231 6505.439153 11398
  232 1865.435918   881
  233 834.928846  1061
  234 -591.358788     9
  235 3431.761734 17055
  236 -559.068801     9
  237 11101.884834 25768
  238 4248.969054 14732
  239 -1066.712091     2
  240 282.138174    35
  241 1974.587358  9045
  242 -418.333851     4
  243 9296.139669 25507
  244 4059.044942 27680
  245 10864.270724  6344
  246 10670.177618 21407
  247 -152.827653     8
  248 -179.230426     2
  249 1818.829607 21608
  250 472.736031 19993
  251 -290.616409     0
  252 2294.913117   131
  253 1092.741781 26725
  254 -180.781941     7
  255 4619.616296  4774
  256 -2076.878185     8
  257 -376.233618     3
  258 1331.465867 11874
  259 -1235.170357     4
  260 -59.769329     5
  261 755.990172 15881
  262 -658.295027     3
  263 9389.755862 14536
  264 2815.720372  1231
  265 15186.160079 13187
  266 12445.400367  7031
  267 -182.221173     0
  268 287.069809 12441
  269 -523.208648     1
  270 -2551.038324     0
  271 9048.677229 20832
  272 -2935.523615     3
  273 1708.294084 13008
  274 4901.817919  3973
  275 4295.300236  9596
  276 -1896.082536     7
  277 6087.171560  8226
  278 7984.015374  8125
  279 1498.003505  1936
  280 3158.966997   519
  281 -857.280516     4
  282 14214.935909 20779
  283 5324.127536  5897
  284 -268.040930     7
  285 -965.261353     5
  286 -739.724605     2
  287 939.759395 13467
  288 -359.571703     7
  289 -45.758694     1
  290 17647.078783 15224
  291 9599.789593 16581
  292 8345.866071 16126
  293 -2442.734142     6
  294 1702.575232 12038
  295 4484.769211 14498
  296 2671.609971  4174
  297 -2314.021849     6
  298 -1542.861177     5
  299 22815.459878 21172
  300 3760.051903 14979
