300
    1 339.499179     1
    2 2574.935107 22552
    3 -145.477014     7
    4 -547.885275     7
    5 -119.789890     8
    6 370.876611 11402
    7 10919.324466  7882
    8 4931.841650  5438
    9 -352.891035     7
   10 6418.957529  6863
   11 -448.457442     1
   12 689.748939   525
   13 -593.299767     2
   14 4924.576844 20096
   15 -2445.634217     7
   16 3715.117614 24956
   17 -819.045241     8
   18 -212.214112     6
   19 6853.567820 14573
   20 -573.829133     7
   21 17236.450931 21823
   22 20282.167338 15275
   23 10451.055390 14868
   24 -151.732134     6
   25 1719.779750  2208
   26 -30.652535     1
   27 3020.175783 20395
   28 -1238.440865     3
   29 2685.293522  4613
   30 9190.296560 14985
   31 6501.482442 10343
   32 -278.193199     7
   33 9951.974878  2104
   34 -752.996183     7
   35 2386.397993 17064
   36 8045.562586 21647
   37 -935.783141     0
   38 3204.295071  1257
   39 -496.058958     9
   40 1850.608113  2568
   41 7772.102851 12082
   42 16088.958846 15949
   43 5792.872288 13544
   44 1478.419375 23714
   45 -1070.334037     8
   46 11478.512099 10842
   47 3631.185068 15863
   48 -471.241067     0
   49 -2060.643119     7
   50 717.742641  1573
   51 1633.946948   828
   52 8639.772862 12746
   53 4625.579670   314
   54 15051.173966 23962
   55 2644.837852 23513
   56 -1197.980299     3
   57 32039.696360 27528
   58 -729.309106     5
   59 -1622.713117     3
   60 -1411.216289     2
   61 4176.640381 19028
   62 -615.822864     7
   63 -3201.647942     7
   64 2739.902888 26634
   65 10625.750624  8009
   66 22478.168253 18283
   67 4804.607148 14765
   68 -582.339185     5
   69 6942.885452  4234
   70 5322.161791  6832
   71 11111.136819  6524
   72 -996.655776     1
   73 4475.596301 23238
   74 944.576907 23525
   75 -174.083913     4
   76 8060.959867 10172
   77 7621.662202 21958
   78 -690.123323     7
   79 -1281.707867     8
   80 -109.258490     1
   81 6293.563614  3195
   82 3821.225091  3101
   83 -716.782778     6
   84 1585.313903  7462
   85 2404.117063  1250
   86 5955.114905 13695
   87 -1207.544343     0
   88 -290.661796     4
   89 -1994.102650     5
   90 9081.778308 11841
   91 7890.156460  3905
   92 4667.188732 26181
   93 6003.100684  6201
   94 -1402.957869     0
   95 -1048.857582     5
   96 22622.600979 20258
   97 75.010529 11140
   98 -274.475204     0
   99 8327.831681  7350
  100 -323.917855     3
  101 5849.834245  6709
  102 -875.448461     0
  103 5349.202475 20824
  104 6668.285640 10814
  105 -60.624675     3
  106 2381.820392  1080
  107 2401.903762 23377
  108 -991.745516     6
  109 2679.832771  1281
  110 -1325.077273     8
  111 2529.491410 12350
  112 -293.672981     5
  113 1142.881303 21527
  114 -988.772471     1
  115 24.768591 12613
  116 14823.027656 25599
  117 1721.855787  2552
  118 7664.116829  4764
  119 4466.300368 11817
  120 4234.144011  8720
  121 3543.750399   876
  122 1334.791265 21854
  123 -862.226976     9
  124 4800.943807   546
  125 -88.043734     5
  126 -2142.477440     1
  127 -531.680144     7
  128 -528.511553     8
  129 22592.758751 22728
  130 5826.176365 12216
  131 5480.045549 19666
  132 2161.221325    74
  133 -351.597359     8
  134 13255.478580 16240
  135 10417.041430 23404
  136 969.812983  3066
  137 940.096940  3236
  138 -1510.681906     9
  139 3451.393427 26575
  140 -1036.370294     4
  141 6582.708391 23859
  142 -1400.642281     0
  143 11451.567954 15705
  144 446.192131 14460
  145 19405.528681 16428
  146 6310.613493 26421
  147 1687.840115 10799
  148 -376.905016     0
  149 -3835.756206     1
  150 2323.369951 14927
  151 -243.121527     0
  152 5880.501125  4176
  153 10002.401146  3369
  154 -535.263679     7
  155 -499.746560     6
  156 33815.904713 26851
  157 -1388.753030     8
  158 8346.797615  5560
  159 -331.635878     4
  160 2624.981515 13900
  161 -1570.847645     9
  162 8276.325860 23379
  163 831.947722 18562
  164 -226.630761     9
  165 -696.340155     0
  166 385.807441  4587
  167 1810.388801  4200
  168 -496.029752     9
  169 -408.676585     3
  170 -890.251312     4
  171 -436.660823     3
  172 14541.324308 24598
  173 4726.432767 14057
  174 -859.871319     9
  175 15268.782662 15891
  176 -1784.550747     0
  177 -2308.823894     4
  178 18442.912442 20565
  179 1549.292449 11021
  180 6609.752239 19654
  181 -1179.268958     1
  182 1632.720871 13672
  183 1396.669263 14952
  184 25449.336614 26785
  185 2738.059453  6455
  186 -64.211708     5
  187 -892.862236     5
  188 -1597.923337     5
  189 17434.140191 16729
  190 9008.245438 13760
  191 -480.891223     2
  192 20443.881754 24846
  193 -535.535420     5
  194 -704.107238     7
  195 -3371.670517     9
  196 -185.100423     1
  197 10952.734266 15816
  198 6887.820115 17659
  199 -778.491372     4
  200 9768.869511  6147
  201 -831.333430     1
  202 6427.056683 26161
  203 1760.749206  9518
  204 -756.013394     4
  205 10062.334876 18278
  206 344.261076 12201
  207 -649.143061     3
  208 -776.836579     5
  209 656.787131 11251
  210 3716.275671 11128
  211 3780.613840 18494
  212 -454.884425     1
  213 -1046.629081     0
  214 14362.127372 15528
  215 -538.809445     5
  216 5687.983098  1154
  217 4520.437225 15143
  218 -1844.982012     3
  219 8653.236699 16679
  220 -1875.702507     5
  221 3308.948684  1476
  222 6167.878195 19127
  223 4744.470573  5680
  224 828.049898  2168
  225 -100.542446     5
  226 6491.005670 25072
  227 5011.577220   460
  228 1301.714290  3095
  229 16976.605383  8458
  230 -1684.774547     4
  231 12661.590928 11398
  232 1883.536877   881
  233 251.732733  1061
  234 -893.507890     9
  235 8040.166676 17055
  236 -1524.101170     9
  237 3381.725953 25768
  238 1636.506696 14732
  239 -1032.646041     2
  240 1999.360146    35
  241 1230.606417  9045
  242 -1956.790228     4
  243 4211.561626 25507
  244 11433.764358 27680
  245 1452.051441  6344
  246 567.676099 21407
  247 -181.158109     8
  248 -2239.630720     2
  249 6687.653656 21608
  250 5568.355870 19993
  251 -1164.934353     0
  252 831.946007   131
  253 2377.671769 26725
  254 -775.110698     7
  255 2435.222258  4774
  256 -1269.143237     8
  257 -146.707424     3
  258 24583.857130 11874
  259 -344.632973     4
  260 -176.744164     5
  261 9885.554386 15881
  262 -1003.936574     3
  263 3591.355227 14536
  264 1136.254807  1231
  265 2514.628718 13187
  266 3589.664634  7031
  267 -78.342046     0
  268 8543.327849 12441
  269 -1796.043919     1
  270 -523.668103     0
  271 7737.243031 20832
  272 -15.887232     3
  273 16187.717756 13008
  274 4052.192454  3973
  275 6446.741299  9596
  276 -523.775005     7
  277 8614.769367  8226
  278 3790.621080  8125
  279 2268.241006  1936
  280 4933.273268   519
  281 -1082.548086     4
  282 4740.006181 20779
  283 2759.525291  5897
  284 -1585.057163     7
  285 -117.297521     5
  286 -559.451622     2
  287 3317.228608 13467
  288 -964.995193     7
  289 -1752.840751     1
  290 16567.595377 15224
  291 1565.944234 16581
  292 13375.104928 16126
  293 -764.076872     6
  294 6753.066773 12038
  295 5076.924726 14498
  296 1262.255261  4174
  297 -903.657712     6
  298 -827.696539     5
  299 368.197445 21172
  300 12014.251417 14979
