300
    1 784.136604     1
    2 26722.741689 22552
    3 -509.967247     7
    4 -27.571011     7
    5 -371.925146     8
    6 5123.548099 11402
    7 2857.041294  7882
    8 1017.121860  5438
    9 -677.486907     7
   10 7622.781058  6863
   11 -1329.961193     1
   12 1230.712161   525
   13 -41.805246     2
   14 5358.396474 20096
   15 -2137.933621     7
   16 21568.156475 24956
   17 -357.657039     8
   18 -973.771547     6
   19 3892.148395 14573
   20 -323.234612     7
   21 12314.909463 21823
   22 8354.630688 15275
   23 2001.799087 14868
   24 -872.230531     6
   25 2397.970410  2208
   26 -425.892613     1
   27 10140.710100 20395
   28 -519.512639     3
   29 300.082857  4613
   30 4304.250639 14985
   31 16553.200077 10343
   32 -410.712827     7
   33 3622.633977  2104
   34 -770.052990     7
   35 5531.943131 17064
   36 19702.640712 21647
   37 -39.728419     0
   38 2798.651928  1257
   39 -1764.783926     9
   40 490.704430  2568
   41 3053.000115 12082
   42 5837.350355 15949
   43 8658.346881 13544
   44 16909.724682 23714
   45 -2485.404091     8
   46 7254.593541 10842
   47 13157.575952 15863
   48 -727.344268     0
   49 -304.163095     7
   50 1365.993143  1573
   51 5429.167285   828
   52 7822.353530 12746
   53 2845.266051   314
   54 13525.298731 23962
   55 6620.609275 23513
   56 -849.915820     3
   57 17765.102707 27528
   58 -998.988874     5
   59 -763.474652     3
   60 -1138.133047     2
   61 19930.029467 19028
   62 -899.515405     7
   63 -1094.200714     7
   64 14866.709363 26634
   65 9352.227847  8009
   66 1499.030903 18283
   67 12834.324604 14765
   68 -1000.702718     5
   69 4249.575496  4234
   70 7339.361245  6832
   71 9279.137696  6524
   72 -139.769352     1
   73 17538.555555 23238
   74 17585.597551 23525
   75 -1268.593966     4
   76 3984.987624 10172
   77 2509.288342 21958
   78 -418.690355     7
   79 -584.575458     8
   80 -576.637207     1
   81 447.763973  3195
   82 1059.390754  3101
   83 -786.306944     6
   84 4343.181902  7462
   85 3404.491213  1250
   86 5260.198760 13695
   87 -63.045055     0
   88 -89.966649     4
   89 -635.709863     5
   90 8333.841560 11841
   91 1669.833615  3905
   92 5718.877095 26181
   93 2246.581120  6201
   94 -722.201224     0
   95 -470.727196     5
   96 9033.743026 20258
   97 14415.528769 11140
   98 -174.029347     0
   99 4511.696072  7350
  100 -864.946545     3
  101 1438.412963  6709
  102 -446.533518     0
  103 2355.688741 20824
  104 3846.758590 10814
  105 -1128.751316     3
  106 2413.756220  1080
  107 27653.627376 23377
  108 -666.307687     6
  109 3348.180168  1281
  110 -874.317409     8
  111 3963.928982 12350
  112 -610.224521     5
  113 3092.166156 21527
  114 -642.751388     1
  115 6998.473270 12613
  116 9221.616339 25599
  117 6516.820421  2552
  118 938.554487  4764
  119 2402.808172 11817
  120 2417.942493  8720
  121 1030.850381   876
  122 6337.740309 21854
  123 -116.684421     9
  124 2121.838238   546
  125 -799.789206     5
  126 -1897.630968     1
  127 -2515.089983     7
  128 -878.528348     8
  129 10896.464926 22728
  130 1540.639713 12216
  131 13116.945149 19666
  132 2442.040230    74
  133 -878.032990     8
  134 1787.453304 16240
  135 8861.917569 23404
  136 3282.611215  3066
  137 4227.918952  3236
  138 -627.524799     9
  139 3492.267575 26575
  140 -542.633448     4
  141 9723.254835 23859
  142 -467.301155     0
  143 6429.798789 15705
  144 5187.464002 14460
  145 4244.258467 16428
  146 12328.846988 26421
  147 10367.039790 10799
  148 -785.635091     0
  149 -626.609447     1
  150 5596.296308 14927
  151 -970.300534     0
  152 3451.054766  4176
  153 6965.972260  3369
  154 -900.180868     7
  155 -535.528901     6
  156 11856.168508 26851
  157 -1578.534395     8
  158 3567.060120  5560
  159 -601.418339     4
  160 11939.129204 13900
  161 -1664.674196     9
  162 13641.489703 23379
  163 15536.673321 18562
  164 -1078.049376     9
  165 -1282.733997     0
  166 2933.146259  4587
  167 3798.127568  4200
  168 -1718.043981     9
  169 -2107.633888     3
  170 -54.405922     4
  171 -2727.458674     3
  172 16075.917321 24598
  173 702.117953 14057
  174 -541.117793     9
  175 8774.049029 15891
  176 -120.039460     0
  177 -1234.173468     4
  178 5399.240946 20565
  179 9616.517217 11021
  180 12189.846348 19654
  181 -1787.537097     1
  182 1924.290526 13672
  183 21978.419839 14952
  184 10781.348814 26785
  185 11739.328632  6455
  186 -197.353736     5
  187 -405.573170     5
  188 -1172.092427     5
  189 5435.906191 16729
  190 2897.345531 13760
  191 -757.943173     2
  192 8570.740450 24846
  193 -3467.177936     5
  194 -449.162065     7
  195 -120.161453     9
  196 -233.640219     1
  197 9315.620554 15816
  198 5317.004627 17659
  199 -771.504213     4
  200 2171.052637  6147
  201 -231.207437     1
  202 14156.503119 26161
  203 2611.048558  9518
  204 -815.103264     4
  205 4022.654604 18278
  206 5543.513267 12201
  207 -50.123479     3
  208 -1605.930211     5
  209 11270.579581 11251
  210 1351.826900 11128
  211 5002.763784 18494
  212 -397.367649     1
  213 -819.337003     0
  214 3082.806454 15528
  215 -669.062411     5
  216 3571.302580  1154
  217 754.582203 15143
  218 -434.780587     3
  219 13515.012697 16679
  220 -434.329869     5
  221 1744.269485  1476
  222 8777.404893 19127
  223 7551.801983  5680
  224 200.055066  2168
  225 -1066.694324     5
  226 13872.174470 25072
  227 1040.554683   460
  228 2824.522174  3095
  229 7560.614881  8458
  230 -110.412849     4
  231 6269.149394 11398
  232 2837.692528   881
  233 294.087997  1061
  234 -236.803849     9
  235 5477.737219 17055
  236 -1102.062149     9
  237 12975.545781 25768
  238 4559.941194 14732
  239 -556.057895     2
  240 2266.781329    35
  241 7047.789748  9045
  242 -2020.581019     4
  243 1249.836225 25507
  244 2504.365374 27680
  245 1593.044216  6344
  246 8760.479854 21407
  247 -329.531506     8
  248 -752.438688     2
  249 699.564093 21608
  250 915.942116 19993
  251 -997.876010     0
  252 2107.080178   131
  253 2745.537917 26725
  254 -220.336951     7
  255 6569.690282  4774
  256 -510.036328     8
  257 -811.388694     3
  258 8339.663266 11874
  259 -219.421664     4
  260 -1274.252171     5
  261 13276.424183 15881
  262 -1057.246340     3
  263 15101.161380 14536
  264 2193.856683  1231
  265 311.289556 13187
  266 445.814766  7031
  267 -644.231196     0
  268 8114.548023 12441
  269 -288.384800     1
  270 -1386.107189     0
  271 14849.974355 20832
  272 -860.944886     3
  273 10495.146184 13008
  274 3232.083355  3973
  275 9583.084159  9596
  276 -488.787411     7
  277 6130.644348  8226
  278 5190.543300  8125
  279 4624.849655  1936
  280 406.884565   519
  281 -962.524302     4
  282 8577.155375 20779
  283 7568.380322  5897
  284 -1699.904172     7
  285 -445.116456     5
  286 -654.774807     2
  287 923.350094 13467
  288 -184.238662     7
  289 -268.364393     1
  290 3454.914104 15224
  291 4838.273523 16581
  292 5192.185939 16126
  293 -20.047123     6
  294 8341.541466 12038
  295 3411.758140 14498
  296 2885.584418  4174
  297 -2439.738907     6
  298 -394.619376     5
  299 18698.627871 21172
  300 12104.471791 14979
