300
    1 1088.768882     1
    2 15345.732358 22552
    3 -1591.090170     7
    4 -118.595893     7
    5 -190.857975     8
    6 684.888592 11402
    7 6430.623904  7882
    8 654.867053  5438
    9 -283.018469     7
   10 1145.844905  6863
   11 -379.829981     1
   12 3155.317182   525
   13 -151.273667     2
   14 7411.107443 20096
   15 -2789.757915     7
   16 15573.138848 24956
   17 -234.180389     8
   18 -134.458257     6
   19 332.266958 14573
   20 -1429.823474     7
   21 665.874708 21823
   22 3004.798903 15275
   23 8721.854660 14868
   24 -416.780879     6
   25 1984.626760  2208
   26 -740.538760     1
   27 19249.781364 20395
   28 -176.283567     3
   29 4026.360868  4613
   30 14468.735724 14985
   31 907.392726 10343
   32 -61.952087     7
   33 137.488052  2104
   34 -889.887401     7
   35 7350.079102 17064
   36 3756.702586 21647
   37 -1145.160102     0
   38 223.721947  1257
   39 -421.549050     9
   40 2717.605211  2568
   41 6870.667257 12082
   42 2740.405208 15949
   43 5291.511046 13544
   44 6960.168589 23714
   45 -2278.206035     8
   46 3023.169404 10842
   47 17479.691476 15863
   48 -471.129617     0
   49 -945.319978     7
   50 4572.917869  1573
   51 1869.880418   828
   52 1436.127026 12746
   53 492.592904   314
   54 45599.233617 23962
   55 9774.396861 23513
   56 -389.552965     3
   57 1940.752563 27528
   58 -114.997276     5
   59 -1029.247200     3
   60 -183.686064     2
   61 7745.089444 19028
   62 -1908.401194     7
   63 -219.924833     7
   64 3118.199130 26634
   65 1205.156566  8009
   66 2583.292672 18283
   67 5859.287402 14765
   68 -1677.588459     5
   69 5249.896532  4234
   70 9587.271380  6832
   71 13836.791034  6524
   72 -1661.774618     1
   73 9350.254206 23238
   74 6814.316183 23525
   75 -37.318165     4
   76 1173.548965 10172
   77 16285.823227 21958
   78 -145.066608     7
   79 -1430.626332     8
   80 -604.425400     1
   81 3401.742573  3195
   82 2759.803675  3101
   83 -538.157002     6
   84 3101.111025  7462
   85 2472.532769  1250
   86 1211.092956 13695
   87 -804.011285     0
   88 -411.833400     4
   89 -1899.145750     5
   90 8651.656052 11841
   91 233.564707  3905
   92 15633.188490 26181
   93 1831.054091  6201
   94 -1809.480036     0
   95 -240.797039     5
   96 9491.291442 20258
   97 10512.524790 11140
   98 -286.422729     0
   99 5949.648452  7350
  100 -1139.316325     3
  101 8750.427466  6709
  102 -996.060895     0
  103 29816.060332 20824
  104 3823.813433 10814
  105 -425.316095     3
  106 486.724213  1080
  107 2202.739316 23377
  108 -2779.661795     6
  109 2614.211259  1281
  110 -40.898534     8
  111 3072.133999 12350
  112 -625.057724     5
  113 8496.506157 21527
  114 -1017.334449     1
  115 14923.517967 12613
  116 7518.942653 25599
  117 1861.859335  2552
  118 2599.596851  4764
  119 9431.376775 11817
  120 4852.561041  8720
  121 3638.283907   876
  122 943.187073 21854
  123 -1046.250417     9
  124 2765.747034   546
  125 -174.857382     5
  126 -2536.235851     1
  127 -89.274342     7
  128 -1019.603240     8
  129 5839.821986 22728
  130 6293.194945 12216
  131 8446.608369 19666
  132 1284.779653    74
  133 -1020.702661     8
  134 5783.482608 16240
  135 5064.195731 23404
  136 5372.822637  3066
  137 1441.281863  3236
  138 -378.054074     9
  139 8670.580315 26575
  140 -277.802102     4
  141 40112.252976 23859
  142 -2902.776379     0
  143 8212.703690 15705
  144 18615.490837 14460
  145 10793.791185 16428
  146 22546.792503 26421
  147 11016.510179 10799
  148 -185.378404     0
  149 -2053.003482     1
  150 5863.994611 14927
  151 -770.824564     0
  152 2262.709661  4176
  153 1217.689332  3369
  154 -2591.377386     7
  155 -13.698995     6
  156 5856.414586 26851
  157 -134.513489     8
  158 352.847452  5560
  159 -353.916206     4
  160 7887.790900 13900
  161 -1188.206182     9
  162 19695.797676 23379
  163 3033.797942 18562
  164 -143.003041     9
  165 -203.441826     0
  166 3047.271868  4587
  167 3601.774872  4200
  168 -212.763313     9
  169 -563.000463     3
  170 -736.112654     4
  171 -1543.232292     3
  172 12300.739861 24598
  173 499.369590 14057
  174 -790.780884     9
  175 516.011162 15891
  176 -843.035714     0
  177 -1885.885976     4
  178 3610.264759 20565
  179 12199.197633 11021
  180 10693.423653 19654
  181 -1122.745797     1
  182 12671.338338 13672
  183 15955.599135 14952
  184 30316.771647 26785
  185 576.419823  6455
  186 -1601.815200     5
  187 -366.651369     5
  188 -1696.980881     5
  189 6359.041039 16729
  190 11007.053295 13760
  191 -1297.069372     2
  192 15993.218699 24846
  193 -1160.690440     5
  194 -873.174944     7
  195 -2843.527021     9
  196 -430.458314     1
  197 15944.962751 15816
  198 5242.565438 17659
  199 -1033.025480     4
  200 3262.993736  6147
  201 -1302.689013     1
  202 4321.366397 26161
  203 5189.579227  9518
  204 -2175.362098     4
  205 1013.769951 18278
  206 11448.331473 12201
  207 -173.353150     3
  208 -1149.789006     5
  209 11698.579905 11251
  210 4621.143560 11128
  211 15843.498588 18494
  212 -489.886940     1
  213 -917.158296     0
  214 7098.057678 15528
  215 -777.096690     5
  216 552.232668  1154
  217 7529.533354 15143
  218 -217.949403     3
  219 21120.231970 16679
  220 -19.100852     5
  221 3199.451795  1476
  222 7267.768687 19127
  223 9039.639802  5680
  224 877.557438  2168
  225 -1720.429028     5
  226 15749.050794 25072
  227 1485.037031   460
  228 5422.397162  3095
  229 13526.744367  8458
  230 -158.827632     4
  231 3124.590906 11398
  232 3224.165362   881
  233 1083.063914  1061
  234 -388.352254     9
  235 3895.360748 17055
  236 -32.060164     9
  237 21878.800011 25768
  238 1071.335503 14732
  239 -903.636899     2
  240 3030.583643    35
  241 6966.458033  9045
  242 -363.046617     4
  243 24885.858809 25507
  244 9702.838184 27680
  245 4005.177734  6344
  246 6148.404210 21407
  247 -1007.659821     8
  248 -484.018978     2
  249 248.518291 21608
  250 6489.807597 19993
  251 -432.127815     0
  252 335.126792   131
  253 12523.218446 26725
  254 -344.985019     7
  255 9804.396657  4774
  256 -78.719297     8
  257 -481.389609     3
  258 5074.471296 11874
  259 -651.294755     4
  260 -1103.360139     5
  261 10457.245686 15881
  262 -152.601635     3
  263 9621.246513 14536
  264 1871.082449  1231
  265 3614.955220 13187
  266 6287.590057  7031
  267 -1218.827563     0
  268 2831.433271 12441
  269 -9.076397     1
  270 -1925.334557     0
  271 26125.015293 20832
  272 -2047.775056     3
  273 6609.760157 13008
  274 2632.662444  3973
  275 744.610791  9596
  276 -212.400317     7
  277 5358.963633  8226
  278 4856.459258  8125
  279 5877.264611  1936
  280 2791.960183   519
  281 -620.973219     4
  282 1658.053924 20779
  283 6704.180612  5897
  284 -1093.299275     7
  285 -858.940924     5
  286 -2997.411307     2
  287 22898.647106 13467
  288 -342.624018     7
  289 -306.739820     1
  290 9639.029548 15224
  291 11877.019718 16581
  292 8118.809149 16126
  293 -1406.747174     6
  294 1012.942893 12038
  295 9227.539476 14498
  296 3405.997910  4174
  297 -1906.340016     6
  298 -1325.092091     5
  299 29332.279107 21172
  300 2528.648439 14979
