300
    1 4231.016507     1
    2 1827.742613 22552
    3 -3707.127127     7
    4 -631.706294     7
    5 -990.469297     8
    6 2012.282804 11402
    7 2557.338041  7882
    8 3865.481231  5438
    9 -420.326482     7
   10 3386.005721  6863
   11 -589.090345     1
   12 2476.653536   525
   13 -45.753908     2
   14 29285.129457 20096
   15 -1962.425214     7
   16 4280.224428 24956
   17 -1855.121334     8
   18 -890.361258     6
   19 1990.849857 14573
   20 -2756.408145     7
   21 9727.523616 21823
   22 10578.147801 15275
   23 13902.979943 14868
   24 -661.795820     6
   25 427.573063  2208
   26 -493.331883     1
   27 12587.314802 20395
   28 -180.451952     3
   29 2269.902268  4613
   30 6636.458890 14985
   31 3984.101747 10343
   32 -241.776150     7
   33 1281.073385  2104
   34 -2716.064290     7
   35 18704.581853 17064
   36 5838.204081 21647
   37 -660.730227     0
   38 19.014315  1257
   39 -2.806930     9
   40 4725.775696  2568
   41 3979.033767 12082
   42 37736.597946 15949
   43 13191.267735 13544
   44 11514.439266 23714
   45 -1817.670856     8
   46 4834.668945 10842
   47 11838.738687 15863
   48 -1421.174311     0
   49 -817.007611     7
   50 4652.439064  1573
   51 3248.050658   828
   52 10490.838632 12746
   53 915.873524   314
   54 5674.300210 23962
   55 13201.026365 23513
   56 -95.592148     3
   57 26649.656855 27528
   58 -830.092379     5
   59 -285.436909     3
   60 -1049.625592     2
   61 6375.548816 19028
   62 -329.279592     7
   63 -380.630411     7
   64 5511.987599 26634
   65 4051.742122  8009
   66 1663.307408 18283
   67 5132.822055 14765
   68 -1745.346277     5
   69 2294.523055  4234
   70 4386.512452  6832
   71 3111.724915  6524
   72 -1146.955152     1
   73 9188.338763 23238
   74 3503.796497 23525
   75 -1938.188403     4
   76 5509.447608 10172
   77 12939.762179 21958
   78 -521.283988     7
   79 -454.963217     8
   80 -249.433922     1
   81 4511.057447  3195
   82 9012.681554  3101
   83 -1784.779891     6
   84 16453.523884  7462
   85 4088.095646  1250
   86 5434.295230 13695
   87 -802.728011     0
   88 -678.085377     4
   89 -5.738216     5
   90 10596.339329 11841
   91 542.925365  3905
   92 11723.244987 26181
   93 129.919963  6201
   94 -1900.425189     0
   95 -951.917101     5
   96 818.677188 20258
   97 3350.437594 11140
   98 -569.326586     0
   99 6746.064322  7350
  100 -2431.602753     3
  101 4155.318509  6709
  102 -1744.424499     0
  103 7495.038546 20824
  104 11667.074324 10814
  105 -75.712406     3
  106 2783.643246  1080
  107 5891.390520 23377
  108 -444.888263     6
  109 636.474017  1281
  110 -1500.840072     8
  111 19455.328143 12350
  112 -510.057200     5
  113 2986.166150 21527
  114 -2143.756359     1
  115 8718.212468 12613
  116 3111.527559 25599
  117 524.052381  2552
  118 1611.163499  4764
  119 4269.329942 11817
  120 15366.602960  8720
  121 7348.442085   876
  122 15748.578559 21854
  123 -403.599148     9
  124 3305.370272   546
  125 -1663.709213     5
  126 -2366.059029     1
  127 -440.337596     7
  128 -1061.159583     8
  129 7005.218637 22728
  130 12903.318958 12216
  131 26596.138803 19666
  132 438.892425    74
  133 -196.290228     8
  134 11354.854253 16240
  135 14909.372016 23404
  136 657.715101  3066
  137 3862.665638  3236
  138 -109.271263     9
  139 2376.774185 26575
  140 -2031.283770     4
  141 2497.624124 23859
  142 -566.868715     0
  143 5360.706566 15705
  144 815.462891 14460
  145 8123.022537 16428
  146 5588.062626 26421
  147 17352.205499 10799
  148 -399.353156     0
  149 -537.376912     1
  150 2751.307887 14927
  151 -221.278992     0
  152 5007.771186  4176
  153 4221.028559  3369
  154 -361.143378     7
  155 -507.008548     6
  156 25117.494729 26851
  157 -1850.738914     8
  158 65.935055  5560
  159 -744.072282     4
  160 17567.849153 13900
  161 -1034.312672     9
  162 4834.881166 23379
  163 10091.196467 18562
  164 -65.973297     9
  165 -627.105832     0
  166 2421.384132  4587
  167 728.673429  4200
  168 -1019.333684     9
  169 -813.009826     3
  170 -584.416008     4
  171 -1003.099197     3
  172 25721.368458 24598
  173 7658.936651 14057
  174 -134.329591     9
  175 7861.144393 15891
  176 -400.968528     0
  177 -129.380408     4
  178 7546.811707 20565
  179 12953.869813 11021
  180 16041.588960 19654
  181 -1234.913495     1
  182 9686.326115 13672
  183 3342.181867 14952
  184 19575.751197 26785
  185 130.768032  6455
  186 -258.334043     5
  187 -1462.618213     5
  188 -385.484284     5
  189 9533.354446 16729
  190 2172.790890 13760
  191 -539.414043     2
  192 4386.141755 24846
  193 -1452.782700     5
  194 -305.565033     7
  195 -1918.797688     9
  196 -769.428764     1
  197 6979.525722 15816
  198 601.866773 17659
  199 -52.700878     4
  200 7748.146195  6147
  201 -1125.917572     1
  202 10848.770030 26161
  203 6068.043430  9518
  204 -280.635307     4
  205 3563.091140 18278
  206 7299.502588 12201
  207 -224.564074     3
  208 -287.659332     5
  209 13498.099734 11251
  210 9408.718117 11128
  211 11889.733506 18494
  212 -859.892160     1
  213 -427.544149     0
  214 4630.718889 15528
  215 -200.150336     5
  216 2894.474445  1154
  217 5767.890383 15143
  218 -65.521637     3
  219 15114.394132 16679
  220 -95.627989     5
  221 1383.602184  1476
  222 13410.497217 19127
  223 1081.029992  5680
  224 463.391480  2168
  225 -347.743472     5
  226 12052.683746 25072
  227 4890.630805   460
  228 1390.110232  3095
  229 7267.877103  8458
  230 -1316.445082     4
  231 14019.021823 11398
  232 1692.795687   881
  233 682.325133  1061
  234 -293.345149     9
  235 5954.913108 17055
  236 -1283.515451     9
  237 24335.927552 25768
  238 1376.366720 14732
  239 -1120.271711     2
  240 1439.983255    35
  241 2576.718821  9045
  242 -884.806521     4
  243 4799.463185 25507
  244 11095.274353 27680
  245 4430.827878  6344
  246 10621.405549 21407
  247 -1342.937978     8
  248 -54.021137     2
  249 6043.711631 21608
  250 8299.420961 19993
  251 -2319.142193     0
  252 696.073530   131
  253 23202.453226 26725
  254 -473.078781     7
  255 5283.175664  4774
  256 -885.444958     8
  257 -2835.558009     3
  258 3561.436267 11874
  259 -1418.378342     4
  260 -461.380607     5
  261 11212.157075 15881
  262 -705.438614     3
  263 14733.654177 14536
  264 371.606637  1231
  265 5876.299916 13187
  266 3746.213563  7031
  267 -1340.442698     0
  268 6672.892526 12441
  269 -372.113659     1
  270 -1085.666214     0
  271 11257.549430 20832
  272 -644.463314     3
  273 6610.001278 13008
  274 404.999185  3973
  275 3468.416948  9596
  276 -1000.506037     7
  277 7473.457670  8226
  278 7535.044663  8125
  279 5501.363551  1936
  280 772.587886   519
  281 -567.098274     4
  282 6724.604510 20779
  283 460.483678  5897
  284 -2242.260257     7
  285 -563.410887     5
  286 -465.385141     2
  287 4973.823379 13467
  288 -621.936109     7
  289 -1203.056786     1
  290 8326.263488 15224
  291 7335.108560 16581
  292 7145.729171 16126
  293 -426.789983     6
  294 7971.361483 12038
  295 3069.605266 14498
  296 2657.909174  4174
  297 -1842.284818     6
  298 -711.909996     5
  299 18635.856120 21172
  300 127.839535 14979
