300
    1 627.911255     1
    2 11759.475590 22552
    3 -920.993685     7
    4 -1595.464891     7
    5 -1259.131272     8
    6 2140.456943 11402
    7 1625.277701  7882
    8 7322.200872  5438
    9 -1500.990713     7
   10 835.174295  6863
   11 -2254.552913     1
   12 4606.553542   525
   13 -896.531994     2
   14 14788.425442 20096
   15 -657.954659     7
   16 16025.549603 24956
   17 -465.434474     8
   18 -2064.205458     6
   19 10570.276646 14573
   20 -1230.679788     7
   21 16055.782608 21823
   22 1647.601771 15275
   23 6435.393690 14868
   24 -5.077558     6
   25 2702.698331  2208
   26 -303.901515     1
   27 9764.938549 20395
   28 -1470.113619     3
   29 1507.696055  4613
   30 19018.957127 14985
   31 2021.534647 10343
   32 -651.640242     7
   33 6908.036619  2104
   34 -253.925659     7
   35 5037.220272 17064
   36 34478.548055 21647
   37 -429.604903     0
   38 4624.279511  1257
   39 -733.630236     9
   40 2271.784882  2568
   41 1002.189597 12082
   42 3877.040691 15949
   43 6445.193164 13544
   44 2468.596975 23714
   45 -632.218891     8
   46 7656.952407 10842
   47 8842.623499 15863
   48 -2.351918     0
   49 -914.978366     7
   50 3943.349736  1573
   51 2418.677835   828
   52 1890.656603 12746
   53 420.374733   314
   54 2570.487514 23962
   55 6823.185107 23513
   56 -1862.297366     3
   57 954.205110 27528
   58 -744.932692     5
   59 -634.181932     3
   60 -1703.556069     2
   61 5668.169484 19028
   62 -2808.601272     7
   63 -2864.304811     7
   64 17604.739389 26634
   65 1923.659546  8009
   66 17238.755945 18283
   67 341.991345 14765
   68 -1747.188796     5
   69 3448.473692  4234
   70 1473.232844  6832
   71 9535.574018  6524
   72 -811.303954     1
   73 1954.151590 23238
   74 11628.382547 23525
   75 -2.547274     4
   76 9098.736615 10172
   77 3665.228052 21958
   78 -1270.020818     7
   79 -16.076259     8
   80 -494.037435     1
   81 1061.412882  3195
   82 469.300712  3101
   83 -1290.334415     6
   84 16779.804383  7462
   85 1636.200999  1250
   86 973.663264 13695
   87 -776.435396     0
   88 -1559.788751     4
   89 -422.657287     5
   90 137.027923 11841
   91 5569.777911  3905
   92 26026.977794 26181
   93 1572.214490  6201
   94 -78.768647     0
   95 -82.932883     5
   96 4607.192615 20258
   97 7332.680265 11140
   98 -530.294995     0
   99 994.175406  7350
  100 -1065.186341     3
  101 5660.833901  6709
  102 -1350.926188     0
  103 11619.717889 20824
  104 5644.008069 10814
  105 -2350.070803     3
  106 1565.136630  1080
  107 21381.207893 23377
  108 -1118.951001     6
  109 2321.816261  1281
  110 -767.944633     8
  111 12728.819149 12350
  112 -8.771516     5
  113 6584.231556 21527
  114 -1158.401711     1
  115 279.322862 12613
  116 628.599609 25599
  117 6165.009542  2552
  118 10624.104693  4764
  119 8947.203946 11817
  120 8363.772579  8720
  121 866.423884   876
  122 23724.376544 21854
  123 -183.217769     9
  124 1677.288897   546
  125 -478.248711     5
  126 -1979.961119     1
  127 -2168.137793     7
  128 -101.198510     8
  129 12389.099006 22728
  130 2796.987386 12216
  131 2871.116260 19666
  132 285.035937    74
  133 -799.200015     8
  134 760.472736 16240
  135 6667.434993 23404
  136 794.254442  3066
  137 936.605873  3236
  138 -880.072044     9
  139 28359.983041 26575
  140 -2538.973091     4
  141 1349.118456 23859
  142 -1527.302181     0
  143 24743.674741 15705
  144 9885.686260 14460
  145 385.320278 16428
  146 15740.504899 26421
  147 7408.550252 10799
  148 -1136.674147     0
  149 -4790.168872     1
  150 10465.192858 14927
  151 -520.216246     0
  152 2031.452119  4176
  153 1810.243385  3369
  154 -124.231534     7
  155 -49.722783     6
  156 10323.727121 26851
  157 -668.696091     8
  158 6794.752709  5560
  159 -706.627754     4
  160 26153.607358 13900
  161 -2476.710139     9
  162 23903.184136 23379
  163 1947.547011 18562
  164 -1776.421886     9
  165 -992.498992     0
  166 3917.225970  4587
  167 112.277027  4200
  168 -2523.760744     9
  169 -174.311435     3
  170 -1171.467316     4
  171 -484.181553     3
  172 11409.663412 24598
  173 2504.697553 14057
  174 -349.557741     9
  175 19836.881400 15891
  176 -1110.198328     0
  177 -1324.660045     4
  178 385.094930 20565
  179 10923.808423 11021
  180 2703.196310 19654
  181 -291.586288     1
  182 22170.926022 13672
  183 10551.198240 14952
  184 11025.284462 26785
  185 1011.481143  6455
  186 -59.369188     5
  187 -518.294369     5
  188 -1319.742796     5
  189 11659.555678 16729
  190 3502.833554 13760
  191 -482.764032     2
  192 992.557060 24846
  193 -2093.833666     5
  194 -503.430209     7
  195 -2026.787190     9
  196 -700.523024     1
  197 2711.346074 15816
  198 19763.323016 17659
  199 -1341.721517     4
  200 4910.603015  6147
  201 -1116.141842     1
  202 32257.317552 26161
  203 6752.275688  9518
  204 -1355.026335     4
  205 6336.169994 18278
  206 6230.543080 12201
  207 -514.886839     3
  208 -670.498958     5
  209 68.604255 11251
  210 15157.156648 11128
  211 4965.173518 18494
  212 -408.135556     1
  213 -979.115496     0
  214 2767.919596 15528
  215 -562.127833     5
  216 3219.340413  1154
  217 16624.849279 15143
  218 -159.797974     3
  219 642.434252 16679
  220 -206.938483     5
  221 1684.722489  1476
  222 16432.667040 19127
  223 1142.840472  5680
  224 1910.124727  2168
  225 -108.922135     5
  226 2357.098917 25072
  227 1183.655086   460
  228 1646.629627  3095
  229 4534.123867  8458
  230 -1308.826842     4
  231 4941.671147 11398
  232 3307.378210   881
  233 4172.764756  1061
  234 -610.973423     9
  235 18619.866713 17055
  236 -1632.427800     9
  237 13312.717209 25768
  238 9910.249496 14732
  239 -2163.376715     2
  240 1771.669469    35
  241 3977.211874  9045
  242 -3158.539928     4
  243 9787.059203 25507
  244 11165.911347 27680
  245 11271.542715  6344
  246 8228.003081 21407
  247 -782.506276     8
  248 -705.440957     2
  249 4217.347306 21608
  250 4186.092781 19993
  251 -1190.042368     0
  252 523.363003   131
  253 8815.435152 26725
  254 -2193.168146     7
  255 1776.316957  4774
  256 -53.552659     8
  257 -692.663914     3
  258 440.884178 11874
  259 -620.617700     4
  260 -390.686553     5
  261 17041.148870 15881
  262 -2180.520347     3
  263 8574.234454 14536
  264 6233.811265  1231
  265 2356.145049 13187
  266 2140.852242  7031
  267 -150.305562     0
  268 80.798864 12441
  269 -384.712023     1
  270 -2268.174631     0
  271 235.134723 20832
  272 -925.040031     3
  273 6866.167308 13008
  274 876.289771  3973
  275 940.692847  9596
  276 -2466.814424     7
  277 7957.833595  8226
  278 14451.033241  8125
  279 1468.379442  1936
  280 254.882174   519
  281 -282.448742     4
  282 23712.858388 20779
  283 12267.154464  5897
  284 -1397.332333     7
  285 -222.634177     5
  286 -1885.438588     2
  287 6642.379593 13467
  288 -361.519018     7
  289 -248.849900     1
  290 679.704636 15224
  291 5346.526883 16581
  292 15102.505435 16126
  293 -1084.453608     6
  294 3174.876616 12038
  295 11845.964615 14498
  296 8394.373433  4174
  297 -722.597851     6
  298 -585.581455     5
  299 2264.045123 21172
  300 3386.283127 14979
