300
    1 400.441359     1
    2 1937.311403 22552
    3 -1752.036113     7
    4 -679.395377     7
    5 -2386.101775     8
    6 8929.185223 11402
    7 6772.699834  7882
    8 1709.968877  5438
    9 -504.393647     7
   10 9328.667134  6863
   11 -1041.619899     1
   12 5757.571272   525
   13 -646.146881     2
   14 8975.328509 20096
   15 -1082.939328     7
   16 22016.658375 24956
   17 -280.387268     8
   18 -386.102590     6
   19 16231.852299 14573
   20 -209.488027     7
   21 10165.653123 21823
   22 5639.162903 15275
   23 15180.187413 14868
   24 -527.236742     6
   25 6354.818088  2208
   26 -153.616291     1
   27 8068.420510 20395
   28 -489.975245     3
   29 4002.614400  4613
   30 13836.694661 14985
   31 1948.208384 10343
   32 -9.448005     7
   33 1908.635953  2104
   34 -264.967097     7
   35 9627.958134 17064
   36 5644.402562 21647
   37 -1331.993939     0
   38 348.238063  1257
   39 -1613.038767     9
   40 2274.438763  2568
   41 5430.789979 12082
   42 12073.438126 15949
   43 18964.379822 13544
   44 19497.987387 23714
   45 -1416.734900     8
   46 3763.920504 10842
   47 9697.220791 15863
   48 -1085.872886     0
   49 -31.033430     7
   50 1292.421823  1573
   51 1582.667902   828
   52 19449.703198 12746
   53 1436.731239   314
   54 4332.525462 23962
   55 16032.571930 23513
   56 -1067.867133     3
   57 25194.557155 27528
   58 -606.581502     5
   59 -1258.944995     3
   60 -946.696043     2
   61 19962.821543 19028
   62 -1753.781500     7
   63 -136.413492     7
   64 9650.494214 26634
   65 40.231485  8009
   66 16378.667880 18283
   67 10985.596385 14765
   68 -490.988147     5
   69 2341.518317  4234
   70 8921.450491  6832
   71 2761.939900  6524
   72 -920.070028     1
   73 13589.635177 23238
   74 3989.886418 23525
   75 -1578.809243     4
   76 3332.563248 10172
   77 14059.602161 21958
   78 -747.852971     7
   79 -1306.257709     8
   80 -896.736244     1
   81 4149.933069  3195
   82 73.152140  3101
   83 -1873.980973     6
   84 8019.610585  7462
   85 1041.412353  1250
   86 1440.267464 13695
   87 -121.991184     0
   88 -559.175506     4
   89 -882.214169     5
   90 2974.928461 11841
   91 2908.418091  3905
   92 3575.103501 26181
   93 1531.736491  6201
   94 -60.159221     0
   95 -559.956682     5
   96 9837.125485 20258
   97 8971.654760 11140
   98 -1085.158872     0
   99 12832.429227  7350
  100 -728.356026     3
  101 4439.307393  6709
  102 -209.193198     0
  103 1494.505977 20824
  104 12573.287442 10814
  105 -89.523955     3
  106 2454.196402  1080
  107 27811.641048 23377
  108 -1621.107636     6
  109 1937.763369  1281
  110 -556.969125     8
  111 3099.124721 12350
  112 -390.472748     5
  113 2348.533207 21527
  114 -1392.047799     1
  115 570.206710 12613
  116 841.660303 25599
  117 761.322316  2552
  118 6105.023059  4764
  119 86.029639 11817
  120 2601.359888  8720
  121 1799.206816   876
  122 2761.870323 21854
  123 -516.889360     9
  124 1227.065147   546
  125 -549.517152     5
  126 -1065.013999     1
  127 -421.998072     7
  128 -336.050956     8
  129 17353.848561 22728
  130 8863.763900 12216
  131 19366.658547 19666
  132 222.829453    74
  133 -281.320278     8
  134 9193.741581 16240
  135 7598.098186 23404
  136 1141.897320  3066
  137 2008.060504  3236
  138 -79.150800     9
  139 6871.897501 26575
  140 -131.648289     4
  141 6284.552446 23859
  142 -231.018145     0
  143 2956.459655 15705
  144 1368.981258 14460
  145 16412.905187 16428
  146 4801.914986 26421
  147 7384.556172 10799
  148 -776.243147     0
  149 -552.468147     1
  150 9893.282928 14927
  151 -322.323035     0
  152 2210.464071  4176
  153 100.719778  3369
  154 -2737.319437     7
  155 -718.578267     6
  156 28960.957220 26851
  157 -1731.209351     8
  158 602.111297  5560
  159 -158.407615     4
  160 2542.473577 13900
  161 -2012.631924     9
  162 21396.104456 23379
  163 10684.137674 18562
  164 -681.946478     9
  165 -406.930570     0
  166 3344.323437  4587
  167 5290.617267  4200
  168 -1656.113223     9
  169 -75.508925     3
  170 -431.792663     4
  171 -802.888642     3
  172 43778.725918 24598
  173 916.978580 14057
  174 -363.259865     9
  175 7698.935989 15891
  176 -1582.323634     0
  177 -31.609274     4
  178 16507.225868 20565
  179 5498.973201 11021
  180 210.961674 19654
  181 -794.464580     1
  182 5023.800730 13672
  183 10362.694311 14952
  184 18136.320315 26785
  185 3427.701989  6455
  186 -798.101276     5
  187 -2063.681074     5
  188 -584.601570     5
  189 7228.155700 16729
  190 13265.169752 13760
  191 -1181.693325     2
  192 9037.653798 24846
  193 -615.803392     5
  194 -25.851001     7
  195 -1588.988370     9
  196 -283.443137     1
  197 10465.287037 15816
  198 4697.275115 17659
  199 -537.317814     4
  200 7794.474665  6147
  201 -905.615427     1
  202 6613.125699 26161
  203 11775.556777  9518
  204 -1136.230319     4
  205 27976.578741 18278
  206 10118.488144 12201
  207 -174.007267     3
  208 -2319.001909     5
  209 3324.958675 11251
  210 13500.325108 11128
  211 2199.024062 18494
  212 -368.711360     1
  213 -292.264265     0
  214 1137.805680 15528
  215 -473.619631     5
  216 1016.306393  1154
  217 18149.106571 15143
  218 -959.626868     3
  219 24751.738601 16679
  220 -800.612924     5
  221 1947.060493  1476
  222 3470.576197 19127
  223 5094.150591  5680
  224 828.447560  2168
  225 -2983.447531     5
  226 3124.915267 25072
  227 2700.394743   460
  228 1641.465713  3095
  229 4491.461041  8458
  230 -1226.874026     4
  231 378.445935 11398
  232 4868.870703   881
  233 4927.103354  1061
  234 -798.084466     9
  235 5964.056740 17055
  236 -2195.000389     9
  237 13308.770449 25768
  238 1115.487644 14732
  239 -721.265453     2
  240 2163.280154    35
  241 5974.293899  9045
  242 -2385.076969     4
  243 8361.089467 25507
  244 916.604306 27680
  245 5062.336360  6344
  246 3036.202250 21407
  247 -442.967736     8
  248 -593.413510     2
  249 3328.405164 21608
  250 5245.358342 19993
  251 -1843.272065     0
  252 661.780328   131
  253 10843.039209 26725
  254 -399.348033     7
  255 4494.512638  4774
  256 -1713.850691     8
  257 -4.282595     3
  258 3119.938715 11874
  259 -665.959555     4
  260 -330.161699     5
  261 5027.533450 15881
  262 -1173.097343     3
  263 19135.963792 14536
  264 5468.019804  1231
  265 5107.166011 13187
  266 7460.152842  7031
  267 -282.512587     0
  268 3086.942630 12441
  269 -1800.897145     1
  270 -181.669962     0
  271 15736.098424 20832
  272 -986.857227     3
  273 6188.709949 13008
  274 1392.629241  3973
  275 3937.157683  9596
  276 -50.828923     7
  277 547.429528  8226
  278 6942.033517  8125
  279 483.865750  1936
  280 267.891360   519
  281 -1323.579650     4
  282 10305.126483 20779
  283 8710.511148  5897
  284 -848.498301     7
  285 -1301.613763     5
  286 -899.833110     2
  287 1187.428605 13467
  288 -173.671227     7
  289 -1481.305893     1
  290 12913.387883 15224
  291 6432.082070 16581
  292 9213.880953 16126
  293 -762.366837     6
  294 16588.416622 12038
  295 22786.842321 14498
  296 268.346493  4174
  297 -1830.403167     6
  298 -1464.614897     5
  299 8180.686274 21172
  300 7188.039103 14979
