300
    1 3087.745024     1
    2 9511.892961 22552
    3 -534.345079     7
    4 -106.022965     7
    5 -550.783604     8
    6 8366.269981 11402
    7 7931.818220  7882
    8 6126.053250  5438
    9 -379.848199     7
   10 1661.258935  6863
   11 -396.542868     1
   12 3625.371909   525
   13 -650.648529     2
   14 6692.073415 20096
   15 -9.879178     7
   16 11104.304591 24956
   17 -167.093059     8
   18 -1066.553140     6
   19 13024.469534 14573
   20 -1170.671820     7
   21 4139.670628 21823
   22 6954.853358 15275
   23 5444.494036 14868
   24 -1044.276032     6
   25 3765.737258  2208
   26 -1515.752162     1
   27 21934.015015 20395
   28 -1769.031496     3
   29 9723.015665  4613
   30 3752.576345 14985
   31 302.252114 10343
   32 -419.627255     7
   33 1424.671144  2104
   34 -1467.737228     7
   35 9619.293130 17064
   36 14303.749873 21647
   37 -161.780163     0
   38 6330.716215  1257
   39 -510.435343     9
   40 2908.656818  2568
   41 15892.376530 12082
   42 3699.481038 15949
   43 9645.496139 13544
   44 20208.683517 23714
   45 -921.501588     8
   46 1761.409064 10842
   47 11781.471753 15863
   48 -176.943679     0
   49 -481.318970     7
   50 721.521326  1573
   51 182.957485   828
   52 1692.786116 12746
   53 3330.748004   314
   54 24868.894173 23962
   55 2196.277581 23513
   56 -2143.382731     3
   57 1142.257151 27528
   58 -775.901496     5
   59 -225.490184     3
   60 -1864.405195     2
   61 582.356622 19028
   62 -26.682037     7
   63 -1329.010066     7
   64 986.356692 26634
   65 3530.940818  8009
   66 3232.097947 18283
   67 7052.630766 14765
   68 -375.991846     5
   69 5475.225764  4234
   70 481.355630  6832
   71 1718.369396  6524
   72 -188.694489     1
   73 3517.396139 23238
   74 9977.337803 23525
   75 -289.705900     4
   76 14635.673510 10172
   77 12901.588813 21958
   78 -1300.944191     7
   79 -1356.178137     8
   80 -178.340916     1
   81 1072.055060  3195
   82 1539.277196  3101
   83 -1442.281272     6
   84 3577.954983  7462
   85 4851.118657  1250
   86 6894.551007 13695
   87 -281.549394     0
   88 -282.581999     4
   89 -1157.489464     5
   90 5238.799294 11841
   91 354.396073  3905
   92 3193.214941 26181
   93 822.361318  6201
   94 -124.178371     0
   95 -1521.471064     5
   96 3461.522567 20258
   97 7899.351227 11140
   98 -237.464039     0
   99 2833.301633  7350
  100 -335.651885     3
  101 6490.033741  6709
  102 -63.035196     0
  103 349.885501 20824
  104 482.942335 10814
  105 -41.367902     3
  106 5475.615329  1080
  107 14693.586385 23377
  108 -1614.993720     6
  109 227.968628  1281
  110 -2204.998052     8
  111 3600.223299 12350
  112 -112.531741     5
  113 30792.123516 21527
  114 -593.784596     1
  115 9709.100952 12613
  116 251.088103 25599
  117 3334.288813  2552
  118 1487.036298  4764
  119 11303.380711 11817
  120 678.791066  8720
  121 3391.618745   876
  122 10665.645662 21854
  123 -1210.196570     9
  124 2331.693272   546
  125 -660.953026     5
  126 -265.248128     1
  127 -1118.872846     7
  128 -1455.892963     8
  129 1617.811121 22728
  130 9969.974444 12216
  131 15573.567756 19666
  132 1196.373751    74
  133 -561.164842     8
  134 14342.484223 16240
  135 22595.788608 23404
  136 7696.702668  3066
  137 428.515411  3236
  138 -834.470326     9
  139 7701.467663 26575
  140 -333.375521     4
  141 8666.876678 23859
  142 -2609.052216     0
  143 5455.105497 15705
  144 2403.611851 14460
  145 649.867444 16428
  146 18774.042213 26421
  147 4947.610317 10799
  148 -9.641524     0
  149 -2892.138925     1
  150 9560.840420 14927
  151 -1369.027830     0
  152 743.571635  4176
  153 2782.927144  3369
  154 -1557.312463     7
  155 -310.135792     6
  156 28408.569344 26851
  157 -229.196401     8
  158 3427.066063  5560
  159 -197.162059     4
  160 6254.348493 13900
  161 -1352.897426     9
  162 13123.347302 23379
  163 16892.966030 18562
  164 -35.704516     9
  165 -1149.959583     0
  166 3937.935727  4587
  167 2636.542871  4200
  168 -2253.611412     9
  169 -1898.519105     3
  170 -340.116345     4
  171 -1332.001654     3
  172 2260.585167 24598
  173 3390.744684 14057
  174 -773.897097     9
  175 16631.946766 15891
  176 -812.081557     0
  177 -540.791961     4
  178 376.890055 20565
  179 12368.943660 11021
  180 1898.882585 19654
  181 -938.239646     1
  182 1239.557071 13672
  183 12311.103585 14952
  184 21938.244336 26785
  185 3630.206875  6455
  186 -692.743401     5
  187 -510.467927     5
  188 -2037.987544     5
  189 4561.974848 16729
  190 5187.396183 13760
  191 -39.620306     2
  192 12466.486308 24846
  193 -1767.577336     5
  194 -102.099272     7
  195 -207.618472     9
  196 -317.631284     1
  197 2278.865781 15816
  198 16157.299927 17659
  199 -1111.556700     4
  200 6690.537375  6147
  201 -602.932249     1
  202 17091.574273 26161
  203 5397.561551  9518
  204 -268.500112     4
  205 2685.904004 18278
  206 6838.290927 12201
  207 -921.411969     3
  208 -1227.867139     5
  209 8415.218813 11251
  210 2332.173063 11128
  211 1588.822211 18494
  212 -66.785754     1
  213 -1353.467670     0
  214 467.710222 15528
  215 -892.992841     5
  216 2409.498523  1154
  217 15094.896404 15143
  218 -1254.056568     3
  219 22909.842061 16679
  220 -1313.714771     5
  221 1382.471359  1476
  222 16287.174552 19127
  223 4345.637714  5680
  224 3977.326249  2168
  225 -687.900200     5
  226 235.784450 25072
  227 184.476767   460
  228 4596.357123  3095
  229 3353.361611  8458
  230 -191.185954     4
  231 11612.917297 11398
  232 8641.571180   881
  233 451.835120  1061
  234 -56.333190     9
  235 2063.512747 17055
  236 -3875.554819     9
  237 8512.975102 25768
  238 2064.333599 14732
  239 -19.936491     2
  240 3423.562229    35
  241 4572.055008  9045
  242 -6199.121700     4
  243 10639.190038 25507
  244 10702.985561 27680
  245 2749.044323  6344
  246 2036.729060 21407
  247 -366.063105     8
  248 -2783.792975     2
  249 2632.837254 21608
  250 17839.216619 19993
  251 -2268.422801     0
  252 3706.882177   131
  253 19352.778952 26725
  254 -126.689689     7
  255 3790.062939  4774
  256 -1344.338623     8
  257 -2154.937277     3
  258 5311.285589 11874
  259 -383.584233     4
  260 -1346.980092     5
  261 6236.164569 15881
  262 -2861.008401     3
  263 7874.779783 14536
  264 461.654802  1231
  265 16040.227544 13187
  266 5508.988143  7031
  267 -2408.304890     0
  268 8691.923783 12441
  269 -1157.344716     1
  270 -551.294846     0
  271 9776.494097 20832
  272 -414.068813     3
  273 9915.503377 13008
  274 213.354372  3973
  275 9213.825041  9596
  276 -1564.016156     7
  277 11296.711244  8226
  278 8629.952537  8125
  279 6410.483151  1936
  280 3435.184998   519
  281 -461.831061     4
  282 9619.645900 20779
  283 7131.733737  5897
  284 -317.160053     7
  285 -398.468994     5
  286 -550.442513     2
  287 11621.362324 13467
  288 -927.297214     7
  289 -282.813338     1
  290 9376.476969 15224
  291 4610.838062 16581
  292 8489.666461 16126
  293 -1432.398694     6
  294 6183.183027 12038
  295 3767.941752 14498
  296 4059.924872  4174
  297 -1211.732729     6
  298 -1070.109615     5
  299 2509.170704 21172
  300 3904.550329 14979
