300
    1 83.462579     1
    2 9317.457341 22552
    3 -2257.311837     7
    4 -21.388590     7
    5 -1202.881822     8
    6 6185.078130 11402
    7 3329.119236  7882
    8 3695.992132  5438
    9 -545.103917     7
   10 377.467141  6863
   11 -1049.263063     1
   12 3196.642775   525
   13 -706.016265     2
   14 19181.943542 20096
   15 -2133.435504     7
   16 8436.321853 24956
   17 -825.684438     8
   18 -1829.130673     6
   19 14186.820561 14573
   20 -79.324962     7
   21 4827.032892 21823
   22 9607.178380 15275
   23 5754.272568 14868
   24 -1669.791523     6
   25 2662.534300  2208
   26 -657.553854     1
   27 3801.156703 20395
   28 -1636.833211     3
   29 5491.237301  4613
   30 2526.563454 14985
   31 6315.241761 10343
   32 -104.482498     7
   33 1465.368834  2104
   34 -471.142146     7
   35 944.150621 17064
   36 5313.443341 21647
   37 -462.508844     0
   38 1455.703586  1257
   39 -395.995050     9
   40 3975.935030  2568
   41 2375.847365 12082
   42 6641.430982 15949
   43 4566.884744 13544
   44 4679.466872 23714
   45 -2091.432816     8
   46 420.241952 10842
   47 9146.698409 15863
   48 -210.723731     0
   49 -256.883894     7
   50 867.063680  1573
   51 305.850907   828
   52 2687.178375 12746
   53 1741.515360   314
   54 18588.965718 23962
   55 2995.892870 23513
   56 -907.817614     3
   57 31595.128572 27528
   58 -2823.856831     5
   59 -800.018611     3
   60 -1538.439986     2
   61 8619.292033 19028
   62 -2222.540227     7
   63 -880.570748     7
   64 17858.460852 26634
   65 9842.373925  8009
   66 2353.488592 18283
   67 11422.258832 14765
   68 -554.691727     5
   69 1998.075747  4234
   70 1579.012085  6832
   71 2484.402413  6524
   72 -97.900453     1
   73 17469.259595 23238
   74 23464.733466 23525
   75 -781.923763     4
   76 9257.346723 10172
   77 13945.498959 21958
   78 -93.017821     7
   79 -1406.128924     8
   80 -147.159492     1
   81 4233.165784  3195
   82 817.652002  3101
   83 -143.236397     6
   84 4941.069394  7462
   85 837.793193  1250
   86 2188.940385 13695
   87 -855.947293     0
   88 -62.274879     4
   89 -611.250417     5
   90 3687.805891 11841
   91 6521.509298  3905
   92 4329.488981 26181
   93 9353.842512  6201
   94 -1181.823342     0
   95 -588.311865     5
   96 19143.070872 20258
   97 17303.359765 11140
   98 -163.028589     0
   99 7027.187610  7350
  100 -2391.191572     3
  101 6487.999139  6709
  102 -401.740825     0
  103 29640.104149 20824
  104 6710.469673 10814
  105 -771.773896     3
  106 3334.861811  1080
  107 26961.089923 23377
  108 -1739.266156     6
  109 3937.638231  1281
  110 -1186.560920     8
  111 1337.438496 12350
  112 -92.205034     5
  113 12485.376063 21527
  114 -632.581924     1
  115 4698.712721 12613
  116 18892.469516 25599
  117 182.517428  2552
  118 511.546866  4764
  119 13870.001839 11817
  120 8428.958241  8720
  121 559.437969   876
  122 1482.434069 21854
  123 -803.632596     9
  124 102.841257   546
  125 -711.447574     5
  126 -2528.914991     1
  127 -504.808338     7
  128 -1151.419089     8
  129 12038.607731 22728
  130 669.284686 12216
  131 7124.498270 19666
  132 1179.695715    74
  133 -1087.349053     8
  134 8708.531976 16240
  135 6789.210484 23404
  136 3873.392194  3066
  137 2855.113881  3236
  138 -417.241785     9
  139 29199.969821 26575
  140 -915.639293     4
  141 4066.879778 23859
  142 -182.119884     0
  143 14084.136373 15705
  144 2004.448147 14460
  145 10202.851291 16428
  146 4063.770990 26421
  147 2138.688319 10799
  148 -1202.329403     0
  149 -3447.638040     1
  150 133.169619 14927
  151 -1090.291271     0
  152 8794.833732  4176
  153 2031.214634  3369
  154 -1303.787947     7
  155 -682.506473     6
  156 1327.858135 26851
  157 -37.086015     8
  158 2597.890011  5560
  159 -307.573447     4
  160 1089.104657 13900
  161 -866.649396     9
  162 4484.647518 23379
  163 6460.921443 18562
  164 -14.012525     9
  165 -291.841095     0
  166 5568.615376  4587
  167 1690.534551  4200
  168 -99.758441     9
  169 -1763.819480     3
  170 -1427.299741     4
  171 -573.744117     3
  172 2202.966609 24598
  173 10872.481933 14057
  174 -694.514814     9
  175 1696.194147 15891
  176 -98.880424     0
  177 -1758.025157     4
  178 2146.718369 20565
  179 6558.590764 11021
  180 2677.895869 19654
  181 -811.361067     1
  182 18255.883307 13672
  183 6106.457794 14952
  184 19042.846650 26785
  185 1754.468975  6455
  186 -57.240394     5
  187 -144.986337     5
  188 -1636.754965     5
  189 22926.835963 16729
  190 18750.017001 13760
  191 -68.153396     2
  192 20999.186155 24846
  193 -450.599707     5
  194 -663.844698     7
  195 -136.317529     9
  196 -745.767660     1
  197 5426.507099 15816
  198 17877.271971 17659
  199 -214.087942     4
  200 3216.055959  6147
  201 -1944.354196     1
  202 20022.708968 26161
  203 4301.798624  9518
  204 -1141.269585     4
  205 528.026191 18278
  206 3010.817385 12201
  207 -91.901022     3
  208 -137.524775     5
  209 5872.967104 11251
  210 4067.218813 11128
  211 4904.748877 18494
  212 -1028.361815     1
  213 -949.990980     0
  214 1107.686569 15528
  215 -212.218697     5
  216 2973.313213  1154
  217 7477.730651 15143
  218 -437.222457     3
  219 5621.132575 16679
  220 -1639.365007     5
  221 5269.897718  1476
  222 13224.234396 19127
  223 1336.569415  5680
  224 1493.548037  2168
  225 -710.151682     5
  226 13731.594833 25072
  227 3960.971417   460
  228 1362.303706  3095
  229 1626.200610  8458
  230 -645.639812     4
  231 5929.894199 11398
  232 3620.480601   881
  233 4640.466129  1061
  234 -70.959687     9
  235 10606.398179 17055
  236 -1550.264864     9
  237 20342.483361 25768
  238 6270.993981 14732
  239 -2809.449463     2
  240 790.226207    35
  241 6038.677712  9045
  242 -1272.517532     4
  243 18516.838452 25507
  244 5241.669815 27680
  245 2648.874310  6344
  246 8556.408822 21407
  247 -605.984142     8
  248 -641.589504     2
  249 22026.339185 21608
  250 3994.030413 19993
  251 -739.108154     0
  252 1366.581597   131
  253 23807.140390 26725
  254 -358.385324     7
  255 1282.699946  4774
  256 -248.577167     8
  257 -1240.273342     3
  258 5731.951639 11874
  259 -1505.484458     4
  260 -114.907109     5
  261 9583.280094 15881
  262 -757.194170     3
  263 3043.674668 14536
  264 1287.957895  1231
  265 3055.474229 13187
  266 3800.996827  7031
  267 -768.781314     0
  268 8076.226169 12441
  269 -2166.546903     1
  270 -64.083722     0
  271 6287.314892 20832
  272 -569.843504     3
  273 15768.666774 13008
  274 3471.100935  3973
  275 11594.476549  9596
  276 -443.848372     7
  277 4536.306840  8226
  278 6912.796244  8125
  279 3013.180360  1936
  280 6833.391696   519
  281 -659.169439     4
  282 6622.870200 20779
  283 6432.260165  5897
  284 -1284.110649     7
  285 -2533.510846     5
  286 -1706.351840     2
  287 6483.208204 13467
  288 -574.171725     7
  289 -915.450854     1
  290 9074.453684 15224
  291 2817.159763 16581
  292 3799.297741 16126
  293 -894.732523     6
  294 8646.969689 12038
  295 14395.955920 14498
  296 126.427296  4174
  297 -1752.705531     6
  298 -1254.835862     5
  299 16829.804681 21172
  300 4605.694347 14979
