300
    1 3380.241344     1
    2 6745.956356 22552
    3 -1274.967479     7
    4 -903.254419     7
    5 -1563.634396     8
    6 14307.241710 11402
    7 181.044081  7882
    8 3649.468680  5438
    9 -507.648011     7
   10 1609.221605  6863
   11 -1524.077178     1
   12 6992.277086   525
   13 -500.052701     2
   14 28944.603227 20096
   15 -631.086042     7
   16 35821.337437 24956
   17 -3745.393923     8
   18 -1174.993077     6
   19 12547.586191 14573
   20 -2214.522250     7
   21 3679.312913 21823
   22 678.159162 15275
   23 5361.275391 14868
   24 -148.317590     6
   25 276.852990  2208
   26 -1392.001664     1
   27 1608.873617 20395
   28 -939.260762     3
   29 100.282097  4613
   30 12718.509888 14985
   31 5566.216437 10343
   32 -1322.528649     7
   33 5114.677209  2104
   34 -1380.518995     7
   35 5462.124744 17064
   36 23024.876917 21647
   37 -449.940961     0
   38 9316.678841  1257
   39 -1305.128098     9
   40 8215.607784  2568
   41 2832.698168 12082
   42 22259.758551 15949
   43 138.090095 13544
   44 2396.718092 23714
   45 -2023.995242     8
   46 118.122969 10842
   47 8001.388795 15863
   48 -1421.954401     0
   49 -842.423043     7
   50 7257.373767  1573
   51 426.646055   828
   52 13407.786702 12746
   53 7379.006419   314
   54 15491.319469 23962
   55 8749.758285 23513
   56 -3276.176263     3
   57 1970.584080 27528
   58 -882.195724     5
   59 -419.020110     3
   60 -45.376093     2
   61 6353.018244 19028
   62 -1447.832476     7
   63 -184.407385     7
   64 206.730708 26634
   65 2017.867870  8009
   66 15232.861998 18283
   67 3022.028160 14765
   68 -523.332996     5
   69 7886.554619  4234
   70 10259.535775  6832
   71 635.485731  6524
   72 -917.053641     1
   73 1950.510140 23238
   74 14273.574688 23525
   75 -363.467567     4
   76 17354.471264 10172
   77 20411.438236 21958
   78 -619.036356     7
   79 -23.431137     8
   80 -304.955736     1
   81 1544.604644  3195
   82 4438.214153  3101
   83 -114.075535     6
   84 5482.094324  7462
   85 2954.933566  1250
   86 24962.276930 13695
   87 -524.207186     0
   88 -1985.077743     4
   89 -277.729143     5
   90 274.280156 11841
   91 830.245516  3905
   92 22867.274245 26181
   93 9100.343839  6201
   94 -436.503488     0
   95 -1793.912787     5
   96 24110.525051 20258
   97 8057.560784 11140
   98 -1559.886513     0
   99 3879.972153  7350
  100 -210.716465     3
  101 124.562806  6709
  102 -646.421382     0
  103 3931.624920 20824
  104 11663.836801 10814
  105 -604.714051     3
  106 903.448242  1080
  107 2734.896837 23377
  108 -1683.165879     6
  109 6645.158113  1281
  110 -2609.924794     8
  111 14118.992479 12350
  112 -1584.173489     5
  113 2207.299157 21527
  114 -2231.166727     1
  115 4267.217878 12613
  116 722.853616 25599
  117 1627.616347  2552
  118 8964.757803  4764
  119 616.984266 11817
  120 8243.724299  8720
  121 1746.774305   876
  122 1528.487584 21854
  123 -74.883853     9
  124 4754.614308   546
  125 -520.747686     5
  126 -51.583838     1
  127 -767.837912     7
  128 -1988.761350     8
  129 14582.341014 22728
  130 16643.365736 12216
  131 47.807399 19666
  132 1053.797040    74
  133 -375.922716     8
  134 16742.854456 16240
  135 3804.353997 23404
  136 10565.395036  3066
  137 4246.391830  3236
  138 -2338.093254     9
  139 26993.489599 26575
  140 -62.533277     4
  141 32676.188936 23859
  142 -883.336455     0
  143 7665.041554 15705
  144 13812.209507 14460
  145 1695.186964 16428
  146 10463.149679 26421
  147 4022.041886 10799
  148 -124.301098     0
  149 -260.947837     1
  150 15907.329473 14927
  151 -443.848817     0
  152 1212.670341  4176
  153 266.921609  3369
  154 -1417.771332     7
  155 -181.136205     6
  156 17076.784996 26851
  157 -13.614823     8
  158 2220.373614  5560
  159 -67.547753     4
  160 468.730488 13900
  161 -219.899313     9
  162 37357.607659 23379
  163 6916.550608 18562
  164 -180.779852     9
  165 -83.567249     0
  166 9452.594016  4587
  167 1582.240747  4200
  168 -1747.810154     9
  169 -359.416453     3
  170 -762.700539     4
  171 -1823.297468     3
  172 2607.610040 24598
  173 8267.836032 14057
  174 -2355.887335     9
  175 15025.620594 15891
  176 -330.583648     0
  177 -382.489957     4
  178 567.253790 20565
  179 1509.956040 11021
  180 14402.107018 19654
  181 -98.187482     1
  182 18280.662357 13672
  183 23434.507704 14952
  184 20256.314072 26785
  185 79.946176  6455
  186 -812.179825     5
  187 -691.151248     5
  188 -186.087295     5
  189 12707.948770 16729
  190 2307.913644 13760
  191 -320.774225     2
  192 629.213314 24846
  193 -1467.092872     5
  194 -150.047855     7
  195 -235.219673     9
  196 -643.941937     1
  197 8393.440751 15816
  198 17156.932590 17659
  199 -47.534586     4
  200 2351.715796  6147
  201 -582.891331     1
  202 18659.707797 26161
  203 3871.914804  9518
  204 -199.387625     4
  205 1786.603945 18278
  206 5750.863802 12201
  207 -127.658793     3
  208 -1919.907847     5
  209 7052.830892 11251
  210 639.993668 11128
  211 651.526714 18494
  212 -792.070441     1
  213 -355.816782     0
  214 3362.279890 15528
  215 -838.896717     5
  216 2192.045714  1154
  217 2544.979733 15143
  218 -186.765491     3
  219 2966.100246 16679
  220 -890.170013     5
  221 328.373169  1476
  222 2715.403572 19127
  223 4696.656513  5680
  224 5183.560121  2168
  225 -163.483059     5
  226 5019.572329 25072
  227 2815.294790   460
  228 6129.316518  3095
  229 8145.630920  8458
  230 -1492.213438     4
  231 3141.450644 11398
  232 2015.166784   881
  233 2467.721408  1061
  234 -405.709110     9
  235 12555.027491 17055
  236 -1806.936651     9
  237 23683.077533 25768
  238 10832.052905 14732
  239 -1020.352780     2
  240 1881.089984    35
  241 470.706802  9045
  242 -2247.748330     4
  243 19256.003839 25507
  244 14143.065085 27680
  245 9337.349981  6344
  246 14540.440038 21407
  247 -966.749161     8
  248 -296.170659     2
  249 10038.676333 21608
  250 5649.076806 19993
  251 -1947.815397     0
  252 769.973096   131
  253 2234.346927 26725
  254 -212.806835     7
  255 5213.038671  4774
  256 -522.456292     8
  257 -1752.117078     3
  258 851.669421 11874
  259 -769.554564     4
  260 -1164.306318     5
  261 14591.369102 15881
  262 -772.468983     3
  263 14991.155941 14536
  264 3030.945918  1231
  265 8199.670511 13187
  266 5047.703062  7031
  267 -1263.529942     0
  268 263.322095 12441
  269 -548.773409     1
  270 -1031.959627     0
  271 14912.521429 20832
  272 -278.316511     3
  273 14776.236737 13008
  274 1785.701295  3973
  275 7047.154061  9596
  276 -1932.068494     7
  277 481.430524  8226
  278 932.867096  8125
  279 3806.037739  1936
  280 3655.564693   519
  281 -339.163968     4
  282 7362.556690 20779
  283 8149.913674  5897
  284 -2229.045750     7
  285 -1332.592886     5
  286 -904.986888     2
  287 20640.256519 13467
  288 -417.888633     7
  289 -218.227632     1
  290 6696.887483 15224
  291 9549.283551 16581
  292 3744.035188 16126
  293 -311.308669     6
  294 17100.906827 12038
  295 4685.384663 14498
  296 1438.269258  4174
  297 -400.011056     6
  298 -910.123284     5
  299 3956.800654 21172
  300 10245.707860 14979
