300
    1 4050.051114     1
    2 3146.583807 22552
    3 -2174.207262     7
    4 -581.339045     7
    5 -307.529345     8
    6 9699.443634 11402
    7 8350.769066  7882
    8 2342.118276  5438
    9 -951.968489     7
   10 2038.439370  6863
   11 -1150.338117     1
   12 505.051997   525
   13 -161.561352     2
   14 22890.701868 20096
   15 -56.970706     7
   16 3396.213345 24956
   17 -1299.152274     8
   18 -1413.543258     6
   19 3722.100572 14573
   20 -1414.824859     7
   21 16979.636522 21823
   22 6684.051576 15275
   23 2113.566543 14868
   24 -931.424269     6
   25 585.900371  2208
   26 -797.539466     1
   27 7711.584502 20395
   28 -404.236182     3
   29 86.070937  4613
   30 11348.309360 14985
   31 2279.225665 10343
   32 -955.282041     7
   33 1637.028874  2104
   34 -2236.417401     7
   35 9109.428466 17064
   36 10682.335055 21647
   37 -493.884867     0
   38 989.571399  1257
   39 -1156.800212     9
   40 2241.214400  2568
   41 615.209477 12082
   42 11909.038501 15949
   43 8964.861872 13544
   44 1910.010996 23714
   45 -2222.149107     8
   46 14083.311888 10842
   47 1867.239075 15863
   48 -640.424640     0
   49 -2631.248439     7
   50 2499.289812  1573
   51 6337.966574   828
   52 1333.629751 12746
   53 1619.265614   314
   54 1560.607061 23962
   55 17860.174003 23513
   56 -983.646461     3
   57 2055.137064 27528
   58 -1475.557930     5
   59 -1464.392656     3
   60 -1714.404190     2
   61 10508.177599 19028
   62 -3111.399788     7
   63 -2310.901815     7
   64 26253.107908 26634
   65 4568.393077  8009
   66 365.732054 18283
   67 11511.294966 14765
   68 -275.344842     5
   69 1431.105249  4234
   70 3344.290383  6832
   71 750.208376  6524
   72 -870.738022     1
   73 5754.913942 23238
   74 7433.006921 23525
   75 -539.224233     4
   76 13403.373102 10172
   77 11309.756674 21958
   78 -590.445887     7
   79 -314.372922     8
   80 -910.023358     1
   81 6952.025119  3195
   82 5898.471925  3101
   83 -114.215666     6
   84 9159.486618  7462
   85 455.339268  1250
   86 3605.521679 13695
   87 -1213.165324     0
   88 -36.452615     4
   89 -1390.441396     5
   90 14319.447655 11841
   91 5191.239429  3905
   92 9028.300857 26181
   93 1811.606391  6201
   94 -899.640546     0
   95 -441.354045     5
   96 4307.214144 20258
   97 3046.057439 11140
   98 -1798.986885     0
   99 6717.451496  7350
  100 -1009.129945     3
  101 5036.551751  6709
  102 -1038.093822     0
  103 13996.452490 20824
  104 3623.849487 10814
  105 -496.080137     3
  106 204.850933  1080
  107 13325.433286 23377
  108 -313.285683     6
  109 2310.800266  1281
  110 -435.848002     8
  111 13733.656015 12350
  112 -971.501546     5
  113 7070.646287 21527
  114 -1822.234154     1
  115 9438.971464 12613
  116 9882.793075 25599
  117 1257.412330  2552
  118 908.489211  4764
  119 7868.291804 11817
  120 9745.355069  8720
  121 2100.163191   876
  122 10843.646596 21854
  123 -251.712668     9
  124 1112.265206   546
  125 -1210.425929     5
  126 -2083.429260     1
  127 -2851.278057     7
  128 -256.748307     8
  129 26689.961961 22728
  130 18195.212552 12216
  131 1115.935862 19666
  132 2057.657961    74
  133 -256.608066     8
  134 10432.405820 16240
  135 3580.063751 23404
  136 4469.287772  3066
  137 4428.470395  3236
  138 -2520.158626     9
  139 5315.099366 26575
  140 -425.836665     4
  141 11489.928527 23859
  142 -1075.937859     0
  143 5897.429775 15705
  144 18821.924821 14460
  145 3110.132909 16428
  146 6659.479408 26421
  147 112.183726 10799
  148 -2508.517187     0
  149 -288.475433     1
  150 4517.250106 14927
  151 -2273.139734     0
  152 6117.151385  4176
  153 428.673759  3369
  154 -247.074394     7
  155 -793.779880     6
  156 15796.473024 26851
  157 -1290.966970     8
  158 2421.744875  5560
  159 -488.683567     4
  160 4103.880788 13900
  161 -1169.940033     9
  162 24674.897979 23379
  163 8255.159347 18562
  164 -1442.733928     9
  165 -740.901049     0
  166 1520.638914  4587
  167 8750.840182  4200
  168 -915.940016     9
  169 -204.259648     3
  170 -506.279098     4
  171 -831.260043     3
  172 5663.380199 24598
  173 3281.749354 14057
  174 -402.295747     9
  175 5271.862358 15891
  176 -442.421461     0
  177 -298.233955     4
  178 4469.748413 20565
  179 10133.099298 11021
  180 9498.901112 19654
  181 -1346.047052     1
  182 15662.042051 13672
  183 12586.706955 14952
  184 6941.056069 26785
  185 96.850597  6455
  186 -341.025987     5
  187 -1159.162790     5
  188 -211.701031     5
  189 3541.280802 16729
  190 9086.271646 13760
  191 -121.528207     2
  192 4492.417136 24846
  193 -184.752747     5
  194 -240.071912     7
  195 -1801.536313     9
  196 -220.517280     1
  197 17572.768929 15816
  198 9506.771584 17659
  199 -1905.051667     4
  200 156.339996  6147
  201 -586.238147     1
  202 9307.968056 26161
  203 1803.117383  9518
  204 -2191.342670     4
  205 9836.099273 18278
  206 10647.835835 12201
  207 -401.237242     3
  208 -64.106465     5
  209 4518.132356 11251
  210 13814.733403 11128
  211 5285.798706 18494
  212 -387.873838     1
  213 -823.191148     0
  214 9161.580666 15528
  215 -568.739003     5
  216 29.686436  1154
  217 8524.265405 15143
  218 -717.413730     3
  219 1138.418515 16679
  220 -1020.027737     5
  221 1485.367712  1476
  222 11259.655617 19127
  223 1197.002599  5680
  224 8049.773883  2168
  225 -1121.007994     5
  226 10914.337961 25072
  227 3649.819877   460
  228 579.843686  3095
  229 1799.733812  8458
  230 -1599.888793     4
  231 4947.772645 11398
  232 3738.378423   881
  233 1903.147531  1061
  234 -821.126497     9
  235 9132.833003 17055
  236 -1678.689974     9
  237 16006.819462 25768
  238 16104.069675 14732
  239 -55.737252     2
  240 4542.696644    35
  241 1583.725426  9045
  242 -3764.428541     4
  243 18454.703764 25507
  244 3272.303588 27680
  245 5410.274696  6344
  246 2689.387156 21407
  247 -1177.420366     8
  248 -132.660366     2
  249 987.909257 21608
  250 6123.723134 19993
  251 -930.323824     0
  252 1061.471994   131
  253 2633.330861 26725
  254 -311.703629     7
  255 8255.666165  4774
  256 -1201.926016     8
  257 -1425.469140     3
  258 1125.223215 11874
  259 -568.848954     4
  260 -38.081488     5
  261 2407.606631 15881
  262 -405.375436     3
  263 1720.594479 14536
  264 3802.020781  1231
  265 2847.388432 13187
  266 2250.063204  7031
  267 -32.448499     0
  268 12744.538756 12441
  269 -854.231127     1
  270 -1522.591369     0
  271 4672.027423 20832
  272 -657.581752     3
  273 9611.849280 13008
  274 3223.730540  3973
  275 1664.995811  9596
  276 -3600.443371     7
  277 4508.350572  8226
  278 3500.527461  8125
  279 269.141675  1936
  280 2183.207691   519
  281 -196.592568     4
  282 1963.480429 20779
  283 477.080333  5897
  284 -617.707659     7
  285 -2973.090366     5
  286 -458.653745     2
  287 298.212399 13467
  288 -751.654597     7
  289 -290.117306     1
  290 5841.537257 15224
  291 6682.412819 16581
  292 2173.341016 16126
  293 -1183.852474     6
  294 16119.920193 12038
  295 9739.565025 14498
  296 6717.998831  4174
  297 -342.481998     6
  298 -2918.362178     5
  299 8604.924160 21172
  300 5848.900932 14979
