300
    1 150.729075     1
    2 15762.162769 22552
    3 -2452.585629     7
    4 -767.830293     7
    5 -337.987979     8
    6 1968.055758 11402
    7 8922.884929  7882
    8 12081.873407  5438
    9 -47.596070     7
   10 4981.847644  6863
   11 -254.751229     1
   12 472.067525   525
   13 -985.854941     2
   14 34727.753636 20096
   15 -1618.026319     7
   16 482.758230 24956
   17 -654.968872     8
   18 -600.426361     6
   19 1939.233007 14573
   20 -491.087086     7
   21 267.516374 21823
   22 1370.094728 15275
   23 984.019556 14868
   24 -2176.489941     6
   25 2442.734458  2208
   26 -866.829380     1
   27 5850.277908 20395
   28 -1837.036626     3
   29 179.503353  4613
   30 8098.208059 14985
   31 10512.581672 10343
   32 -33.577809     7
   33 3243.486819  2104
   34 -470.685670     7
   35 2308.846083 17064
   36 19321.656944 21647
   37 -708.559921     0
   38 1665.997344  1257
   39 -502.199437     9
   40 4040.096213  2568
   41 6148.639468 12082
   42 76.688637 15949
   43 8278.253453 13544
   44 8365.144001 23714
   45 -1342.003602     8
   46 4148.022296 10842
   47 2674.747787 15863
   48 -442.496095     0
   49 -1085.094152     7
   50 3066.531077  1573
   51 212.635284   828
   52 11761.781836 12746
   53 4101.002015   314
   54 13520.366332 23962
   55 1734.567363 23513
   56 -762.898792     3
   57 39942.305866 27528
   58 -387.314701     5
   59 -612.888444     3
   60 -555.455907     2
   61 7210.110530 19028
   62 -1911.612286     7
   63 -200.462892     7
   64 15275.039710 26634
   65 7805.121802  8009
   66 2023.954648 18283
   67 15179.697540 14765
   68 -1103.259600     5
   69 1165.521823  4234
   70 7190.091416  6832
   71 3704.071608  6524
   72 -460.739464     1
   73 4689.229853 23238
   74 9132.142242 23525
   75 -1467.407180     4
   76 2080.584546 10172
   77 813.195189 21958
   78 -928.539994     7
   79 -1149.020552     8
   80 -918.524599     1
   81 2708.929755  3195
   82 6170.702205  3101
   83 -947.778980     6
   84 14251.966439  7462
   85 4862.184872  1250
   86 6797.497285 13695
   87 -2675.405806     0
   88 -413.209646     4
   89 -131.890863     5
   90 6661.796253 11841
   91 5101.853853  3905
   92 8954.728768 26181
   93 3436.072739  6201
   94 -1143.610857     0
   95 -769.283669     5
   96 8184.440487 20258
   97 5276.931748 11140
   98 -263.200664     0
   99 30.245654  7350
  100 -319.793126     3
  101 1038.496813  6709
  102 -408.664645     0
  103 8807.535754 20824
  104 5908.486515 10814
  105 -176.364797     3
  106 4549.311921  1080
  107 18388.053096 23377
  108 -3149.176874     6
  109 302.635300  1281
  110 -1216.608135     8
  111 14201.675300 12350
  112 -1508.406356     5
  113 2513.343544 21527
  114 -278.547311     1
  115 1572.083659 12613
  116 37716.253332 25599
  117 1029.375515  2552
  118 728.849445  4764
  119 9074.675789 11817
  120 4609.346861  8720
  121 487.729204   876
  122 32836.436446 21854
  123 -947.005177     9
  124 443.598662   546
  125 -760.876446     5
  126 -229.091126     1
  127 -1811.664818     7
  128 -219.137080     8
  129 18461.762033 22728
  130 9858.522819 12216
  131 3662.612148 19666
  132 4581.288403    74
  133 -499.300962     8
  134 7819.520511 16240
  135 19017.712585 23404
  136 1138.131522  3066
  137 13.119732  3236
  138 -125.148509     9
  139 10005.282359 26575
  140 -349.112849     4
  141 14220.752591 23859
  142 -876.843046     0
  143 298.700308 15705
  144 14558.541725 14460
  145 12434.131055 16428
  146 567.450844 26421
  147 1888.790594 10799
  148 -968.358887     0
  149 -1978.516007     1
  150 12376.026633 14927
  151 -997.470922     0
  152 7481.099452  4176
  153 983.632849  3369
  154 -398.300618     7
  155 -154.060089     6
  156 1667.653552 26851
  157 -506.934093     8
  158 1139.604504  5560
  159 -238.734787     4
  160 15560.768075 13900
  161 -1348.211303     9
  162 7006.984574 23379
  163 6274.894879 18562
  164 -279.896607     9
  165 -585.954444     0
  166 151.131367  4587
  167 238.818422  4200
  168 -2903.832756     9
  169 -712.537379     3
  170 -1168.394597     4
  171 -1261.074702     3
  172 8166.484529 24598
  173 120.448487 14057
  174 -1511.062466     9
  175 13596.536273 15891
  176 -730.989389     0
  177 -2161.137251     4
  178 26243.778310 20565
  179 17472.387974 11021
  180 3020.376213 19654
  181 -1614.318032     1
  182 1380.279591 13672
  183 11158.076655 14952
  184 31925.674584 26785
  185 3643.013116  6455
  186 -231.977999     5
  187 -1243.739542     5
  188 -1497.384554     5
  189 492.492664 16729
  190 2235.238638 13760
  191 -1726.633730     2
  192 13059.636316 24846
  193 -1401.318669     5
  194 -335.922717     7
  195 -910.569610     9
  196 -802.641265     1
  197 6289.123338 15816
  198 1400.141744 17659
  199 -2730.809638     4
  200 932.704989  6147
  201 -560.772909     1
  202 7983.432025 26161
  203 4496.353735  9518
  204 -944.367618     4
  205 17553.140032 18278
  206 1439.170037 12201
  207 -629.465537     3
  208 -639.326018     5
  209 11313.699815 11251
  210 3241.371621 11128
  211 2210.628065 18494
  212 -198.373135     1
  213 -1149.389368     0
  214 14743.812709 15528
  215 -147.861844     5
  216 319.383842  1154
  217 13177.472559 15143
  218 -1031.157813     3
  219 4884.142144 16679
  220 -84.358829     5
  221 4336.118213  1476
  222 766.947696 19127
  223 6885.293779  5680
  224 2538.392399  2168
  225 -3061.427757     5
  226 8120.709949 25072
  227 359.061225   460
  228 1100.161571  3095
  229 10074.797675  8458
  230 -243.163719     4
  231 867.038805 11398
  232 4940.341529   881
  233 4335.690002  1061
  234 -1314.353522     9
  235 6195.832838 17055
  236 -1590.341674     9
  237 11774.414596 25768
  238 31527.367062 14732
  239 -1670.068173     2
  240 961.136184    35
  241 5660.959866  9045
  242 -1238.196316     4
  243 3968.254092 25507
  244 32099.640902 27680
  245 5705.546995  6344
  246 2263.598395 21407
  247 -1072.249762     8
  248 -226.362317     2
  249 1162.909015 21608
  250 11289.095228 19993
  251 -219.518434     0
  252 4292.564193   131
  253 17973.039033 26725
  254 -927.985867     7
  255 2386.487709  4774
  256 -275.099455     8
  257 -1285.467155     3
  258 1470.302479 11874
  259 -2138.600101     4
  260 -1400.453090     5
  261 23568.860230 15881
  262 -1368.775396     3
  263 6123.413666 14536
  264 3955.204447  1231
  265 5472.181071 13187
  266 6739.866021  7031
  267 -119.732457     0
  268 5298.821500 12441
  269 -354.401367     1
  270 -430.125580     0
  271 6433.885744 20832
  272 -750.120159     3
  273 6385.714393 13008
  274 6661.192934  3973
  275 1081.647114  9596
  276 -1219.929275     7
  277 12962.008864  8226
  278 4131.849139  8125
  279 4845.291188  1936
  280 1422.970988   519
  281 -576.416642     4
  282 13244.749463 20779
  283 1384.329401  5897
  284 -1077.646393     7
  285 -1857.421798     5
  286 -812.007857     2
  287 83.051716 13467
  288 -1505.520908     7
  289 -356.790126     1
  290 1843.883273 15224
  291 258.360570 16581
  292 957.373073 16126
  293 -1162.346819     6
  294 2223.415037 12038
  295 4803.463864 14498
  296 6492.975588  4174
  297 -889.865413     6
  298 -493.748539     5
  299 3158.294505 21172
  300 2773.161825 14979
