300
    1 905.316079     1
    2 19733.413149 22552
    3 -552.300254     7
    4 -946.649958     7
    5 -743.555128     8
    6 11232.787037 11402
    7 5803.586807  7882
    8 2464.105115  5438
    9 -879.402555     7
   10 13116.294369  6863
   11 -1625.212321     1
   12 674.082517   525
   13 -329.681347     2
   14 429.521881 20096
   15 -1196.668035     7
   16 17227.513321 24956
   17 -1415.122169     8
   18 -2111.745962     6
   19 4444.593838 14573
   20 -310.486457     7
   21 13472.561120 21823
   22 10465.887373 15275
   23 7956.898682 14868
   24 -1275.101452     6
   25 3188.856826  2208
   26 -382.431418     1
   27 1873.081134 20395
   28 -1241.875163     3
   29 10289.373764  4613
   30 8409.011705 14985
   31 3257.627397 10343
   32 -15.678673     7
   33 5784.745199  2104
   34 -259.280540     7
   35 3887.047026 17064
   36 14572.245188 21647
   37 -435.928835     0
   38 4313.246349  1257
   39 -1117.891937     9
   40 2287.814311  2568
   41 603.397314 12082
   42 12557.661051 15949
   43 14979.355111 13544
   44 8449.692322 23714
   45 -1402.037636     8
   46 952.213632 10842
   47 9871.700028 15863
   48 -304.376712     0
   49 -838.164057     7
   50 4028.791996  1573
   51 657.249052   828
   52 11427.623391 12746
   53 2730.096976   314
   54 16607.892541 23962
   55 7798.178655 23513
   56 -1861.002488     3
   57 13435.028595 27528
   58 -556.280523     5
   59 -183.500739     3
   60 -1729.165844     2
   61 18684.276844 19028
   62 -766.376773     7
   63 -53.332548     7
   64 5494.587722 26634
   65 7696.551075  8009
   66 2085.063655 18283
   67 9761.272316 14765
   68 -503.041051     5
   69 6251.979337  4234
   70 2631.734299  6832
   71 4673.231522  6524
   72 -801.117204     1
   73 629.275887 23238
   74 19768.960381 23525
   75 -327.024811     4
   76 5465.940271 10172
   77 8781.178362 21958
   78 -1848.545663     7
   79 -2335.425048     8
   80 -98.548215     1
   81 880.086525  3195
   82 2054.714650  3101
   83 -110.985173     6
   84 7095.295176  7462
   85 2906.527193  1250
   86 2567.637090 13695
   87 -625.510333     0
   88 -1418.586877     4
   89 -787.522498     5
   90 2579.289474 11841
   91 3330.151276  3905
   92 1256.524108 26181
   93 8754.582069  6201
   94 -1381.138100     0
   95 -455.317858     5
   96 4623.260578 20258
   97 6623.822832 11140
   98 -626.128588     0
   99 3612.231434  7350
  100 -953.457180     3
  101 505.653522  6709
  102 -1076.824785     0
  103 5564.402619 20824
  104 6657.418692 10814
  105 -627.181680     3
  106 2383.191866  1080
  107 13817.431232 23377
  108 -1116.857766     6
  109 3654.909621  1281
  110 -576.834270     8
  111 11179.210617 12350
  112 -165.775387     5
  113 29611.845491 21527
  114 -178.684428     1
  115 2446.724617 12613
  116 104.126312 25599
  117 430.820262  2552
  118 1234.156281  4764
  119 2041.307246 11817
  120 615.119288  8720
  121 2168.874101   876
  122 4724.025676 21854
  123 -878.572157     9
  124 3153.712245   546
  125 -618.806886     5
  126 -319.380325     1
  127 -3776.837241     7
  128 -1052.165731     8
  129 19090.839762 22728
  130 1232.126684 12216
  131 26685.083531 19666
  132 440.918990    74
  133 -469.707015     8
  134 19014.576676 16240
  135 1243.500016 23404
  136 736.456708  3066
  137 823.712585  3236
  138 -1303.115671     9
  139 19205.340226 26575
  140 -1256.621661     4
  141 4535.194698 23859
  142 -1293.580896     0
  143 6096.105297 15705
  144 11021.048202 14460
  145 1641.007818 16428
  146 27691.124867 26421
  147 9761.231561 10799
  148 -1076.999290     0
  149 -214.616244     1
  150 8563.179603 14927
  151 -329.468189     0
  152 1933.200164  4176
  153 1568.682397  3369
  154 -876.385337     7
  155 -850.316965     6
  156 27709.194751 26851
  157 -1053.216852     8
  158 7112.194939  5560
  159 -872.708108     4
  160 11496.776965 13900
  161 -2467.390911     9
  162 13391.576319 23379
  163 18898.202344 18562
  164 -268.215223     9
  165 -134.545763     0
  166 3364.304875  4587
  167 4052.639839  4200
  168 -1823.780501     9
  169 -585.813379     3
  170 -3217.902816     4
  171 -851.751030     3
  172 6128.931687 24598
  173 10699.441962 14057
  174 -1583.014211     9
  175 5914.274008 15891
  176 -130.288761     0
  177 -2429.736633     4
  178 4230.443499 20565
  179 12530.197647 11021
  180 2488.605291 19654
  181 -1885.055936     1
  182 292.687236 13672
  183 12071.899052 14952
  184 40608.568824 26785
  185 2195.712117  6455
  186 -346.704133     5
  187 -527.081405     5
  188 -377.349069     5
  189 6618.091236 16729
  190 4230.677590 13760
  191 -205.836804     2
  192 3520.854965 24846
  193 -1852.264043     5
  194 -119.331595     7
  195 -1651.288890     9
  196 -277.352657     1
  197 3963.417985 15816
  198 1653.625135 17659
  199 -1026.629278     4
  200 4755.168279  6147
  201 -199.275524     1
  202 1287.173862 26161
  203 3790.163250  9518
  204 -81.835813     4
  205 4026.224542 18278
  206 7367.952074 12201
  207 -745.906323     3
  208 -2227.089278     5
  209 10846.150625 11251
  210 9941.049284 11128
  211 8034.534244 18494
  212 -228.840316     1
  213 -188.955315     0
  214 1347.973999 15528
  215 -333.250991     5
  216 2477.390387  1154
  217 3682.170015 15143
  218 -3439.956392     3
  219 5957.969301 16679
  220 -843.687407     5
  221 2920.434419  1476
  222 1196.220865 19127
  223 8101.551542  5680
  224 5419.716495  2168
  225 -402.820773     5
  226 5419.680251 25072
  227 2061.365757   460
  228 4012.465428  3095
  229 7268.284947  8458
  230 -1196.764258     4
  231 1223.784050 11398
  232 3128.482299   881
  233 618.387827  1061
  234 -387.333249     9
  235 25139.011142 17055
  236 -104.512427     9
  237 11695.592464 25768
  238 1173.278142 14732
  239 -546.656258     2
  240 1687.341109    35
  241 806.546627  9045
  242 -3083.870898     4
  243 12244.539451 25507
  244 10369.805017 27680
  245 3718.640284  6344
  246 3682.827300 21407
  247 -317.627360     8
  248 -1822.848192     2
  249 25924.663930 21608
  250 5764.867747 19993
  251 -36.706401     0
  252 1069.096233   131
  253 2567.460541 26725
  254 -267.865134     7
  255 3855.991949  4774
  256 -893.311014     8
  257 -1753.922447     3
  258 11550.107407 11874
  259 -725.864321     4
  260 -75.908543     5
  261 5115.826341 15881
  262 -954.966778     3
  263 8679.001267 14536
  264 3068.836561  1231
  265 14663.768880 13187
  266 3783.482520  7031
  267 -300.431075     0
  268 117.069223 12441
  269 -912.365055     1
  270 -3386.828756     0
  271 8327.474274 20832
  272 -653.802379     3
  273 12194.665593 13008
  274 5127.196248  3973
  275 567.765475  9596
  276 -1322.155771     7
  277 11048.515348  8226
  278 978.008299  8125
  279 856.035735  1936
  280 805.769206   519
  281 -97.654201     4
  282 24287.846526 20779
  283 5611.688640  5897
  284 -2733.275506     7
  285 -3385.433916     5
  286 -0.889940     2
  287 3931.633610 13467
  288 -424.500584     7
  289 -633.558260     1
  290 6880.036470 15224
  291 15993.229039 16581
  292 18988.060591 16126
  293 -725.405501     6
  294 315.817321 12038
  295 7712.794518 14498
  296 1727.069474  4174
  297 -969.011186     6
  298 -715.825969     5
  299 10714.136108 21172
  300 2170.971191 14979
