300
    1 135.854046     1
    2 8613.369330 22552
    3 -537.706415     7
    4 -537.236505     7
    5 -1039.776173     8
    6 1502.817206 11402
    7 6326.590609  7882
    8 9469.352235  5438
    9 -475.714275     7
   10 4543.077885  6863
   11 -531.380077     1
   12 1627.926002   525
   13 -975.875908     2
   14 4838.925734 20096
   15 -1352.309178     7
   16 10316.805531 24956
   17 -56.280758     8
   18 -65.499168     6
   19 2560.400176 14573
   20 -614.505160     7
   21 9050.798429 21823
   22 5009.339501 15275
   23 17136.259729 14868
   24 -86.341378     6
   25 4991.846172  2208
   26 -1008.401488     1
   27 4432.099453 20395
   28 -707.891629     3
   29 9523.942921  4613
   30 3600.015971 14985
   31 6194.424348 10343
   32 -740.827896     7
   33 1363.780762  2104
   34 -279.806384     7
   35 5661.849647 17064
   36 7023.545435 21647
   37 -210.860550     0
   38 2222.272729  1257
   39 -97.437040     9
   40 1727.689661  2568
   41 7063.315182 12082
   42 4498.150827 15949
   43 6823.389601 13544
   44 1904.375024 23714
   45 -1641.149431     8
   46 1766.090018 10842
   47 2747.326439 15863
   48 -843.353807     0
   49 -1358.985350     7
   50 330.217754  1573
   51 613.591527   828
   52 865.348222 12746
   53 3371.105006   314
   54 22033.707782 23962
   55 1424.104920 23513
   56 -1318.447532     3
   57 7338.254791 27528
   58 -298.040852     5
   59 -4831.535163     3
   60 -1326.104348     2
   61 14929.516405 19028
   62 -2329.772534     7
   63 -112.353396     7
   64 16436.254266 26634
   65 563.793783  8009
   66 4935.217247 18283
   67 1874.173950 14765
   68 -3088.849619     5
   69 677.581831  4234
   70 4332.435931  6832
   71 958.028384  6524
   72 -2337.208190     1
   73 7249.326850 23238
   74 3117.687591 23525
   75 -2.445434     4
   76 5244.330934 10172
   77 31586.194953 21958
   78 -1219.820936     7
   79 -159.398903     8
   80 -14.961654     1
   81 2617.553752  3195
   82 574.392678  3101
   83 -341.890216     6
   84 13254.933485  7462
   85 9266.912664  1250
   86 5824.955934 13695
   87 -821.222830     0
   88 -177.600840     4
   89 -648.345009     5
   90 18770.534629 11841
   91 390.202088  3905
   92 16275.045197 26181
   93 1461.803280  6201
   94 -1861.509587     0
   95 -3459.719336     5
   96 11169.237349 20258
   97 138.376841 11140
   98 -6.535900     0
   99 664.570851  7350
  100 -1239.978334     3
  101 171.105309  6709
  102 -678.643290     0
  103 5774.946720 20824
  104 1785.158656 10814
  105 -15.032818     3
  106 2017.684026  1080
  107 6419.989539 23377
  108 -94.355229     6
  109 193.755720  1281
  110 -2294.394077     8
  111 25393.305991 12350
  112 -46.993275     5
  113 257.956655 21527
  114 -1741.294347     1
  115 9007.269013 12613
  116 32166.468546 25599
  117 1297.402394  2552
  118 11392.027626  4764
  119 11394.863000 11817
  120 7688.545108  8720
  121 1244.132781   876
  122 133.988235 21854
  123 -197.537106     9
  124 287.807181   546
  125 -667.224596     5
  126 -2253.053842     1
  127 -2238.201756     7
  128 -3515.431970     8
  129 2869.523655 22728
  130 12097.434845 12216
  131 5081.758740 19666
  132 113.183389    74
  133 -665.891521     8
  134 11975.380941 16240
  135 17885.878870 23404
  136 1920.597220  3066
  137 1026.516594  3236
  138 -3295.217266     9
  139 385.259480 26575
  140 -2372.391778     4
  141 9644.395490 23859
  142 -152.537783     0
  143 129.747602 15705
  144 10442.126665 14460
  145 2631.109941 16428
  146 1971.549846 26421
  147 1765.171836 10799
  148 -5.714686     0
  149 -659.668528     1
  150 1633.370708 14927
  151 -414.743067     0
  152 286.475965  4176
  153 1227.123869  3369
  154 -2837.465704     7
  155 -910.041472     6
  156 24156.996486 26851
  157 -840.196201     8
  158 301.666622  5560
  159 -566.397398     4
  160 2017.095103 13900
  161 -3219.280133     9
  162 7616.392121 23379
  163 4523.676063 18562
  164 -1204.048978     9
  165 -158.906870     0
  166 2821.782218  4587
  167 5813.613091  4200
  168 -1337.294131     9
  169 -222.732402     3
  170 -270.187988     4
  171 -1969.575147     3
  172 1781.154044 24598
  173 7052.753134 14057
  174 -2999.711233     9
  175 971.975898 15891
  176 -227.060030     0
  177 -864.828744     4
  178 8887.460385 20565
  179 15200.528712 11021
  180 10103.392382 19654
  181 -75.136286     1
  182 743.379683 13672
  183 7858.450056 14952
  184 15555.304033 26785
  185 5405.727174  6455
  186 -184.598142     5
  187 -406.502734     5
  188 -779.233506     5
  189 5585.289874 16729
  190 3968.531195 13760
  191 -280.697445     2
  192 1706.903345 24846
  193 -1424.847070     5
  194 -271.416876     7
  195 -401.530611     9
  196 -259.701194     1
  197 1726.384990 15816
  198 5137.060946 17659
  199 -781.089213     4
  200 4117.973584  6147
  201 -177.972231     1
  202 4838.260826 26161
  203 4440.980693  9518
  204 -1170.104544     4
  205 5371.315134 18278
  206 7419.707421 12201
  207 -121.621343     3
  208 -345.897625     5
  209 6432.631495 11251
  210 8450.290861 11128
  211 14834.371432 18494
  212 -692.787738     1
  213 -70.292623     0
  214 5764.227139 15528
  215 -45.013223     5
  216 6009.171859  1154
  217 8154.261726 15143
  218 -1248.082813     3
  219 19145.166966 16679
  220 -670.777711     5
  221 4264.946330  1476
  222 1984.192359 19127
  223 7690.749469  5680
  224 4012.219840  2168
  225 -1201.838584     5
  226 13206.628470 25072
  227 796.279460   460
  228 1226.769752  3095
  229 16883.029812  8458
  230 -0.826970     4
  231 6413.703822 11398
  232 3238.912825   881
  233 4836.579092  1061
  234 -1022.590275     9
  235 2336.110015 17055
  236 -358.539259     9
  237 9915.410200 25768
  238 3627.866054 14732
  239 -2624.897743     2
  240 541.942163    35
  241 3137.872507  9045
  242 -1770.565065     4
  243 25302.298941 25507
  244 11601.211320 27680
  245 5491.332110  6344
  246 4172.345757 21407
  247 -723.755169     8
  248 -1116.217890     2
  249 1570.728348 21608
  250 4574.202681 19993
  251 -809.199723     0
  252 1659.656098   131
  253 15462.407304 26725
  254 -447.194109     7
  255 6996.769934  4774
  256 -404.695427     8
  257 -789.536405     3
  258 4284.810890 11874
  259 -1657.191130     4
  260 -146.201609     5
  261 3981.307571 15881
  262 -875.479199     3
  263 3580.424481 14536
  264 1700.710472  1231
  265 12077.935568 13187
  266 551.945944  7031
  267 -745.103896     0
  268 7406.538912 12441
  269 -2161.972526     1
  270 -1243.134967     0
  271 15773.735781 20832
  272 -568.022136     3
  273 4931.918198 13008
  274 2493.453818  3973
  275 1846.839024  9596
  276 -927.321990     7
  277 7232.640766  8226
  278 6862.800471  8125
  279 1726.303260  1936
  280 1546.662163   519
  281 -96.383906     4
  282 2589.767203 20779
  283 4343.090594  5897
  284 -1933.707484     7
  285 -2092.157845     5
  286 -154.500538     2
  287 3360.102271 13467
  288 -688.808252     7
  289 -871.716309     1
  290 7649.303282 15224
  291 3640.057710 16581
  292 7193.435791 16126
  293 -763.019109     6
  294 6700.711088 12038
  295 9736.679602 14498
  296 4150.873288  4174
  297 -1690.409997     6
  298 -1107.621196     5
  299 7710.734806 21172
  300 9742.284320 14979
