300
    1 1123.844320     1
    2 12686.570460 22552
    3 -172.333589     7
    4 -198.438775     7
    5 -502.552892     8
    6 422.844479 11402
    7 7351.452656  7882
    8 3988.804873  5438
    9 -64.050991     7
   10 12814.138093  6863
   11 -534.702280     1
   12 3013.021488   525
   13 -38.668143     2
   14 14395.712957 20096
   15 -1041.610025     7
   16 1676.015977 24956
   17 -889.490544     8
   18 -1058.338321     6
   19 4118.427761 14573
   20 -1248.987503     7
   21 4796.743288 21823
   22 17295.073830 15275
   23 9797.493036 14868
   24 -870.905631     6
   25 644.664350  2208
   26 -404.523564     1
   27 1507.839738 20395
   28 -828.031730     3
   29 8951.827896  4613
   30 678.865088 14985
   31 6907.953564 10343
   32 -283.408741     7
   33 5521.670362  2104
   34 -834.575560     7
   35 7079.855185 17064
   36 12359.547594 21647
   37 -843.704560     0
   38 2249.217477  1257
   39 -2509.036103     9
   40 2789.997513  2568
   41 4830.132668 12082
   42 8144.283267 15949
   43 11601.713272 13544
   44 17171.609617 23714
   45 -3793.721260     8
   46 3836.023044 10842
   47 5991.864401 15863
   48 -316.891808     0
   49 -1229.794118     7
   50 4549.644660  1573
   51 3430.201142   828
   52 3759.993312 12746
   53 1859.182761   314
   54 20955.995016 23962
   55 19971.771255 23513
   56 -66.882671     3
   57 8837.620414 27528
   58 -296.708632     5
   59 -2061.902882     3
   60 -631.600252     2
   61 1684.717249 19028
   62 -673.488253     7
   63 -1303.773308     7
   64 10533.337571 26634
   65 13013.938581  8009
   66 10287.865706 18283
   67 5592.604019 14765
   68 -1372.103962     5
   69 4193.127763  4234
   70 2562.648379  6832
   71 15034.503265  6524
   72 -582.634250     1
   73 9594.688555 23238
   74 16530.999621 23525
   75 -1071.505965     4
   76 13250.798859 10172
   77 4750.894507 21958
   78 -736.556673     7
   79 -501.047623     8
   80 -1148.720912     1
   81 5365.666728  3195
   82 96.126171  3101
   83 -1068.486781     6
   84 5122.923928  7462
   85 3880.631402  1250
   86 3716.286329 13695
   87 -473.357156     0
   88 -670.911271     4
   89 -530.544515     5
   90 8310.338016 11841
   91 1129.984634  3905
   92 49180.857928 26181
   93 3145.800040  6201
   94 -953.723618     0
   95 -186.482193     5
   96 1859.168714 20258
   97 8958.281662 11140
   98 -1076.812768     0
   99 3255.015766  7350
  100 -555.714042     3
  101 856.990149  6709
  102 -672.182468     0
  103 13766.805632 20824
  104 2995.521798 10814
  105 -1318.629547     3
  106 1960.556671  1080
  107 29909.892329 23377
  108 -169.911152     6
  109 2570.786091  1281
  110 -950.150594     8
  111 8678.366794 12350
  112 -959.700383     5
  113 17295.654518 21527
  114 -1180.919578     1
  115 7612.935158 12613
  116 8596.903083 25599
  117 556.633137  2552
  118 2801.526294  4764
  119 8312.572344 11817
  120 3913.951206  8720
  121 3242.108501   876
  122 20398.038318 21854
  123 -1154.935242     9
  124 1877.932435   546
  125 -448.091799     5
  126 -542.914849     1
  127 -2232.972532     7
  128 -239.011614     8
  129 4082.390461 22728
  130 9869.253488 12216
  131 16721.442555 19666
  132 2293.477167    74
  133 -1614.971402     8
  134 1575.211898 16240
  135 11988.470987 23404
  136 3818.919597  3066
  137 5998.838959  3236
  138 -574.419652     9
  139 20638.095848 26575
  140 -1213.617226     4
  141 11845.618893 23859
  142 -432.712650     0
  143 2489.759803 15705
  144 2964.292211 14460
  145 6094.383302 16428
  146 15747.577848 26421
  147 874.588156 10799
  148 -234.067167     0
  149 -1336.029814     1
  150 3380.922951 14927
  151 -715.482279     0
  152 3447.841656  4176
  153 1378.924450  3369
  154 -623.236064     7
  155 -754.348376     6
  156 13491.578782 26851
  157 -511.593841     8
  158 2069.859760  5560
  159 -1023.172656     4
  160 4717.370871 13900
  161 -1302.734474     9
  162 14447.626766 23379
  163 11715.184517 18562
  164 -1358.317396     9
  165 -368.593398     0
  166 3491.653926  4587
  167 6842.769233  4200
  168 -1192.269356     9
  169 -962.165142     3
  170 -735.193769     4
  171 -951.129792     3
  172 17587.771624 24598
  173 9108.691721 14057
  174 -1668.159958     9
  175 10388.134480 15891
  176 -767.687713     0
  177 -2408.459380     4
  178 7067.341869 20565
  179 2389.444089 11021
  180 58.597657 19654
  181 -179.490095     1
  182 2599.391288 13672
  183 13051.146591 14952
  184 26869.621342 26785
  185 6363.596752  6455
  186 -575.999823     5
  187 -1324.367825     5
  188 -1316.980992     5
  189 9958.862302 16729
  190 22203.601876 13760
  191 -734.131353     2
  192 1086.110997 24846
  193 -679.399450     5
  194 -62.720528     7
  195 -804.004235     9
  196 -691.312866     1
  197 5051.638760 15816
  198 17233.473818 17659
  199 -690.460091     4
  200 3230.376371  6147
  201 -1737.732265     1
  202 1455.120023 26161
  203 504.887931  9518
  204 -815.211942     4
  205 4335.689502 18278
  206 6831.345541 12201
  207 -271.514135     3
  208 -1192.879655     5
  209 1618.673682 11251
  210 3593.634938 11128
  211 2516.431015 18494
  212 -391.827788     1
  213 -525.433435     0
  214 9020.343627 15528
  215 -1518.511976     5
  216 1312.716609  1154
  217 10363.377737 15143
  218 -2631.653245     3
  219 5609.979578 16679
  220 -1278.789857     5
  221 396.454798  1476
  222 9110.062200 19127
  223 5593.513875  5680
  224 850.216432  2168
  225 -249.084262     5
  226 19174.402830 25072
  227 2915.877009   460
  228 274.106460  3095
  229 717.566866  8458
  230 -188.046848     4
  231 2524.097761 11398
  232 2863.288406   881
  233 1416.841567  1061
  234 -77.076375     9
  235 5155.453340 17055
  236 -435.809246     9
  237 7112.843317 25768
  238 710.807762 14732
  239 -348.518705     2
  240 3901.565610    35
  241 3281.098788  9045
  242 -3844.632357     4
  243 8243.242803 25507
  244 28194.395095 27680
  245 484.086788  6344
  246 20073.012457 21407
  247 -90.242384     8
  248 -803.603638     2
  249 8602.227371 21608
  250 3798.589577 19993
  251 -710.375017     0
  252 553.413076   131
  253 1749.264759 26725
  254 -15.156512     7
  255 1652.546714  4774
  256 -1143.492577     8
  257 -242.906574     3
  258 179.165407 11874
  259 -771.996440     4
  260 -1871.695792     5
  261 12691.211653 15881
  262 -765.828101     3
  263 1760.799935 14536
  264 2412.760820  1231
  265 4227.375239 13187
  266 2086.075635  7031
  267 -932.252446     0
  268 442.672637 12441
  269 -413.353159     1
  270 -163.033958     0
  271 17169.910156 20832
  272 -1284.899106     3
  273 5514.536647 13008
  274 115.416448  3973
  275 3548.341016  9596
  276 -509.411382     7
  277 8895.751373  8226
  278 14042.327628  8125
  279 3015.656452  1936
  280 974.757252   519
  281 -496.329226     4
  282 6284.516424 20779
  283 11601.382279  5897
  284 -997.739438     7
  285 -506.973876     5
  286 -1821.539770     2
  287 1676.571482 13467
  288 -424.860280     7
  289 -97.209723     1
  290 8147.591927 15224
  291 3758.329716 16581
  292 3426.317463 16126
  293 -2519.228254     6
  294 3374.844472 12038
  295 7719.890162 14498
  296 2341.784371  4174
  297 -852.279696     6
  298 -1432.658859     5
  299 15067.730343 21172
  300 3822.536051 14979
