300
    1 1127.241358     1
    2 252.546474 22552
    3 -208.235959     7
    4 -229.625208     7
    5 -644.392107     8
    6 6424.028601 11402
    7 2076.224270  7882
    8 1884.130158  5438
    9 -2272.021972     7
   10 242.223600  6863
   11 -669.439339     1
   12 5477.176001   525
   13 -229.751457     2
   14 15101.446419 20096
   15 -1284.113478     7
   16 1277.449946 24956
   17 -916.798032     8
   18 -1441.217590     6
   19 3964.932993 14573
   20 -22.748908     7
   21 1612.827422 21823
   22 6719.611052 15275
   23 3681.368436 14868
   24 -1542.520564     6
   25 479.007530  2208
   26 -356.214287     1
   27 17327.521241 20395
   28 -301.579936     3
   29 3161.035124  4613
   30 3730.204358 14985
   31 10160.591013 10343
   32 -184.190793     7
   33 757.806529  2104
   34 -404.541254     7
   35 5446.584844 17064
   36 12472.043414 21647
   37 -738.588803     0
   38 534.835946  1257
   39 -533.671858     9
   40 3029.557622  2568
   41 5379.864791 12082
   42 3695.602175 15949
   43 14746.072013 13544
   44 16038.942571 23714
   45 -729.926877     8
   46 8924.176054 10842
   47 11685.185755 15863
   48 -480.525211     0
   49 -1347.954803     7
   50 683.040186  1573
   51 1106.374397   828
   52 12853.318669 12746
   53 1480.678365   314
   54 3743.496909 23962
   55 83.085365 23513
   56 -1703.292430     3
   57 28150.414086 27528
   58 -581.934570     5
   59 -931.204182     3
   60 -142.364884     2
   61 4671.504777 19028
   62 -559.376993     7
   63 -74.552733     7
   64 9286.998739 26634
   65 325.476459  8009
   66 7657.860351 18283
   67 3315.012609 14765
   68 -3040.788470     5
   69 3546.508009  4234
   70 1636.532439  6832
   71 3608.946346  6524
   72 -2715.861602     1
   73 4763.043992 23238
   74 2936.595130 23525
   75 -1402.852209     4
   76 8015.127473 10172
   77 1517.656924 21958
   78 -459.788753     7
   79 -745.874323     8
   80 -370.874889     1
   81 472.069015  3195
   82 926.205617  3101
   83 -1057.691230     6
   84 2579.072920  7462
   85 4007.415066  1250
   86 9378.110051 13695
   87 -2188.017092     0
   88 -1551.833556     4
   89 -1120.083176     5
   90 10143.584993 11841
   91 1583.748065  3905
   92 8991.451639 26181
   93 271.310629  6201
   94 -143.780070     0
   95 -865.232331     5
   96 3994.232225 20258
   97 1765.255670 11140
   98 -576.377863     0
   99 5834.107255  7350
  100 -253.001251     3
  101 1862.905261  6709
  102 -1777.269960     0
  103 2684.988919 20824
  104 8593.832972 10814
  105 -1019.164620     3
  106 6259.750347  1080
  107 48194.562287 23377
  108 -3257.530809     6
  109 2416.458223  1281
  110 -141.714740     8
  111 194.718428 12350
  112 -894.937425     5
  113 4005.250662 21527
  114 -2066.814122     1
  115 3198.404910 12613
  116 44414.720620 25599
  117 1131.347291  2552
  118 6857.960660  4764
  119 2984.970771 11817
  120 6681.285647  8720
  121 2655.699342   876
  122 13443.864457 21854
  123 -359.405075     9
  124 943.417494   546
  125 -872.411853     5
  126 -509.508480     1
  127 -2508.518949     7
  128 -512.661668     8
  129 8775.544482 22728
  130 9008.772630 12216
  131 1162.050864 19666
  132 839.781659    74
  133 -195.991790     8
  134 1662.723832 16240
  135 6726.677884 23404
  136 2481.710319  3066
  137 3857.503294  3236
  138 -440.444763     9
  139 20877.097708 26575
  140 -2174.374411     4
  141 21547.256005 23859
  142 -744.243668     0
  143 1159.465858 15705
  144 3503.433114 14460
  145 3230.345846 16428
  146 20265.227092 26421
  147 104.649231 10799
  148 -1559.945495     0
  149 -1744.559043     1
  150 1001.479730 14927
  151 -1367.675307     0
  152 1734.089359  4176
  153 3985.560897  3369
  154 -2748.216545     7
  155 -531.561374     6
  156 36386.754799 26851
  157 -347.742922     8
  158 7948.503157  5560
  159 -1432.558838     4
  160 12109.000123 13900
  161 -203.166488     9
  162 17857.181936 23379
  163 4251.179726 18562
  164 -1016.299715     9
  165 -1696.674072     0
  166 1691.969828  4587
  167 6511.200792  4200
  168 -1062.016863     9
  169 -1191.031805     3
  170 -1422.263594     4
  171 -27.979052     3
  172 15686.763325 24598
  173 10722.664122 14057
  174 -1266.975802     9
  175 4886.357929 15891
  176 -604.814465     0
  177 -99.873838     4
  178 8984.581772 20565
  179 5615.890146 11021
  180 9748.616183 19654
  181 -1660.383786     1
  182 3852.735917 13672
  183 21294.628653 14952
  184 11381.780509 26785
  185 2504.623297  6455
  186 -1093.114426     5
  187 -322.589390     5
  188 -2473.050505     5
  189 6612.132446 16729
  190 1059.250300 13760
  191 -50.099746     2
  192 24004.337955 24846
  193 -1547.632084     5
  194 -425.403152     7
  195 -154.853486     9
  196 -177.056118     1
  197 11537.958740 15816
  198 11392.724180 17659
  199 -1391.477907     4
  200 1076.483648  6147
  201 -2488.578324     1
  202 9875.972314 26161
  203 5631.846087  9518
  204 -1405.179225     4
  205 16327.120000 18278
  206 1011.763427 12201
  207 -231.345770     3
  208 -585.459213     5
  209 11683.955665 11251
  210 8261.688841 11128
  211 19681.073690 18494
  212 -67.572932     1
  213 -714.137509     0
  214 5810.259004 15528
  215 -996.166542     5
  216 1636.903436  1154
  217 10521.262896 15143
  218 -604.674906     3
  219 6946.389505 16679
  220 -917.620453     5
  221 127.750058  1476
  222 1088.131861 19127
  223 3363.325096  5680
  224 3027.013929  2168
  225 -1238.327776     5
  226 8893.523556 25072
  227 684.563654   460
  228 1928.981873  3095
  229 5233.481368  8458
  230 -1328.556254     4
  231 4389.450428 11398
  232 1601.028607   881
  233 4205.549055  1061
  234 -580.434993     9
  235 8237.808791 17055
  236 -687.343325     9
  237 1707.128978 25768
  238 12606.344870 14732
  239 -1310.338437     2
  240 1232.588773    35
  241 1692.143137  9045
  242 -667.330103     4
  243 2603.924767 25507
  244 7322.978874 27680
  245 3520.837738  6344
  246 9936.781103 21407
  247 -1255.039000     8
  248 -511.773694     2
  249 14056.078055 21608
  250 9950.567017 19993
  251 -495.099115     0
  252 1036.086882   131
  253 23100.185259 26725
  254 -486.587647     7
  255 4417.670524  4774
  256 -923.731134     8
  257 -1984.806949     3
  258 1409.024398 11874
  259 -407.300470     4
  260 -772.410879     5
  261 4126.402196 15881
  262 -727.785837     3
  263 14674.708141 14536
  264 355.776862  1231
  265 7326.509062 13187
  266 4112.180766  7031
  267 -1528.232180     0
  268 5521.658744 12441
  269 -415.080791     1
  270 -712.426013     0
  271 7879.012255 20832
  272 -572.624971     3
  273 17039.439316 13008
  274 2057.488238  3973
  275 7654.025962  9596
  276 -1245.119119     7
  277 6763.879792  8226
  278 3208.143744  8125
  279 654.749410  1936
  280 860.160130   519
  281 -598.712812     4
  282 14323.124047 20779
  283 7746.407120  5897
  284 -632.878187     7
  285 -2249.812491     5
  286 -1334.448565     2
  287 12588.479024 13467
  288 -624.214839     7
  289 -370.662241     1
  290 12871.108535 15224
  291 9127.335376 16581
  292 7652.929501 16126
  293 -237.414914     6
  294 3966.975380 12038
  295 12659.040978 14498
  296 4296.608863  4174
  297 -849.947096     6
  298 -1202.158785     5
  299 23832.936657 21172
  300 4032.363964 14979
