300
    1 143.745709     1
    2 1596.893783 22552
    3 -1758.828746     7
    4 -669.044500     7
    5 -3241.368098     8
    6 11920.032611 11402
    7 4767.857032  7882
    8 3230.464391  5438
    9 -1692.778897     7
   10 8373.071701  6863
   11 -458.406619     1
   12 3584.012546   525
   13 -112.425702     2
   14 16719.201181 20096
   15 -917.084912     7
   16 7368.070337 24956
   17 -1178.078575     8
   18 -2018.363877     6
   19 1438.752457 14573
   20 -2066.530620     7
   21 1111.726818 21823
   22 1738.912428 15275
   23 2652.457015 14868
   24 -723.393658     6
   25 2398.814681  2208
   26 -572.508638     1
   27 11807.306359 20395
   28 -1219.044842     3
   29 515.659522  4613
   30 14502.323351 14985
   31 4529.941739 10343
   32 -50.512894     7
   33 588.608579  2104
   34 -1640.990462     7
   35 4215.039359 17064
   36 5357.525060 21647
   37 -507.335501     0
   38 2997.625989  1257
   39 -849.618250     9
   40 3137.270099  2568
   41 7017.185343 12082
   42 21271.891950 15949
   43 17380.994916 13544
   44 13236.616024 23714
   45 -2178.896773     8
   46 2977.878315 10842
   47 5039.829330 15863
   48 -704.882542     0
   49 -2304.253793     7
   50 879.939965  1573
   51 1060.821723   828
   52 5487.728929 12746
   53 851.526058   314
   54 5639.227089 23962
   55 25103.434635 23513
   56 -101.374086     3
   57 12404.974138 27528
   58 -608.530233     5
   59 -2384.656171     3
   60 -885.785610     2
   61 15196.122505 19028
   62 -302.644257     7
   63 -924.390763     7
   64 12181.685077 26634
   65 925.427743  8009
   66 4084.536731 18283
   67 5691.787386 14765
   68 -1149.503803     5
   69 6029.749463  4234
   70 6135.575175  6832
   71 8411.432871  6524
   72 -479.119150     1
   73 7539.409214 23238
   74 2552.801945 23525
   75 -54.279639     4
   76 14380.951836 10172
   77 16281.610270 21958
   78 -585.891185     7
   79 -1801.264780     8
   80 -1025.037699     1
   81 882.044123  3195
   82 145.173976  3101
   83 -1457.706576     6
   84 3404.496495  7462
   85 1406.006068  1250
   86 12602.275010 13695
   87 -627.952089     0
   88 -1444.518169     4
   89 -1462.458755     5
   90 6148.488052 11841
   91 4446.129617  3905
   92 283.979759 26181
   93 4950.642871  6201
   94 -145.165866     0
   95 -731.207117     5
   96 14021.383122 20258
   97 1165.953916 11140
   98 -2178.834649     0
   99 1683.691295  7350
  100 -1589.706350     3
  101 9388.196704  6709
  102 -753.802449     0
  103 2317.696864 20824
  104 80.197109 10814
  105 -1522.118666     3
  106 577.938731  1080
  107 21113.148711 23377
  108 -2351.803388     6
  109 2488.681827  1281
  110 -373.402591     8
  111 7575.578133 12350
  112 -840.272882     5
  113 3295.558458 21527
  114 -1478.077628     1
  115 1071.119697 12613
  116 8232.211005 25599
  117 4322.966055  2552
  118 1779.545984  4764
  119 11111.444617 11817
  120 13335.253701  8720
  121 1016.862988   876
  122 2653.158571 21854
  123 -436.207495     9
  124 2539.255243   546
  125 -1483.863277     5
  126 -805.879355     1
  127 -1299.723575     7
  128 -1565.049270     8
  129 467.961487 22728
  130 14518.320377 12216
  131 1451.500495 19666
  132 2146.108166    74
  133 -606.390056     8
  134 14169.185618 16240
  135 3543.078760 23404
  136 455.586392  3066
  137 1605.783130  3236
  138 -780.455960     9
  139 11982.829222 26575
  140 -188.992457     4
  141 6695.906752 23859
  142 -71.133074     0
  143 13025.418497 15705
  144 7049.382694 14460
  145 11736.231111 16428
  146 17188.339227 26421
  147 425.964342 10799
  148 -1384.642916     0
  149 -2430.313897     1
  150 10649.643163 14927
  151 -1176.544827     0
  152 5999.558406  4176
  153 11808.007926  3369
  154 -31.882791     7
  155 -1025.883876     6
  156 10715.490816 26851
  157 -623.316455     8
  158 1114.794845  5560
  159 -629.451610     4
  160 3258.551535 13900
  161 -395.145106     9
  162 8803.699717 23379
  163 1918.984065 18562
  164 -802.802947     9
  165 -1330.896551     0
  166 1329.982897  4587
  167 518.099007  4200
  168 -1379.504373     9
  169 -128.836780     3
  170 -1854.421610     4
  171 -636.970107     3
  172 10543.129140 24598
  173 1383.509402 14057
  174 -69.476647     9
  175 10175.662579 15891
  176 -1003.855585     0
  177 -709.682333     4
  178 5110.553615 20565
  179 9835.919912 11021
  180 4090.948071 19654
  181 -1669.228873     1
  182 6977.538374 13672
  183 1976.369427 14952
  184 547.417414 26785
  185 1971.514603  6455
  186 -18.587046     5
  187 -340.174921     5
  188 -648.388318     5
  189 9657.753421 16729
  190 9633.137808 13760
  191 -966.692425     2
  192 12435.559365 24846
  193 -184.800199     5
  194 -95.345329     7
  195 -1015.274394     9
  196 -1747.066476     1
  197 1794.322030 15816
  198 453.268921 17659
  199 -596.743973     4
  200 2722.950540  6147
  201 -766.608461     1
  202 10340.916980 26161
  203 2419.042432  9518
  204 -734.881515     4
  205 14965.670371 18278
  206 1278.401122 12201
  207 -623.380615     3
  208 -73.733779     5
  209 4505.663784 11251
  210 18947.674640 11128
  211 15709.235015 18494
  212 -561.232762     1
  213 -261.128169     0
  214 3466.313968 15528
  215 -467.309277     5
  216 2861.713838  1154
  217 17299.433099 15143
  218 -608.590167     3
  219 20620.429573 16679
  220 -911.776174     5
  221 4036.248252  1476
  222 755.956391 19127
  223 364.722018  5680
  224 4012.162981  2168
  225 -272.159333     5
  226 2769.540922 25072
  227 2052.588395   460
  228 4526.145601  3095
  229 4070.603883  8458
  230 -806.740523     4
  231 321.110455 11398
  232 584.846243   881
  233 4120.176640  1061
  234 -159.775602     9
  235 10146.942475 17055
  236 -2095.085134     9
  237 6800.817150 25768
  238 14475.024883 14732
  239 -649.383515     2
  240 1365.477596    35
  241 76.965281  9045
  242 -1526.468474     4
  243 1302.788859 25507
  244 9673.955134 27680
  245 1748.244374  6344
  246 5822.823872 21407
  247 -107.845022     8
  248 -442.308630     2
  249 2454.584936 21608
  250 15779.300884 19993
  251 -369.339764     0
  252 1136.057422   131
  253 718.361918 26725
  254 -551.479518     7
  255 2784.155980  4774
  256 -1981.711959     8
  257 -1265.389640     3
  258 7403.704399 11874
  259 -390.786899     4
  260 -1746.461215     5
  261 11230.337126 15881
  262 -1425.911494     3
  263 6821.217129 14536
  264 3283.726606  1231
  265 8669.461276 13187
  266 3004.784637  7031
  267 -1090.146526     0
  268 3058.921641 12441
  269 -673.866768     1
  270 -4330.231674     0
  271 14708.023582 20832
  272 -418.509769     3
  273 6012.226475 13008
  274 3342.139649  3973
  275 6563.110610  9596
  276 -18.330803     7
  277 12196.668553  8226
  278 5141.107487  8125
  279 5129.874019  1936
  280 1212.051022   519
  281 -110.463955     4
  282 14417.372726 20779
  283 5510.836102  5897
  284 -1925.800479     7
  285 -774.370336     5
  286 -507.175309     2
  287 15108.439951 13467
  288 -1515.985186     7
  289 -712.704622     1
  290 258.679935 15224
  291 12629.305155 16581
  292 1879.033857 16126
  293 -1082.284651     6
  294 17474.904629 12038
  295 10848.986011 14498
  296 4075.950582  4174
  297 -1510.828511     6
  298 -115.336109     5
  299 7616.188231 21172
  300 9738.513298 14979
