300
    1 457.408040     1
    2 5971.444019 22552
    3 -225.385133     7
    4 -279.073254     7
    5 -961.648286     8
    6 2303.513008 11402
    7 5117.640633  7882
    8 7021.022023  5438
    9 -756.728179     7
   10 5799.572992  6863
   11 -58.526208     1
   12 5408.595632   525
   13 -682.164381     2
   14 6575.660149 20096
   15 -187.030973     7
   16 10280.405291 24956
   17 -55.197542     8
   18 -1209.568190     6
   19 13123.779178 14573
   20 -1345.535341     7
   21 7475.269053 21823
   22 3091.855750 15275
   23 2750.185246 14868
   24 -2717.832770     6
   25 8424.562493  2208
   26 -10.793952     1
   27 18456.319300 20395
   28 -641.901840     3
   29 6642.018891  4613
   30 16687.275028 14985
   31 1144.511752 10343
   32 -1422.671533     7
   33 5017.648653  2104
   34 -974.855108     7
   35 391.030324 17064
   36 7493.396962 21647
   37 -9.721803     0
   38 2779.984611  1257
   39 -509.864797     9
   40 6130.613770  2568
   41 13749.367778 12082
   42 14050.350260 15949
   43 17280.909554 13544
   44 6795.007540 23714
   45 -967.578669     8
   46 2844.479521 10842
   47 9205.788949 15863
   48 -428.739159     0
   49 -715.899533     7
   50 2965.502937  1573
   51 2869.277394   828
   52 4568.830103 12746
   53 422.608231   314
   54 10024.425737 23962
   55 13608.593457 23513
   56 -1718.566037     3
   57 1750.160963 27528
   58 -520.682189     5
   59 -2548.648565     3
   60 -1601.482631     2
   61 12124.113668 19028
   62 -2615.557864     7
   63 -1576.177206     7
   64 14670.975040 26634
   65 808.903551  8009
   66 869.814500 18283
   67 16006.278145 14765
   68 -1989.603035     5
   69 902.105430  4234
   70 6303.602345  6832
   71 5046.724993  6524
   72 -1528.299448     1
   73 740.466611 23238
   74 5928.429084 23525
   75 -890.230506     4
   76 11253.615319 10172
   77 17491.539999 21958
   78 -2170.747448     7
   79 -910.849389     8
   80 -144.808234     1
   81 3843.420619  3195
   82 4668.912728  3101
   83 -132.942914     6
   84 2771.839943  7462
   85 487.580923  1250
   86 13140.878161 13695
   87 -858.275600     0
   88 -294.539046     4
   89 -554.191576     5
   90 21058.574931 11841
   91 1359.922394  3905
   92 2959.040353 26181
   93 596.927356  6201
   94 -621.424739     0
   95 -735.007119     5
   96 2689.317089 20258
   97 197.323601 11140
   98 -1197.565728     0
   99 395.120485  7350
  100 -565.761835     3
  101 2795.699524  6709
  102 -1125.909509     0
  103 8726.448434 20824
  104 973.921925 10814
  105 -210.224446     3
  106 1963.412122  1080
  107 3564.636064 23377
  108 -1806.668589     6
  109 351.328858  1281
  110 -444.765180     8
  111 11434.872051 12350
  112 -240.599859     5
  113 16261.368392 21527
  114 -2567.890580     1
  115 8191.961145 12613
  116 35831.112682 25599
  117 1826.458182  2552
  118 1451.348020  4764
  119 11088.014719 11817
  120 4168.057955  8720
  121 438.878215   876
  122 1927.450670 21854
  123 -554.827454     9
  124 1400.244639   546
  125 -606.141485     5
  126 -88.314846     1
  127 -1755.451618     7
  128 -1868.278180     8
  129 6279.384987 22728
  130 9924.837989 12216
  131 23327.922031 19666
  132 2467.825232    74
  133 -174.426033     8
  134 281.165616 16240
  135 18275.703920 23404
  136 3956.469929  3066
  137 912.777763  3236
  138 -229.119418     9
  139 27722.471772 26575
  140 -1258.149215     4
  141 19158.801221 23859
  142 -972.402529     0
  143 5391.308853 15705
  144 3286.081679 14460
  145 13206.626857 16428
  146 6591.268215 26421
  147 6479.028899 10799
  148 -361.850147     0
  149 -1520.506648     1
  150 11879.671520 14927
  151 -636.257603     0
  152 2196.599204  4176
  153 3785.576029  3369
  154 -650.502917     7
  155 -175.881982     6
  156 11696.811012 26851
  157 -1840.016593     8
  158 1323.140265  5560
  159 -247.065197     4
  160 11949.924698 13900
  161 -147.118092     9
  162 4090.664873 23379
  163 5161.715858 18562
  164 -179.221929     9
  165 -1114.218331     0
  166 6587.171885  4587
  167 3191.151278  4200
  168 -213.949917     9
  169 -483.316894     3
  170 -452.979800     4
  171 -1285.272555     3
  172 2758.632066 24598
  173 19079.015900 14057
  174 -189.564631     9
  175 378.275933 15891
  176 -597.511705     0
  177 -2082.638288     4
  178 9298.717958 20565
  179 4821.685574 11021
  180 22934.686165 19654
  181 -885.504957     1
  182 4110.490298 13672
  183 16065.847640 14952
  184 11321.782314 26785
  185 439.730377  6455
  186 -274.859205     5
  187 -654.879256     5
  188 -2946.346854     5
  189 2994.095711 16729
  190 6545.092374 13760
  191 -441.568164     2
  192 21875.888418 24846
  193 -1087.445124     5
  194 -189.299298     7
  195 -3135.978396     9
  196 -225.483864     1
  197 990.956009 15816
  198 4505.930348 17659
  199 -379.565478     4
  200 3296.429829  6147
  201 -1010.634859     1
  202 7819.203865 26161
  203 10211.287962  9518
  204 -769.577349     4
  205 8064.237633 18278
  206 484.524227 12201
  207 -542.223482     3
  208 -400.259368     5
  209 4798.495780 11251
  210 7020.615583 11128
  211 14710.602093 18494
  212 -503.207293     1
  213 -666.931064     0
  214 11933.826208 15528
  215 -599.895258     5
  216 2339.389544  1154
  217 15563.240397 15143
  218 -1458.043881     3
  219 11063.717091 16679
  220 -1945.578751     5
  221 910.075334  1476
  222 23847.764883 19127
  223 10353.567531  5680
  224 4663.413697  2168
  225 -572.792346     5
  226 1301.475615 25072
  227 388.173524   460
  228 6372.249325  3095
  229 4384.674352  8458
  230 -55.737494     4
  231 2550.735932 11398
  232 6788.859098   881
  233 333.888445  1061
  234 -872.779911     9
  235 78.257451 17055
  236 -519.363047     9
  237 9408.824990 25768
  238 5186.415041 14732
  239 -1.831317     2
  240 2274.874074    35
  241 7544.776493  9045
  242 -1034.254823     4
  243 11038.052207 25507
  244 3001.928499 27680
  245 4840.908856  6344
  246 1060.552779 21407
  247 -90.158429     8
  248 -1327.085735     2
  249 11137.149616 21608
  250 1869.773833 19993
  251 -2437.569639     0
  252 2539.300171   131
  253 5488.107706 26725
  254 -973.112300     7
  255 167.249774  4774
  256 -417.926695     8
  257 -698.720029     3
  258 18967.069178 11874
  259 -129.505097     4
  260 -1240.789012     5
  261 2656.797488 15881
  262 -899.087221     3
  263 12311.087784 14536
  264 1638.506704  1231
  265 14384.223706 13187
  266 3856.177276  7031
  267 -761.429189     0
  268 17537.827523 12441
  269 -487.146555     1
  270 -1620.834121     0
  271 13082.119146 20832
  272 -684.785736     3
  273 520.579108 13008
  274 8749.914722  3973
  275 953.471835  9596
  276 -1125.757993     7
  277 1299.206570  8226
  278 17962.037799  8125
  279 1944.474193  1936
  280 675.200550   519
  281 -13.054866     4
  282 5938.025114 20779
  283 1018.940238  5897
  284 -198.885928     7
  285 -1386.408751     5
  286 -784.178382     2
  287 7942.629542 13467
  288 -184.084649     7
  289 -145.850914     1
  290 16664.682076 15224
  291 10894.233062 16581
  292 93.379229 16126
  293 -142.586700     6
  294 9891.488319 12038
  295 9087.436318 14498
  296 1261.035505  4174
  297 -1492.548980     6
  298 -599.907093     5
  299 7709.392709 21172
  300 12938.082335 14979
