300
    1 1032.305037     1
    2 881.475766 22552
    3 -940.967881     7
    4 -486.103651     7
    5 -420.856762     8
    6 3814.653659 11402
    7 3939.852373  7882
    8 12304.411751  5438
    9 -893.216930     7
   10 6231.282373  6863
   11 -598.197804     1
   12 160.734653   525
   13 -40.587438     2
   14 5863.694300 20096
   15 -1177.454373     7
   16 19709.224361 24956
   17 -897.568233     8
   18 -191.860693     6
   19 9180.362390 14573
   20 -578.844438     7
   21 5055.527086 21823
   22 13882.989548 15275
   23 14756.403306 14868
   24 -1441.053032     6
   25 517.646137  2208
   26 -327.134302     1
   27 6886.159205 20395
   28 -1522.988881     3
   29 2156.541343  4613
   30 3872.720317 14985
   31 7038.503364 10343
   32 -375.139819     7
   33 3368.605054  2104
   34 -343.045091     7
   35 651.035965 17064
   36 6547.054295 21647
   37 -757.428213     0
   38 4334.622189  1257
   39 -152.088807     9
   40 2934.566980  2568
   41 1212.177815 12082
   42 1388.727557 15949
   43 2650.121186 13544
   44 7776.604914 23714
   45 -3001.436482     8
   46 6208.817955 10842
   47 6404.734297 15863
   48 -439.203162     0
   49 -2494.556995     7
   50 2049.993342  1573
   51 3136.599929   828
   52 6448.128342 12746
   53 1252.083884   314
   54 14089.516528 23962
   55 1411.642963 23513
   56 -229.693364     3
   57 11654.927052 27528
   58 -1132.637358     5
   59 -2655.218586     3
   60 -254.938237     2
   61 17642.806443 19028
   62 -1431.108353     7
   63 -540.399808     7
   64 8376.250061 26634
   65 4645.477252  8009
   66 611.249073 18283
   67 8406.019012 14765
   68 -1481.774387     5
   69 7523.039515  4234
   70 4707.671502  6832
   71 2315.659217  6524
   72 -566.089377     1
   73 8460.652175 23238
   74 8809.680180 23525
   75 -727.065407     4
   76 4224.607174 10172
   77 7993.317772 21958
   78 -815.564841     7
   79 -1322.709304     8
   80 -278.391774     1
   81 437.285411  3195
   82 667.205871  3101
   83 -661.614137     6
   84 3323.561553  7462
   85 3152.351962  1250
   86 341.395283 13695
   87 -768.991562     0
   88 -1107.232935     4
   89 -1783.969373     5
   90 7827.881546 11841
   91 12898.137744  3905
   92 5726.898733 26181
   93 6123.115659  6201
   94 -1742.072737     0
   95 -413.143538     5
   96 19979.388829 20258
   97 4156.122703 11140
   98 -1578.608701     0
   99 12596.790769  7350
  100 -229.764330     3
  101 4506.212236  6709
  102 -230.948392     0
  103 8357.159004 20824
  104 9349.907486 10814
  105 -1543.123645     3
  106 1088.751978  1080
  107 6479.431136 23377
  108 -1397.193799     6
  109 1817.626067  1281
  110 -905.929283     8
  111 1483.696028 12350
  112 -386.962011     5
  113 13691.775643 21527
  114 -1644.231552     1
  115 1112.206319 12613
  116 7083.576874 25599
  117 1840.904749  2552
  118 8993.663889  4764
  119 3264.606871 11817
  120 7332.855884  8720
  121 3740.188575   876
  122 30265.955424 21854
  123 -366.954820     9
  124 887.085495   546
  125 -1125.715118     5
  126 -1396.647765     1
  127 -1245.499948     7
  128 -361.471954     8
  129 12773.185001 22728
  130 10387.702552 12216
  131 31268.905154 19666
  132 1141.417496    74
  133 -356.154324     8
  134 10719.908126 16240
  135 11147.341593 23404
  136 696.158536  3066
  137 764.218094  3236
  138 -710.986620     9
  139 24184.548241 26575
  140 -2991.738601     4
  141 8309.190150 23859
  142 -311.949836     0
  143 1140.606823 15705
  144 1348.407005 14460
  145 17664.756626 16428
  146 4675.219916 26421
  147 5449.579540 10799
  148 -1308.735483     0
  149 -1765.903620     1
  150 1312.900885 14927
  151 -554.811988     0
  152 7684.528894  4176
  153 4702.060604  3369
  154 -1009.107216     7
  155 -1517.102154     6
  156 1035.010404 26851
  157 -1563.558385     8
  158 4807.985153  5560
  159 -1068.743854     4
  160 8854.003525 13900
  161 -358.491082     9
  162 4680.204095 23379
  163 10219.165563 18562
  164 -860.284973     9
  165 -205.340191     0
  166 2743.621658  4587
  167 1983.193519  4200
  168 -756.788102     9
  169 -1063.986232     3
  170 -529.355401     4
  171 -592.356202     3
  172 19262.623811 24598
  173 4899.782679 14057
  174 -52.872437     9
  175 3472.579183 15891
  176 -1568.417461     0
  177 -1393.197832     4
  178 33645.748297 20565
  179 13712.925617 11021
  180 20087.534182 19654
  181 -1355.460216     1
  182 12619.900829 13672
  183 26298.791229 14952
  184 10221.807933 26785
  185 6954.294917  6455
  186 -371.480530     5
  187 -664.673329     5
  188 -229.485904     5
  189 12290.040442 16729
  190 645.625729 13760
  191 -1445.924489     2
  192 6306.240931 24846
  193 -2731.153134     5
  194 -255.443371     7
  195 -293.340027     9
  196 -699.504968     1
  197 4955.887059 15816
  198 13755.315080 17659
  199 -2264.732917     4
  200 12649.414508  6147
  201 -671.137052     1
  202 19364.039798 26161
  203 438.856591  9518
  204 -1138.885171     4
  205 24062.688378 18278
  206 6977.937570 12201
  207 -55.049624     3
  208 -1260.203301     5
  209 354.171375 11251
  210 1908.321644 11128
  211 525.735068 18494
  212 -1363.909954     1
  213 -312.512453     0
  214 2730.293731 15528
  215 -76.345867     5
  216 218.455746  1154
  217 2272.729541 15143
  218 -869.126647     3
  219 2130.151461 16679
  220 -1329.732912     5
  221 246.669113  1476
  222 7576.964649 19127
  223 1621.529916  5680
  224 883.986729  2168
  225 -1517.132791     5
  226 15776.509198 25072
  227 1885.104091   460
  228 2694.363095  3095
  229 5164.419106  8458
  230 -804.065041     4
  231 2338.332021 11398
  232 1299.598607   881
  233 1194.746042  1061
  234 -590.767461     9
  235 7440.773400 17055
  236 -1068.050897     9
  237 19147.077672 25768
  238 1060.662470 14732
  239 -777.043715     2
  240 1968.876673    35
  241 3595.132654  9045
  242 -1344.322567     4
  243 1380.246377 25507
  244 10930.879140 27680
  245 5483.331740  6344
  246 13476.233271 21407
  247 -967.519671     8
  248 -230.416318     2
  249 2960.620789 21608
  250 3798.146283 19993
  251 -609.385719     0
  252 1988.692081   131
  253 24776.212375 26725
  254 -26.908235     7
  255 4126.846326  4774
  256 -902.855133     8
  257 -1656.895950     3
  258 5462.574676 11874
  259 -1189.265248     4
  260 -548.499293     5
  261 10398.206209 15881
  262 -915.121043     3
  263 19365.589452 14536
  264 952.062677  1231
  265 10375.451841 13187
  266 4957.476834  7031
  267 -220.530920     0
  268 5019.351503 12441
  269 -73.393007     1
  270 -2412.603041     0
  271 11382.550623 20832
  272 -406.380375     3
  273 646.566587 13008
  274 1469.228558  3973
  275 1596.348654  9596
  276 -435.735829     7
  277 2959.094780  8226
  278 4757.296203  8125
  279 5984.759790  1936
  280 3105.069276   519
  281 -537.701854     4
  282 8607.289914 20779
  283 12377.508865  5897
  284 -338.046250     7
  285 -2185.860691     5
  286 -1289.473169     2
  287 3008.538327 13467
  288 -729.514889     7
  289 -871.636249     1
  290 1334.439643 15224
  291 4700.494415 16581
  292 3239.552173 16126
  293 -675.535814     6
  294 5173.511331 12038
  295 24030.104344 14498
  296 1775.359233  4174
  297 -978.379465     6
  298 -267.196125     5
  299 13077.716249 21172
  300 2877.039806 14979
