300
    1 375.541977     1
    2 33124.891710 22552
    3 -1227.818662     7
    4 -328.803657     7
    5 -806.318696     8
    6 16031.307814 11402
    7 9097.228741  7882
    8 2395.617494  5438
    9 -380.967932     7
   10 111.306196  6863
   11 -833.730810     1
   12 3335.983866   525
   13 -482.836824     2
   14 2980.523522 20096
   15 -2619.045290     7
   16 5992.793379 24956
   17 -828.027857     8
   18 -801.320647     6
   19 2026.162820 14573
   20 -2473.089533     7
   21 4495.602907 21823
   22 4623.799068 15275
   23 1027.869007 14868
   24 -653.010124     6
   25 2292.046236  2208
   26 -1840.407813     1
   27 6018.691338 20395
   28 -1018.108582     3
   29 4742.232468  4613
   30 1575.966768 14985
   31 11057.875610 10343
   32 -786.521375     7
   33 1176.154797  2104
   34 -289.493109     7
   35 21241.595643 17064
   36 3486.693603 21647
   37 -956.976444     0
   38 4684.254087  1257
   39 -876.642704     9
   40 7226.367680  2568
   41 7645.251726 12082
   42 6394.935465 15949
   43 4791.906663 13544
   44 23807.346292 23714
   45 -1234.982793     8
   46 2499.932741 10842
   47 13222.443867 15863
   48 -1227.637969     0
   49 -1946.837639     7
   50 2017.497461  1573
   51 2491.461970   828
   52 98.504773 12746
   53 621.543025   314
   54 30999.382434 23962
   55 7147.399123 23513
   56 -2623.098017     3
   57 657.723550 27528
   58 -654.273635     5
   59 -683.311810     3
   60 -1239.135585     2
   61 9365.690658 19028
   62 -434.421334     7
   63 -2329.154605     7
   64 12347.947984 26634
   65 3785.078222  8009
   66 17331.236024 18283
   67 26988.385946 14765
   68 -3324.306839     5
   69 1188.696918  4234
   70 6212.323665  6832
   71 5415.759311  6524
   72 -1392.764260     1
   73 35616.968832 23238
   74 11855.739473 23525
   75 -409.751825     4
   76 8079.905923 10172
   77 22221.799111 21958
   78 -1234.484729     7
   79 -189.035084     8
   80 -493.749318     1
   81 2743.144346  3195
   82 2579.415794  3101
   83 -2861.318286     6
   84 4007.314182  7462
   85 4818.562538  1250
   86 8390.466354 13695
   87 -880.094472     0
   88 -821.318115     4
   89 -71.095584     5
   90 9666.296154 11841
   91 2156.515004  3905
   92 10503.272347 26181
   93 5449.694245  6201
   94 -603.651217     0
   95 -1833.469732     5
   96 3904.770373 20258
   97 4486.042744 11140
   98 -588.328669     0
   99 420.064190  7350
  100 -1277.097905     3
  101 7539.127423  6709
  102 -384.683668     0
  103 9195.991850 20824
  104 10898.969562 10814
  105 -413.095215     3
  106 573.593437  1080
  107 13391.812303 23377
  108 -472.362008     6
  109 1834.841249  1281
  110 -1807.063886     8
  111 482.449021 12350
  112 -127.630902     5
  113 4080.554637 21527
  114 -1999.499278     1
  115 25835.912350 12613
  116 6304.811750 25599
  117 665.549158  2552
  118 2375.242561  4764
  119 5914.790374 11817
  120 3670.265462  8720
  121 383.623265   876
  122 14177.470948 21854
  123 -1619.321313     9
  124 1823.571098   546
  125 -482.046125     5
  126 -733.032808     1
  127 -284.534493     7
  128 -1055.165098     8
  129 13298.031019 22728
  130 5667.329888 12216
  131 4570.252340 19666
  132 3178.010838    74
  133 -1516.780834     8
  134 4797.640764 16240
  135 5032.825763 23404
  136 2444.657166  3066
  137 4050.936026  3236
  138 -527.865314     9
  139 3695.049252 26575
  140 -1114.402164     4
  141 10450.420385 23859
  142 -1084.533001     0
  143 1699.956198 15705
  144 2199.662568 14460
  145 15984.479887 16428
  146 4313.301622 26421
  147 7312.678828 10799
  148 -764.373931     0
  149 -467.169676     1
  150 3443.911241 14927
  151 -355.504342     0
  152 3128.916115  4176
  153 4979.648142  3369
  154 -974.371750     7
  155 -1466.371635     6
  156 921.632397 26851
  157 -1151.827079     8
  158 4243.553086  5560
  159 -1131.800208     4
  160 9265.803152 13900
  161 -142.073066     9
  162 5219.687259 23379
  163 10783.226451 18562
  164 -928.536028     9
  165 -1583.343317     0
  166 5177.820748  4587
  167 502.693492  4200
  168 -1089.096281     9
  169 -848.781065     3
  170 -1648.582630     4
  171 -698.301441     3
  172 13184.899805 24598
  173 1138.170387 14057
  174 -951.121162     9
  175 10931.437256 15891
  176 -833.731098     0
  177 -594.036290     4
  178 1381.713739 20565
  179 1641.180052 11021
  180 7539.124825 19654
  181 -3162.127891     1
  182 1264.098927 13672
  183 902.638008 14952
  184 10021.832298 26785
  185 1945.741913  6455
  186 -274.124589     5
  187 -72.592268     5
  188 -1215.710301     5
  189 8046.998429 16729
  190 5448.807180 13760
  191 -1182.264926     2
  192 8239.319061 24846
  193 -3268.631503     5
  194 -1291.123434     7
  195 -3260.577208     9
  196 -227.025068     1
  197 17170.063836 15816
  198 15294.687027 17659
  199 -387.132119     4
  200 6604.914807  6147
  201 -1364.340831     1
  202 15900.456623 26161
  203 2240.255954  9518
  204 -1303.357580     4
  205 17532.108231 18278
  206 12934.003208 12201
  207 -1152.682964     3
  208 -579.302680     5
  209 7359.363478 11251
  210 1933.130734 11128
  211 3616.370300 18494
  212 -900.977078     1
  213 -591.511828     0
  214 25909.135990 15528
  215 -109.734114     5
  216 3538.989820  1154
  217 757.902867 15143
  218 -1863.989380     3
  219 7663.420051 16679
  220 -483.814973     5
  221 812.798888  1476
  222 13495.946715 19127
  223 1696.972152  5680
  224 1435.467151  2168
  225 -497.482479     5
  226 24627.952562 25072
  227 4266.874465   460
  228 5449.994163  3095
  229 12684.849590  8458
  230 -521.514936     4
  231 6547.421753 11398
  232 4263.392071   881
  233 5443.402788  1061
  234 -467.579536     9
  235 8584.289818 17055
  236 -481.769922     9
  237 6925.722292 25768
  238 4459.826222 14732
  239 -2873.044020     2
  240 2913.971175    35
  241 6776.352309  9045
  242 -1942.789482     4
  243 699.655869 25507
  244 21210.000621 27680
  245 4523.616750  6344
  246 3179.928544 21407
  247 -441.720685     8
  248 -293.844370     2
  249 5755.157380 21608
  250 9086.453078 19993
  251 -775.018499     0
  252 4091.404702   131
  253 16456.722783 26725
  254 -334.304694     7
  255 5028.964298  4774
  256 -1679.851640     8
  257 -530.397921     3
  258 3091.634961 11874
  259 -48.785240     4
  260 -418.524403     5
  261 1169.419526 15881
  262 -107.525973     3
  263 5886.085421 14536
  264 387.533550  1231
  265 2767.847153 13187
  266 13197.371234  7031
  267 -383.935530     0
  268 16242.320017 12441
  269 -579.634776     1
  270 -2239.419443     0
  271 5798.454470 20832
  272 -783.061460     3
  273 9856.729999 13008
  274 7495.284553  3973
  275 396.015767  9596
  276 -1323.870136     7
  277 1966.017831  8226
  278 1284.645143  8125
  279 1281.523494  1936
  280 46.953312   519
  281 -559.573504     4
  282 6593.521648 20779
  283 2498.376314  5897
  284 -2352.629503     7
  285 -4080.548053     5
  286 -1136.049432     2
  287 238.050839 13467
  288 -1307.108732     7
  289 -429.157916     1
  290 1427.266942 15224
  291 129.270545 16581
  292 12455.334909 16126
  293 -256.620136     6
  294 11555.998806 12038
  295 3497.577676 14498
  296 150.216051  4174
  297 -634.255685     6
  298 -2589.055988     5
  299 5111.297249 21172
  300 556.167843 14979
