300
    1 1886.375401     1
    2 2582.279406 22552
    3 -1807.691697     7
    4 -1406.846361     7
    5 -438.588845     8
    6 5809.116646 11402
    7 515.138945  7882
    8 7553.320685  5438
    9 -1333.683508     7
   10 390.058821  6863
   11 -19.419330     1
   12 2585.378963   525
   13 -287.696784     2
   14 17662.839599 20096
   15 -767.605968     7
   16 14657.482424 24956
   17 -246.373651     8
   18 -1920.345879     6
   19 10881.501251 14573
   20 -1129.077489     7
   21 18815.779834 21823
   22 1513.139212 15275
   23 2553.138272 14868
   24 -17.509943     6
   25 1909.124938  2208
   26 -203.147635     1
   27 10508.680606 20395
   28 -1287.209963     3
   29 2906.112640  4613
   30 1840.541975 14985
   31 2287.469715 10343
   32 -659.510091     7
   33 1825.940860  2104
   34 -1216.414692     7
   35 4883.163268 17064
   36 872.329784 21647
   37 -200.005892     0
   38 2566.160120  1257
   39 -1457.929807     9
   40 4089.883007  2568
   41 233.880702 12082
   42 5454.645711 15949
   43 7857.161805 13544
   44 24156.250976 23714
   45 -1154.003577     8
   46 4937.123380 10842
   47 17654.442328 15863
   48 -809.088539     0
   49 -1470.416228     7
   50 4348.668211  1573
   51 4310.483172   828
   52 1473.914035 12746
   53 928.955239   314
   54 4605.208075 23962
   55 5266.676085 23513
   56 -2260.635190     3
   57 9038.060529 27528
   58 -760.075014     5
   59 -155.365578     3
   60 -587.952424     2
   61 7020.316784 19028
   62 -60.593916     7
   63 -998.481714     7
   64 5228.999760 26634
   65 4679.197553  8009
   66 6806.807829 18283
   67 2543.110928 14765
   68 -3215.210503     5
   69 3809.830562  4234
   70 775.414977  6832
   71 788.261026  6524
   72 -276.957784     1
   73 22136.065800 23238
   74 21576.801098 23525
   75 -427.580274     4
   76 6012.794362 10172
   77 7748.399679 21958
   78 -788.769304     7
   79 -219.842326     8
   80 -473.998953     1
   81 2041.696509  3195
   82 4393.823446  3101
   83 -1228.093521     6
   84 270.447021  7462
   85 592.938277  1250
   86 6362.392385 13695
   87 -747.448382     0
   88 -597.157249     4
   89 -664.065543     5
   90 13006.939465 11841
   91 7892.711054  3905
   92 33992.712832 26181
   93 6960.284882  6201
   94 -64.234974     0
   95 -560.249742     5
   96 7595.649013 20258
   97 3758.266583 11140
   98 -1795.236005     0
   99 2608.211583  7350
  100 -482.416461     3
  101 5772.725933  6709
  102 -2289.843291     0
  103 11379.570512 20824
  104 13619.162134 10814
  105 -129.456046     3
  106 294.570682  1080
  107 20912.396247 23377
  108 -2821.648083     6
  109 595.358395  1281
  110 -239.968674     8
  111 6326.300487 12350
  112 -573.724420     5
  113 1717.666265 21527
  114 -1990.537460     1
  115 10275.334053 12613
  116 4861.843618 25599
  117 77.373026  2552
  118 184.907253  4764
  119 7953.295256 11817
  120 14069.995860  8720
  121 1139.072611   876
  122 4624.812808 21854
  123 -885.703545     9
  124 2570.451918   546
  125 -281.318201     5
  126 -2965.521934     1
  127 -54.037440     7
  128 -5.521301     8
  129 2407.583055 22728
  130 728.772405 12216
  131 16828.147682 19666
  132 3716.425976    74
  133 -147.632389     8
  134 5540.993650 16240
  135 2599.201738 23404
  136 3102.033692  3066
  137 3195.212437  3236
  138 -391.825125     9
  139 7925.459081 26575
  140 -693.925459     4
  141 18322.854208 23859
  142 -1347.902476     0
  143 4655.136369 15705
  144 5618.676010 14460
  145 4158.658931 16428
  146 12381.073746 26421
  147 6781.331010 10799
  148 -901.827490     0
  149 -318.526916     1
  150 2841.731389 14927
  151 -142.756914     0
  152 1673.038243  4176
  153 2998.859500  3369
  154 -1189.231790     7
  155 -1291.858906     6
  156 3623.466193 26851
  157 -1254.230672     8
  158 860.299795  5560
  159 -678.356995     4
  160 5420.518058 13900
  161 -943.079390     9
  162 14102.022088 23379
  163 9183.953763 18562
  164 -225.550947     9
  165 -25.185526     0
  166 1897.234394  4587
  167 8064.537117  4200
  168 -1243.938467     9
  169 -293.427979     3
  170 -1192.906581     4
  171 -2151.796440     3
  172 15605.731307 24598
  173 4766.529069 14057
  174 -670.402640     9
  175 5232.795205 15891
  176 -61.299216     0
  177 -574.072603     4
  178 7726.849987 20565
  179 1538.496247 11021
  180 983.022018 19654
  181 -1058.752801     1
  182 11120.573577 13672
  183 11118.965945 14952
  184 22990.883987 26785
  185 279.892305  6455
  186 -206.018953     5
  187 -1203.332271     5
  188 -154.310576     5
  189 11538.373736 16729
  190 3205.848522 13760
  191 -161.954981     2
  192 11923.464123 24846
  193 -1327.750815     5
  194 -453.989744     7
  195 -193.431855     9
  196 -820.409436     1
  197 1757.407000 15816
  198 2239.244582 17659
  199 -2135.045429     4
  200 865.117020  6147
  201 -347.528487     1
  202 11254.033240 26161
  203 9291.619545  9518
  204 -1934.918853     4
  205 7626.800941 18278
  206 3282.261523 12201
  207 -104.928020     3
  208 -1010.312256     5
  209 16190.992516 11251
  210 6548.717830 11128
  211 15888.292944 18494
  212 -236.286228     1
  213 -576.236935     0
  214 6721.914962 15528
  215 -295.536693     5
  216 1047.836740  1154
  217 9652.722558 15143
  218 -1639.960946     3
  219 1615.538110 16679
  220 -1315.756995     5
  221 526.019936  1476
  222 3202.186958 19127
  223 139.997565  5680
  224 1200.523262  2168
  225 -394.230241     5
  226 1467.452823 25072
  227 1791.166747   460
  228 3327.274118  3095
  229 3008.914906  8458
  230 -1098.113383     4
  231 1781.019499 11398
  232 108.546361   881
  233 613.094256  1061
  234 -480.856254     9
  235 24630.036448 17055
  236 -2114.929248     9
  237 4531.773300 25768
  238 8023.968983 14732
  239 -986.864860     2
  240 1614.445429    35
  241 4429.984248  9045
  242 -414.602711     4
  243 45716.802552 25507
  244 26235.747552 27680
  245 678.116651  6344
  246 3825.154534 21407
  247 -427.602164     8
  248 -871.846856     2
  249 3332.531355 21608
  250 6765.336380 19993
  251 -1645.805769     0
  252 3141.241486   131
  253 18526.426248 26725
  254 -602.881469     7
  255 389.654688  4774
  256 -529.563407     8
  257 -350.028273     3
  258 6673.134672 11874
  259 -290.352615     4
  260 -275.427078     5
  261 8557.868145 15881
  262 -1954.985560     3
  263 10086.349823 14536
  264 2201.821154  1231
  265 1418.845564 13187
  266 237.425146  7031
  267 -46.443493     0
  268 4036.533235 12441
  269 -1668.983045     1
  270 -957.754325     0
  271 5620.890326 20832
  272 -1694.921466     3
  273 1214.106304 13008
  274 6095.256561  3973
  275 2576.382037  9596
  276 -865.034648     7
  277 12731.957107  8226
  278 1838.608965  8125
  279 679.456535  1936
  280 108.665643   519
  281 -357.266255     4
  282 10067.889616 20779
  283 6149.037509  5897
  284 -1525.792074     7
  285 -14.757873     5
  286 -3233.193940     2
  287 16139.263183 13467
  288 -404.049468     7
  289 -118.858782     1
  290 2852.083578 15224
  291 453.109626 16581
  292 5952.249118 16126
  293 -251.248612     6
  294 879.529275 12038
  295 22739.603336 14498
  296 2989.645825  4174
  297 -134.824996     6
  298 -1425.432379     5
  299 5421.547059 21172
  300 11838.740838 14979
