300
    1 1098.565224     1
    2 19638.741127 22552
    3 -1662.343698     7
    4 -747.811397     7
    5 -2028.545457     8
    6 6311.668069 11402
    7 4650.525035  7882
    8 820.691927  5438
    9 -861.438699     7
   10 2560.938600  6863
   11 -1044.420341     1
   12 2780.591134   525
   13 -229.614674     2
   14 19568.271561 20096
   15 -321.556464     7
   16 15207.190268 24956
   17 -2309.091519     8
   18 -3561.362630     6
   19 2059.068293 14573
   20 -108.445347     7
   21 6623.034779 21823
   22 820.331197 15275
   23 10611.750517 14868
   24 -2416.078176     6
   25 2106.329903  2208
   26 -1619.566258     1
   27 23141.784699 20395
   28 -3221.338017     3
   29 262.583544  4613
   30 1638.614417 14985
   31 388.360473 10343
   32 -857.500585     7
   33 433.116568  2104
   34 -1042.601823     7
   35 7251.021406 17064
   36 5426.753770 21647
   37 -141.139082     0
   38 2759.755731  1257
   39 -1820.670108     9
   40 11546.133762  2568
   41 7142.125697 12082
   42 11204.359073 15949
   43 18908.768530 13544
   44 12433.712751 23714
   45 -363.058810     8
   46 10280.270676 10842
   47 11807.807150 15863
   48 -972.254569     0
   49 -111.883672     7
   50 2541.302633  1573
   51 1124.075532   828
   52 2437.852011 12746
   53 114.478731   314
   54 7425.741873 23962
   55 3705.510014 23513
   56 -1351.716595     3
   57 7805.144832 27528
   58 -2198.295129     5
   59 -51.486356     3
   60 -242.760984     2
   61 17192.787781 19028
   62 -294.643130     7
   63 -7.093425     7
   64 27502.046835 26634
   65 15433.983142  8009
   66 1317.762409 18283
   67 6313.899219 14765
   68 -2786.125662     5
   69 1008.300619  4234
   70 77.781778  6832
   71 4029.378455  6524
   72 -831.400997     1
   73 12178.657720 23238
   74 6187.076194 23525
   75 -96.164214     4
   76 5893.671498 10172
   77 1664.813113 21958
   78 -184.266827     7
   79 -669.000690     8
   80 -47.407269     1
   81 3143.053177  3195
   82 1310.485295  3101
   83 -169.034917     6
   84 3711.962508  7462
   85 1251.071073  1250
   86 798.786411 13695
   87 -291.350173     0
   88 -1778.163321     4
   89 -2505.846047     5
   90 6620.920091 11841
   91 1996.456312  3905
   92 33988.196927 26181
   93 2547.453075  6201
   94 -131.181451     0
   95 -650.468898     5
   96 25084.406480 20258
   97 3195.995156 11140
   98 -1875.423511     0
   99 1107.350262  7350
  100 -36.756880     3
  101 1411.050124  6709
  102 -1241.415427     0
  103 3654.040871 20824
  104 2563.058007 10814
  105 -836.253750     3
  106 181.246172  1080
  107 679.444433 23377
  108 -1999.005017     6
  109 584.293917  1281
  110 -2236.182025     8
  111 3334.861993 12350
  112 -1769.337694     5
  113 3316.808248 21527
  114 -1217.969798     1
  115 6199.357771 12613
  116 32738.948193 25599
  117 1517.363417  2552
  118 612.143588  4764
  119 6045.795405 11817
  120 5667.673262  8720
  121 1211.604462   876
  122 12545.852702 21854
  123 -435.203359     9
  124 825.225412   546
  125 -1150.343145     5
  126 -1959.069449     1
  127 -2844.779890     7
  128 -2189.879537     8
  129 11084.926650 22728
  130 889.217167 12216
  131 13606.550884 19666
  132 1284.981480    74
  133 -1108.860470     8
  134 12974.360163 16240
  135 2967.633555 23404
  136 4328.372626  3066
  137 1188.686516  3236
  138 -358.900269     9
  139 1799.667746 26575
  140 -96.596357     4
  141 14600.141653 23859
  142 -213.562436     0
  143 11661.245465 15705
  144 4273.691816 14460
  145 5218.347177 16428
  146 19170.488174 26421
  147 5135.894124 10799
  148 -62.598442     0
  149 -1066.861902     1
  150 3459.826879 14927
  151 -84.501830     0
  152 3459.101618  4176
  153 7996.668591  3369
  154 -1625.767011     7
  155 -946.998714     6
  156 37220.423435 26851
  157 -108.154533     8
  158 1819.309782  5560
  159 -86.265028     4
  160 13908.592403 13900
  161 -1116.947710     9
  162 3404.744961 23379
  163 5104.381648 18562
  164 -2105.513300     9
  165 -250.544061     0
  166 886.171018  4587
  167 3.307326  4200
  168 -191.616815     9
  169 -475.029623     3
  170 -226.005990     4
  171 -688.538735     3
  172 15556.056726 24598
  173 6663.366870 14057
  174 -514.915918     9
  175 1079.021257 15891
  176 -588.101173     0
  177 -425.932334     4
  178 13050.749812 20565
  179 546.717652 11021
  180 11946.931353 19654
  181 -456.539399     1
  182 1890.728756 13672
  183 86.988649 14952
  184 3125.562541 26785
  185 4989.318358  6455
  186 -372.193430     5
  187 -853.992319     5
  188 -547.220129     5
  189 8818.114423 16729
  190 661.174504 13760
  191 -642.553995     2
  192 6486.803248 24846
  193 -944.964242     5
  194 -427.638590     7
  195 -30.118860     9
  196 -760.202158     1
  197 6666.193360 15816
  198 21502.554015 17659
  199 -2995.290326     4
  200 2298.202231  6147
  201 -109.686526     1
  202 28236.168294 26161
  203 9570.854906  9518
  204 -2326.062952     4
  205 5618.990707 18278
  206 963.134554 12201
  207 -348.365859     3
  208 -1384.836663     5
  209 13978.317917 11251
  210 7116.911933 11128
  211 8269.258619 18494
  212 -39.499556     1
  213 -1004.860088     0
  214 12676.516408 15528
  215 -67.847088     5
  216 1536.591289  1154
  217 4459.223119 15143
  218 -513.652132     3
  219 13688.937360 16679
  220 -980.533105     5
  221 3516.709848  1476
  222 3335.966891 19127
  223 4825.746771  5680
  224 3513.035035  2168
  225 -1688.308697     5
  226 11726.051807 25072
  227 3372.339840   460
  228 2177.441867  3095
  229 6413.624764  8458
  230 -1035.226790     4
  231 9847.050501 11398
  232 737.349397   881
  233 3566.385388  1061
  234 -626.639497     9
  235 4268.625516 17055
  236 -538.351219     9
  237 24724.902003 25768
  238 4185.215272 14732
  239 -1340.156080     2
  240 2997.513357    35
  241 8576.870720  9045
  242 -1512.734845     4
  243 23938.388349 25507
  244 15117.435875 27680
  245 2680.178480  6344
  246 9001.082837 21407
  247 -220.740633     8
  248 -1213.398672     2
  249 10224.277091 21608
  250 9459.979224 19993
  251 -1712.697313     0
  252 1191.113956   131
  253 6288.221358 26725
  254 -679.875032     7
  255 3386.150099  4774
  256 -792.854006     8
  257 -1228.467877     3
  258 1777.064864 11874
  259 -1240.545371     4
  260 -1047.669797     5
  261 3312.605128 15881
  262 -323.482502     3
  263 1312.424810 14536
  264 785.421332  1231
  265 8323.090910 13187
  266 7506.450818  7031
  267 -1703.858388     0
  268 4372.413658 12441
  269 -1819.835112     1
  270 -1656.182997     0
  271 15801.277085 20832
  272 -602.182910     3
  273 506.819368 13008
  274 3542.853487  3973
  275 5752.895377  9596
  276 -1237.776707     7
  277 2047.166981  8226
  278 4255.447657  8125
  279 1396.828281  1936
  280 1737.911618   519
  281 -475.503876     4
  282 12716.214693 20779
  283 3302.800230  5897
  284 -972.067025     7
  285 -776.787225     5
  286 -749.241135     2
  287 2176.059570 13467
  288 -170.693818     7
  289 -1051.937635     1
  290 5558.483374 15224
  291 10884.902693 16581
  292 7084.019981 16126
  293 -773.694619     6
  294 12289.018238 12038
  295 10521.069302 14498
  296 1606.933022  4174
  297 -585.939640     6
  298 -784.971301     5
  299 27591.806497 21172
  300 233.671329 14979
