300
    1 148.728735     1
    2 18182.780631 22552
    3 -1190.129980     7
    4 -430.445889     7
    5 -266.028162     8
    6 3282.576931 11402
    7 12562.784669  7882
    8 2803.404950  5438
    9 -594.064200     7
   10 1793.380751  6863
   11 -341.921638     1
   12 311.167444   525
   13 -1896.558714     2
   14 4549.145142 20096
   15 -416.805522     7
   16 16747.761345 24956
   17 -1258.410249     8
   18 -1758.156200     6
   19 14972.285494 14573
   20 -305.407589     7
   21 17206.025130 21823
   22 5175.723750 15275
   23 338.316992 14868
   24 -1994.741929     6
   25 902.789990  2208
   26 -1085.498029     1
   27 3206.753744 20395
   28 -527.718496     3
   29 913.767959  4613
   30 959.902007 14985
   31 2564.752006 10343
   32 -693.929519     7
   33 4886.273689  2104
   34 -141.068199     7
   35 6161.894229 17064
   36 9931.831010 21647
   37 -879.652511     0
   38 1598.198393  1257
   39 -65.187074     9
   40 853.769243  2568
   41 10761.100923 12082
   42 6525.132248 15949
   43 1126.548862 13544
   44 21287.243513 23714
   45 -2800.884448     8
   46 8037.412306 10842
   47 18234.642801 15863
   48 -631.467077     0
   49 -1093.011142     7
   50 3094.014337  1573
   51 3788.453282   828
   52 4178.106355 12746
   53 2989.783739   314
   54 2249.188654 23962
   55 13344.336012 23513
   56 -1012.424227     3
   57 32182.120352 27528
   58 -733.286427     5
   59 -1268.320620     3
   60 -272.109943     2
   61 4596.954472 19028
   62 -3031.276136     7
   63 -756.088095     7
   64 1904.426803 26634
   65 879.582648  8009
   66 6309.186036 18283
   67 10228.649857 14765
   68 -1923.218230     5
   69 2034.516000  4234
   70 3610.597825  6832
   71 1639.120365  6524
   72 -191.324067     1
   73 16357.075875 23238
   74 21992.637869 23525
   75 -193.963550     4
   76 10081.525388 10172
   77 14225.735091 21958
   78 -130.177965     7
   79 -517.364847     8
   80 -1432.576227     1
   81 5024.033469  3195
   82 5000.584829  3101
   83 -1143.792677     6
   84 13748.039018  7462
   85 3938.719626  1250
   86 12945.289928 13695
   87 -1167.052679     0
   88 -683.592193     4
   89 -95.284493     5
   90 2589.320748 11841
   91 4895.127468  3905
   92 5696.683544 26181
   93 3483.284000  6201
   94 -1641.169742     0
   95 -65.129063     5
   96 10575.350743 20258
   97 9395.131533 11140
   98 -2686.576124     0
   99 992.669046  7350
  100 -1855.099793     3
  101 1101.893686  6709
  102 -1109.169717     0
  103 20642.659380 20824
  104 1292.182835 10814
  105 -939.162052     3
  106 3804.787184  1080
  107 23137.348033 23377
  108 -750.985543     6
  109 636.678973  1281
  110 -444.037636     8
  111 5988.174356 12350
  112 -306.517324     5
  113 2620.888722 21527
  114 -1593.948064     1
  115 1150.536595 12613
  116 104.226109 25599
  117 939.116478  2552
  118 6261.243929  4764
  119 4600.111361 11817
  120 3359.208826  8720
  121 1500.064487   876
  122 28658.986724 21854
  123 -104.804703     9
  124 743.932139   546
  125 -499.960185     5
  126 -407.176006     1
  127 -966.211904     7
  128 -529.939458     8
  129 13923.499800 22728
  130 17722.390753 12216
  131 3563.024920 19666
  132 43.309374    74
  133 -394.258640     8
  134 2451.313184 16240
  135 3135.763210 23404
  136 839.717170  3066
  137 5947.975545  3236
  138 -39.658017     9
  139 6711.729690 26575
  140 -1012.063109     4
  141 14329.559641 23859
  142 -1088.858164     0
  143 1270.652425 15705
  144 5598.737926 14460
  145 846.656131 16428
  146 15016.753591 26421
  147 2015.520631 10799
  148 -2008.554717     0
  149 -29.534787     1
  150 2662.323798 14927
  151 -601.452665     0
  152 9913.142103  4176
  153 2370.457124  3369
  154 -377.371144     7
  155 -1775.733280     6
  156 4994.598058 26851
  157 -337.433151     8
  158 1651.834464  5560
  159 -632.851471     4
  160 9897.905337 13900
  161 -1588.812604     9
  162 3864.994486 23379
  163 24586.492126 18562
  164 -1389.362066     9
  165 -21.542970     0
  166 7098.492489  4587
  167 445.603602  4200
  168 -712.388440     9
  169 -1318.567436     3
  170 -111.076894     4
  171 -537.930281     3
  172 3310.700601 24598
  173 7175.951147 14057
  174 -712.102142     9
  175 1667.373082 15891
  176 -1801.574190     0
  177 -1211.092032     4
  178 7180.912119 20565
  179 2747.863245 11021
  180 10495.743405 19654
  181 -1300.468080     1
  182 6506.095645 13672
  183 1949.862743 14952
  184 6192.653326 26785
  185 1265.868454  6455
  186 -364.187853     5
  187 -590.016266     5
  188 -1812.591840     5
  189 506.691490 16729
  190 9506.878363 13760
  191 -1988.889661     2
  192 20955.043268 24846
  193 -1441.128154     5
  194 -906.830732     7
  195 -1694.413734     9
  196 -313.161528     1
  197 9805.003365 15816
  198 2155.969007 17659
  199 -1034.639815     4
  200 3152.141552  6147
  201 -2077.704167     1
  202 10519.967603 26161
  203 13744.691616  9518
  204 -598.688663     4
  205 3485.327842 18278
  206 2124.839694 12201
  207 -271.900173     3
  208 -160.923716     5
  209 2315.186918 11251
  210 32.892864 11128
  211 7422.213465 18494
  212 -117.872076     1
  213 -386.840927     0
  214 3411.319316 15528
  215 -967.232197     5
  216 788.114107  1154
  217 2989.410105 15143
  218 -682.505514     3
  219 8695.054225 16679
  220 -1395.970351     5
  221 2695.688168  1476
  222 2279.855096 19127
  223 204.819335  5680
  224 2479.011975  2168
  225 -741.095941     5
  226 2883.161251 25072
  227 2250.714426   460
  228 1198.730115  3095
  229 758.338031  8458
  230 -2749.846448     4
  231 9652.112636 11398
  232 2517.514962   881
  233 3071.913849  1061
  234 -420.678826     9
  235 10204.600475 17055
  236 -292.358355     9
  237 2548.732370 25768
  238 10209.019545 14732
  239 -52.452346     2
  240 4537.827719    35
  241 12776.127672  9045
  242 -2878.430514     4
  243 16093.698834 25507
  244 3980.143418 27680
  245 4342.968828  6344
  246 13091.637262 21407
  247 -168.860999     8
  248 -424.410393     2
  249 1327.604178 21608
  250 3547.983998 19993
  251 -821.593921     0
  252 745.312079   131
  253 6675.199725 26725
  254 -2180.921129     7
  255 2538.052797  4774
  256 -0.139928     8
  257 -163.796339     3
  258 8205.797108 11874
  259 -510.157573     4
  260 -493.827188     5
  261 24118.098001 15881
  262 -1025.325566     3
  263 4374.837308 14536
  264 1232.871964  1231
  265 10768.797367 13187
  266 4105.592259  7031
  267 -1396.765289     0
  268 133.380215 12441
  269 -1465.492566     1
  270 -2296.925023     0
  271 5627.153794 20832
  272 -165.145554     3
  273 4156.062304 13008
  274 13771.688138  3973
  275 2969.571680  9596
  276 -2993.174709     7
  277 4370.592915  8226
  278 8744.671950  8125
  279 2590.595927  1936
  280 6076.244476   519
  281 -26.911549     4
  282 917.970936 20779
  283 4506.233508  5897
  284 -829.554571     7
  285 -446.434141     5
  286 -1352.833582     2
  287 25736.118729 13467
  288 -1140.688571     7
  289 -350.716527     1
  290 3531.293912 15224
  291 13669.440839 16581
  292 23069.564324 16126
  293 -257.832595     6
  294 314.104457 12038
  295 3944.507479 14498
  296 6423.908563  4174
  297 -1394.081373     6
  298 -529.628945     5
  299 19556.922827 21172
  300 1153.840695 14979
