300
    1 1322.374363     1
    2 371.955338 22552
    3 -786.173476     7
    4 -88.542316     7
    5 -947.396596     8
    6 13085.230667 11402
    7 13145.393774  7882
    8 1572.690045  5438
    9 -424.774761     7
   10 8113.486122  6863
   11 -153.547369     1
   12 2206.979242   525
   13 -611.017356     2
   14 12915.893235 20096
   15 -828.038518     7
   16 6712.734551 24956
   17 -1629.754888     8
   18 -575.639236     6
   19 3097.490340 14573
   20 -307.359157     7
   21 14519.364573 21823
   22 10240.613085 15275
   23 10200.780653 14868
   24 -1739.644586     6
   25 3523.838153  2208
   26 -564.118480     1
   27 16286.242363 20395
   28 -1103.353378     3
   29 1247.822328  4613
   30 5580.849526 14985
   31 6019.845362 10343
   32 -641.016796     7
   33 2181.938172  2104
   34 -651.627908     7
   35 4162.716943 17064
   36 7454.546008 21647
   37 -546.826877     0
   38 1679.976765  1257
   39 -1981.240354     9
   40 1194.278378  2568
   41 3730.390321 12082
   42 4824.605801 15949
   43 13402.934188 13544
   44 6370.673314 23714
   45 -2682.913879     8
   46 4602.142024 10842
   47 6177.707086 15863
   48 -422.372609     0
   49 -1834.524102     7
   50 658.076913  1573
   51 3020.087673   828
   52 3009.924025 12746
   53 1235.649807   314
   54 10881.633182 23962
   55 17053.204213 23513
   56 -5.167140     3
   57 12252.185620 27528
   58 -729.137109     5
   59 -2601.574756     3
   60 -1521.052982     2
   61 15585.991771 19028
   62 -917.818454     7
   63 -932.463007     7
   64 17360.148496 26634
   65 992.883229  8009
   66 7597.168837 18283
   67 5200.896024 14765
   68 -1567.555403     5
   69 4714.436351  4234
   70 9379.214799  6832
   71 70.635170  6524
   72 -1254.270314     1
   73 8736.725698 23238
   74 4919.055588 23525
   75 -62.745113     4
   76 1335.543473 10172
   77 13096.425968 21958
   78 -292.409651     7
   79 -1091.348009     8
   80 -459.233771     1
   81 3400.210722  3195
   82 603.062077  3101
   83 -317.468070     6
   84 7264.457027  7462
   85 888.594210  1250
   86 7149.681181 13695
   87 -1904.815409     0
   88 -408.102469     4
   89 -413.818127     5
   90 3512.850237 11841
   91 1505.568021  3905
   92 4592.023113 26181
   93 3692.060853  6201
   94 -2622.290808     0
   95 -791.451641     5
   96 3636.697364 20258
   97 3950.602689 11140
   98 -22.944625     0
   99 4444.191384  7350
  100 -2103.929053     3
  101 581.912017  6709
  102 -1124.684871     0
  103 19477.110079 20824
  104 11871.929652 10814
  105 -753.609689     3
  106 5303.835011  1080
  107 8836.346418 23377
  108 -3452.038200     6
  109 1453.674469  1281
  110 -176.426465     8
  111 6001.641040 12350
  112 -542.551322     5
  113 1090.901982 21527
  114 -938.437716     1
  115 97.891804 12613
  116 21859.422350 25599
  117 3394.055881  2552
  118 9274.766196  4764
  119 128.285348 11817
  120 6224.460240  8720
  121 1128.654353   876
  122 21579.714395 21854
  123 -1415.569894     9
  124 2999.923734   546
  125 -571.844977     5
  126 -2920.062689     1
  127 -1741.821752     7
  128 -985.355594     8
  129 1095.021903 22728
  130 5004.729645 12216
  131 2993.558102 19666
  132 1645.599525    74
  133 -321.697099     8
  134 781.196096 16240
  135 7649.207397 23404
  136 8299.483390  3066
  137 7742.487524  3236
  138 -827.450685     9
  139 31379.045246 26575
  140 -2877.905938     4
  141 2445.658271 23859
  142 -1628.328483     0
  143 10682.901674 15705
  144 18004.319825 14460
  145 6976.532243 16428
  146 15174.937924 26421
  147 1198.869572 10799
  148 -112.208145     0
  149 -30.124639     1
  150 6.374919 14927
  151 -1221.148686     0
  152 8932.986818  4176
  153 925.372424  3369
  154 -3048.479631     7
  155 -537.998354     6
  156 17272.564009 26851
  157 -1973.051699     8
  158 3505.646296  5560
  159 -459.060837     4
  160 25089.541062 13900
  161 -2220.584375     9
  162 21526.576028 23379
  163 1707.209168 18562
  164 -49.672550     9
  165 -421.643566     0
  166 251.537371  4587
  167 1275.671637  4200
  168 -727.154260     9
  169 -479.822257     3
  170 -83.534082     4
  171 -1314.070754     3
  172 10351.355511 24598
  173 2399.313862 14057
  174 -360.832835     9
  175 7010.684731 15891
  176 -107.463394     0
  177 -2731.475518     4
  178 14810.503545 20565
  179 639.595430 11021
  180 237.841361 19654
  181 -740.224422     1
  182 7113.768916 13672
  183 15324.329107 14952
  184 15032.565097 26785
  185 4358.727288  6455
  186 -457.990217     5
  187 -601.870625     5
  188 -2141.534845     5
  189 5247.007342 16729
  190 6109.882892 13760
  191 -922.750864     2
  192 5152.110835 24846
  193 -435.284971     5
  194 -121.075690     7
  195 -975.024123     9
  196 -659.870287     1
  197 82.585514 15816
  198 7357.635806 17659
  199 -1112.856972     4
  200 2539.176575  6147
  201 -706.303144     1
  202 8944.683104 26161
  203 13575.909787  9518
  204 -1579.420727     4
  205 8763.039264 18278
  206 8432.307910 12201
  207 -869.357941     3
  208 -747.017025     5
  209 3028.856171 11251
  210 5685.628152 11128
  211 8619.223341 18494
  212 -402.753585     1
  213 -1899.533544     0
  214 1705.555985 15528
  215 -336.622664     5
  216 2198.440045  1154
  217 12396.293610 15143
  218 -498.039596     3
  219 25438.487775 16679
  220 -793.428838     5
  221 1842.857217  1476
  222 6306.366147 19127
  223 6910.769053  5680
  224 5503.420033  2168
  225 -141.137085     5
  226 6222.450497 25072
  227 1451.401912   460
  228 1424.177308  3095
  229 9703.358150  8458
  230 -54.562958     4
  231 7475.680627 11398
  232 1022.637291   881
  233 1097.933264  1061
  234 -476.368130     9
  235 12543.847604 17055
  236 -149.771430     9
  237 4493.767078 25768
  238 12631.814859 14732
  239 -1553.953366     2
  240 613.823595    35
  241 12395.009443  9045
  242 -2614.178652     4
  243 16923.722520 25507
  244 21028.300655 27680
  245 5171.246432  6344
  246 796.324446 21407
  247 -648.045789     8
  248 -1388.269649     2
  249 10556.412787 21608
  250 3441.915421 19993
  251 -1634.442881     0
  252 984.720981   131
  253 7224.462498 26725
  254 -297.263930     7
  255 6570.513594  4774
  256 -37.823832     8
  257 -1409.508976     3
  258 12855.823756 11874
  259 -179.378118     4
  260 -241.420622     5
  261 11264.555578 15881
  262 -112.992478     3
  263 6584.928138 14536
  264 1916.078268  1231
  265 9713.093218 13187
  266 1294.161794  7031
  267 -1058.092493     0
  268 5750.797348 12441
  269 -958.175969     1
  270 -709.038444     0
  271 18845.086917 20832
  272 -223.433211     3
  273 5347.547002 13008
  274 5158.104251  3973
  275 9711.765894  9596
  276 -932.228703     7
  277 10985.552869  8226
  278 6848.773044  8125
  279 1275.727790  1936
  280 647.710425   519
  281 -908.244062     4
  282 272.421083 20779
  283 4238.428654  5897
  284 -420.851165     7
  285 -1824.723998     5
  286 -573.389077     2
  287 12667.523275 13467
  288 -524.323900     7
  289 -397.335106     1
  290 5700.792864 15224
  291 17450.711300 16581
  292 769.984013 16126
  293 -1054.889292     6
  294 5075.957097 12038
  295 2176.812515 14498
  296 904.775480  4174
  297 -2454.696646     6
  298 -700.231338     5
  299 11916.536744 21172
  300 13919.371441 14979
