300
    1 3317.316190     1
    2 9744.417913 22552
    3 -1369.209875     7
    4 -610.924442     7
    5 -1224.540134     8
    6 5496.872016 11402
    7 1669.432352  7882
    8 656.078503  5438
    9 -513.450444     7
   10 2538.239147  6863
   11 -1212.789644     1
   12 3839.361251   525
   13 -70.977653     2
   14 10583.904909 20096
   15 -538.208358     7
   16 6278.925559 24956
   17 -442.155142     8
   18 -41.033771     6
   19 15702.871667 14573
   20 -1146.299841     7
   21 13557.382997 21823
   22 16711.256211 15275
   23 3582.296627 14868
   24 -230.143901     6
   25 3274.254246  2208
   26 -511.427752     1
   27 11835.053016 20395
   28 -177.981503     3
   29 5961.455280  4613
   30 3947.878494 14985
   31 22102.470173 10343
   32 -144.530952     7
   33 623.560860  2104
   34 -625.908342     7
   35 16166.992835 17064
   36 17032.694564 21647
   37 -358.881871     0
   38 550.609537  1257
   39 -1048.180273     9
   40 3437.229133  2568
   41 10053.864946 12082
   42 3220.655186 15949
   43 5626.625990 13544
   44 502.471463 23714
   45 -431.191494     8
   46 7547.219094 10842
   47 5142.810761 15863
   48 -304.902670     0
   49 -442.280199     7
   50 3469.169646  1573
   51 2474.796931   828
   52 1716.086981 12746
   53 689.639180   314
   54 31601.052271 23962
   55 15536.270650 23513
   56 -2183.739223     3
   57 19063.475558 27528
   58 -150.012934     5
   59 -815.485234     3
   60 -631.569449     2
   61 11057.711799 19028
   62 -576.002202     7
   63 -2215.292476     7
   64 30364.078267 26634
   65 4185.266984  8009
   66 4847.493846 18283
   67 1501.586649 14765
   68 -323.545077     5
   69 1481.613846  4234
   70 5482.949690  6832
   71 864.388947  6524
   72 -1197.232728     1
   73 33207.096036 23238
   74 7617.285489 23525
   75 -250.063879     4
   76 12577.432247 10172
   77 23689.089714 21958
   78 -1367.399749     7
   79 -164.558134     8
   80 -342.261769     1
   81 1792.170211  3195
   82 5145.147730  3101
   83 -34.183534     6
   84 3962.202414  7462
   85 1210.373912  1250
   86 12137.096611 13695
   87 -426.716188     0
   88 -509.972527     4
   89 -617.645772     5
   90 1357.386845 11841
   91 7527.763064  3905
   92 15423.351984 26181
   93 4438.968258  6201
   94 -40.998257     0
   95 -1672.465576     5
   96 16587.737318 20258
   97 8193.183366 11140
   98 -2199.368011     0
   99 5993.597204  7350
  100 -350.487390     3
  101 1989.525532  6709
  102 -1582.362173     0
  103 7065.033655 20824
  104 4083.916818 10814
  105 -191.050562     3
  106 1229.963299  1080
  107 10117.767011 23377
  108 -1102.708410     6
  109 2746.645230  1281
  110 -517.133895     8
  111 3922.859870 12350
  112 -42.857673     5
  113 11310.618743 21527
  114 -302.165840     1
  115 9663.486559 12613
  116 8390.337937 25599
  117 1118.502008  2552
  118 1182.513457  4764
  119 12805.431500 11817
  120 2379.245616  8720
  121 3423.199731   876
  122 1043.921271 21854
  123 -164.768077     9
  124 1913.488173   546
  125 -120.580632     5
  126 -147.278411     1
  127 -763.262575     7
  128 -1675.630149     8
  129 25887.431516 22728
  130 3543.631534 12216
  131 802.598247 19666
  132 826.234164    74
  133 -258.522673     8
  134 21154.123259 16240
  135 10429.618029 23404
  136 2250.659932  3066
  137 1190.835406  3236
  138 -615.222021     9
  139 873.454537 26575
  140 -891.759726     4
  141 5098.081787 23859
  142 -2041.699246     0
  143 11333.497360 15705
  144 6932.018544 14460
  145 5058.336590 16428
  146 8263.308466 26421
  147 8991.220207 10799
  148 -72.076596     0
  149 -1576.067879     1
  150 19069.280201 14927
  151 -658.442591     0
  152 5439.022898  4176
  153 5524.849813  3369
  154 -1278.570381     7
  155 -950.878465     6
  156 2668.393337 26851
  157 -1536.007758     8
  158 13251.844123  5560
  159 -159.445006     4
  160 7618.779649 13900
  161 -1571.056177     9
  162 12249.889058 23379
  163 6959.735816 18562
  164 -116.673789     9
  165 -2716.671263     0
  166 5256.395258  4587
  167 3671.231893  4200
  168 -756.369480     9
  169 -723.948148     3
  170 -744.032485     4
  171 -1382.889267     3
  172 13454.840924 24598
  173 3662.808482 14057
  174 -319.813621     9
  175 4081.160393 15891
  176 -359.199567     0
  177 -630.679474     4
  178 10187.447207 20565
  179 5765.362685 11021
  180 7831.115657 19654
  181 -488.731635     1
  182 6392.278683 13672
  183 4738.281511 14952
  184 5458.947525 26785
  185 4975.681809  6455
  186 -1035.695656     5
  187 -2277.181183     5
  188 -25.251424     5
  189 12487.042012 16729
  190 3302.583743 13760
  191 -483.873307     2
  192 2404.646968 24846
  193 -1674.403166     5
  194 -424.261112     7
  195 -193.380594     9
  196 -966.287414     1
  197 8162.970160 15816
  198 19781.522254 17659
  199 -427.176719     4
  200 7824.648265  6147
  201 -3606.582726     1
  202 29339.814712 26161
  203 21384.301248  9518
  204 -1543.442376     4
  205 13399.339380 18278
  206 12896.653738 12201
  207 -349.413210     3
  208 -1570.265722     5
  209 11479.236615 11251
  210 1050.430335 11128
  211 5941.587218 18494
  212 -525.451688     1
  213 -737.410786     0
  214 151.666489 15528
  215 -805.779162     5
  216 4415.799245  1154
  217 8795.594390 15143
  218 -1643.879086     3
  219 6312.541834 16679
  220 -623.201691     5
  221 1351.356676  1476
  222 6920.836500 19127
  223 324.882329  5680
  224 2941.314896  2168
  225 -66.427224     5
  226 12228.104222 25072
  227 1819.531682   460
  228 6194.802076  3095
  229 1525.649895  8458
  230 -247.006314     4
  231 1210.637508 11398
  232 1502.703721   881
  233 3767.166968  1061
  234 -1480.671606     9
  235 13382.023645 17055
  236 -1914.888980     9
  237 16079.658352 25768
  238 6776.535584 14732
  239 -757.027564     2
  240 4424.206350    35
  241 14636.715175  9045
  242 -1323.885767     4
  243 29839.668774 25507
  244 1849.080000 27680
  245 2390.220365  6344
  246 8367.841443 21407
  247 -560.265224     8
  248 -617.032602     2
  249 8078.663281 21608
  250 6349.325886 19993
  251 -1099.330293     0
  252 875.562555   131
  253 2827.249640 26725
  254 -869.221216     7
  255 5833.173667  4774
  256 -161.206814     8
  257 -447.980722     3
  258 2008.908726 11874
  259 -531.254821     4
  260 -1817.106959     5
  261 5251.945666 15881
  262 -497.066548     3
  263 14145.153867 14536
  264 106.549556  1231
  265 1096.754632 13187
  266 3751.439098  7031
  267 -102.708416     0
  268 12791.061406 12441
  269 -926.956648     1
  270 -969.509408     0
  271 1484.722628 20832
  272 -161.684557     3
  273 4884.967705 13008
  274 55.400456  3973
  275 731.353452  9596
  276 -1763.209443     7
  277 4324.727595  8226
  278 4826.853122  8125
  279 546.725813  1936
  280 218.990212   519
  281 -301.662544     4
  282 12713.212843 20779
  283 1390.991119  5897
  284 -1100.976977     7
  285 -1093.784259     5
  286 -1154.682033     2
  287 1722.341961 13467
  288 -120.072551     7
  289 -92.420105     1
  290 12926.300983 15224
  291 3385.532734 16581
  292 3677.240448 16126
  293 -900.083631     6
  294 11595.075175 12038
  295 9465.452577 14498
  296 6687.428913  4174
  297 -741.765701     6
  298 -1116.851954     5
  299 7602.093918 21172
  300 24453.332167 14979
