300
    1 2375.615592     1
    2 10787.782429 22552
    3 -808.723974     7
    4 -656.458370     7
    5 -321.602655     8
    6 536.794454 11402
    7 11192.049802  7882
    8 1229.222187  5438
    9 -289.546284     7
   10 1220.841826  6863
   11 -1155.044983     1
   12 2777.072390   525
   13 -383.579620     2
   14 10860.080910 20096
   15 -484.029576     7
   16 6402.758228 24956
   17 -2471.375488     8
   18 -1279.968778     6
   19 4257.213720 14573
   20 -404.395258     7
   21 6444.892792 21823
   22 9724.774131 15275
   23 24752.611715 14868
   24 -277.730375     6
   25 502.831485  2208
   26 -533.750528     1
   27 10859.842661 20395
   28 -710.334167     3
   29 2782.260455  4613
   30 13099.290435 14985
   31 11017.583272 10343
   32 -309.414651     7
   33 4704.997097  2104
   34 -500.510978     7
   35 55.897405 17064
   36 6792.618886 21647
   37 -1074.335714     0
   38 1977.361528  1257
   39 -260.649055     9
   40 3464.046364  2568
   41 3527.706955 12082
   42 11294.269637 15949
   43 8050.356500 13544
   44 17660.337560 23714
   45 -360.196524     8
   46 11295.437675 10842
   47 4351.855420 15863
   48 -393.405949     0
   49 -1353.688100     7
   50 1512.355213  1573
   51 1145.854377   828
   52 595.747926 12746
   53 1052.725083   314
   54 8094.262403 23962
   55 8199.563502 23513
   56 -811.390991     3
   57 16039.966095 27528
   58 -1118.851073     5
   59 -262.364339     3
   60 -490.853325     2
   61 32903.514153 19028
   62 -313.611511     7
   63 -2907.484300     7
   64 14045.613962 26634
   65 9827.757224  8009
   66 13789.512031 18283
   67 3001.299540 14765
   68 -207.613786     5
   69 3928.413790  4234
   70 4757.112838  6832
   71 5060.437783  6524
   72 -185.110029     1
   73 21594.399510 23238
   74 14554.464883 23525
   75 -568.515959     4
   76 1455.294972 10172
   77 7424.527010 21958
   78 -119.695999     7
   79 -455.352472     8
   80 -809.068610     1
   81 2651.597564  3195
   82 5199.584327  3101
   83 -442.248606     6
   84 8444.888293  7462
   85 121.931842  1250
   86 1544.835121 13695
   87 -212.516522     0
   88 -845.032558     4
   89 -495.566953     5
   90 979.115748 11841
   91 1923.643328  3905
   92 10473.324849 26181
   93 6142.475733  6201
   94 -2255.489537     0
   95 -947.127130     5
   96 7228.452061 20258
   97 2870.398843 11140
   98 -1225.034281     0
   99 10323.057346  7350
  100 -2153.433058     3
  101 8211.110275  6709
  102 -116.841193     0
  103 6719.634219 20824
  104 10435.192029 10814
  105 -575.641214     3
  106 2436.935151  1080
  107 12054.626203 23377
  108 -1359.682023     6
  109 167.929912  1281
  110 -2177.119223     8
  111 13404.485375 12350
  112 -596.175096     5
  113 2689.511848 21527
  114 -2611.097766     1
  115 578.609726 12613
  116 17975.838284 25599
  117 3925.022374  2552
  118 2722.861288  4764
  119 4755.815149 11817
  120 9597.974368  8720
  121 253.891073   876
  122 16448.421341 21854
  123 -794.453590     9
  124 1366.939490   546
  125 -109.281203     5
  126 -1589.967843     1
  127 -2402.005512     7
  128 -5.829728     8
  129 29141.671441 22728
  130 13698.980168 12216
  131 17585.102983 19666
  132 3382.421645    74
  133 -600.580178     8
  134 4866.829044 16240
  135 5671.756325 23404
  136 6625.145682  3066
  137 2150.432724  3236
  138 -849.628662     9
  139 4536.402505 26575
  140 -99.954467     4
  141 13429.841535 23859
  142 -380.666224     0
  143 709.924967 15705
  144 2858.299485 14460
  145 5420.851562 16428
  146 30471.703763 26421
  147 5813.234928 10799
  148 -1416.098293     0
  149 -744.727049     1
  150 11861.685283 14927
  151 -1441.847034     0
  152 8345.307229  4176
  153 418.129132  3369
  154 -825.100732     7
  155 -3848.799122     6
  156 43595.367704 26851
  157 -265.737902     8
  158 1862.241524  5560
  159 -162.685039     4
  160 9542.728119 13900
  161 -165.099157     9
  162 21248.308416 23379
  163 5371.099536 18562
  164 -715.712511     9
  165 -1437.857460     0
  166 7218.684267  4587
  167 11153.144554  4200
  168 -669.664135     9
  169 -79.047184     3
  170 -270.758852     4
  171 -435.077734     3
  172 610.277873 24598
  173 13569.812638 14057
  174 -1245.953316     9
  175 7189.649742 15891
  176 -2046.074736     0
  177 -1650.952663     4
  178 10926.464859 20565
  179 2543.832803 11021
  180 20421.622384 19654
  181 -595.651417     1
  182 3524.981410 13672
  183 14309.890219 14952
  184 22412.606978 26785
  185 4999.089251  6455
  186 -518.941299     5
  187 -1926.328966     5
  188 -54.302781     5
  189 135.963097 16729
  190 7281.340684 13760
  191 -200.803534     2
  192 1898.604536 24846
  193 -1041.882468     5
  194 -423.661843     7
  195 -13.950961     9
  196 -440.591070     1
  197 28297.793560 15816
  198 9735.726134 17659
  199 -3154.832882     4
  200 1882.116009  6147
  201 -686.546259     1
  202 4115.777935 26161
  203 1182.694100  9518
  204 -319.370743     4
  205 2296.099957 18278
  206 17286.732556 12201
  207 -519.755380     3
  208 -1756.010348     5
  209 1192.423121 11251
  210 1623.368001 11128
  211 4602.261153 18494
  212 -1770.152954     1
  213 -161.659300     0
  214 10036.070917 15528
  215 -384.438194     5
  216 2494.587126  1154
  217 1307.800075 15143
  218 -2132.344054     3
  219 712.006166 16679
  220 -1249.564855     5
  221 2057.151608  1476
  222 12753.692528 19127
  223 3045.448236  5680
  224 4796.153621  2168
  225 -358.033839     5
  226 17299.031085 25072
  227 861.092514   460
  228 2627.967160  3095
  229 99.395289  8458
  230 -736.770348     4
  231 1628.225933 11398
  232 2836.268775   881
  233 1762.345265  1061
  234 -611.838302     9
  235 345.270494 17055
  236 -2409.889372     9
  237 15488.727288 25768
  238 6364.710387 14732
  239 -2408.984375     2
  240 775.246516    35
  241 130.619153  9045
  242 -754.349871     4
  243 25195.510285 25507
  244 14054.716700 27680
  245 6102.879256  6344
  246 21601.505195 21407
  247 -50.990425     8
  248 -35.420394     2
  249 4655.383372 21608
  250 9806.551336 19993
  251 -1364.176579     0
  252 399.690443   131
  253 23387.158761 26725
  254 -1044.268075     7
  255 8262.685266  4774
  256 -527.085184     8
  257 -14.720391     3
  258 9487.666182 11874
  259 -637.873944     4
  260 -687.040081     5
  261 6138.602414 15881
  262 -1711.329709     3
  263 4085.893897 14536
  264 3351.434884  1231
  265 5014.818540 13187
  266 4351.722981  7031
  267 -2053.716525     0
  268 10205.451551 12441
  269 -936.081254     1
  270 -422.502926     0
  271 12380.281845 20832
  272 -456.585427     3
  273 1757.856726 13008
  274 7469.069556  3973
  275 4238.977729  9596
  276 -1214.997923     7
  277 1073.847103  8226
  278 6467.526271  8125
  279 4031.947109  1936
  280 529.246951   519
  281 -1096.152851     4
  282 9095.128457 20779
  283 2398.578861  5897
  284 -2415.974619     7
  285 -1248.395734     5
  286 -1892.494754     2
  287 7569.193998 13467
  288 -395.693149     7
  289 -598.010402     1
  290 1606.149113 15224
  291 16961.386063 16581
  292 5101.178147 16126
  293 -652.119548     6
  294 11000.739867 12038
  295 18597.089881 14498
  296 2950.394510  4174
  297 -1396.711455     6
  298 -1235.655848     5
  299 5537.560787 21172
  300 17049.972300 14979
