300
    1 2726.522888     1
    2 9802.211590 22552
    3 -560.257467     7
    4 -967.625717     7
    5 -2105.945945     8
    6 5615.147983 11402
    7 7696.596426  7882
    8 305.811784  5438
    9 -1368.524456     7
   10 12303.430953  6863
   11 -472.518166     1
   12 945.264712   525
   13 -277.434905     2
   14 5510.055275 20096
   15 -881.074477     7
   16 1363.071200 24956
   17 -1161.909998     8
   18 -54.121048     6
   19 12330.176959 14573
   20 -424.287473     7
   21 7587.503958 21823
   22 3505.505894 15275
   23 5391.210520 14868
   24 -255.580096     6
   25 129.482295  2208
   26 -661.172600     1
   27 28618.146661 20395
   28 -394.559011     3
   29 501.905747  4613
   30 11687.074790 14985
   31 5054.001555 10343
   32 -319.008222     7
   33 2840.114288  2104
   34 -543.285257     7
   35 1114.722284 17064
   36 7039.925181 21647
   37 -43.030898     0
   38 3044.177738  1257
   39 -674.670660     9
   40 3489.638051  2568
   41 4713.308056 12082
   42 7244.999865 15949
   43 836.420298 13544
   44 14341.229293 23714
   45 -764.567613     8
   46 334.238223 10842
   47 15359.518084 15863
   48 -439.863940     0
   49 -1008.006049     7
   50 2089.700140  1573
   51 190.270121   828
   52 11803.876313 12746
   53 2244.679302   314
   54 833.158853 23962
   55 20477.144866 23513
   56 -309.537183     3
   57 8701.590638 27528
   58 -1150.028636     5
   59 -667.554933     3
   60 -2351.225328     2
   61 12174.330687 19028
   62 -350.040588     7
   63 -1891.537448     7
   64 4608.336057 26634
   65 5034.359991  8009
   66 2869.562930 18283
   67 28020.747537 14765
   68 -2323.249512     5
   69 2120.966581  4234
   70 5203.346949  6832
   71 1236.224769  6524
   72 -881.675600     1
   73 1058.543685 23238
   74 10207.137535 23525
   75 -246.368497     4
   76 4114.297783 10172
   77 9325.485882 21958
   78 -678.489173     7
   79 -168.797167     8
   80 -298.311767     1
   81 3114.780369  3195
   82 5276.385745  3101
   83 -295.834397     6
   84 7236.422758  7462
   85 2142.535193  1250
   86 6477.355069 13695
   87 -2006.457030     0
   88 -1851.558712     4
   89 -1365.921795     5
   90 18329.207042 11841
   91 4228.684662  3905
   92 9349.278910 26181
   93 4295.525100  6201
   94 -620.865361     0
   95 -505.017339     5
   96 15969.798809 20258
   97 4719.101153 11140
   98 -56.279426     0
   99 9760.738808  7350
  100 -544.897077     3
  101 6915.609289  6709
  102 -895.354154     0
  103 4815.635801 20824
  104 323.012558 10814
  105 -443.339932     3
  106 1082.012747  1080
  107 15147.665081 23377
  108 -825.754595     6
  109 1029.025709  1281
  110 -630.800736     8
  111 1073.719868 12350
  112 -1441.276390     5
  113 29805.843636 21527
  114 -182.721287     1
  115 11965.905248 12613
  116 8621.570269 25599
  117 5416.483322  2552
  118 6554.891148  4764
  119 890.016241 11817
  120 2531.481118  8720
  121 3309.640469   876
  122 11206.421326 21854
  123 -846.334179     9
  124 3076.172801   546
  125 -186.344294     5
  126 -80.017052     1
  127 -3547.535135     7
  128 -1536.385653     8
  129 14327.358738 22728
  130 11199.443775 12216
  131 6590.455474 19666
  132 1007.497795    74
  133 -1185.272664     8
  134 19724.616542 16240
  135 16170.926007 23404
  136 246.706844  3066
  137 4897.157729  3236
  138 -724.359907     9
  139 11639.362590 26575
  140 -2489.317486     4
  141 16156.866196 23859
  142 -491.950201     0
  143 17892.947051 15705
  144 7503.251560 14460
  145 979.740638 16428
  146 2491.693795 26421
  147 3003.424788 10799
  148 -137.475922     0
  149 -196.788825     1
  150 14624.424103 14927
  151 -1647.601998     0
  152 3742.084134  4176
  153 2959.443146  3369
  154 -492.956929     7
  155 -464.619182     6
  156 44102.631591 26851
  157 -1024.854650     8
  158 1489.993989  5560
  159 -514.118491     4
  160 8732.881092 13900
  161 -1756.697409     9
  162 2747.421783 23379
  163 1934.712347 18562
  164 -706.839038     9
  165 -321.254989     0
  166 5070.559703  4587
  167 4432.236058  4200
  168 -891.767778     9
  169 -1094.661270     3
  170 -1942.615216     4
  171 -2419.938121     3
  172 2853.841694 24598
  173 26211.275496 14057
  174 -358.761695     9
  175 14907.035474 15891
  176 -335.632538     0
  177 -991.671516     4
  178 15209.450096 20565
  179 3856.286778 11021
  180 21733.378909 19654
  181 -222.472321     1
  182 5206.843200 13672
  183 8242.130907 14952
  184 2448.473473 26785
  185 6037.154553  6455
  186 -948.777584     5
  187 -550.397020     5
  188 -1629.314712     5
  189 16489.614603 16729
  190 10045.414306 13760
  191 -1649.262702     2
  192 14982.995320 24846
  193 -163.959456     5
  194 -519.456656     7
  195 -232.963779     9
  196 -422.007951     1
  197 10958.930732 15816
  198 7988.958087 17659
  199 -2424.030611     4
  200 2672.212110  6147
  201 -2.342600     1
  202 7696.376738 26161
  203 1124.620474  9518
  204 -87.299059     4
  205 9691.980632 18278
  206 7942.656101 12201
  207 -174.097578     3
  208 -717.212465     5
  209 7285.822489 11251
  210 935.986558 11128
  211 3211.294837 18494
  212 -28.817485     1
  213 -707.201824     0
  214 11267.876814 15528
  215 -743.907126     5
  216 4879.670992  1154
  217 2071.101001 15143
  218 -1115.965744     3
  219 14881.722345 16679
  220 -188.733669     5
  221 3176.234657  1476
  222 37520.852005 19127
  223 2831.047393  5680
  224 828.951887  2168
  225 -888.536958     5
  226 10362.064325 25072
  227 4664.493356   460
  228 4597.212350  3095
  229 5501.258652  8458
  230 -149.810303     4
  231 5205.236077 11398
  232 829.232044   881
  233 3372.744637  1061
  234 -893.402755     9
  235 11643.213099 17055
  236 -2386.272947     9
  237 8096.302964 25768
  238 113.133867 14732
  239 -1769.223351     2
  240 549.921150    35
  241 6228.372046  9045
  242 -459.814542     4
  243 5759.522490 25507
  244 28042.040538 27680
  245 1620.107546  6344
  246 3738.728092 21407
  247 -267.102868     8
  248 -531.533214     2
  249 5794.081162 21608
  250 9375.614896 19993
  251 -13.252086     0
  252 3815.329095   131
  253 25101.871874 26725
  254 -24.710571     7
  255 7973.869018  4774
  256 -432.749947     8
  257 -3582.993893     3
  258 13371.570232 11874
  259 -169.672735     4
  260 -1237.733228     5
  261 6836.982621 15881
  262 -368.924721     3
  263 2306.796104 14536
  264 803.029637  1231
  265 2628.924448 13187
  266 6564.525378  7031
  267 -514.365569     0
  268 13350.562702 12441
  269 -977.160377     1
  270 -1994.024126     0
  271 9297.923007 20832
  272 -318.141126     3
  273 18418.288302 13008
  274 8015.680355  3973
  275 16060.579589  9596
  276 -337.623591     7
  277 3055.958325  8226
  278 3568.689554  8125
  279 1500.307401  1936
  280 4047.130510   519
  281 -321.144550     4
  282 6460.721970 20779
  283 10097.246517  5897
  284 -698.927812     7
  285 -446.289197     5
  286 -653.021850     2
  287 2464.471775 13467
  288 -67.297181     7
  289 -985.074660     1
  290 3940.574956 15224
  291 10241.495670 16581
  292 690.411517 16126
  293 -1352.233565     6
  294 1464.371531 12038
  295 4736.271655 14498
  296 5452.014659  4174
  297 -260.268856     6
  298 -1687.457779     5
  299 3319.122842 21172
  300 6921.156960 14979
