300
    1 1866.337500     1
    2 7764.019488 22552
    3 -142.400573     7
    4 -452.226125     7
    5 -503.584751     8
    6 3541.954855 11402
    7 11433.251358  7882
    8 5272.118475  5438
    9 -740.717319     7
   10 11835.293055  6863
   11 -674.296706     1
   12 2390.619066   525
   13 -323.467155     2
   14 7819.327435 20096
   15 -1460.106406     7
   16 7816.909940 24956
   17 -1997.516506     8
   18 -2015.203875     6
   19 743.385901 14573
   20 -457.454033     7
   21 3542.696793 21823
   22 4601.982616 15275
   23 3241.438666 14868
   24 -2391.319582     6
   25 4304.852532  2208
   26 -812.908556     1
   27 13327.339749 20395
   28 -843.636631     3
   29 140.539042  4613
   30 24462.630433 14985
   31 259.354661 10343
   32 -55.980656     7
   33 194.067304  2104
   34 -366.862109     7
   35 2190.527412 17064
   36 27567.933679 21647
   37 -717.637677     0
   38 1906.776366  1257
   39 -1014.021596     9
   40 6054.120262  2568
   41 11142.232768 12082
   42 17165.548930 15949
   43 1772.096417 13544
   44 6427.804957 23714
   45 -557.800484     8
   46 3100.577921 10842
   47 6582.579212 15863
   48 -320.231598     0
   49 -1270.577902     7
   50 1311.589315  1573
   51 3020.847021   828
   52 11923.493923 12746
   53 1231.757014   314
   54 11270.129413 23962
   55 21678.922438 23513
   56 -2645.432052     3
   57 17477.435190 27528
   58 -61.890198     5
   59 -600.878359     3
   60 -1043.584993     2
   61 9808.327092 19028
   62 -2336.508577     7
   63 -723.804531     7
   64 4933.554295 26634
   65 3472.198192  8009
   66 11277.783500 18283
   67 5647.647108 14765
   68 -3925.654955     5
   69 7236.198629  4234
   70 1513.183831  6832
   71 3958.910661  6524
   72 -35.131593     1
   73 15786.114914 23238
   74 4012.726610 23525
   75 -338.851163     4
   76 7570.059475 10172
   77 6102.934360 21958
   78 -196.242753     7
   79 -1299.302815     8
   80 -458.841478     1
   81 4830.885205  3195
   82 885.457796  3101
   83 -879.460804     6
   84 27.777301  7462
   85 3052.668154  1250
   86 2638.920391 13695
   87 -1105.328098     0
   88 -1295.243513     4
   89 -238.644102     5
   90 15029.669313 11841
   91 2125.519342  3905
   92 10286.598286 26181
   93 7716.597038  6201
   94 -0.176085     0
   95 -369.259108     5
   96 19090.754956 20258
   97 1058.338483 11140
   98 -494.051701     0
   99 4411.208678  7350
  100 -245.935314     3
  101 6902.724974  6709
  102 -975.635839     0
  103 3862.542622 20824
  104 2244.285609 10814
  105 -630.336012     3
  106 420.924395  1080
  107 21923.128222 23377
  108 -340.720201     6
  109 5018.074731  1281
  110 -1106.386849     8
  111 16871.090937 12350
  112 -1302.813836     5
  113 10680.384443 21527
  114 -1333.338325     1
  115 2230.113720 12613
  116 25599.825480 25599
  117 1419.437053  2552
  118 4047.268270  4764
  119 16891.924318 11817
  120 7057.337012  8720
  121 1472.925583   876
  122 7862.024410 21854
  123 -970.836590     9
  124 925.686168   546
  125 -153.339381     5
  126 -2186.390752     1
  127 -903.875508     7
  128 -837.573302     8
  129 3262.478061 22728
  130 1309.077744 12216
  131 9538.173923 19666
  132 314.376363    74
  133 -1444.025705     8
  134 1997.810575 16240
  135 31960.000181 23404
  136 3937.581876  3066
  137 4312.640245  3236
  138 -1326.719569     9
  139 8474.846261 26575
  140 -1403.013016     4
  141 2038.841111 23859
  142 -1384.039528     0
  143 15111.236516 15705
  144 16871.370601 14460
  145 11142.281266 16428
  146 31434.039356 26421
  147 152.947648 10799
  148 -4141.022805     0
  149 -2041.686544     1
  150 4284.325381 14927
  151 -466.992947     0
  152 1067.155606  4176
  153 5308.257886  3369
  154 -845.502013     7
  155 -2512.496352     6
  156 23187.968024 26851
  157 -1236.303620     8
  158 3118.047335  5560
  159 -778.804233     4
  160 15209.730442 13900
  161 -4565.396241     9
  162 14504.364159 23379
  163 15673.066547 18562
  164 -131.927693     9
  165 -861.605284     0
  166 4412.453012  4587
  167 3954.888390  4200
  168 -254.770731     9
  169 -747.910971     3
  170 -1752.986700     4
  171 -1736.607176     3
  172 3278.753162 24598
  173 9847.007504 14057
  174 -24.172072     9
  175 10624.104479 15891
  176 -749.076993     0
  177 -616.303026     4
  178 9711.090357 20565
  179 5680.149738 11021
  180 5042.672911 19654
  181 -347.155938     1
  182 10439.367519 13672
  183 11249.757599 14952
  184 593.623671 26785
  185 10133.477792  6455
  186 -300.453501     5
  187 -488.673828     5
  188 -174.126694     5
  189 11252.886409 16729
  190 8377.825991 13760
  191 -839.943318     2
  192 6809.602883 24846
  193 -770.595259     5
  194 -47.991620     7
  195 -1147.636046     9
  196 -507.332680     1
  197 697.887519 15816
  198 7413.303214 17659
  199 -1990.610603     4
  200 6311.125875  6147
  201 -1534.794473     1
  202 22896.189154 26161
  203 1701.687023  9518
  204 -1855.129149     4
  205 19927.342079 18278
  206 9834.550182 12201
  207 -917.136279     3
  208 -995.252962     5
  209 5699.535233 11251
  210 1557.776668 11128
  211 783.572003 18494
  212 -863.065285     1
  213 -473.564390     0
  214 8913.272273 15528
  215 -626.002820     5
  216 1963.581584  1154
  217 973.196160 15143
  218 -526.455709     3
  219 9851.963896 16679
  220 -59.985042     5
  221 1683.922622  1476
  222 1153.787005 19127
  223 1097.504711  5680
  224 2459.590335  2168
  225 -759.256826     5
  226 3511.944454 25072
  227 2643.470048   460
  228 5299.205316  3095
  229 3676.324984  8458
  230 -1330.469191     4
  231 5776.752922 11398
  232 353.273945   881
  233 3236.548673  1061
  234 -812.934869     9
  235 9435.000321 17055
  236 -775.120554     9
  237 777.257632 25768
  238 3426.684388 14732
  239 -1016.160321     2
  240 2099.369078    35
  241 1033.100621  9045
  242 -82.661604     4
  243 8362.856852 25507
  244 237.919679 27680
  245 7323.970167  6344
  246 12427.889468 21407
  247 -361.754192     8
  248 -180.182474     2
  249 5328.182579 21608
  250 4587.949668 19993
  251 -1575.895958     0
  252 1769.510004   131
  253 11407.632148 26725
  254 -1866.153387     7
  255 10764.228488  4774
  256 -381.846305     8
  257 -2296.082355     3
  258 13824.795109 11874
  259 -550.390611     4
  260 -140.622074     5
  261 12749.686293 15881
  262 -918.598241     3
  263 4048.084403 14536
  264 1233.762410  1231
  265 978.581594 13187
  266 6183.167779  7031
  267 -89.302634     0
  268 907.661126 12441
  269 -341.554240     1
  270 -1052.155347     0
  271 1051.002488 20832
  272 -1041.331211     3
  273 5289.111656 13008
  274 1139.322545  3973
  275 2502.539189  9596
  276 -984.489466     7
  277 728.330158  8226
  278 2407.185754  8125
  279 2305.561916  1936
  280 448.270702   519
  281 -863.220955     4
  282 12042.151283 20779
  283 546.528594  5897
  284 -2620.052373     7
  285 -880.311227     5
  286 -753.283207     2
  287 14697.814177 13467
  288 -217.604492     7
  289 -115.748847     1
  290 13203.084789 15224
  291 13564.629562 16581
  292 3289.580019 16126
  293 -757.604894     6
  294 6821.794961 12038
  295 2212.702191 14498
  296 458.716724  4174
  297 -1428.064413     6
  298 -566.568200     5
  299 2497.910987 21172
  300 6249.088731 14979
