300
    1 2589.783683     1
    2 5988.667979 22552
    3 -642.887405     7
    4 -1301.408242     7
    5 -729.743512     8
    6 6652.771511 11402
    7 8220.816383  7882
    8 1536.620199  5438
    9 -194.061386     7
   10 4302.215707  6863
   11 -346.832562     1
   12 4711.317384   525
   13 -450.780110     2
   14 3152.977422 20096
   15 -3348.735438     7
   16 13769.789637 24956
   17 -1241.346777     8
   18 -1833.372881     6
   19 4908.010114 14573
   20 -1005.733801     7
   21 24641.209152 21823
   22 554.342934 15275
   23 22.529165 14868
   24 -2.245303     6
   25 1827.496929  2208
   26 -216.150425     1
   27 4186.523997 20395
   28 -45.049795     3
   29 2764.779482  4613
   30 1289.182020 14985
   31 5134.990994 10343
   32 -1041.964246     7
   33 5959.664641  2104
   34 -1017.373332     7
   35 17280.250122 17064
   36 5037.279243 21647
   37 -792.670246     0
   38 1845.202018  1257
   39 -412.167661     9
   40 3741.161010  2568
   41 5879.685802 12082
   42 342.418172 15949
   43 644.102161 13544
   44 29284.848967 23714
   45 -479.866683     8
   46 9901.207508 10842
   47 22362.352837 15863
   48 -262.304664     0
   49 -450.258286     7
   50 592.964629  1573
   51 853.424444   828
   52 3115.801743 12746
   53 4957.468999   314
   54 2184.540906 23962
   55 17138.258393 23513
   56 -1274.174078     3
   57 14671.291333 27528
   58 -485.921142     5
   59 -967.155195     3
   60 -610.936742     2
   61 984.239569 19028
   62 -365.441494     7
   63 -441.126625     7
   64 27778.517967 26634
   65 12866.496717  8009
   66 15079.615945 18283
   67 2451.149169 14765
   68 -994.307086     5
   69 3578.869765  4234
   70 5057.624959  6832
   71 1927.869265  6524
   72 -729.831227     1
   73 15336.293677 23238
   74 1773.881101 23525
   75 -501.997535     4
   76 13695.032984 10172
   77 25819.265267 21958
   78 -974.314814     7
   79 -139.134195     8
   80 -660.698982     1
   81 108.681435  3195
   82 6431.906795  3101
   83 -455.109956     6
   84 1783.846345  7462
   85 5356.391099  1250
   86 3040.253580 13695
   87 -1890.810490     0
   88 -1144.971156     4
   89 -335.260520     5
   90 2107.722202 11841
   91 257.332774  3905
   92 14147.696978 26181
   93 3801.747892  6201
   94 -686.052422     0
   95 -1056.508033     5
   96 1571.513519 20258
   97 11803.609079 11140
   98 -2957.908658     0
   99 8732.673383  7350
  100 -2388.193544     3
  101 4296.029453  6709
  102 -1231.843520     0
  103 20497.775436 20824
  104 4887.332716 10814
  105 -1279.995210     3
  106 1298.133956  1080
  107 6104.012095 23377
  108 -458.374160     6
  109 3547.706155  1281
  110 -2000.361770     8
  111 61.511229 12350
  112 -288.052854     5
  113 3132.262401 21527
  114 -235.816749     1
  115 261.623068 12613
  116 13652.356046 25599
  117 2257.574251  2552
  118 2061.407726  4764
  119 4483.696726 11817
  120 8916.256072  8720
  121 627.083170   876
  122 3339.712868 21854
  123 -58.274862     9
  124 357.880991   546
  125 -706.534640     5
  126 -759.314436     1
  127 -2287.753326     7
  128 -696.253439     8
  129 2656.706278 22728
  130 3622.190061 12216
  131 8231.259238 19666
  132 974.099661    74
  133 -721.357235     8
  134 10659.920211 16240
  135 87.529275 23404
  136 1702.215795  3066
  137 1839.664850  3236
  138 -2129.287898     9
  139 6011.696225 26575
  140 -488.107277     4
  141 26035.049833 23859
  142 -1606.786687     0
  143 8876.266824 15705
  144 13674.135235 14460
  145 2590.086565 16428
  146 4655.155622 26421
  147 13711.445619 10799
  148 -180.719985     0
  149 -779.467934     1
  150 9855.012792 14927
  151 -233.415746     0
  152 1447.983264  4176
  153 430.254291  3369
  154 -1629.756802     7
  155 -856.836634     6
  156 24131.710932 26851
  157 -1128.455843     8
  158 11340.707780  5560
  159 -2066.368263     4
  160 17230.858862 13900
  161 -184.049286     9
  162 6044.179358 23379
  163 3979.237647 18562
  164 -270.415710     9
  165 -1519.917020     0
  166 561.718479  4587
  167 4139.221263  4200
  168 -1895.800105     9
  169 -239.062038     3
  170 -424.180007     4
  171 -1611.342804     3
  172 2909.107831 24598
  173 2057.614126 14057
  174 -481.826252     9
  175 2509.104789 15891
  176 -1380.967243     0
  177 -85.270196     4
  178 10980.630861 20565
  179 1212.475197 11021
  180 8720.096598 19654
  181 -943.463678     1
  182 10640.212917 13672
  183 14159.247948 14952
  184 12653.866154 26785
  185 1430.649838  6455
  186 -899.417045     5
  187 -1156.373125     5
  188 -1606.738051     5
  189 6305.295984 16729
  190 2138.569154 13760
  191 -4.771439     2
  192 5740.697517 24846
  193 -412.213320     5
  194 -527.319160     7
  195 -1841.226421     9
  196 -351.047635     1
  197 449.666197 15816
  198 4582.054239 17659
  199 -1318.263781     4
  200 8582.688488  6147
  201 -1500.470070     1
  202 8575.947698 26161
  203 11999.270726  9518
  204 -178.358181     4
  205 4992.780405 18278
  206 6990.973528 12201
  207 -218.163601     3
  208 -561.485088     5
  209 6588.913240 11251
  210 4308.795458 11128
  211 5198.181592 18494
  212 -624.510145     1
  213 -460.082572     0
  214 1848.771355 15528
  215 -3.941523     5
  216 1130.976139  1154
  217 10469.345563 15143
  218 -2471.156690     3
  219 4775.325248 16679
  220 -400.433785     5
  221 4583.970118  1476
  222 3524.139412 19127
  223 7495.525256  5680
  224 1653.694317  2168
  225 -569.389662     5
  226 13140.774421 25072
  227 4382.902006   460
  228 362.584267  3095
  229 1306.122054  8458
  230 -292.217447     4
  231 3876.266910 11398
  232 3792.344216   881
  233 167.876806  1061
  234 -511.177706     9
  235 8231.135235 17055
  236 -426.810495     9
  237 8489.362962 25768
  238 14441.139785 14732
  239 -2320.457942     2
  240 2614.736080    35
  241 4953.238029  9045
  242 -377.446428     4
  243 7495.376816 25507
  244 6744.626775 27680
  245 8331.787414  6344
  246 3954.963105 21407
  247 -882.429853     8
  248 -498.001790     2
  249 16156.178338 21608
  250 11925.925277 19993
  251 -2069.295278     0
  252 207.812372   131
  253 16037.963843 26725
  254 -441.840178     7
  255 2038.300655  4774
  256 -1134.388238     8
  257 -41.380069     3
  258 5723.832527 11874
  259 -390.991262     4
  260 -1343.965923     5
  261 4407.639298 15881
  262 -2202.819422     3
  263 5228.448661 14536
  264 42.849408  1231
  265 10542.426862 13187
  266 1275.432435  7031
  267 -799.532365     0
  268 4571.501989 12441
  269 -999.017233     1
  270 -119.614976     0
  271 5194.477456 20832
  272 -306.043228     3
  273 4718.987255 13008
  274 3421.547654  3973
  275 5624.710496  9596
  276 -422.912516     7
  277 4759.932877  8226
  278 4382.144703  8125
  279 4419.564298  1936
  280 1497.173903   519
  281 -1491.541462     4
  282 5752.050604 20779
  283 4261.487533  5897
  284 -2637.942034     7
  285 -410.199989     5
  286 -2884.125890     2
  287 17061.338104 13467
  288 -1213.724672     7
  289 -85.167019     1
  290 15618.068691 15224
  291 4886.373056 16581
  292 1272.878046 16126
  293 -864.449653     6
  294 5784.866349 12038
  295 8830.299191 14498
  296 2392.785487  4174
  297 -1662.715664     6
  298 -1148.803338     5
  299 2924.474973 21172
  300 5683.901242 14979
