300
    1 536.160504     1
    2 4132.797538 22552
    3 -2360.450991     7
    4 -1431.484244     7
    5 -1182.347992     8
    6 5527.541999 11402
    7 553.792488  7882
    8 7885.008511  5438
    9 -822.331898     7
   10 3573.323787  6863
   11 -100.633662     1
   12 505.553162   525
   13 -293.524882     2
   14 21348.078667 20096
   15 -514.398143     7
   16 31483.616299 24956
   17 -862.965738     8
   18 -1180.640286     6
   19 14304.550472 14573
   20 -1233.875647     7
   21 928.311901 21823
   22 2562.025210 15275
   23 7736.276293 14868
   24 -160.889394     6
   25 2385.714340  2208
   26 -402.259611     1
   27 16747.570323 20395
   28 -656.195969     3
   29 2896.056482  4613
   30 12521.018195 14985
   31 2069.527899 10343
   32 -1790.254864     7
   33 4218.370274  2104
   34 -1250.712050     7
   35 3490.289579 17064
   36 2705.034642 21647
   37 -81.364716     0
   38 1622.178067  1257
   39 -1696.642438     9
   40 686.317618  2568
   41 19862.664250 12082
   42 6061.851477 15949
   43 4492.142805 13544
   44 28115.223561 23714
   45 -1062.178974     8
   46 4006.588243 10842
   47 10090.699393 15863
   48 -936.985876     0
   49 -902.939580     7
   50 214.225278  1573
   51 1977.360598   828
   52 1565.467651 12746
   53 4634.596064   314
   54 15655.133900 23962
   55 7350.559764 23513
   56 -2225.906840     3
   57 7729.014786 27528
   58 -1193.926804     5
   59 -2189.632313     3
   60 -255.278630     2
   61 385.580225 19028
   62 -696.564787     7
   63 -1188.189775     7
   64 12601.799262 26634
   65 5192.009375  8009
   66 13542.610628 18283
   67 14339.275993 14765
   68 -1019.877865     5
   69 446.607302  4234
   70 9425.868321  6832
   71 813.024108  6524
   72 -298.952898     1
   73 16477.165077 23238
   74 13028.994752 23525
   75 -312.437954     4
   76 11673.007977 10172
   77 930.712526 21958
   78 -2367.795259     7
   79 -1376.816202     8
   80 -132.226066     1
   81 6013.174043  3195
   82 286.997979  3101
   83 -284.983992     6
   84 12393.768417  7462
   85 1826.637534  1250
   86 18600.388552 13695
   87 -2834.448200     0
   88 -1065.395328     4
   89 -3.668022     5
   90 1874.529264 11841
   91 2963.545018  3905
   92 9776.057636 26181
   93 525.915079  6201
   94 -1050.690299     0
   95 -550.307950     5
   96 3448.246873 20258
   97 3685.134132 11140
   98 -5.494337     0
   99 4026.206507  7350
  100 -350.792422     3
  101 983.896982  6709
  102 -34.616995     0
  103 28080.336005 20824
  104 10799.508808 10814
  105 -83.566982     3
  106 5570.993956  1080
  107 1483.719646 23377
  108 -864.137093     6
  109 79.175460  1281
  110 -1445.100060     8
  111 2004.680080 12350
  112 -862.627426     5
  113 261.386935 21527
  114 -1279.895123     1
  115 3680.195627 12613
  116 26020.233824 25599
  117 3455.895814  2552
  118 1412.749872  4764
  119 7127.867688 11817
  120 15025.756268  8720
  121 1668.278050   876
  122 18108.026540 21854
  123 -2138.520351     9
  124 2315.280137   546
  125 -780.498964     5
  126 -45.654113     1
  127 -107.235872     7
  128 -1336.222904     8
  129 1729.996226 22728
  130 4892.657221 12216
  131 1384.401134 19666
  132 3715.991833    74
  133 -95.362216     8
  134 6767.817723 16240
  135 4765.703144 23404
  136 11128.040213  3066
  137 4246.763823  3236
  138 -1290.861607     9
  139 10825.094758 26575
  140 -1356.161967     4
  141 28559.929455 23859
  142 -593.693806     0
  143 8382.630307 15705
  144 1932.860358 14460
  145 10527.044567 16428
  146 7442.726992 26421
  147 20075.531098 10799
  148 -390.436628     0
  149 -1046.495124     1
  150 11199.063318 14927
  151 -1017.142709     0
  152 1172.527464  4176
  153 9451.638787  3369
  154 -2507.105413     7
  155 -446.247463     6
  156 4539.305497 26851
  157 -886.666440     8
  158 503.914652  5560
  159 -841.071959     4
  160 14124.972617 13900
  161 -963.943467     9
  162 29348.336970 23379
  163 12112.034759 18562
  164 -1209.586095     9
  165 -577.048529     0
  166 679.099681  4587
  167 1520.026149  4200
  168 -52.003608     9
  169 -359.429807     3
  170 -524.077717     4
  171 -1761.914207     3
  172 1913.208902 24598
  173 1416.592441 14057
  174 -107.641398     9
  175 4414.131755 15891
  176 -24.219998     0
  177 -435.887595     4
  178 7312.046288 20565
  179 1422.633677 11021
  180 4241.659294 19654
  181 -1085.365295     1
  182 167.269509 13672
  183 1655.081368 14952
  184 8448.722051 26785
  185 8572.443275  6455
  186 -699.965554     5
  187 -548.016615     5
  188 -2162.906147     5
  189 8877.124334 16729
  190 7152.495890 13760
  191 -395.188166     2
  192 14293.884143 24846
  193 -23.624304     5
  194 -492.472235     7
  195 -159.944037     9
  196 -794.382439     1
  197 10111.148777 15816
  198 25962.190355 17659
  199 -625.276892     4
  200 5487.616736  6147
  201 -808.935049     1
  202 10049.557246 26161
  203 4400.273843  9518
  204 -250.179465     4
  205 1765.744135 18278
  206 3950.993210 12201
  207 -793.035390     3
  208 -461.271133     5
  209 4748.803082 11251
  210 1835.232216 11128
  211 8896.392386 18494
  212 -760.327295     1
  213 -331.707151     0
  214 7016.785992 15528
  215 -606.970099     5
  216 352.901882  1154
  217 5711.068289 15143
  218 -952.246167     3
  219 13653.356648 16679
  220 -386.867920     5
  221 262.546411  1476
  222 14317.356967 19127
  223 3605.550929  5680
  224 2589.156176  2168
  225 -1314.903084     5
  226 7988.570926 25072
  227 814.786806   460
  228 2100.911725  3095
  229 5031.292535  8458
  230 -914.234076     4
  231 7838.153292 11398
  232 111.950537   881
  233 4429.057275  1061
  234 -850.436500     9
  235 4769.123085 17055
  236 -534.706623     9
  237 1580.135835 25768
  238 5536.613208 14732
  239 -770.316933     2
  240 2704.543306    35
  241 6867.663572  9045
  242 -1063.030120     4
  243 65.873164 25507
  244 1259.834362 27680
  245 2632.144711  6344
  246 3549.821654 21407
  247 -54.071524     8
  248 -1138.155338     2
  249 3661.963755 21608
  250 12029.410508 19993
  251 -294.729097     0
  252 3899.444200   131
  253 14821.837741 26725
  254 -2725.133759     7
  255 2815.434317  4774
  256 -1650.967834     8
  257 -18.381155     3
  258 9366.636833 11874
  259 -816.252572     4
  260 -806.694312     5
  261 6327.001221 15881
  262 -579.911049     3
  263 9678.974768 14536
  264 2134.241335  1231
  265 24.234269 13187
  266 5811.493542  7031
  267 -389.791583     0
  268 13431.387305 12441
  269 -261.962819     1
  270 -1186.271567     0
  271 6265.880561 20832
  272 -133.938842     3
  273 4618.522110 13008
  274 5461.966642  3973
  275 420.402168  9596
  276 -862.129577     7
  277 1197.035685  8226
  278 937.770354  8125
  279 4556.056867  1936
  280 3085.738793   519
  281 -37.826193     4
  282 433.532704 20779
  283 4017.886481  5897
  284 -1693.718873     7
  285 -1474.912721     5
  286 -89.668299     2
  287 13274.681900 13467
  288 -950.494073     7
  289 -593.474962     1
  290 7505.070772 15224
  291 34484.942867 16581
  292 8267.161999 16126
  293 -1090.912159     6
  294 5797.997790 12038
  295 17145.383981 14498
  296 4942.101540  4174
  297 -2375.925527     6
  298 -679.524469     5
  299 9345.771835 21172
  300 9008.926805 14979
