300
    1 73.780809     1
    2 8854.629122 22552
    3 -3514.367509     7
    4 -1273.320082     7
    5 -262.530589     8
    6 6998.577623 11402
    7 2689.481475  7882
    8 761.766019  5438
    9 -1217.315514     7
   10 1625.883672  6863
   11 -1347.833637     1
   12 3009.070521   525
   13 -345.901896     2
   14 9362.470837 20096
   15 -2732.212742     7
   16 6461.832289 24956
   17 -1269.610138     8
   18 -1214.041584     6
   19 18678.777555 14573
   20 -1001.913639     7
   21 2964.611604 21823
   22 4007.480656 15275
   23 11387.993215 14868
   24 -1257.740271     6
   25 5441.414500  2208
   26 -107.287339     1
   27 18442.670807 20395
   28 -1134.547443     3
   29 1859.256636  4613
   30 6968.419169 14985
   31 11605.804096 10343
   32 -72.829929     7
   33 2801.802698  2104
   34 -1199.263414     7
   35 15895.261186 17064
   36 6163.128985 21647
   37 -336.368509     0
   38 1322.410551  1257
   39 -1343.841361     9
   40 2953.859608  2568
   41 16303.235745 12082
   42 4854.680229 15949
   43 9729.382836 13544
   44 11936.981789 23714
   45 -229.356957     8
   46 2857.325281 10842
   47 15253.647331 15863
   48 -325.137722     0
   49 -1194.072174     7
   50 1674.342144  1573
   51 4644.609432   828
   52 1289.156256 12746
   53 1727.637616   314
   54 16774.798314 23962
   55 19686.910052 23513
   56 -1137.775542     3
   57 17081.149413 27528
   58 -344.239907     5
   59 -1185.845763     3
   60 -1019.587996     2
   61 14046.088604 19028
   62 -9.968386     7
   63 -1847.445703     7
   64 15427.722853 26634
   65 4894.620072  8009
   66 8131.856234 18283
   67 13995.384989 14765
   68 -321.132549     5
   69 3055.615847  4234
   70 2231.105563  6832
   71 1787.591318  6524
   72 -242.671774     1
   73 1640.703652 23238
   74 23125.550893 23525
   75 -1007.694711     4
   76 8485.613974 10172
   77 22134.580928 21958
   78 -105.837675     7
   79 -917.722541     8
   80 -959.972904     1
   81 9418.687470  3195
   82 3767.650622  3101
   83 -2099.174044     6
   84 6455.041886  7462
   85 2460.287716  1250
   86 7234.596385 13695
   87 -2474.130312     0
   88 -15.705491     4
   89 -559.399883     5
   90 4203.427820 11841
   91 1282.162447  3905
   92 8012.498737 26181
   93 7708.009221  6201
   94 -710.450144     0
   95 -1557.626283     5
   96 30616.750255 20258
   97 8412.017132 11140
   98 -1261.393443     0
   99 7516.508588  7350
  100 -988.042339     3
  101 2379.249300  6709
  102 -1772.024108     0
  103 539.289112 20824
  104 8636.637584 10814
  105 -1842.707958     3
  106 1389.970802  1080
  107 19168.923210 23377
  108 -606.018081     6
  109 2006.712943  1281
  110 -469.362359     8
  111 2241.765133 12350
  112 -940.079136     5
  113 1564.584890 21527
  114 -667.105028     1
  115 13661.512825 12613
  116 13115.966786 25599
  117 4800.199696  2552
  118 1090.735418  4764
  119 3031.125918 11817
  120 13976.067037  8720
  121 8588.359673   876
  122 17293.402241 21854
  123 -477.825486     9
  124 2250.975689   546
  125 -363.034688     5
  126 -183.015225     1
  127 -172.046480     7
  128 -2235.593930     8
  129 2230.873677 22728
  130 6668.750955 12216
  131 2480.892614 19666
  132 1419.637047    74
  133 -274.312443     8
  134 10017.101363 16240
  135 4987.324844 23404
  136 710.944674  3066
  137 1174.092137  3236
  138 -3875.499221     9
  139 5159.884225 26575
  140 -1870.413898     4
  141 9919.340996 23859
  142 -1176.050123     0
  143 16671.407559 15705
  144 8346.598285 14460
  145 9951.615335 16428
  146 1341.264131 26421
  147 5481.979792 10799
  148 -2778.279317     0
  149 -373.847295     1
  150 17308.320389 14927
  151 -1505.548117     0
  152 3818.026021  4176
  153 1851.155285  3369
  154 -887.467286     7
  155 -1388.329999     6
  156 14613.702533 26851
  157 -106.863821     8
  158 9001.232748  5560
  159 -109.105860     4
  160 9602.784079 13900
  161 -1139.678752     9
  162 2330.593486 23379
  163 6545.888109 18562
  164 -784.476116     9
  165 -483.936715     0
  166 6970.952462  4587
  167 2065.512189  4200
  168 -135.111135     9
  169 -404.936859     3
  170 -61.801825     4
  171 -784.616733     3
  172 12935.730176 24598
  173 5014.476936 14057
  174 -1804.178968     9
  175 498.051991 15891
  176 -833.138792     0
  177 -1950.920957     4
  178 1637.216105 20565
  179 2725.840593 11021
  180 6428.368061 19654
  181 -209.239287     1
  182 553.445203 13672
  183 6916.608517 14952
  184 8127.487416 26785
  185 1124.543273  6455
  186 -171.965168     5
  187 -1444.490150     5
  188 -306.393270     5
  189 5939.973148 16729
  190 1926.491469 13760
  191 -722.516151     2
  192 14112.908541 24846
  193 -2348.669006     5
  194 -706.317395     7
  195 -1056.524531     9
  196 -47.406394     1
  197 443.083520 15816
  198 4957.915637 17659
  199 -1293.233883     4
  200 2890.276595  6147
  201 -592.815465     1
  202 18552.321262 26161
  203 4095.603997  9518
  204 -59.142979     4
  205 24341.173710 18278
  206 8614.652815 12201
  207 -355.830990     3
  208 -786.105816     5
  209 8923.227154 11251
  210 4704.138386 11128
  211 26892.021969 18494
  212 -78.857105     1
  213 -103.764146     0
  214 6644.250270 15528
  215 -290.764837     5
  216 1078.795262  1154
  217 7417.130627 15143
  218 -616.523327     3
  219 8328.595885 16679
  220 -721.110059     5
  221 4615.387514  1476
  222 6164.439007 19127
  223 7474.830707  5680
  224 1173.189821  2168
  225 -492.550460     5
  226 1758.981536 25072
  227 842.723130   460
  228 872.115649  3095
  229 8733.543591  8458
  230 -1495.890384     4
  231 19572.379119 11398
  232 539.396123   881
  233 2263.292915  1061
  234 -1445.683614     9
  235 5562.459477 17055
  236 -591.650491     9
  237 6369.049897 25768
  238 6774.206514 14732
  239 -1019.718408     2
  240 302.010993    35
  241 729.963341  9045
  242 -4342.560374     4
  243 5675.352110 25507
  244 24354.826604 27680
  245 4525.741141  6344
  246 19068.275722 21407
  247 -186.169917     8
  248 -1285.023087     2
  249 5698.082170 21608
  250 18774.206951 19993
  251 -1521.207494     0
  252 147.290218   131
  253 3072.069689 26725
  254 -1064.839506     7
  255 3331.299900  4774
  256 -356.161581     8
  257 -261.925613     3
  258 1982.050515 11874
  259 -1298.689482     4
  260 -2379.003718     5
  261 16944.260010 15881
  262 -134.132595     3
  263 396.600634 14536
  264 1760.945154  1231
  265 12903.102953 13187
  266 11017.206884  7031
  267 -771.602236     0
  268 7022.851449 12441
  269 -644.001825     1
  270 -3146.438691     0
  271 235.261638 20832
  272 -372.029907     3
  273 2066.775404 13008
  274 4544.324810  3973
  275 7233.991786  9596
  276 -1039.169614     7
  277 2716.340177  8226
  278 6563.633824  8125
  279 2858.649653  1936
  280 7.152549   519
  281 -1403.330916     4
  282 11807.508527 20779
  283 4870.840654  5897
  284 -1502.374674     7
  285 -723.303885     5
  286 -2538.791462     2
  287 7388.273593 13467
  288 -683.117625     7
  289 -487.769117     1
  290 163.789477 15224
  291 12414.837237 16581
  292 4110.435801 16126
  293 -994.691770     6
  294 1085.009096 12038
  295 10068.792936 14498
  296 9809.959516  4174
  297 -1620.643444     6
  298 -1809.317087     5
  299 7342.817729 21172
  300 4017.812769 14979
