300
    1 3310.988630     1
    2 9908.640083 22552
    3 -2807.650393     7
    4 -2.152617     7
    5 -732.083443     8
    6 4260.971346 11402
    7 9415.677487  7882
    8 2460.875186  5438
    9 -1278.112883     7
   10 1857.933591  6863
   11 -671.086206     1
   12 1136.281278   525
   13 -323.741287     2
   14 2166.966831 20096
   15 -186.007726     7
   16 87.078208 24956
   17 -1840.793149     8
   18 -306.781223     6
   19 11145.245268 14573
   20 -1908.262970     7
   21 2747.905245 21823
   22 2232.239410 15275
   23 12671.041650 14868
   24 -649.146541     6
   25 2883.061365  2208
   26 -455.187973     1
   27 1828.697104 20395
   28 -825.293197     3
   29 2203.969825  4613
   30 920.668837 14985
   31 13015.319321 10343
   32 -428.169627     7
   33 803.832872  2104
   34 -1043.724087     7
   35 1622.500157 17064
   36 5393.121088 21647
   37 -565.229833     0
   38 2170.717825  1257
   39 -584.521584     9
   40 3036.561348  2568
   41 19549.854595 12082
   42 878.156636 15949
   43 2313.679416 13544
   44 17053.584800 23714
   45 -2484.571278     8
   46 9565.191554 10842
   47 5401.455572 15863
   48 -146.062321     0
   49 -1483.248313     7
   50 1674.748999  1573
   51 2177.238755   828
   52 18270.373209 12746
   53 6306.566735   314
   54 2880.177439 23962
   55 6844.710014 23513
   56 -1251.200626     3
   57 9729.447016 27528
   58 -742.143895     5
   59 -3114.170497     3
   60 -598.801557     2
   61 3154.505664 19028
   62 -1890.690644     7
   63 -1964.357088     7
   64 7389.907269 26634
   65 1777.250196  8009
   66 488.664358 18283
   67 17926.151034 14765
   68 -2653.220353     5
   69 283.246282  4234
   70 8173.314054  6832
   71 9306.641399  6524
   72 -1028.483103     1
   73 4725.294769 23238
   74 28378.431317 23525
   75 -775.863209     4
   76 7671.197949 10172
   77 2713.045063 21958
   78 -359.300744     7
   79 -796.545738     8
   80 -1118.645977     1
   81 518.064169  3195
   82 342.409754  3101
   83 -313.453742     6
   84 380.231502  7462
   85 140.454022  1250
   86 4750.627405 13695
   87 -474.021727     0
   88 -1278.533988     4
   89 -815.691821     5
   90 4392.794048 11841
   91 7310.345004  3905
   92 1716.744223 26181
   93 1768.568414  6201
   94 -396.185606     0
   95 -404.481471     5
   96 3466.483106 20258
   97 2351.226329 11140
   98 -980.274650     0
   99 2446.185982  7350
  100 -3511.312215     3
  101 1279.626117  6709
  102 -130.582213     0
  103 1977.606497 20824
  104 1461.789627 10814
  105 -367.876288     3
  106 3397.898595  1080
  107 14018.777013 23377
  108 -984.972415     6
  109 5699.546321  1281
  110 -531.090299     8
  111 2318.706028 12350
  112 -326.201021     5
  113 10734.788071 21527
  114 -1881.520101     1
  115 1875.707159 12613
  116 12774.833686 25599
  117 1040.208760  2552
  118 5686.160868  4764
  119 2669.397224 11817
  120 6349.597881  8720
  121 2732.368877   876
  122 12012.958780 21854
  123 -1200.261852     9
  124 1820.717146   546
  125 -364.225810     5
  126 -1045.519450     1
  127 -793.361524     7
  128 -774.364647     8
  129 9294.651390 22728
  130 3147.932708 12216
  131 2321.347462 19666
  132 2552.649457    74
  133 -932.250101     8
  134 4330.469247 16240
  135 1760.923895 23404
  136 3208.130186  3066
  137 4248.004493  3236
  138 -285.463459     9
  139 12774.180588 26575
  140 -919.238877     4
  141 1357.718968 23859
  142 -306.131180     0
  143 12398.671223 15705
  144 4483.425040 14460
  145 9803.980863 16428
  146 12809.209775 26421
  147 10149.801984 10799
  148 -350.172526     0
  149 -276.334243     1
  150 6990.019340 14927
  151 -334.963959     0
  152 7007.198642  4176
  153 216.877175  3369
  154 -1329.768280     7
  155 -2682.774799     6
  156 15960.108157 26851
  157 -824.329087     8
  158 5551.586694  5560
  159 -344.777537     4
  160 5285.318011 13900
  161 -2286.211113     9
  162 932.799629 23379
  163 4656.210297 18562
  164 -800.061346     9
  165 -425.288790     0
  166 5268.442395  4587
  167 3934.730931  4200
  168 -4061.522663     9
  169 -482.318504     3
  170 -299.545726     4
  171 -246.485973     3
  172 22893.628280 24598
  173 4593.201961 14057
  174 -850.350264     9
  175 4154.867179 15891
  176 -294.742984     0
  177 -2164.099567     4
  178 13113.973453 20565
  179 4385.854472 11021
  180 21698.308078 19654
  181 -181.449886     1
  182 27967.168919 13672
  183 6626.477332 14952
  184 2515.004345 26785
  185 4210.071793  6455
  186 -771.973257     5
  187 -1731.920495     5
  188 -873.816753     5
  189 16469.467655 16729
  190 2886.336234 13760
  191 -424.664326     2
  192 6899.612701 24846
  193 -1832.976027     5
  194 -1004.835685     7
  195 -487.043591     9
  196 -337.209565     1
  197 7143.415851 15816
  198 20224.909844 17659
  199 -1180.986948     4
  200 9501.973379  6147
  201 -125.394065     1
  202 12566.854012 26161
  203 2433.643150  9518
  204 -727.731930     4
  205 16457.810327 18278
  206 10596.877588 12201
  207 -387.940888     3
  208 -551.752194     5
  209 8903.119442 11251
  210 5245.252909 11128
  211 5664.918590 18494
  212 -587.674317     1
  213 -313.963960     0
  214 6845.728836 15528
  215 -26.705481     5
  216 3372.188588  1154
  217 1686.500711 15143
  218 -110.043898     3
  219 11071.577852 16679
  220 -226.919943     5
  221 748.998161  1476
  222 6154.468026 19127
  223 4139.150081  5680
  224 2879.993844  2168
  225 -378.999636     5
  226 11088.015636 25072
  227 6138.029513   460
  228 3237.212198  3095
  229 2036.302349  8458
  230 -1608.529753     4
  231 660.847279 11398
  232 3568.083981   881
  233 2686.319017  1061
  234 -8.490255     9
  235 10889.859981 17055
  236 -604.455040     9
  237 9106.293879 25768
  238 6285.742001 14732
  239 -2027.501295     2
  240 555.675536    35
  241 7390.916808  9045
  242 -511.022376     4
  243 3065.599036 25507
  244 1965.979680 27680
  245 9351.471188  6344
  246 11669.224297 21407
  247 -433.562533     8
  248 -99.567930     2
  249 8898.249190 21608
  250 4697.574873 19993
  251 -547.923764     0
  252 2029.762019   131
  253 24260.333441 26725
  254 -1598.644518     7
  255 4092.697606  4774
  256 -977.616551     8
  257 -183.792029     3
  258 2222.321418 11874
  259 -178.784330     4
  260 -439.624030     5
  261 4129.528722 15881
  262 -317.633364     3
  263 6367.684836 14536
  264 2220.075522  1231
  265 70.239063 13187
  266 2458.277105  7031
  267 -733.306373     0
  268 15857.569247 12441
  269 -1030.169913     1
  270 -2665.536521     0
  271 9752.496260 20832
  272 -87.117186     3
  273 5219.856296 13008
  274 5421.738707  3973
  275 1960.208398  9596
  276 -507.122609     7
  277 1492.573801  8226
  278 5281.389085  8125
  279 1272.334126  1936
  280 994.459995   519
  281 -662.923619     4
  282 21310.154771 20779
  283 1655.851071  5897
  284 -290.411423     7
  285 -839.108388     5
  286 -3036.021007     2
  287 6531.274902 13467
  288 -1236.416471     7
  289 -1180.983536     1
  290 7509.682113 15224
  291 2699.094093 16581
  292 4690.518797 16126
  293 -871.418921     6
  294 8920.090816 12038
  295 15331.645062 14498
  296 6109.367739  4174
  297 -106.151422     6
  298 -758.655928     5
  299 6309.079621 21172
  300 3840.374708 14979
