300
    1 269.149165     1
    2 8122.097382 22552
    3 -274.693977     7
    4 -24.435724     7
    5 -341.011753     8
    6 13165.259019 11402
    7 1412.304105  7882
    8 4069.603108  5438
    9 -129.269907     7
   10 1936.173396  6863
   11 -987.639062     1
   12 2318.505151   525
   13 -282.756701     2
   14 17270.481282 20096
   15 -2035.997533     7
   16 9643.612007 24956
   17 -941.893720     8
   18 -1451.656876     6
   19 15682.888008 14573
   20 -98.267688     7
   21 18467.046177 21823
   22 10020.786277 15275
   23 3484.892650 14868
   24 -573.537859     6
   25 5171.013058  2208
   26 -152.508118     1
   27 13399.072161 20395
   28 -1824.442706     3
   29 8061.404495  4613
   30 5199.130902 14985
   31 8580.496718 10343
   32 -183.284101     7
   33 4142.495282  2104
   34 -1077.405728     7
   35 23073.751146 17064
   36 5417.750063 21647
   37 -886.203246     0
   38 2433.644326  1257
   39 -206.303488     9
   40 681.573405  2568
   41 12098.849389 12082
   42 9671.550814 15949
   43 6424.467870 13544
   44 7828.428005 23714
   45 -2556.692968     8
   46 11558.839924 10842
   47 817.291399 15863
   48 -464.841448     0
   49 -1164.595586     7
   50 4894.394174  1573
   51 5758.803377   828
   52 17193.037443 12746
   53 1186.666993   314
   54 16838.362394 23962
   55 30540.346005 23513
   56 -1673.053680     3
   57 29506.507084 27528
   58 -1115.737714     5
   59 -418.532917     3
   60 -216.177210     2
   61 436.275715 19028
   62 -3424.687248     7
   63 -134.588270     7
   64 5142.939459 26634
   65 461.224425  8009
   66 17817.670947 18283
   67 8872.307669 14765
   68 -79.569313     5
   69 1311.871877  4234
   70 12033.375529  6832
   71 73.858020  6524
   72 -54.907055     1
   73 9363.362096 23238
   74 23876.951514 23525
   75 -508.148196     4
   76 2314.953173 10172
   77 685.619014 21958
   78 -600.390579     7
   79 -72.995168     8
   80 -768.868818     1
   81 2434.353438  3195
   82 8225.071448  3101
   83 -4816.237933     6
   84 4743.649777  7462
   85 8642.634218  1250
   86 8289.094561 13695
   87 -237.272742     0
   88 -2645.611766     4
   89 -308.998940     5
   90 13667.670188 11841
   91 87.713493  3905
   92 1788.609906 26181
   93 14657.937200  6201
   94 -789.743688     0
   95 -605.880315     5
   96 16624.698032 20258
   97 3336.486791 11140
   98 -175.915097     0
   99 7836.036682  7350
  100 -4377.919141     3
  101 1533.360895  6709
  102 -1497.867063     0
  103 16071.633495 20824
  104 21707.775156 10814
  105 -1349.256554     3
  106 456.262181  1080
  107 5585.792167 23377
  108 -352.204492     6
  109 1119.994151  1281
  110 -1912.072639     8
  111 6211.125191 12350
  112 -192.553722     5
  113 697.846543 21527
  114 -1564.258857     1
  115 7795.546092 12613
  116 1359.564312 25599
  117 2633.286306  2552
  118 2848.363679  4764
  119 16632.537140 11817
  120 10631.212505  8720
  121 3243.904141   876
  122 3663.718820 21854
  123 -69.274394     9
  124 4118.159117   546
  125 -35.740822     5
  126 -234.159544     1
  127 -399.660946     7
  128 -183.935824     8
  129 19484.498774 22728
  130 12108.916883 12216
  131 6959.443396 19666
  132 358.417952    74
  133 -469.695194     8
  134 14262.250307 16240
  135 33268.362771 23404
  136 418.502456  3066
  137 1444.880139  3236
  138 -1400.511071     9
  139 1416.688804 26575
  140 -1444.775624     4
  141 32342.015213 23859
  142 -829.534919     0
  143 12697.589586 15705
  144 13635.270293 14460
  145 1613.079375 16428
  146 10441.564858 26421
  147 13909.407359 10799
  148 -1135.639048     0
  149 -931.693199     1
  150 2571.458966 14927
  151 -2645.204143     0
  152 1345.309946  4176
  153 1691.349087  3369
  154 -273.573827     7
  155 -2932.128243     6
  156 12613.390052 26851
  157 -123.162453     8
  158 7162.396347  5560
  159 -473.408093     4
  160 3888.717438 13900
  161 -1425.615716     9
  162 1747.601687 23379
  163 14542.320369 18562
  164 -1232.323671     9
  165 -511.478734     0
  166 4566.155986  4587
  167 582.029222  4200
  168 -671.079469     9
  169 -889.169728     3
  170 -1311.170954     4
  171 -301.715764     3
  172 14164.725734 24598
  173 3094.974888 14057
  174 -178.329409     9
  175 8147.765759 15891
  176 -842.487421     0
  177 -3977.884211     4
  178 1745.596011 20565
  179 1693.787626 11021
  180 8558.249529 19654
  181 -982.688606     1
  182 1633.918799 13672
  183 12149.003041 14952
  184 11858.951990 26785
  185 1599.325661  6455
  186 -78.898989     5
  187 -2144.445128     5
  188 -1131.218748     5
  189 5829.341060 16729
  190 2186.608869 13760
  191 -1158.925946     2
  192 2716.991661 24846
  193 -882.305384     5
  194 -49.118012     7
  195 -535.540006     9
  196 -141.588578     1
  197 5531.668006 15816
  198 543.606597 17659
  199 -306.007346     4
  200 4969.069668  6147
  201 -112.831184     1
  202 18258.938925 26161
  203 6426.394470  9518
  204 -21.546719     4
  205 2886.637643 18278
  206 2129.362648 12201
  207 -442.937694     3
  208 -170.521420     5
  209 1137.702639 11251
  210 18454.095070 11128
  211 13381.644045 18494
  212 -826.639190     1
  213 -1077.216384     0
  214 1968.074378 15528
  215 -505.214377     5
  216 5667.004369  1154
  217 1399.507871 15143
  218 -162.868466     3
  219 808.875976 16679
  220 -504.148828     5
  221 2049.461616  1476
  222 4526.447890 19127
  223 7861.579078  5680
  224 3478.825826  2168
  225 -762.121187     5
  226 29087.393868 25072
  227 2138.367866   460
  228 2311.730749  3095
  229 10350.062340  8458
  230 -691.563126     4
  231 10557.833766 11398
  232 3404.255396   881
  233 1799.709831  1061
  234 -508.373988     9
  235 21860.942545 17055
  236 -917.941447     9
  237 10152.990498 25768
  238 8412.584912 14732
  239 -502.594203     2
  240 1081.762200    35
  241 1851.084414  9045
  242 -772.902044     4
  243 12934.383427 25507
  244 16087.870221 27680
  245 3183.263497  6344
  246 14336.607451 21407
  247 -874.276639     8
  248 -953.365375     2
  249 3180.465968 21608
  250 3806.205889 19993
  251 -855.727459     0
  252 2830.857881   131
  253 14566.887386 26725
  254 -1124.961423     7
  255 471.767156  4774
  256 -133.759152     8
  257 -1189.740019     3
  258 4568.010612 11874
  259 -1123.441982     4
  260 -888.141013     5
  261 13677.954894 15881
  262 -209.187153     3
  263 9810.106424 14536
  264 2505.292156  1231
  265 17744.370858 13187
  266 3744.156979  7031
  267 -1365.672838     0
  268 4518.853541 12441
  269 -403.981493     1
  270 -576.086078     0
  271 22936.555610 20832
  272 -76.244160     3
  273 7920.886999 13008
  274 5790.545798  3973
  275 10366.300899  9596
  276 -1231.013991     7
  277 2127.741787  8226
  278 5738.555135  8125
  279 2984.932840  1936
  280 1820.494191   519
  281 -141.475658     4
  282 4933.296139 20779
  283 6075.944601  5897
  284 -904.535722     7
  285 -2563.345717     5
  286 -1779.972661     2
  287 17017.314592 13467
  288 -376.348338     7
  289 -320.478868     1
  290 12730.499823 15224
  291 20203.400610 16581
  292 6015.468770 16126
  293 -936.928762     6
  294 13481.949363 12038
  295 3730.549037 14498
  296 1822.720223  4174
  297 -2520.799471     6
  298 -2070.487686     5
  299 7904.854283 21172
  300 4840.060276 14979
