300
    1 1432.092000     1
    2 8408.015430 22552
    3 -1253.803027     7
    4 -235.376860     7
    5 -753.668309     8
    6 272.509624 11402
    7 7374.339548  7882
    8 7450.413306  5438
    9 -1141.104040     7
   10 6287.864942  6863
   11 -696.866892     1
   12 1665.208400   525
   13 -543.699070     2
   14 14147.048478 20096
   15 -1869.617292     7
   16 10785.704503 24956
   17 -369.674360     8
   18 -920.637745     6
   19 8659.103494 14573
   20 -1064.177432     7
   21 22887.932702 21823
   22 8255.079420 15275
   23 12655.797502 14868
   24 -771.974140     6
   25 2201.423129  2208
   26 -847.728353     1
   27 13437.040385 20395
   28 -158.728007     3
   29 5188.605682  4613
   30 10432.177792 14985
   31 7535.481542 10343
   32 -413.313529     7
   33 2810.368006  2104
   34 -5.650358     7
   35 8622.878959 17064
   36 17077.684921 21647
   37 -1248.122001     0
   38 5777.623436  1257
   39 -1315.625374     9
   40 1500.888390  2568
   41 3876.014789 12082
   42 2496.065010 15949
   43 3534.036043 13544
   44 710.583208 23714
   45 -142.033279     8
   46 6865.799635 10842
   47 1257.493878 15863
   48 -835.360868     0
   49 -3447.408651     7
   50 5085.148097  1573
   51 3606.887290   828
   52 14837.032759 12746
   53 1448.763476   314
   54 6853.942029 23962
   55 6972.835465 23513
   56 -1289.344337     3
   57 5976.735926 27528
   58 -351.378987     5
   59 -220.601018     3
   60 -1300.727321     2
   61 23091.167161 19028
   62 -1166.214991     7
   63 -1324.757479     7
   64 11454.859192 26634
   65 7509.795947  8009
   66 1572.646585 18283
   67 15065.991307 14765
   68 -1259.172670     5
   69 4010.657671  4234
   70 4349.536286  6832
   71 11133.182921  6524
   72 -77.726746     1
   73 17715.872621 23238
   74 12056.925284 23525
   75 -889.177715     4
   76 9524.177888 10172
   77 965.387398 21958
   78 -434.749218     7
   79 -849.750953     8
   80 -435.522355     1
   81 6498.587844  3195
   82 1553.852473  3101
   83 -2186.135911     6
   84 5300.588306  7462
   85 1540.184521  1250
   86 3036.834629 13695
   87 -2254.733544     0
   88 -221.232576     4
   89 -704.449640     5
   90 220.071973 11841
   91 1334.431722  3905
   92 22181.436263 26181
   93 536.618430  6201
   94 -11.923849     0
   95 -2784.859064     5
   96 12030.503200 20258
   97 1922.992360 11140
   98 -220.940454     0
   99 16293.502195  7350
  100 -1134.387972     3
  101 168.705477  6709
  102 -1544.033015     0
  103 4633.237391 20824
  104 1045.914662 10814
  105 -2457.414728     3
  106 1616.019626  1080
  107 1844.421739 23377
  108 -1015.410958     6
  109 4161.001897  1281
  110 -942.909685     8
  111 11038.769780 12350
  112 -199.929557     5
  113 21500.319172 21527
  114 -2532.244740     1
  115 17823.077517 12613
  116 6153.255655 25599
  117 1159.560623  2552
  118 2175.789563  4764
  119 3473.642584 11817
  120 6159.092405  8720
  121 4570.154862   876
  122 628.971690 21854
  123 -513.015084     9
  124 3376.032349   546
  125 -955.040981     5
  126 -679.378234     1
  127 -2270.165358     7
  128 -410.961033     8
  129 12988.595300 22728
  130 5922.434470 12216
  131 1506.453739 19666
  132 624.044802    74
  133 -1254.167590     8
  134 11181.643218 16240
  135 16352.888439 23404
  136 2870.337787  3066
  137 5150.956277  3236
  138 -73.105434     9
  139 18839.418588 26575
  140 -2558.914409     4
  141 390.973086 23859
  142 -26.154950     0
  143 920.693420 15705
  144 3766.859576 14460
  145 7826.319502 16428
  146 16954.090396 26421
  147 14931.377814 10799
  148 -1560.460071     0
  149 -1226.941516     1
  150 14235.268117 14927
  151 -927.735954     0
  152 1688.441722  4176
  153 10144.370961  3369
  154 -1906.782517     7
  155 -28.570607     6
  156 16525.847790 26851
  157 -526.282893     8
  158 969.923949  5560
  159 -1.588429     4
  160 1109.104759 13900
  161 -848.439965     9
  162 2922.056915 23379
  163 3700.430141 18562
  164 -1265.011473     9
  165 -550.328482     0
  166 398.951400  4587
  167 1617.154072  4200
  168 -390.021673     9
  169 -688.204042     3
  170 -860.433906     4
  171 -2812.962933     3
  172 6411.765302 24598
  173 29517.376328 14057
  174 -2157.342248     9
  175 14820.103323 15891
  176 -361.930495     0
  177 -1023.926539     4
  178 8398.477231 20565
  179 6345.344809 11021
  180 11883.075123 19654
  181 -1264.437034     1
  182 11973.712837 13672
  183 8425.361874 14952
  184 2291.218709 26785
  185 6107.110970  6455
  186 -17.383019     5
  187 -951.055475     5
  188 -2757.015813     5
  189 3086.693446 16729
  190 1170.898773 13760
  191 -872.837215     2
  192 12154.496308 24846
  193 -445.864058     5
  194 -952.447613     7
  195 -865.580166     9
  196 -611.806051     1
  197 9031.164364 15816
  198 2361.797160 17659
  199 -85.792667     4
  200 2759.260891  6147
  201 -408.934085     1
  202 11926.278296 26161
  203 8849.134374  9518
  204 -2177.193926     4
  205 8930.149775 18278
  206 15152.975681 12201
  207 -575.166513     3
  208 -305.836933     5
  209 9805.450101 11251
  210 1549.782981 11128
  211 7172.869830 18494
  212 -10.286727     1
  213 -362.273587     0
  214 11465.627879 15528
  215 -488.565676     5
  216 3395.547825  1154
  217 11293.526346 15143
  218 -833.805597     3
  219 11950.794461 16679
  220 -2730.424805     5
  221 5466.216384  1476
  222 12051.438964 19127
  223 1526.172801  5680
  224 4134.105315  2168
  225 -2447.197729     5
  226 1426.631688 25072
  227 1238.851316   460
  228 2964.164394  3095
  229 6892.853428  8458
  230 -452.420416     4
  231 15509.971705 11398
  232 993.100659   881
  233 1760.816089  1061
  234 -469.030831     9
  235 15001.569327 17055
  236 -480.599795     9
  237 22410.947300 25768
  238 3911.474736 14732
  239 -645.876562     2
  240 1227.069252    35
  241 11120.284760  9045
  242 -308.315253     4
  243 1679.383543 25507
  244 2083.294362 27680
  245 7516.273812  6344
  246 9213.364341 21407
  247 -1296.291624     8
  248 -214.904778     2
  249 11185.475384 21608
  250 10160.319444 19993
  251 -1234.084138     0
  252 62.379038   131
  253 19549.695480 26725
  254 -703.631694     7
  255 2842.055639  4774
  256 -488.214495     8
  257 -760.100216     3
  258 2498.011603 11874
  259 -1055.271309     4
  260 -706.114123     5
  261 1570.322081 15881
  262 -154.766478     3
  263 2193.449825 14536
  264 1335.774059  1231
  265 6245.399266 13187
  266 2885.021468  7031
  267 -692.877585     0
  268 1761.899865 12441
  269 -1053.801615     1
  270 -1522.770167     0
  271 6055.899042 20832
  272 -209.101628     3
  273 8174.151873 13008
  274 2796.082080  3973
  275 5158.828204  9596
  276 -459.324992     7
  277 944.617001  8226
  278 8580.538510  8125
  279 3333.581565  1936
  280 437.503292   519
  281 -160.024788     4
  282 18802.008614 20779
  283 1131.638703  5897
  284 -92.856681     7
  285 -37.790588     5
  286 -337.020634     2
  287 925.103419 13467
  288 -1300.390542     7
  289 -487.917126     1
  290 1727.476542 15224
  291 3857.351632 16581
  292 11243.032627 16126
  293 -809.786016     6
  294 14457.566178 12038
  295 30.768223 14498
  296 2635.361872  4174
  297 -370.666947     6
  298 -1881.739851     5
  299 4866.893349 21172
  300 10278.487865 14979
