300
    1 1449.829074     1
    2 15588.481620 22552
    3 -592.981161     7
    4 -1.589254     7
    5 -785.808089     8
    6 11252.667175 11402
    7 333.566102  7882
    8 3537.446056  5438
    9 -70.936991     7
   10 1919.403665  6863
   11 -1675.476575     1
   12 4293.736882   525
   13 -50.611084     2
   14 9369.678397 20096
   15 -1371.750492     7
   16 6021.680660 24956
   17 -12.383261     8
   18 -3260.002569     6
   19 11269.805654 14573
   20 -1287.267041     7
   21 3801.180128 21823
   22 1696.405263 15275
   23 4588.048029 14868
   24 -1125.863709     6
   25 2497.166529  2208
   26 -207.393577     1
   27 25340.362461 20395
   28 -413.430368     3
   29 12904.985426  4613
   30 26571.789685 14985
   31 4474.235713 10343
   32 -165.276798     7
   33 1858.101740  2104
   34 -1302.532712     7
   35 20241.825599 17064
   36 3721.546606 21647
   37 -1188.145209     0
   38 1719.942487  1257
   39 -736.839821     9
   40 1736.528204  2568
   41 7350.525588 12082
   42 1623.729798 15949
   43 428.213524 13544
   44 11549.515821 23714
   45 -376.329713     8
   46 11813.435727 10842
   47 14752.624167 15863
   48 -997.040071     0
   49 -1860.315091     7
   50 2951.271309  1573
   51 1652.146895   828
   52 6559.274125 12746
   53 1308.800041   314
   54 12509.762439 23962
   55 14141.295311 23513
   56 -742.880260     3
   57 13948.353648 27528
   58 -2031.816650     5
   59 -165.056326     3
   60 -2707.027744     2
   61 1245.846267 19028
   62 -894.298487     7
   63 -631.963150     7
   64 8810.233234 26634
   65 5361.117369  8009
   66 11862.180284 18283
   67 13855.731399 14765
   68 -808.966262     5
   69 9147.447569  4234
   70 3972.475847  6832
   71 4229.275460  6524
   72 -1764.700600     1
   73 1322.681888 23238
   74 16171.927858 23525
   75 -2553.985390     4
   76 5979.598217 10172
   77 8387.800237 21958
   78 -600.298623     7
   79 -2021.359791     8
   80 -1006.202016     1
   81 6175.630235  3195
   82 3780.858389  3101
   83 -803.564940     6
   84 8995.384451  7462
   85 2657.091747  1250
   86 8806.638194 13695
   87 -935.621839     0
   88 -1466.861857     4
   89 -800.951525     5
   90 2706.338993 11841
   91 7340.892256  3905
   92 2992.899203 26181
   93 697.413057  6201
   94 -238.840737     0
   95 -328.900895     5
   96 4130.823619 20258
   97 937.403380 11140
   98 -1300.675919     0
   99 1160.065224  7350
  100 -1953.646966     3
  101 7844.639821  6709
  102 -767.295016     0
  103 25039.166130 20824
  104 1463.394493 10814
  105 -780.633954     3
  106 3024.318502  1080
  107 18755.603921 23377
  108 -1139.240170     6
  109 2154.653881  1281
  110 -213.203563     8
  111 5187.849040 12350
  112 -615.036396     5
  113 16088.315485 21527
  114 -2180.867533     1
  115 11603.576358 12613
  116 31694.396131 25599
  117 186.969653  2552
  118 6589.839810  4764
  119 1586.548697 11817
  120 1885.524414  8720
  121 644.383902   876
  122 1217.195617 21854
  123 -561.032628     9
  124 2288.409618   546
  125 -324.342180     5
  126 -2726.040325     1
  127 -3284.152260     7
  128 -3455.753229     8
  129 6099.804202 22728
  130 231.231222 12216
  131 12274.480622 19666
  132 1563.039340    74
  133 -1219.241060     8
  134 6832.720382 16240
  135 344.048539 23404
  136 4898.025589  3066
  137 4247.025825  3236
  138 -496.201040     9
  139 1405.390738 26575
  140 -172.866863     4
  141 12235.021137 23859
  142 -671.629365     0
  143 4375.120532 15705
  144 2832.668706 14460
  145 6574.647283 16428
  146 16411.139410 26421
  147 972.970459 10799
  148 -609.218932     0
  149 -175.572545     1
  150 16994.760503 14927
  151 -834.860281     0
  152 20.426851  4176
  153 842.993705  3369
  154 -2826.841975     7
  155 -855.904393     6
  156 50012.610043 26851
  157 -1023.867406     8
  158 5310.676034  5560
  159 -208.603753     4
  160 11421.552932 13900
  161 -777.061071     9
  162 5177.675846 23379
  163 5539.749409 18562
  164 -363.889854     9
  165 -108.502681     0
  166 5240.182544  4587
  167 3431.553982  4200
  168 -412.087152     9
  169 -52.200771     3
  170 -917.326888     4
  171 -508.037264     3
  172 6290.213308 24598
  173 10675.353975 14057
  174 -1401.408824     9
  175 7169.855196 15891
  176 -912.760420     0
  177 -783.353848     4
  178 10767.981118 20565
  179 3974.055033 11021
  180 18277.143613 19654
  181 -392.541390     1
  182 557.566556 13672
  183 13560.115234 14952
  184 3073.420009 26785
  185 337.403375  6455
  186 -164.083916     5
  187 -1808.673772     5
  188 -1696.111249     5
  189 7221.750955 16729
  190 4989.096825 13760
  191 -370.959419     2
  192 18138.324948 24846
  193 -1297.623601     5
  194 -710.657459     7
  195 -1915.965946     9
  196 -363.776379     1
  197 8648.674474 15816
  198 10497.988662 17659
  199 -318.947690     4
  200 6389.061790  6147
  201 -1457.953668     1
  202 15380.521086 26161
  203 2014.681836  9518
  204 -2726.030369     4
  205 15748.404388 18278
  206 8845.599288 12201
  207 -99.437599     3
  208 -1240.985666     5
  209 2248.619942 11251
  210 3466.132580 11128
  211 1554.798467 18494
  212 -175.981949     1
  213 -359.796853     0
  214 889.798713 15528
  215 -733.907014     5
  216 2302.874182  1154
  217 3791.362284 15143
  218 -2097.536697     3
  219 10382.306857 16679
  220 -2273.831757     5
  221 3272.589423  1476
  222 16325.104669 19127
  223 2989.566121  5680
  224 1524.876010  2168
  225 -500.907732     5
  226 2571.244794 25072
  227 639.094100   460
  228 1400.166274  3095
  229 3701.386113  8458
  230 -950.374124     4
  231 7676.528878 11398
  232 2405.542934   881
  233 2700.413498  1061
  234 -149.613801     9
  235 7739.453978 17055
  236 -403.850390     9
  237 9721.936179 25768
  238 5591.859983 14732
  239 -107.662719     2
  240 3707.967994    35
  241 8483.114261  9045
  242 -1033.071120     4
  243 10305.288628 25507
  244 2125.689888 27680
  245 3988.621067  6344
  246 8775.293917 21407
  247 -1326.216489     8
  248 -764.190031     2
  249 8931.402659 21608
  250 2625.908809 19993
  251 -1503.748128     0
  252 1925.983016   131
  253 12923.105764 26725
  254 -252.650847     7
  255 2876.575468  4774
  256 -841.402151     8
  257 -446.599735     3
  258 4599.709613 11874
  259 -1439.591751     4
  260 -638.784968     5
  261 12676.060247 15881
  262 -55.028458     3
  263 12016.831627 14536
  264 5508.986989  1231
  265 1660.360564 13187
  266 6024.396722  7031
  267 -786.361546     0
  268 11907.250538 12441
  269 -310.209240     1
  270 -435.781765     0
  271 33572.296230 20832
  272 -203.311350     3
  273 4659.317015 13008
  274 2989.234456  3973
  275 7619.217420  9596
  276 -1734.810677     7
  277 2709.486504  8226
  278 3891.453389  8125
  279 3444.634720  1936
  280 1448.817983   519
  281 -284.833482     4
  282 841.366090 20779
  283 3410.328060  5897
  284 -2354.141290     7
  285 -1039.018030     5
  286 -1343.632582     2
  287 2345.031465 13467
  288 -777.720392     7
  289 -16.572554     1
  290 404.517123 15224
  291 8799.767692 16581
  292 167.077387 16126
  293 -133.618280     6
  294 19092.640646 12038
  295 10113.924001 14498
  296 4841.487248  4174
  297 -1845.834632     6
  298 -1110.973667     5
  299 10105.380972 21172
  300 10130.664501 14979
