300
    1 545.084889     1
    2 16294.613137 22552
    3 -560.605291     7
    4 -875.069695     7
    5 -1032.725235     8
    6 6484.018061 11402
    7 4901.677245  7882
    8 7984.492244  5438
    9 -439.275390     7
   10 5235.910760  6863
   11 -727.778943     1
   12 6932.388231   525
   13 -544.000745     2
   14 3512.229874 20096
   15 -1163.036280     7
   16 1450.424674 24956
   17 -2197.608172     8
   18 -226.053199     6
   19 9029.979333 14573
   20 -130.088861     7
   21 4861.424827 21823
   22 6632.606292 15275
   23 1612.775478 14868
   24 -1035.956750     6
   25 3707.239294  2208
   26 -676.125668     1
   27 1902.754161 20395
   28 -2110.947150     3
   29 5757.513639  4613
   30 11520.497216 14985
   31 1897.617149 10343
   32 -631.900688     7
   33 3306.500647  2104
   34 -129.094747     7
   35 21491.519273 17064
   36 2466.021242 21647
   37 -348.487194     0
   38 8157.584206  1257
   39 -615.190286     9
   40 2846.484711  2568
   41 2935.029384 12082
   42 1818.411186 15949
   43 5547.391108 13544
   44 17435.212096 23714
   45 -1426.817860     8
   46 3297.352878 10842
   47 14146.730976 15863
   48 -1377.410493     0
   49 -965.809756     7
   50 755.996612  1573
   51 1300.638848   828
   52 349.913143 12746
   53 4188.321054   314
   54 13972.183059 23962
   55 878.105832 23513
   56 -1251.804705     3
   57 19481.511102 27528
   58 -722.836683     5
   59 -927.548676     3
   60 -1128.772712     2
   61 11241.571389 19028
   62 -1887.768759     7
   63 -552.107396     7
   64 15180.917420 26634
   65 4730.518698  8009
   66 1796.069583 18283
   67 6951.171283 14765
   68 -8.157815     5
   69 92.349418  4234
   70 3682.773602  6832
   71 9078.326192  6524
   72 -952.612550     1
   73 14483.246445 23238
   74 4107.561203 23525
   75 -403.678461     4
   76 2261.936569 10172
   77 14683.884478 21958
   78 -1099.908249     7
   79 -81.030673     8
   80 -874.792432     1
   81 2123.973935  3195
   82 1025.848469  3101
   83 -909.571112     6
   84 25.595258  7462
   85 6022.696368  1250
   86 8089.562313 13695
   87 -121.721553     0
   88 -1011.377322     4
   89 -312.347735     5
   90 1499.018911 11841
   91 3311.263302  3905
   92 11385.259977 26181
   93 2642.988360  6201
   94 -742.316941     0
   95 -125.437582     5
   96 1769.768659 20258
   97 18826.754843 11140
   98 -913.036301     0
   99 6128.333150  7350
  100 -82.385792     3
  101 1642.492948  6709
  102 -621.041671     0
  103 8080.664091 20824
  104 1082.790643 10814
  105 -1041.687939     3
  106 2748.729946  1080
  107 5199.999976 23377
  108 -1771.171809     6
  109 2699.226452  1281
  110 -739.657017     8
  111 6391.556608 12350
  112 -158.277862     5
  113 2013.375435 21527
  114 -328.195433     1
  115 19765.815220 12613
  116 1945.874592 25599
  117 4067.224640  2552
  118 323.291962  4764
  119 9916.788727 11817
  120 2281.056125  8720
  121 414.594143   876
  122 16331.095788 21854
  123 -493.943054     9
  124 2182.778079   546
  125 -81.424536     5
  126 -74.427702     1
  127 -1580.954174     7
  128 -618.870051     8
  129 2985.475157 22728
  130 6032.703231 12216
  131 32347.998185 19666
  132 1414.668925    74
  133 -53.052810     8
  134 1601.549239 16240
  135 218.906090 23404
  136 4165.151181  3066
  137 4377.701949  3236
  138 -853.721502     9
  139 5515.344463 26575
  140 -319.306154     4
  141 3025.057711 23859
  142 -147.554481     0
  143 3699.450353 15705
  144 7515.873252 14460
  145 15642.412910 16428
  146 39842.514385 26421
  147 13024.017577 10799
  148 -46.322516     0
  149 -137.350863     1
  150 7801.196194 14927
  151 -1286.956483     0
  152 1918.247051  4176
  153 2221.713766  3369
  154 -1553.129343     7
  155 -603.744802     6
  156 25549.060667 26851
  157 -805.433966     8
  158 4220.427652  5560
  159 -16.837726     4
  160 8715.641196 13900
  161 -636.710671     9
  162 8660.921262 23379
  163 10503.760180 18562
  164 -59.665458     9
  165 -1368.605141     0
  166 6843.591353  4587
  167 4660.380792  4200
  168 -724.326172     9
  169 -167.622462     3
  170 -1980.201636     4
  171 -2156.617545     3
  172 266.060772 24598
  173 4277.373781 14057
  174 -354.902351     9
  175 7831.878454 15891
  176 -553.643204     0
  177 -369.006533     4
  178 19693.230288 20565
  179 5332.401796 11021
  180 9203.226763 19654
  181 -165.869026     1
  182 10534.878098 13672
  183 12142.505695 14952
  184 4168.441224 26785
  185 6871.622082  6455
  186 -531.066596     5
  187 -2222.926202     5
  188 -1553.986272     5
  189 4076.129023 16729
  190 6474.360453 13760
  191 -11.712498     2
  192 20488.362284 24846
  193 -1184.852957     5
  194 -395.473012     7
  195 -516.378174     9
  196 -679.219248     1
  197 10945.965544 15816
  198 10433.561702 17659
  199 -524.224503     4
  200 12410.458118  6147
  201 -2615.738175     1
  202 11024.060176 26161
  203 7089.383635  9518
  204 -27.969555     4
  205 1636.768564 18278
  206 5207.695856 12201
  207 -909.052392     3
  208 -959.585267     5
  209 632.264260 11251
  210 11025.080828 11128
  211 9843.140185 18494
  212 -503.691077     1
  213 -274.684444     0
  214 4900.003153 15528
  215 -1063.614969     5
  216 3933.867305  1154
  217 11676.236326 15143
  218 -220.527784     3
  219 2784.032161 16679
  220 -291.294199     5
  221 331.978803  1476
  222 10627.724001 19127
  223 8593.280433  5680
  224 642.332210  2168
  225 -603.643527     5
  226 691.659070 25072
  227 827.585136   460
  228 2774.811931  3095
  229 7324.881970  8458
  230 -2152.693764     4
  231 10650.486028 11398
  232 2458.126398   881
  233 1459.681128  1061
  234 -1240.120131     9
  235 7969.702487 17055
  236 -683.154758     9
  237 14193.156059 25768
  238 4006.437208 14732
  239 -1937.908318     2
  240 5045.120260    35
  241 4690.715709  9045
  242 -708.240758     4
  243 292.196022 25507
  244 8952.565532 27680
  245 1755.755728  6344
  246 8525.600305 21407
  247 -657.371749     8
  248 -1850.417708     2
  249 4944.815593 21608
  250 3022.429944 19993
  251 -736.224061     0
  252 1325.751596   131
  253 6178.844291 26725
  254 -2313.192234     7
  255 678.205112  4774
  256 -221.326678     8
  257 -3166.764405     3
  258 865.125209 11874
  259 -2044.136326     4
  260 -939.223635     5
  261 15343.113767 15881
  262 -1375.497619     3
  263 2636.994646 14536
  264 4160.597338  1231
  265 8003.666629 13187
  266 5522.330122  7031
  267 -418.555248     0
  268 609.818874 12441
  269 -1732.049666     1
  270 -1513.553820     0
  271 14314.426573 20832
  272 -101.035212     3
  273 540.615700 13008
  274 484.065373  3973
  275 4795.661348  9596
  276 -2.014900     7
  277 7929.775535  8226
  278 1484.291326  8125
  279 4959.660487  1936
  280 3830.204627   519
  281 -394.467430     4
  282 14583.749892 20779
  283 4874.087749  5897
  284 -1481.276436     7
  285 -730.868741     5
  286 -2450.173702     2
  287 24495.777996 13467
  288 -830.497283     7
  289 -964.416758     1
  290 2393.853675 15224
  291 6747.129482 16581
  292 5848.517211 16126
  293 -521.145378     6
  294 7923.928978 12038
  295 2366.276281 14498
  296 363.901764  4174
  297 -1324.094429     6
  298 -1130.634815     5
  299 7665.484474 21172
  300 26.459485 14979
