300
    1 1995.507921     1
    2 872.164807 22552
    3 -1219.036260     7
    4 -210.178980     7
    5 -1017.602285     8
    6 5053.080614 11402
    7 7925.040124  7882
    8 4501.563242  5438
    9 -300.427545     7
   10 400.812994  6863
   11 -1954.569662     1
   12 5644.132966   525
   13 -478.693042     2
   14 19327.082813 20096
   15 -588.847057     7
   16 12848.483258 24956
   17 -1919.942873     8
   18 -65.464294     6
   19 7987.682375 14573
   20 -1532.749329     7
   21 3751.188719 21823
   22 4834.984856 15275
   23 17766.789786 14868
   24 -483.508599     6
   25 2615.168929  2208
   26 -360.393471     1
   27 2661.037748 20395
   28 -1432.135034     3
   29 2566.091340  4613
   30 39510.144271 14985
   31 1795.617600 10343
   32 -888.934826     7
   33 3582.517953  2104
   34 -1671.113308     7
   35 1016.708578 17064
   36 15100.762272 21647
   37 -316.372057     0
   38 1586.856992  1257
   39 -903.853401     9
   40 4343.541727  2568
   41 1471.321008 12082
   42 7489.687366 15949
   43 601.312852 13544
   44 11465.802640 23714
   45 -644.810612     8
   46 299.602044 10842
   47 14044.359839 15863
   48 -1057.189494     0
   49 -1541.028881     7
   50 434.161224  1573
   51 3115.300829   828
   52 6497.844479 12746
   53 3347.668477   314
   54 14523.155547 23962
   55 15805.404061 23513
   56 -57.917824     3
   57 9623.700946 27528
   58 -198.159398     5
   59 -289.503600     3
   60 -1.820838     2
   61 7726.890575 19028
   62 -911.269580     7
   63 -2411.962166     7
   64 20219.796972 26634
   65 4954.899125  8009
   66 7269.162374 18283
   67 2196.509341 14765
   68 -546.339971     5
   69 5790.719426  4234
   70 1258.266110  6832
   71 2613.195634  6524
   72 -1435.101085     1
   73 4599.387771 23238
   74 1426.872724 23525
   75 -409.053993     4
   76 99.153536 10172
   77 13606.504190 21958
   78 -1601.327253     7
   79 -864.486717     8
   80 -393.164020     1
   81 8269.484218  3195
   82 6145.055840  3101
   83 -1618.003612     6
   84 3280.578989  7462
   85 1988.401982  1250
   86 11723.981855 13695
   87 -692.121132     0
   88 -91.425346     4
   89 -7.146818     5
   90 6823.012087 11841
   91 3676.502881  3905
   92 27126.041186 26181
   93 2039.646092  6201
   94 -22.391318     0
   95 -928.929391     5
   96 27044.832438 20258
   97 6105.810108 11140
   98 -1565.147789     0
   99 1292.865424  7350
  100 -668.746027     3
  101 842.293507  6709
  102 -250.864680     0
  103 7592.030329 20824
  104 16843.829897 10814
  105 -138.114582     3
  106 4333.828672  1080
  107 15614.048304 23377
  108 -647.624106     6
  109 5003.414234  1281
  110 -108.299037     8
  111 7276.983613 12350
  112 -656.919807     5
  113 21635.385333 21527
  114 -1061.666529     1
  115 1413.677028 12613
  116 7745.065016 25599
  117 1205.371633  2552
  118 4988.004773  4764
  119 533.241635 11817
  120 15398.958681  8720
  121 103.435805   876
  122 3846.245215 21854
  123 -266.623843     9
  124 867.802865   546
  125 -330.653265     5
  126 -680.190987     1
  127 -1557.613704     7
  128 -212.931683     8
  129 8076.190395 22728
  130 4473.988562 12216
  131 4933.059243 19666
  132 1494.518704    74
  133 -470.281200     8
  134 30003.896810 16240
  135 5827.616812 23404
  136 1832.546486  3066
  137 5004.543662  3236
  138 -2414.939386     9
  139 26414.819220 26575
  140 -2053.480602     4
  141 9865.286234 23859
  142 -178.457909     0
  143 6762.525049 15705
  144 11701.507096 14460
  145 8835.889570 16428
  146 12590.467428 26421
  147 11116.814622 10799
  148 -489.704766     0
  149 -1042.096295     1
  150 12099.779505 14927
  151 -1626.465253     0
  152 8277.423913  4176
  153 3903.462770  3369
  154 -1697.628562     7
  155 -218.597838     6
  156 21823.718488 26851
  157 -1214.804797     8
  158 1577.851470  5560
  159 -1527.422937     4
  160 29.557880 13900
  161 -669.332871     9
  162 8800.576687 23379
  163 12440.129136 18562
  164 -957.482823     9
  165 -1779.167290     0
  166 4143.635279  4587
  167 5171.537119  4200
  168 -2918.590201     9
  169 -284.929783     3
  170 -697.931802     4
  171 -1667.638008     3
  172 21625.654372 24598
  173 14951.312648 14057
  174 -535.876956     9
  175 1234.596662 15891
  176 -1035.645084     0
  177 -418.848460     4
  178 12685.165896 20565
  179 6576.963153 11021
  180 6958.952096 19654
  181 -2284.903755     1
  182 4115.439744 13672
  183 16894.450776 14952
  184 12007.422415 26785
  185 3373.769516  6455
  186 -214.209872     5
  187 -1214.445065     5
  188 -2412.754356     5
  189 129.809384 16729
  190 5524.304126 13760
  191 -344.457070     2
  192 3005.591349 24846
  193 -1982.942624     5
  194 -812.602169     7
  195 -375.967341     9
  196 -317.423110     1
  197 4669.027485 15816
  198 8184.283852 17659
  199 -1351.018892     4
  200 7110.038701  6147
  201 -3343.266383     1
  202 17181.703209 26161
  203 2168.299760  9518
  204 -105.316815     4
  205 11954.092089 18278
  206 1389.966779 12201
  207 -539.148858     3
  208 -188.368302     5
  209 4064.455213 11251
  210 17047.582333 11128
  211 12929.463205 18494
  212 -1266.540598     1
  213 -106.087833     0
  214 3198.459116 15528
  215 -996.940162     5
  216 2196.424376  1154
  217 7415.304299 15143
  218 -809.181802     3
  219 177.719623 16679
  220 -1461.863175     5
  221 193.944146  1476
  222 4583.998530 19127
  223 7648.361928  5680
  224 4800.075777  2168
  225 -787.626410     5
  226 14444.529121 25072
  227 3976.168011   460
  228 1484.246149  3095
  229 8409.171865  8458
  230 -347.113616     4
  231 2840.846543 11398
  232 648.209058   881
  233 2206.614697  1061
  234 -1679.940312     9
  235 8908.879397 17055
  236 -385.192208     9
  237 14111.353166 25768
  238 10832.207503 14732
  239 -594.685257     2
  240 2252.113086    35
  241 3538.604724  9045
  242 -2011.559958     4
  243 10862.059368 25507
  244 8265.810409 27680
  245 1297.776817  6344
  246 4387.543253 21407
  247 -37.685639     8
  248 -143.950061     2
  249 12896.329731 21608
  250 17267.990098 19993
  251 -318.780858     0
  252 2990.326121   131
  253 52526.235410 26725
  254 -2302.795590     7
  255 2627.138202  4774
  256 -158.752938     8
  257 -1070.587968     3
  258 12371.096469 11874
  259 -1974.757993     4
  260 -407.864391     5
  261 14945.708627 15881
  262 -723.445409     3
  263 7305.582822 14536
  264 3568.260896  1231
  265 8162.048922 13187
  266 1176.066993  7031
  267 -496.063780     0
  268 640.266087 12441
  269 -282.562214     1
  270 -197.970380     0
  271 8608.450908 20832
  272 -385.583355     3
  273 225.748692 13008
  274 335.769949  3973
  275 8440.240899  9596
  276 -1431.036923     7
  277 8116.730191  8226
  278 6536.140765  8125
  279 3928.533285  1936
  280 159.737636   519
  281 -219.670940     4
  282 26147.891267 20779
  283 340.620317  5897
  284 -2790.012542     7
  285 -160.325896     5
  286 -1991.344028     2
  287 2137.450237 13467
  288 -598.088177     7
  289 -452.211101     1
  290 6120.336473 15224
  291 10867.516781 16581
  292 330.960368 16126
  293 -1414.491977     6
  294 9041.787678 12038
  295 6537.007370 14498
  296 3667.733471  4174
  297 -244.660387     6
  298 -596.707843     5
  299 2387.900950 21172
  300 8966.514846 14979
