300
    1 1801.045232     1
    2 7285.885115 22552
    3 -534.586573     7
    4 -539.011653     7
    5 -603.961993     8
    6 5464.724687 11402
    7 1199.055332  7882
    8 5675.314004  5438
    9 -179.176052     7
   10 3429.796687  6863
   11 -1836.297607     1
   12 2648.617886   525
   13 -374.479789     2
   14 1196.955125 20096
   15 -1799.774867     7
   16 9125.185849 24956
   17 -829.222091     8
   18 -1429.994159     6
   19 8492.484261 14573
   20 -1466.352869     7
   21 5236.400228 21823
   22 11994.303273 15275
   23 17499.890746 14868
   24 -167.346881     6
   25 4969.087662  2208
   26 -619.289032     1
   27 149.123994 20395
   28 -562.870402     3
   29 3716.364108  4613
   30 17803.267977 14985
   31 6751.386564 10343
   32 -739.546238     7
   33 364.513694  2104
   34 -153.889227     7
   35 24876.703963 17064
   36 20441.273373 21647
   37 -1409.723959     0
   38 444.281087  1257
   39 -352.489236     9
   40 182.308060  2568
   41 2455.430699 12082
   42 16317.955522 15949
   43 5907.112339 13544
   44 11449.452494 23714
   45 -876.777325     8
   46 17425.902308 10842
   47 25947.677594 15863
   48 -1316.961873     0
   49 -1826.828611     7
   50 1628.267587  1573
   51 2069.404636   828
   52 17811.034340 12746
   53 2557.063007   314
   54 4126.472455 23962
   55 1189.744375 23513
   56 -841.688352     3
   57 9623.889507 27528
   58 -1255.212703     5
   59 -395.142517     3
   60 -1691.142717     2
   61 4005.095559 19028
   62 -2415.909418     7
   63 -543.189898     7
   64 23877.397431 26634
   65 6197.531791  8009
   66 326.134421 18283
   67 1542.483005 14765
   68 -1783.943780     5
   69 3810.223381  4234
   70 8500.614605  6832
   71 3920.715412  6524
   72 -337.513768     1
   73 5592.155175 23238
   74 16760.414750 23525
   75 -882.455275     4
   76 17750.593335 10172
   77 12614.726895 21958
   78 -143.989380     7
   79 -267.852646     8
   80 -1546.765500     1
   81 3685.944069  3195
   82 378.760282  3101
   83 -541.641233     6
   84 3049.788734  7462
   85 844.503330  1250
   86 10376.164716 13695
   87 -553.737693     0
   88 -2839.916595     4
   89 -133.160670     5
   90 831.656176 11841
   91 10.036900  3905
   92 6305.170386 26181
   93 5660.162452  6201
   94 -2081.750361     0
   95 -679.360749     5
   96 15493.289784 20258
   97 428.869753 11140
   98 -493.394809     0
   99 974.640251  7350
  100 -185.118139     3
  101 8003.753705  6709
  102 -2244.440686     0
  103 10954.345937 20824
  104 5310.134044 10814
  105 -769.300514     3
  106 3293.621858  1080
  107 1543.734472 23377
  108 -619.122662     6
  109 960.307634  1281
  110 -1999.196163     8
  111 6538.401704 12350
  112 -201.416199     5
  113 27557.580021 21527
  114 -16.273249     1
  115 4564.589482 12613
  116 22745.852233 25599
  117 3003.224767  2552
  118 670.913294  4764
  119 2019.778605 11817
  120 7225.652044  8720
  121 748.645445   876
  122 30586.520336 21854
  123 -1781.775012     9
  124 2204.079395   546
  125 -337.778330     5
  126 -1546.582965     1
  127 -188.134803     7
  128 -1145.912092     8
  129 9458.391581 22728
  130 6951.334645 12216
  131 4221.489025 19666
  132 364.571523    74
  133 -242.056634     8
  134 342.033061 16240
  135 6029.947834 23404
  136 7396.243606  3066
  137 3415.546616  3236
  138 -421.169223     9
  139 18194.115575 26575
  140 -3406.054107     4
  141 8577.033080 23859
  142 -1228.776706     0
  143 5217.256310 15705
  144 180.639955 14460
  145 12320.515059 16428
  146 27345.217872 26421
  147 1537.087444 10799
  148 -677.665948     0
  149 -1334.412161     1
  150 3763.646764 14927
  151 -1391.127183     0
  152 4251.178083  4176
  153 7167.798340  3369
  154 -2228.109179     7
  155 -285.625947     6
  156 4891.430008 26851
  157 -1032.677066     8
  158 9525.027216  5560
  159 -80.328513     4
  160 3385.750560 13900
  161 -874.511308     9
  162 25170.049528 23379
  163 10417.437047 18562
  164 -290.743186     9
  165 -1075.998202     0
  166 10133.070591  4587
  167 2416.653148  4200
  168 -483.283620     9
  169 -1025.202134     3
  170 -454.664904     4
  171 -202.819932     3
  172 11574.948588 24598
  173 2476.627865 14057
  174 -32.412379     9
  175 3531.780565 15891
  176 -526.482083     0
  177 -724.077956     4
  178 2707.772142 20565
  179 5654.280037 11021
  180 16108.312906 19654
  181 -770.799513     1
  182 10139.323428 13672
  183 1341.677507 14952
  184 16317.249250 26785
  185 203.611724  6455
  186 -606.708731     5
  187 -3254.393590     5
  188 -1113.941431     5
  189 17180.064888 16729
  190 88.063381 13760
  191 -581.847556     2
  192 12315.053791 24846
  193 -1568.980603     5
  194 -539.523588     7
  195 -244.216213     9
  196 -93.683137     1
  197 2898.349493 15816
  198 6118.551690 17659
  199 -2190.278431     4
  200 10505.465036  6147
  201 -1999.483924     1
  202 21237.261177 26161
  203 3394.969779  9518
  204 -614.382842     4
  205 13541.870276 18278
  206 6243.464311 12201
  207 -551.301413     3
  208 -841.785138     5
  209 14350.507261 11251
  210 5468.709333 11128
  211 8951.087986 18494
  212 -451.370916     1
  213 -165.333778     0
  214 14717.399936 15528
  215 -128.518709     5
  216 646.222526  1154
  217 17178.429028 15143
  218 -82.522837     3
  219 28677.444716 16679
  220 -239.882831     5
  221 5710.228855  1476
  222 6137.728627 19127
  223 2371.593549  5680
  224 1279.468538  2168
  225 -350.513254     5
  226 2503.826394 25072
  227 5193.217798   460
  228 4140.874865  3095
  229 1755.575126  8458
  230 -814.375370     4
  231 8897.942496 11398
  232 5221.901848   881
  233 1559.089132  1061
  234 -881.389861     9
  235 4739.999190 17055
  236 -1164.859529     9
  237 2663.032166 25768
  238 6952.213267 14732
  239 -708.473873     2
  240 218.179117    35
  241 1619.887905  9045
  242 -393.062811     4
  243 10164.929212 25507
  244 13407.082317 27680
  245 4076.971471  6344
  246 2621.360319 21407
  247 -194.086949     8
  248 -653.265319     2
  249 21854.829923 21608
  250 7691.387999 19993
  251 -301.869015     0
  252 2842.859985   131
  253 14219.375165 26725
  254 -1449.937505     7
  255 3297.984328  4774
  256 -1027.700353     8
  257 -167.832261     3
  258 6183.757318 11874
  259 -710.666038     4
  260 -2012.178144     5
  261 13109.031278 15881
  262 -238.199373     3
  263 994.508425 14536
  264 3222.291474  1231
  265 6299.625720 13187
  266 9273.217193  7031
  267 -1226.809402     0
  268 9353.771326 12441
  269 -1556.707648     1
  270 -1849.619205     0
  271 12634.099496 20832
  272 -250.781691     3
  273 704.212383 13008
  274 2344.401484  3973
  275 7863.203499  9596
  276 -2330.799559     7
  277 5479.928821  8226
  278 6407.558426  8125
  279 2090.476327  1936
  280 718.563297   519
  281 -1050.374001     4
  282 18113.076914 20779
  283 10749.198127  5897
  284 -899.936022     7
  285 -3215.445909     5
  286 -468.839607     2
  287 4927.947167 13467
  288 -22.752708     7
  289 -282.202098     1
  290 4456.276655 15224
  291 10157.517806 16581
  292 2880.577815 16126
  293 -67.856942     6
  294 4789.727697 12038
  295 14928.238426 14498
  296 3759.450621  4174
  297 -1103.576437     6
  298 -1333.322758     5
  299 6520.968068 21172
  300 2059.943326 14979
