300
    1 814.377338     1
    2 8856.870837 22552
    3 -3177.736319     7
    4 -33.261931     7
    5 -25.486464     8
    6 6932.899603 11402
    7 8376.580746  7882
    8 8606.109990  5438
    9 -877.049657     7
   10 3405.425951  6863
   11 -1578.046626     1
   12 330.364675   525
   13 -935.810878     2
   14 20501.746058 20096
   15 -2586.015439     7
   16 2660.413406 24956
   17 -5.885807     8
   18 -840.896237     6
   19 8414.682741 14573
   20 -96.344590     7
   21 10646.556771 21823
   22 9525.398081 15275
   23 640.938979 14868
   24 -1965.192466     6
   25 1199.491262  2208
   26 -574.798277     1
   27 21592.768527 20395
   28 -389.032091     3
   29 372.779103  4613
   30 9989.796768 14985
   31 1996.254427 10343
   32 -1257.056635     7
   33 1901.242989  2104
   34 -844.947014     7
   35 10631.799583 17064
   36 29466.519534 21647
   37 -22.223079     0
   38 1954.411943  1257
   39 -1775.056693     9
   40 2096.056207  2568
   41 2074.370306 12082
   42 13222.205493 15949
   43 5363.239893 13544
   44 6143.897644 23714
   45 -1548.738701     8
   46 10679.712226 10842
   47 1354.443560 15863
   48 -139.084840     0
   49 -2073.293803     7
   50 1613.933613  1573
   51 746.779366   828
   52 5777.755991 12746
   53 1599.955199   314
   54 29710.546479 23962
   55 1950.731529 23513
   56 -154.007739     3
   57 2927.361340 27528
   58 -215.377812     5
   59 -1595.150439     3
   60 -84.373718     2
   61 5992.530300 19028
   62 -276.752822     7
   63 -909.374448     7
   64 7502.510735 26634
   65 1995.933508  8009
   66 3018.936874 18283
   67 23071.618817 14765
   68 -2279.224315     5
   69 4314.177955  4234
   70 8010.250209  6832
   71 6055.099658  6524
   72 -704.891698     1
   73 4367.122105 23238
   74 2509.109425 23525
   75 -99.684047     4
   76 198.211775 10172
   77 187.398883 21958
   78 -31.956078     7
   79 -1333.675785     8
   80 -477.335900     1
   81 2560.233640  3195
   82 418.380681  3101
   83 -497.525321     6
   84 12676.859526  7462
   85 4615.400191  1250
   86 5929.043165 13695
   87 -2511.589324     0
   88 -2032.840873     4
   89 -117.463061     5
   90 285.965822 11841
   91 4829.172711  3905
   92 10997.319200 26181
   93 2478.546489  6201
   94 -1657.464478     0
   95 -0.376132     5
   96 12311.155225 20258
   97 12075.191355 11140
   98 -566.676826     0
   99 15691.703580  7350
  100 -1039.933262     3
  101 1365.302690  6709
  102 -791.862560     0
  103 12991.189315 20824
  104 3835.326513 10814
  105 -443.920084     3
  106 3802.603998  1080
  107 3839.850272 23377
  108 -1293.526720     6
  109 6365.854817  1281
  110 -350.539339     8
  111 8549.942578 12350
  112 -185.617830     5
  113 4644.173177 21527
  114 -2658.237339     1
  115 4697.439241 12613
  116 16526.333650 25599
  117 1584.162754  2552
  118 4216.638839  4764
  119 2068.290101 11817
  120 2251.229246  8720
  121 2336.133933   876
  122 17754.471989 21854
  123 -156.232771     9
  124 1453.128014   546
  125 -1210.177931     5
  126 -1527.333339     1
  127 -1883.116880     7
  128 -1984.651624     8
  129 7635.206851 22728
  130 3594.327225 12216
  131 1702.638807 19666
  132 1094.260742    74
  133 -273.033770     8
  134 10585.963092 16240
  135 41938.741478 23404
  136 2727.524198  3066
  137 347.788487  3236
  138 -184.175598     9
  139 12355.088885 26575
  140 -847.095044     4
  141 4431.688425 23859
  142 -1566.658263     0
  143 21665.693922 15705
  144 11453.254391 14460
  145 21149.633300 16428
  146 993.061346 26421
  147 2244.242274 10799
  148 -54.538656     0
  149 -824.128847     1
  150 15896.991359 14927
  151 -402.096049     0
  152 3835.250691  4176
  153 3138.629211  3369
  154 -1392.836129     7
  155 -920.679361     6
  156 20982.155674 26851
  157 -4390.860090     8
  158 2759.344230  5560
  159 -858.491584     4
  160 13845.444058 13900
  161 -910.391031     9
  162 1776.688011 23379
  163 12120.531848 18562
  164 -125.931147     9
  165 -753.390113     0
  166 2915.259148  4587
  167 1992.235977  4200
  168 -903.184031     9
  169 -1059.418555     3
  170 -2723.371760     4
  171 -1583.353724     3
  172 14569.331475 24598
  173 3353.232946 14057
  174 -200.519638     9
  175 4038.156405 15891
  176 -457.532037     0
  177 -449.900911     4
  178 622.602703 20565
  179 414.345940 11021
  180 10269.043450 19654
  181 -58.726988     1
  182 8019.297867 13672
  183 2580.578579 14952
  184 15715.155616 26785
  185 2924.065341  6455
  186 -295.780887     5
  187 -561.229540     5
  188 -166.505866     5
  189 12315.049367 16729
  190 8514.978166 13760
  191 -950.763095     2
  192 29405.403876 24846
  193 -227.498965     5
  194 -1862.721546     7
  195 -2541.961889     9
  196 -446.708527     1
  197 8844.073284 15816
  198 10810.848679 17659
  199 -115.541303     4
  200 7259.852931  6147
  201 -564.531049     1
  202 8590.604924 26161
  203 5455.253562  9518
  204 -1303.060632     4
  205 10719.384101 18278
  206 4666.550819 12201
  207 -142.711833     3
  208 -1606.119931     5
  209 4527.519701 11251
  210 5541.793127 11128
  211 6211.044035 18494
  212 -74.063936     1
  213 -13.384785     0
  214 6176.117134 15528
  215 -1036.093921     5
  216 2142.464137  1154
  217 7420.460311 15143
  218 -2462.680283     3
  219 23615.745136 16679
  220 -575.256458     5
  221 4741.906676  1476
  222 16733.665493 19127
  223 5795.695833  5680
  224 4607.571197  2168
  225 -335.525668     5
  226 23765.814236 25072
  227 4805.663244   460
  228 5597.185290  3095
  229 4387.226793  8458
  230 -519.328824     4
  231 7303.286798 11398
  232 512.899568   881
  233 1786.801049  1061
  234 -200.445924     9
  235 10909.805483 17055
  236 -668.112991     9
  237 40803.449942 25768
  238 6298.282732 14732
  239 -2582.801245     2
  240 4738.835556    35
  241 10073.442626  9045
  242 -2093.740496     4
  243 13727.896568 25507
  244 11223.793339 27680
  245 2345.652238  6344
  246 21130.783291 21407
  247 -662.656270     8
  248 -281.658080     2
  249 27776.275965 21608
  250 4037.180778 19993
  251 -1050.437147     0
  252 614.603586   131
  253 4322.788149 26725
  254 -438.586714     7
  255 2270.097819  4774
  256 -1683.226626     8
  257 -363.306621     3
  258 3106.960559 11874
  259 -513.204836     4
  260 -1335.217651     5
  261 7412.937360 15881
  262 -242.293481     3
  263 11659.994229 14536
  264 227.240633  1231
  265 9683.329383 13187
  266 1502.733661  7031
  267 -242.282595     0
  268 1190.251083 12441
  269 -552.979056     1
  270 -1903.641624     0
  271 7974.188824 20832
  272 -73.256877     3
  273 6080.212136 13008
  274 4554.739077  3973
  275 5559.383526  9596
  276 -882.782004     7
  277 9202.269835  8226
  278 4092.284754  8125
  279 6691.029362  1936
  280 1211.082514   519
  281 -627.721193     4
  282 19556.483977 20779
  283 3190.560695  5897
  284 -2299.110372     7
  285 -1060.082848     5
  286 -509.032783     2
  287 265.810479 13467
  288 -81.208209     7
  289 -119.494522     1
  290 10611.587810 15224
  291 17685.514982 16581
  292 5378.771641 16126
  293 -1836.713530     6
  294 15685.749882 12038
  295 9928.319839 14498
  296 1128.700364  4174
  297 -1847.908259     6
  298 -1772.678179     5
  299 7764.052536 21172
  300 2821.428531 14979
