300
    1 533.366454     1
    2 24220.745586 22552
    3 -629.155039     7
    4 -1275.914039     7
    5 -460.792074     8
    6 18704.556390 11402
    7 9855.465463  7882
    8 1968.128190  5438
    9 -248.457607     7
   10 3287.909626  6863
   11 -584.710764     1
   12 1068.327717   525
   13 -522.440247     2
   14 180.073803 20096
   15 -697.320238     7
   16 19207.782249 24956
   17 -399.882118     8
   18 -216.913596     6
   19 12678.240408 14573
   20 -1855.376433     7
   21 5288.061323 21823
   22 5912.943524 15275
   23 11816.004920 14868
   24 -702.402372     6
   25 2036.543211  2208
   26 -932.052591     1
   27 29240.899726 20395
   28 -651.284809     3
   29 2505.968392  4613
   30 14942.359968 14985
   31 8793.229346 10343
   32 -892.630222     7
   33 4082.000125  2104
   34 -931.170018     7
   35 1294.882960 17064
   36 12565.252308 21647
   37 -745.031177     0
   38 9057.221744  1257
   39 -876.625463     9
   40 3737.187501  2568
   41 10320.971094 12082
   42 17577.439332 15949
   43 4686.587407 13544
   44 9552.138049 23714
   45 -1481.166217     8
   46 21546.810767 10842
   47 1162.027248 15863
   48 -488.961551     0
   49 -241.114725     7
   50 1209.667532  1573
   51 6371.611584   828
   52 4135.230474 12746
   53 1328.740417   314
   54 8006.775515 23962
   55 4660.971603 23513
   56 -285.799591     3
   57 6851.919168 27528
   58 -1199.492319     5
   59 -2124.816652     3
   60 -208.648215     2
   61 11444.912376 19028
   62 -95.903669     7
   63 -208.095826     7
   64 895.673087 26634
   65 4401.672790  8009
   66 5959.029360 18283
   67 4497.682763 14765
   68 -1874.094889     5
   69 4814.461167  4234
   70 5219.324913  6832
   71 2678.169740  6524
   72 -161.296894     1
   73 2974.555908 23238
   74 8305.435115 23525
   75 -1903.723769     4
   76 937.013495 10172
   77 972.431407 21958
   78 -101.059175     7
   79 -1229.896906     8
   80 -438.041475     1
   81 5692.046099  3195
   82 2635.660160  3101
   83 -573.835783     6
   84 592.784490  7462
   85 668.993349  1250
   86 3035.830177 13695
   87 -2348.512119     0
   88 -2621.446804     4
   89 -58.827850     5
   90 1597.027919 11841
   91 4075.027173  3905
   92 3671.682474 26181
   93 8005.539917  6201
   94 -423.227761     0
   95 -1311.876285     5
   96 16089.201173 20258
   97 9061.462249 11140
   98 -413.623268     0
   99 14748.322830  7350
  100 -1864.751070     3
  101 7625.736536  6709
  102 -1189.450954     0
  103 11096.909343 20824
  104 7921.321422 10814
  105 -794.481166     3
  106 5340.408785  1080
  107 3996.515585 23377
  108 -1163.764030     6
  109 453.135194  1281
  110 -817.525243     8
  111 1858.653635 12350
  112 -617.072919     5
  113 10309.832905 21527
  114 -524.404993     1
  115 5869.707742 12613
  116 8536.830820 25599
  117 1020.333881  2552
  118 4436.670589  4764
  119 3271.192324 11817
  120 3659.985000  8720
  121 2717.220616   876
  122 8537.664934 21854
  123 -691.243756     9
  124 1854.765989   546
  125 -312.208496     5
  126 -998.225905     1
  127 -1686.114980     7
  128 -1391.720677     8
  129 1628.753217 22728
  130 471.729290 12216
  131 16861.383096 19666
  132 896.260220    74
  133 -1903.196173     8
  134 1076.954995 16240
  135 10371.451592 23404
  136 4319.745695  3066
  137 2425.802262  3236
  138 -697.932386     9
  139 8213.641834 26575
  140 -2013.528567     4
  141 15442.157958 23859
  142 -1462.295913     0
  143 2746.694651 15705
  144 5467.222372 14460
  145 190.071175 16428
  146 7748.969066 26421
  147 9258.854881 10799
  148 -2282.762942     0
  149 -810.216414     1
  150 5682.877060 14927
  151 -19.944855     0
  152 7809.452984  4176
  153 571.118101  3369
  154 -1109.485440     7
  155 -1723.059376     6
  156 2385.114770 26851
  157 -2306.679080     8
  158 6156.259604  5560
  159 -160.081561     4
  160 869.345227 13900
  161 -2437.992860     9
  162 5886.066682 23379
  163 4517.885572 18562
  164 -218.726475     9
  165 -1000.910672     0
  166 2821.601961  4587
  167 9932.167903  4200
  168 -1315.982417     9
  169 -482.577090     3
  170 -159.917187     4
  171 -2002.897196     3
  172 16033.588042 24598
  173 12034.825777 14057
  174 -514.570642     9
  175 1239.739746 15891
  176 -117.060815     0
  177 -2209.056285     4
  178 5038.267331 20565
  179 26137.469097 11021
  180 2032.433553 19654
  181 -278.133045     1
  182 4484.012636 13672
  183 13554.561340 14952
  184 24383.875678 26785
  185 3200.372669  6455
  186 -155.369670     5
  187 -653.194214     5
  188 -2244.359974     5
  189 9000.050831 16729
  190 11877.282171 13760
  191 -671.223300     2
  192 6713.362832 24846
  193 -1561.730667     5
  194 -1156.200523     7
  195 -159.618385     9
  196 -112.675645     1
  197 37856.088164 15816
  198 4399.648001 17659
  199 -2341.286799     4
  200 3398.807961  6147
  201 -623.000730     1
  202 18377.603758 26161
  203 4520.962616  9518
  204 -491.915856     4
  205 9034.595436 18278
  206 9394.113975 12201
  207 -629.885799     3
  208 -338.551439     5
  209 12248.493952 11251
  210 5532.937207 11128
  211 874.766728 18494
  212 -304.681782     1
  213 -1112.539786     0
  214 957.397633 15528
  215 -348.343287     5
  216 1766.898968  1154
  217 4784.797495 15143
  218 -1952.100997     3
  219 20101.652034 16679
  220 -468.037896     5
  221 2446.209218  1476
  222 5703.720903 19127
  223 6110.684640  5680
  224 1387.429832  2168
  225 -831.643641     5
  226 8393.661359 25072
  227 420.092737   460
  228 490.948281  3095
  229 5137.630880  8458
  230 -314.480153     4
  231 1331.246021 11398
  232 1057.945087   881
  233 3056.326437  1061
  234 -180.740117     9
  235 2895.636082 17055
  236 -1638.547142     9
  237 11165.269825 25768
  238 9258.174476 14732
  239 -2755.115348     2
  240 1345.499397    35
  241 4624.955853  9045
  242 -132.884190     4
  243 26809.124580 25507
  244 681.970703 27680
  245 8051.016035  6344
  246 11959.993770 21407
  247 -267.653084     8
  248 -904.994466     2
  249 9056.293457 21608
  250 9890.898809 19993
  251 -186.973658     0
  252 2963.071485   131
  253 18756.200932 26725
  254 -282.044215     7
  255 4838.302450  4774
  256 -246.990063     8
  257 -160.483422     3
  258 8931.225712 11874
  259 -823.929957     4
  260 -506.007672     5
  261 8718.998432 15881
  262 -1413.712953     3
  263 2351.447963 14536
  264 3788.240862  1231
  265 1908.019583 13187
  266 1856.154697  7031
  267 -400.880593     0
  268 237.851433 12441
  269 -2168.528570     1
  270 -450.828782     0
  271 21670.771794 20832
  272 -1266.162839     3
  273 17919.635294 13008
  274 1176.498927  3973
  275 8045.109340  9596
  276 -1848.610668     7
  277 9814.994259  8226
  278 9562.320930  8125
  279 2422.323281  1936
  280 1870.592371   519
  281 -208.475272     4
  282 15426.832279 20779
  283 7298.808801  5897
  284 -689.441160     7
  285 -2382.985812     5
  286 -1815.209311     2
  287 4246.144922 13467
  288 -921.416422     7
  289 -499.581761     1
  290 1871.555881 15224
  291 1195.414736 16581
  292 17209.705657 16126
  293 -961.617236     6
  294 4943.680067 12038
  295 2513.974097 14498
  296 4333.913290  4174
  297 -2906.547133     6
  298 -1600.008921     5
  299 12124.140465 21172
  300 6511.648885 14979
