300
    1 1935.810402     1
    2 1513.918293 22552
    3 -426.636458     7
    4 -890.275637     7
    5 -30.928041     8
    6 684.088648 11402
    7 12947.592144  7882
    8 3135.370360  5438
    9 -487.824633     7
   10 5151.337830  6863
   11 -526.971391     1
   12 1835.670082   525
   13 -134.411626     2
   14 20829.875996 20096
   15 -1004.281487     7
   16 35020.518642 24956
   17 -365.142055     8
   18 -2200.634999     6
   19 6307.243540 14573
   20 -42.374519     7
   21 1480.779413 21823
   22 20228.048360 15275
   23 7680.397470 14868
   24 -701.132394     6
   25 5590.217377  2208
   26 -656.875852     1
   27 10184.013137 20395
   28 -278.741283     3
   29 791.797004  4613
   30 9540.032175 14985
   31 3805.500365 10343
   32 -264.636042     7
   33 4251.040593  2104
   34 -1490.074344     7
   35 11083.488445 17064
   36 29188.252158 21647
   37 -119.322914     0
   38 1655.241496  1257
   39 -118.617711     9
   40 420.812607  2568
   41 3458.932425 12082
   42 2919.248967 15949
   43 3003.434222 13544
   44 16755.588289 23714
   45 -1885.616600     8
   46 423.074603 10842
   47 215.151579 15863
   48 -228.649616     0
   49 -438.381379     7
   50 518.881892  1573
   51 269.426713   828
   52 7101.809780 12746
   53 3623.996426   314
   54 5530.898978 23962
   55 23629.428370 23513
   56 -767.695179     3
   57 8613.362739 27528
   58 -431.601100     5
   59 -1685.375369     3
   60 -2408.339400     2
   61 1901.155830 19028
   62 -826.838306     7
   63 -2942.263370     7
   64 1489.125162 26634
   65 8354.260701  8009
   66 35.146083 18283
   67 6949.792576 14765
   68 -2491.515500     5
   69 2726.365091  4234
   70 3274.872288  6832
   71 11774.178853  6524
   72 -1165.166008     1
   73 12058.543578 23238
   74 218.237593 23525
   75 -796.839651     4
   76 3270.010712 10172
   77 11326.975209 21958
   78 -1298.365377     7
   79 -1133.876845     8
   80 -1538.992179     1
   81 34.009894  3195
   82 2018.617665  3101
   83 -449.973337     6
   84 3100.109321  7462
   85 2568.808865  1250
   86 7226.325421 13695
   87 -293.530134     0
   88 -2120.125318     4
   89 -441.691853     5
   90 292.845776 11841
   91 1163.707824  3905
   92 14728.147708 26181
   93 3223.790518  6201
   94 -1025.594121     0
   95 -1345.984763     5
   96 19066.095013 20258
   97 12298.894337 11140
   98 -1845.538800     0
   99 8685.507842  7350
  100 -234.386848     3
  101 5714.821495  6709
  102 -739.864003     0
  103 15254.891888 20824
  104 4578.671846 10814
  105 -2434.615617     3
  106 254.923316  1080
  107 11939.498629 23377
  108 -1287.652837     6
  109 5160.669608  1281
  110 -1818.676675     8
  111 8592.072393 12350
  112 -459.094913     5
  113 13376.151972 21527
  114 -2003.787129     1
  115 18650.060676 12613
  116 19222.298036 25599
  117 4342.131852  2552
  118 6067.259709  4764
  119 8648.446301 11817
  120 11412.748450  8720
  121 1631.834502   876
  122 150.845329 21854
  123 -394.386566     9
  124 3732.299588   546
  125 -87.811810     5
  126 -1434.480001     1
  127 -1232.587811     7
  128 -60.304651     8
  129 6929.123442 22728
  130 2347.230984 12216
  131 5943.544722 19666
  132 6811.200166    74
  133 -535.795394     8
  134 20224.352628 16240
  135 1100.892876 23404
  136 764.516361  3066
  137 10381.702514  3236
  138 -1452.255231     9
  139 51.116583 26575
  140 -2838.502855     4
  141 7909.702449 23859
  142 -151.892905     0
  143 11044.504434 15705
  144 469.126083 14460
  145 3611.316314 16428
  146 25061.497778 26421
  147 4376.383816 10799
  148 -7.447658     0
  149 -7.020363     1
  150 125.721628 14927
  151 -98.675337     0
  152 8797.082172  4176
  153 1692.390529  3369
  154 -1584.452149     7
  155 -1118.859273     6
  156 7784.478614 26851
  157 -2793.658344     8
  158 8282.783155  5560
  159 -619.491753     4
  160 11928.607347 13900
  161 -542.652317     9
  162 8419.832745 23379
  163 17006.220375 18562
  164 -144.568134     9
  165 -580.077296     0
  166 3304.387205  4587
  167 7755.987549  4200
  168 -745.624838     9
  169 -485.764023     3
  170 -583.028649     4
  171 -380.467507     3
  172 4574.449050 24598
  173 2411.616558 14057
  174 -2211.913366     9
  175 7566.150861 15891
  176 -214.929567     0
  177 -863.954101     4
  178 7246.057037 20565
  179 3833.058115 11021
  180 7267.869299 19654
  181 -1684.091594     1
  182 9316.734899 13672
  183 848.283362 14952
  184 2748.656088 26785
  185 5708.105469  6455
  186 -559.845019     5
  187 -2322.088098     5
  188 -582.377729     5
  189 12495.821273 16729
  190 2091.864278 13760
  191 -724.164672     2
  192 5660.563335 24846
  193 -1662.481015     5
  194 -1150.280770     7
  195 -70.744523     9
  196 -414.141552     1
  197 1929.618017 15816
  198 16802.950214 17659
  199 -1042.803915     4
  200 1553.181975  6147
  201 -1895.356006     1
  202 1131.007967 26161
  203 3751.296104  9518
  204 -1124.375166     4
  205 3288.134031 18278
  206 5829.476183 12201
  207 -433.027288     3
  208 -787.045327     5
  209 13763.766664 11251
  210 17963.808807 11128
  211 11768.079455 18494
  212 -758.458747     1
  213 -621.053754     0
  214 4548.625570 15528
  215 -1068.543679     5
  216 5527.534337  1154
  217 774.724009 15143
  218 -357.941309     3
  219 4731.586909 16679
  220 -499.687306     5
  221 4179.685396  1476
  222 131.256791 19127
  223 6482.747810  5680
  224 1343.664338  2168
  225 -622.078833     5
  226 15927.202878 25072
  227 3482.106104   460
  228 3510.251942  3095
  229 9833.116450  8458
  230 -17.943265     4
  231 7277.029101 11398
  232 2894.691437   881
  233 677.855239  1061
  234 -219.965086     9
  235 22829.201271 17055
  236 -856.954809     9
  237 14787.509057 25768
  238 9614.993938 14732
  239 -1624.025033     2
  240 570.194889    35
  241 12034.014670  9045
  242 -2567.308688     4
  243 13114.726957 25507
  244 18893.852582 27680
  245 5076.481061  6344
  246 6182.960121 21407
  247 -644.312214     8
  248 -111.833803     2
  249 3923.333362 21608
  250 22182.614693 19993
  251 -149.506261     0
  252 587.154368   131
  253 19008.369575 26725
  254 -314.947750     7
  255 4388.605500  4774
  256 -761.784068     8
  257 -648.752950     3
  258 965.566487 11874
  259 -1347.789594     4
  260 -652.803742     5
  261 9284.361418 15881
  262 -719.709204     3
  263 17755.851053 14536
  264 556.738494  1231
  265 10862.788001 13187
  266 5740.108890  7031
  267 -300.152069     0
  268 2576.971067 12441
  269 -948.761260     1
  270 -85.463859     0
  271 12163.765631 20832
  272 -1044.451549     3
  273 2045.511970 13008
  274 857.311528  3973
  275 13394.767037  9596
  276 -3491.661421     7
  277 4337.687836  8226
  278 9783.478351  8125
  279 3926.545981  1936
  280 6450.701258   519
  281 -1187.441243     4
  282 1871.624595 20779
  283 2583.326429  5897
  284 -2026.402400     7
  285 -1665.994518     5
  286 -560.137601     2
  287 1937.480789 13467
  288 -738.382132     7
  289 -374.701726     1
  290 4573.012196 15224
  291 17206.574568 16581
  292 6627.731993 16126
  293 -1403.799117     6
  294 2707.064837 12038
  295 9766.814060 14498
  296 3156.366735  4174
  297 -2428.199857     6
  298 -490.741223     5
  299 9405.963031 21172
  300 21994.933995 14979
