300
    1 307.916362     1
    2 9471.688473 22552
    3 -459.914155     7
    4 -695.358385     7
    5 -228.018826     8
    6 2188.420281 11402
    7 15256.976534  7882
    8 2046.259792  5438
    9 -358.815614     7
   10 903.257071  6863
   11 -184.841127     1
   12 5645.277918   525
   13 -57.680069     2
   14 9082.133136 20096
   15 -72.789090     7
   16 27256.968072 24956
   17 -771.663191     8
   18 -283.689111     6
   19 50.264787 14573
   20 -1258.276547     7
   21 1843.142795 21823
   22 756.418531 15275
   23 36.253233 14868
   24 -140.900778     6
   25 1574.652457  2208
   26 -134.288229     1
   27 10509.460343 20395
   28 -2074.576480     3
   29 3051.794819  4613
   30 602.018214 14985
   31 878.265181 10343
   32 -1139.079933     7
   33 1878.677069  2104
   34 -88.769419     7
   35 6761.180510 17064
   36 15311.832944 21647
   37 -350.325744     0
   38 6224.306356  1257
   39 -3144.057850     9
   40 2264.843345  2568
   41 977.121201 12082
   42 15778.520672 15949
   43 11118.616849 13544
   44 25375.447968 23714
   45 -3227.779062     8
   46 2659.795993 10842
   47 4617.341258 15863
   48 -952.353434     0
   49 -238.878294     7
   50 858.355033  1573
   51 682.443985   828
   52 10163.099931 12746
   53 1400.176852   314
   54 16771.603638 23962
   55 15309.019017 23513
   56 -1286.941821     3
   57 5296.392349 27528
   58 -271.975259     5
   59 -141.182038     3
   60 -1041.497497     2
   61 8503.837254 19028
   62 -2663.424411     7
   63 -1256.346900     7
   64 17456.508245 26634
   65 461.528987  8009
   66 3381.601104 18283
   67 1967.800624 14765
   68 -378.849736     5
   69 6120.125725  4234
   70 9810.318975  6832
   71 11837.139049  6524
   72 -314.727276     1
   73 7163.059286 23238
   74 20441.520111 23525
   75 -970.981908     4
   76 2113.853143 10172
   77 4144.987044 21958
   78 -713.871593     7
   79 -527.135186     8
   80 -886.634017     1
   81 2275.136197  3195
   82 8557.188618  3101
   83 -716.865962     6
   84 7265.572946  7462
   85 1216.376368  1250
   86 4377.234382 13695
   87 -1221.374987     0
   88 -271.303199     4
   89 -601.239826     5
   90 5303.209775 11841
   91 227.444081  3905
   92 2949.945089 26181
   93 8013.324696  6201
   94 -1045.771521     0
   95 -340.907730     5
   96 11877.522891 20258
   97 5039.285060 11140
   98 -2067.779257     0
   99 3338.039031  7350
  100 -1892.869842     3
  101 7185.543182  6709
  102 -316.029494     0
  103 19855.207239 20824
  104 3202.061787 10814
  105 -603.880934     3
  106 3154.514258  1080
  107 24169.163562 23377
  108 -386.847533     6
  109 3176.117630  1281
  110 -1377.346604     8
  111 10497.925877 12350
  112 -469.549727     5
  113 14670.163630 21527
  114 -454.046359     1
  115 7091.416847 12613
  116 14688.025538 25599
  117 704.164072  2552
  118 1292.974407  4764
  119 3515.232418 11817
  120 5024.913789  8720
  121 2768.914656   876
  122 9855.555746 21854
  123 -576.636569     9
  124 5811.665243   546
  125 -831.535892     5
  126 -1243.260123     1
  127 -1888.594138     7
  128 -1743.766957     8
  129 21263.807969 22728
  130 3839.746514 12216
  131 7588.530260 19666
  132 1338.063523    74
  133 -464.679511     8
  134 10207.320409 16240
  135 22003.530359 23404
  136 3851.158557  3066
  137 5157.661946  3236
  138 -948.689067     9
  139 22040.713565 26575
  140 -37.068072     4
  141 12195.365437 23859
  142 -309.983826     0
  143 16513.573884 15705
  144 7686.709109 14460
  145 22130.549583 16428
  146 12261.816825 26421
  147 5075.160949 10799
  148 -780.776894     0
  149 -260.656133     1
  150 5242.687376 14927
  151 -1436.079770     0
  152 4317.879783  4176
  153 3906.060182  3369
  154 -580.835294     7
  155 -1811.213705     6
  156 8437.279781 26851
  157 -863.392946     8
  158 2367.935242  5560
  159 -1259.466424     4
  160 2377.993113 13900
  161 -538.767992     9
  162 10885.260363 23379
  163 14946.188337 18562
  164 -618.629079     9
  165 -546.402763     0
  166 339.378703  4587
  167 1680.783802  4200
  168 -1549.345592     9
  169 -255.241894     3
  170 -744.475115     4
  171 -31.250866     3
  172 4974.799525 24598
  173 8233.863351 14057
  174 -1583.159601     9
  175 7542.782054 15891
  176 -185.048171     0
  177 -330.002152     4
  178 2995.285300 20565
  179 4745.736660 11021
  180 19311.181431 19654
  181 -1239.139714     1
  182 23946.444407 13672
  183 10339.470517 14952
  184 26819.427756 26785
  185 2406.771987  6455
  186 -75.399556     5
  187 -133.355726     5
  188 -634.942707     5
  189 2014.303665 16729
  190 13286.507589 13760
  191 -776.599052     2
  192 2190.974868 24846
  193 -1734.798159     5
  194 -1297.876398     7
  195 -1823.249210     9
  196 -179.623418     1
  197 29485.187428 15816
  198 8103.686552 17659
  199 -564.007133     4
  200 11311.886412  6147
  201 -912.453504     1
  202 2672.251973 26161
  203 1107.410954  9518
  204 -1187.848663     4
  205 4759.188653 18278
  206 12399.153594 12201
  207 -155.735401     3
  208 -2657.039717     5
  209 5027.548279 11251
  210 1905.266596 11128
  211 19933.668259 18494
  212 -563.253038     1
  213 -845.815932     0
  214 1138.091612 15528
  215 -416.426178     5
  216 3300.382335  1154
  217 21384.276842 15143
  218 -1502.410609     3
  219 7342.478275 16679
  220 -64.805517     5
  221 3683.579510  1476
  222 10615.550777 19127
  223 16106.155254  5680
  224 2790.169504  2168
  225 -1091.261749     5
  226 2303.698754 25072
  227 1957.694778   460
  228 6629.547458  3095
  229 6069.661111  8458
  230 -248.887813     4
  231 4421.780124 11398
  232 702.380738   881
  233 376.874696  1061
  234 -322.334361     9
  235 17597.699168 17055
  236 -2746.340213     9
  237 11029.366227 25768
  238 8269.433252 14732
  239 -87.602327     2
  240 1177.657800    35
  241 2174.236982  9045
  242 -1462.973817     4
  243 7596.175048 25507
  244 2557.927352 27680
  245 7172.248007  6344
  246 153.459546 21407
  247 -60.539791     8
  248 -249.219183     2
  249 226.422225 21608
  250 5810.444055 19993
  251 -487.612537     0
  252 282.369177   131
  253 9545.924210 26725
  254 -319.060635     7
  255 3167.334891  4774
  256 -362.687284     8
  257 -392.966023     3
  258 2424.017390 11874
  259 -770.024865     4
  260 -2890.648474     5
  261 1649.623578 15881
  262 -845.308201     3
  263 1277.025900 14536
  264 6216.578309  1231
  265 7251.064594 13187
  266 294.325496  7031
  267 -784.598802     0
  268 8200.838645 12441
  269 -683.000413     1
  270 -320.855374     0
  271 209.684801 20832
  272 -772.195889     3
  273 3655.818367 13008
  274 7047.906864  3973
  275 1195.069942  9596
  276 -2665.751136     7
  277 1080.317751  8226
  278 7565.627563  8125
  279 1882.370693  1936
  280 6491.215530   519
  281 -435.085202     4
  282 5831.689691 20779
  283 1269.118382  5897
  284 -2651.631139     7
  285 -1860.782192     5
  286 -3281.875300     2
  287 10700.028117 13467
  288 -89.313910     7
  289 -359.756182     1
  290 15729.013848 15224
  291 9610.016316 16581
  292 605.449524 16126
  293 -167.110200     6
  294 15763.756102 12038
  295 2389.537252 14498
  296 4855.433967  4174
  297 -262.297862     6
  298 -3502.374568     5
  299 1615.790055 21172
  300 743.016027 14979
