300
    1 2359.108975     1
    2 20843.130371 22552
    3 -1998.233337     7
    4 -605.561491     7
    5 -412.027271     8
    6 13563.484750 11402
    7 2828.787283  7882
    8 1954.698381  5438
    9 -1095.919182     7
   10 7810.360250  6863
   11 -1117.665226     1
   12 1675.783011   525
   13 -96.811975     2
   14 10409.031702 20096
   15 -110.164495     7
   16 4582.714442 24956
   17 -92.345513     8
   18 -302.876777     6
   19 6254.408628 14573
   20 -396.880334     7
   21 6323.153869 21823
   22 2982.065742 15275
   23 4538.817465 14868
   24 -454.605016     6
   25 542.456660  2208
   26 -48.003031     1
   27 1504.740056 20395
   28 -911.672501     3
   29 13389.629909  4613
   30 7584.018081 14985
   31 3412.377591 10343
   32 -587.192749     7
   33 3222.768771  2104
   34 -1177.204173     7
   35 2776.867369 17064
   36 4579.805453 21647
   37 -186.535626     0
   38 66.697924  1257
   39 -605.692740     9
   40 7570.996296  2568
   41 4463.665973 12082
   42 7761.720834 15949
   43 24203.272281 13544
   44 4895.365372 23714
   45 -1362.876843     8
   46 4593.481775 10842
   47 25859.462393 15863
   48 -167.639046     0
   49 -3633.171862     7
   50 3469.005196  1573
   51 3938.006631   828
   52 13435.416878 12746
   53 3192.713524   314
   54 7354.176760 23962
   55 10816.822858 23513
   56 -4028.979301     3
   57 26344.519235 27528
   58 -987.584069     5
   59 -115.044382     3
   60 -4567.358439     2
   61 7982.105285 19028
   62 -237.615913     7
   63 -125.093538     7
   64 34303.119015 26634
   65 19035.651907  8009
   66 508.220398 18283
   67 12554.806080 14765
   68 -2375.726148     5
   69 2543.488456  4234
   70 796.507904  6832
   71 1333.812447  6524
   72 -489.979989     1
   73 15466.774126 23238
   74 16216.821838 23525
   75 -795.801995     4
   76 1229.821134 10172
   77 23532.016595 21958
   78 -780.506250     7
   79 -728.510984     8
   80 -661.590269     1
   81 8504.147030  3195
   82 1068.208876  3101
   83 -1706.884679     6
   84 3966.068107  7462
   85 427.549227  1250
   86 1376.649062 13695
   87 -2048.311882     0
   88 -191.189779     4
   89 -389.467686     5
   90 4549.863216 11841
   91 1147.815069  3905
   92 7414.355703 26181
   93 808.173774  6201
   94 -309.641067     0
   95 -1245.400375     5
   96 12874.246455 20258
   97 12144.684021 11140
   98 -276.682198     0
   99 3161.909090  7350
  100 -1397.235694     3
  101 2712.131211  6709
  102 -592.588115     0
  103 16398.780758 20824
  104 47.814791 10814
  105 -331.156523     3
  106 3279.271509  1080
  107 22384.283745 23377
  108 -1390.527867     6
  109 2784.719371  1281
  110 -1196.032746     8
  111 3427.360996 12350
  112 -1333.813861     5
  113 1355.704932 21527
  114 -2455.142330     1
  115 15590.572731 12613
  116 194.540157 25599
  117 4175.248464  2552
  118 7159.496151  4764
  119 23197.565374 11817
  120 5209.997145  8720
  121 51.346890   876
  122 14812.354270 21854
  123 -131.883446     9
  124 2913.180596   546
  125 -465.389573     5
  126 -729.417581     1
  127 -210.107003     7
  128 -115.818645     8
  129 6434.260851 22728
  130 22591.114590 12216
  131 1149.146855 19666
  132 1886.232052    74
  133 -215.486636     8
  134 1925.052680 16240
  135 30340.070891 23404
  136 7750.861986  3066
  137 2382.370119  3236
  138 -1402.327014     9
  139 5162.092929 26575
  140 -160.807667     4
  141 36141.222466 23859
  142 -29.956160     0
  143 11668.975667 15705
  144 330.040490 14460
  145 16147.065861 16428
  146 26081.244924 26421
  147 11246.901422 10799
  148 -432.555434     0
  149 -993.024062     1
  150 16110.811794 14927
  151 -226.405540     0
  152 2379.372989  4176
  153 393.208088  3369
  154 -177.195764     7
  155 -1280.300576     6
  156 21486.085177 26851
  157 -848.549139     8
  158 4114.281647  5560
  159 -637.701887     4
  160 12963.311659 13900
  161 -1877.028218     9
  162 7584.476798 23379
  163 2254.395132 18562
  164 -964.909026     9
  165 -628.230932     0
  166 5048.061918  4587
  167 6706.674738  4200
  168 -683.337881     9
  169 -1086.765359     3
  170 -1266.915759     4
  171 -631.567932     3
  172 2365.222310 24598
  173 8524.579027 14057
  174 -1554.553810     9
  175 6158.152264 15891
  176 -1070.268812     0
  177 -1329.411196     4
  178 13146.639942 20565
  179 4468.580346 11021
  180 2828.420850 19654
  181 -1398.464136     1
  182 2665.970061 13672
  183 12774.872550 14952
  184 2042.914115 26785
  185 14271.374767  6455
  186 -1030.202804     5
  187 -219.947302     5
  188 -402.185577     5
  189 1076.952530 16729
  190 10633.236407 13760
  191 -618.785828     2
  192 7730.737339 24846
  193 -1061.925564     5
  194 -228.361629     7
  195 -151.323349     9
  196 -405.054305     1
  197 23020.979137 15816
  198 1373.844675 17659
  199 -1416.580992     4
  200 4042.462157  6147
  201 -286.154265     1
  202 16977.762112 26161
  203 7218.018339  9518
  204 -1157.813940     4
  205 15371.171073 18278
  206 5146.596192 12201
  207 -144.359103     3
  208 -1528.284470     5
  209 2146.200132 11251
  210 6.453918 11128
  211 6047.609084 18494
  212 -30.890720     1
  213 -1438.472806     0
  214 8025.844054 15528
  215 -511.411269     5
  216 2402.283404  1154
  217 6240.693946 15143
  218 -2529.985032     3
  219 12027.384519 16679
  220 -1201.481722     5
  221 103.412658  1476
  222 5976.282587 19127
  223 3183.171064  5680
  224 2207.272224  2168
  225 -1103.410670     5
  226 1154.973985 25072
  227 358.291284   460
  228 766.248227  3095
  229 5323.306558  8458
  230 -1685.529169     4
  231 6472.968469 11398
  232 562.947753   881
  233 345.686449  1061
  234 -87.664345     9
  235 1343.144553 17055
  236 -125.213203     9
  237 19871.076877 25768
  238 1118.257958 14732
  239 -573.050324     2
  240 3138.569674    35
  241 3462.571178  9045
  242 -3233.414950     4
  243 6019.577749 25507
  244 3420.297641 27680
  245 2067.177934  6344
  246 22791.773961 21407
  247 -124.200266     8
  248 -55.270806     2
  249 5767.119403 21608
  250 16476.729078 19993
  251 -110.462842     0
  252 4540.349560   131
  253 2453.871035 26725
  254 -816.267769     7
  255 8.143533  4774
  256 -1078.766139     8
  257 -318.009581     3
  258 10949.367733 11874
  259 -14.573800     4
  260 -750.509024     5
  261 2883.310091 15881
  262 -1507.902078     3
  263 10333.519424 14536
  264 2796.701066  1231
  265 1043.587350 13187
  266 5480.994751  7031
  267 -496.827726     0
  268 2935.788653 12441
  269 -31.245052     1
  270 -504.659269     0
  271 2695.449018 20832
  272 -2078.915894     3
  273 7789.407552 13008
  274 2502.673206  3973
  275 6707.985913  9596
  276 -119.748997     7
  277 2806.151395  8226
  278 2617.814362  8125
  279 590.782241  1936
  280 2069.139615   519
  281 -827.169311     4
  282 3277.847155 20779
  283 3055.779981  5897
  284 -381.904284     7
  285 -1861.226067     5
  286 -165.798036     2
  287 3699.540108 13467
  288 -154.856830     7
  289 -588.602606     1
  290 3617.696203 15224
  291 7058.147822 16581
  292 1570.806395 16126
  293 -705.785682     6
  294 11321.880646 12038
  295 12555.716372 14498
  296 1968.349228  4174
  297 -475.709835     6
  298 -1382.740082     5
  299 7691.868208 21172
  300 5561.371491 14979
