300
    1 1621.967031     1
    2 10332.373440 22552
    3 -179.262420     7
    4 -810.217376     7
    5 -21.570784     8
    6 3240.376242 11402
    7 10115.034504  7882
    8 2645.842497  5438
    9 -1093.971300     7
   10 7565.298846  6863
   11 -1710.331628     1
   12 646.767748   525
   13 -140.227318     2
   14 3994.480251 20096
   15 -854.961352     7
   16 18613.672334 24956
   17 -887.536769     8
   18 -513.243116     6
   19 11577.720229 14573
   20 -1765.752260     7
   21 7251.076469 21823
   22 2331.684496 15275
   23 9289.453728 14868
   24 -616.762551     6
   25 2411.851111  2208
   26 -1436.586215     1
   27 2668.822757 20395
   28 -76.433469     3
   29 7183.572764  4613
   30 16009.767058 14985
   31 1655.265516 10343
   32 -1238.773590     7
   33 3116.763636  2104
   34 -2879.311333     7
   35 3679.332199 17064
   36 1408.714924 21647
   37 -115.614562     0
   38 4438.061729  1257
   39 -141.813792     9
   40 2057.858392  2568
   41 7848.938209 12082
   42 17178.780809 15949
   43 9044.136354 13544
   44 25218.474071 23714
   45 -2097.812846     8
   46 291.928897 10842
   47 13827.364112 15863
   48 -570.629739     0
   49 -364.663368     7
   50 2683.129270  1573
   51 5269.289805   828
   52 3034.379181 12746
   53 1797.380063   314
   54 6114.276202 23962
   55 19340.878172 23513
   56 -422.261420     3
   57 3374.077167 27528
   58 -381.484443     5
   59 -1615.259058     3
   60 -836.960000     2
   61 20347.597635 19028
   62 -260.271608     7
   63 -2141.459946     7
   64 17199.553217 26634
   65 2579.793551  8009
   66 6609.629735 18283
   67 5473.343020 14765
   68 -392.574842     5
   69 7969.346366  4234
   70 7692.252200  6832
   71 7499.764102  6524
   72 -404.485597     1
   73 7026.542553 23238
   74 9309.598235 23525
   75 -696.553813     4
   76 16605.946025 10172
   77 14567.487056 21958
   78 -133.742930     7
   79 -1196.816089     8
   80 -1604.123643     1
   81 5048.411336  3195
   82 2401.031674  3101
   83 -1046.522644     6
   84 28.702227  7462
   85 796.314663  1250
   86 9016.524937 13695
   87 -607.120150     0
   88 -1966.439639     4
   89 -18.168008     5
   90 4857.697426 11841
   91 1840.858822  3905
   92 28950.163443 26181
   93 4947.061073  6201
   94 -2801.183315     0
   95 -1244.162648     5
   96 29576.711737 20258
   97 4555.545991 11140
   98 -1576.202614     0
   99 16443.258226  7350
  100 -2519.608227     3
  101 1550.945157  6709
  102 -1028.145567     0
  103 10136.172019 20824
  104 4101.736312 10814
  105 -559.646150     3
  106 857.477755  1080
  107 16387.076358 23377
  108 -1766.294992     6
  109 3456.543870  1281
  110 -715.052494     8
  111 15979.101041 12350
  112 -138.062829     5
  113 8789.389021 21527
  114 -1043.986993     1
  115 3493.686834 12613
  116 10219.958846 25599
  117 8032.560867  2552
  118 1591.220347  4764
  119 6584.193031 11817
  120 5039.547453  8720
  121 5142.092107   876
  122 12824.781793 21854
  123 -319.026693     9
  124 1892.685407   546
  125 -340.475405     5
  126 -631.434733     1
  127 -3495.632330     7
  128 -1321.950943     8
  129 6955.047070 22728
  130 4106.274232 12216
  131 4273.759880 19666
  132 2693.498776    74
  133 -379.376977     8
  134 585.790182 16240
  135 8838.412012 23404
  136 5497.644473  3066
  137 4331.296544  3236
  138 -2839.006655     9
  139 14599.914038 26575
  140 -490.492833     4
  141 4879.896462 23859
  142 -1198.739625     0
  143 1476.886579 15705
  144 9428.120540 14460
  145 2983.295350 16428
  146 19513.589682 26421
  147 792.912148 10799
  148 -2564.786231     0
  149 -4185.497092     1
  150 8355.865373 14927
  151 -110.231091     0
  152 6949.140090  4176
  153 674.460950  3369
  154 -1390.982557     7
  155 -2625.685737     6
  156 7528.192722 26851
  157 -661.393163     8
  158 9886.744369  5560
  159 -151.607708     4
  160 3021.614211 13900
  161 -299.683612     9
  162 6737.496814 23379
  163 7345.455443 18562
  164 -254.923426     9
  165 -90.452112     0
  166 2991.549038  4587
  167 3408.172383  4200
  168 -2339.598832     9
  169 -1110.974192     3
  170 -1461.143607     4
  171 -2063.641066     3
  172 4811.024027 24598
  173 2575.649125 14057
  174 -807.546451     9
  175 3890.365792 15891
  176 -208.121471     0
  177 -812.279775     4
  178 30673.199311 20565
  179 4612.325349 11021
  180 695.739194 19654
  181 -490.395437     1
  182 16983.285629 13672
  183 7354.310735 14952
  184 8502.251389 26785
  185 976.415148  6455
  186 -752.081421     5
  187 -717.108316     5
  188 -1.113630     5
  189 5792.966693 16729
  190 4075.172166 13760
  191 -293.937701     2
  192 23050.091065 24846
  193 -2417.062097     5
  194 -62.661672     7
  195 -3494.668848     9
  196 -279.906645     1
  197 5224.288133 15816
  198 18134.620770 17659
  199 -1378.164185     4
  200 1306.511193  6147
  201 -693.482125     1
  202 7533.573132 26161
  203 7208.801579  9518
  204 -2291.657815     4
  205 8798.578391 18278
  206 912.065852 12201
  207 -195.830864     3
  208 -529.495643     5
  209 11056.288032 11251
  210 8585.742565 11128
  211 19496.689641 18494
  212 -36.579255     1
  213 -1239.509060     0
  214 11635.072420 15528
  215 -299.069376     5
  216 3690.796306  1154
  217 18972.007763 15143
  218 -640.804779     3
  219 4097.490660 16679
  220 -2694.754139     5
  221 1561.592270  1476
  222 1919.176465 19127
  223 1600.650080  5680
  224 14.807622  2168
  225 -300.973246     5
  226 16989.973014 25072
  227 215.147118   460
  228 10228.318569  3095
  229 638.771337  8458
  230 -858.982465     4
  231 4422.740965 11398
  232 3470.811246   881
  233 5855.102310  1061
  234 -1371.168914     9
  235 2658.013051 17055
  236 -1116.480807     9
  237 1321.805319 25768
  238 9224.775988 14732
  239 -3309.304595     2
  240 573.875348    35
  241 3000.952536  9045
  242 -1366.216960     4
  243 10337.326594 25507
  244 12648.348986 27680
  245 4574.468106  6344
  246 15264.127013 21407
  247 -721.438017     8
  248 -883.058057     2
  249 5413.583304 21608
  250 5600.055731 19993
  251 -777.392612     0
  252 1183.679550   131
  253 13467.517203 26725
  254 -678.878290     7
  255 8427.325452  4774
  256 -1091.666796     8
  257 -242.877180     3
  258 2414.209913 11874
  259 -716.876242     4
  260 -486.527618     5
  261 30559.144317 15881
  262 -314.213870     3
  263 2426.986625 14536
  264 744.705611  1231
  265 15303.869104 13187
  266 3654.655769  7031
  267 -137.746864     0
  268 3612.232617 12441
  269 -438.298067     1
  270 -2151.321612     0
  271 13622.191775 20832
  272 -276.655282     3
  273 14665.275026 13008
  274 6936.054311  3973
  275 1759.734495  9596
  276 -2506.710886     7
  277 9224.209426  8226
  278 6932.277803  8125
  279 427.422589  1936
  280 1513.402808   519
  281 -1032.151650     4
  282 11867.471537 20779
  283 4695.016154  5897
  284 -177.961960     7
  285 -2646.058130     5
  286 -598.759286     2
  287 8234.250158 13467
  288 -1432.013153     7
  289 -1363.768670     1
  290 2070.607398 15224
  291 3383.444278 16581
  292 1744.731533 16126
  293 -493.290215     6
  294 714.537465 12038
  295 18077.423657 14498
  296 1492.727354  4174
  297 -829.682754     6
  298 -1790.746483     5
  299 9447.109547 21172
  300 638.002403 14979
