300
    1 3915.000474     1
    2 10961.924341 22552
    3 -149.283851     7
    4 -355.791718     7
    5 -58.019869     8
    6 8406.811728 11402
    7 7569.848436  7882
    8 5822.245712  5438
    9 -1116.206348     7
   10 4901.470198  6863
   11 -682.108352     1
   12 1134.634245   525
   13 -739.786122     2
   14 20448.231332 20096
   15 -525.669873     7
   16 6755.595643 24956
   17 -10.680259     8
   18 -1492.299658     6
   19 15775.119415 14573
   20 -2173.621370     7
   21 9901.530746 21823
   22 12147.493168 15275
   23 14929.383346 14868
   24 -697.097643     6
   25 6413.800083  2208
   26 -349.965705     1
   27 6934.078931 20395
   28 -1503.556453     3
   29 8188.469502  4613
   30 4886.866293 14985
   31 1960.546460 10343
   32 -511.176483     7
   33 913.820806  2104
   34 -188.819004     7
   35 552.648273 17064
   36 12706.922034 21647
   37 -56.926351     0
   38 1905.923434  1257
   39 -300.604461     9
   40 686.262942  2568
   41 3713.137366 12082
   42 8980.273210 15949
   43 15553.581314 13544
   44 325.844497 23714
   45 -1944.801908     8
   46 8560.566143 10842
   47 4873.624582 15863
   48 -771.442940     0
   49 -856.294207     7
   50 174.852031  1573
   51 2093.088694   828
   52 3455.345297 12746
   53 1204.975432   314
   54 4117.896058 23962
   55 15895.157605 23513
   56 -5669.889738     3
   57 13147.576781 27528
   58 -1927.045607     5
   59 -793.157948     3
   60 -1672.068991     2
   61 2414.391407 19028
   62 -96.867929     7
   63 -475.441089     7
   64 8868.729986 26634
   65 3954.857630  8009
   66 5627.005494 18283
   67 17121.219482 14765
   68 -2583.356814     5
   69 2061.032312  4234
   70 402.627690  6832
   71 1116.988205  6524
   72 -1676.065322     1
   73 3977.702697 23238
   74 13913.400447 23525
   75 -10.184460     4
   76 18313.387992 10172
   77 6185.008103 21958
   78 -1341.416028     7
   79 -218.440464     8
   80 -491.772593     1
   81 5656.431320  3195
   82 4823.880392  3101
   83 -1158.292100     6
   84 4090.732073  7462
   85 1022.709129  1250
   86 8148.720855 13695
   87 -914.055451     0
   88 -55.905492     4
   89 -601.521555     5
   90 9310.441585 11841
   91 3844.435308  3905
   92 7266.252348 26181
   93 5965.328307  6201
   94 -41.534576     0
   95 -1591.959559     5
   96 12771.679901 20258
   97 11645.642751 11140
   98 -382.949514     0
   99 6691.213439  7350
  100 -534.935465     3
  101 3336.255879  6709
  102 -737.264976     0
  103 13059.580467 20824
  104 4253.150307 10814
  105 -415.662261     3
  106 501.641918  1080
  107 2288.484574 23377
  108 -1500.925160     6
  109 406.575894  1281
  110 -420.021385     8
  111 18277.879289 12350
  112 -1015.087772     5
  113 14633.095993 21527
  114 -476.158244     1
  115 7128.722137 12613
  116 10804.250716 25599
  117 5054.559628  2552
  118 2336.537431  4764
  119 16619.382478 11817
  120 5063.785748  8720
  121 2024.512144   876
  122 22075.931057 21854
  123 -41.164178     9
  124 3206.516655   546
  125 -1115.147461     5
  126 -2269.302937     1
  127 -308.937737     7
  128 -2324.652748     8
  129 6626.991537 22728
  130 912.183370 12216
  131 26358.747027 19666
  132 2839.101930    74
  133 -734.588141     8
  134 12968.509204 16240
  135 18099.710305 23404
  136 2667.419515  3066
  137 5804.701773  3236
  138 -66.876320     9
  139 1653.499819 26575
  140 -169.243050     4
  141 1344.620824 23859
  142 -740.215144     0
  143 1756.282332 15705
  144 109.690937 14460
  145 4308.518255 16428
  146 3109.545631 26421
  147 1378.279118 10799
  148 -750.189636     0
  149 -1105.858711     1
  150 163.512045 14927
  151 -508.123962     0
  152 4856.436544  4176
  153 2180.762065  3369
  154 -701.398690     7
  155 -1957.813771     6
  156 7231.075852 26851
  157 -562.599350     8
  158 4101.260340  5560
  159 -386.950766     4
  160 2818.598862 13900
  161 -757.283438     9
  162 1173.714660 23379
  163 4292.239657 18562
  164 -935.440184     9
  165 -214.341544     0
  166 378.452511  4587
  167 69.251009  4200
  168 -665.968142     9
  169 -180.617477     3
  170 -193.390724     4
  171 -986.708450     3
  172 2999.325932 24598
  173 12899.903349 14057
  174 -935.812993     9
  175 887.735230 15891
  176 -1912.376553     0
  177 -1454.816977     4
  178 21416.062109 20565
  179 10427.764475 11021
  180 19364.101207 19654
  181 -481.149120     1
  182 6970.257469 13672
  183 5069.790088 14952
  184 5106.466222 26785
  185 5599.646108  6455
  186 -347.428627     5
  187 -1265.422036     5
  188 -1713.499754     5
  189 14636.647896 16729
  190 3639.935735 13760
  191 -425.402089     2
  192 5831.181183 24846
  193 -271.040092     5
  194 -585.024283     7
  195 -586.526312     9
  196 -1872.204375     1
  197 6611.568203 15816
  198 20618.452275 17659
  199 -1114.180855     4
  200 2059.568685  6147
  201 -2126.186737     1
  202 3669.260823 26161
  203 3223.355505  9518
  204 -930.123777     4
  205 12049.956746 18278
  206 10473.154007 12201
  207 -555.170871     3
  208 -117.607910     5
  209 6918.189117 11251
  210 18535.678945 11128
  211 2442.319977 18494
  212 -914.039390     1
  213 -484.872012     0
  214 22818.945819 15528
  215 -815.170386     5
  216 669.146719  1154
  217 6621.645937 15143
  218 -921.198958     3
  219 12989.689746 16679
  220 -614.640314     5
  221 3706.858758  1476
  222 729.110277 19127
  223 2857.748841  5680
  224 753.622845  2168
  225 -41.987298     5
  226 19611.329171 25072
  227 173.160960   460
  228 1819.287593  3095
  229 9802.841831  8458
  230 -1924.307884     4
  231 5784.107937 11398
  232 2974.644513   881
  233 4586.297439  1061
  234 -279.765140     9
  235 7753.196111 17055
  236 -1329.875123     9
  237 17247.377444 25768
  238 8402.560152 14732
  239 -2756.732493     2
  240 781.236955    35
  241 9647.103395  9045
  242 -2467.374212     4
  243 5565.001105 25507
  244 28545.026948 27680
  245 1879.991196  6344
  246 608.603992 21407
  247 -106.337827     8
  248 -895.865856     2
  249 10939.583548 21608
  250 15921.059616 19993
  251 -315.819212     0
  252 817.259854   131
  253 23484.813505 26725
  254 -220.344325     7
  255 3996.698647  4774
  256 -382.204354     8
  257 -1109.076006     3
  258 15117.922160 11874
  259 -3.424151     4
  260 -101.675127     5
  261 2641.884851 15881
  262 -175.373595     3
  263 10843.071252 14536
  264 60.441296  1231
  265 435.230825 13187
  266 3796.861849  7031
  267 -122.424612     0
  268 892.609551 12441
  269 -1458.847988     1
  270 -1861.016395     0
  271 1018.485927 20832
  272 -864.491353     3
  273 3267.333745 13008
  274 1847.572447  3973
  275 3642.161488  9596
  276 -1836.187917     7
  277 14810.179224  8226
  278 10700.414647  8125
  279 2762.387766  1936
  280 3011.561644   519
  281 -175.611363     4
  282 1829.111376 20779
  283 5846.116266  5897
  284 -405.899561     7
  285 -2211.649308     5
  286 -411.133472     2
  287 3144.880576 13467
  288 -224.080383     7
  289 -867.446217     1
  290 1854.080736 15224
  291 3237.619178 16581
  292 5366.556257 16126
  293 -647.349378     6
  294 4314.582957 12038
  295 1852.654391 14498
  296 3510.611032  4174
  297 -1255.688308     6
  298 -183.335177     5
  299 3523.754989 21172
  300 17983.906065 14979
