300
    1 6935.705192     1
    2 1188.100920 22552
    3 -142.092595     7
    4 -59.235352     7
    5 -988.729190     8
    6 5293.620463 11402
    7 12394.813833  7882
    8 4436.217792  5438
    9 -1515.695892     7
   10 6571.368529  6863
   11 -1209.863214     1
   12 1914.521902   525
   13 -299.574522     2
   14 32202.440455 20096
   15 -446.984518     7
   16 16496.650132 24956
   17 -178.703157     8
   18 -1889.092702     6
   19 1180.964504 14573
   20 -645.679017     7
   21 1680.057653 21823
   22 540.415793 15275
   23 9820.552926 14868
   24 -162.965404     6
   25 4596.696249  2208
   26 -1929.344561     1
   27 13779.328212 20395
   28 -1945.975704     3
   29 12987.192555  4613
   30 9791.701706 14985
   31 3677.508432 10343
   32 -272.190016     7
   33 5494.114175  2104
   34 -1664.343136     7
   35 8968.181534 17064
   36 3520.013149 21647
   37 -271.714607     0
   38 530.594486  1257
   39 -286.651295     9
   40 143.365190  2568
   41 13024.373550 12082
   42 22445.839750 15949
   43 688.367137 13544
   44 20200.188527 23714
   45 -3255.947116     8
   46 14936.225488 10842
   47 9300.179404 15863
   48 -167.630000     0
   49 -147.859102     7
   50 3849.313021  1573
   51 2348.539456   828
   52 3513.104384 12746
   53 2732.624931   314
   54 7042.469058 23962
   55 21160.181382 23513
   56 -2328.970446     3
   57 32526.592169 27528
   58 -592.987512     5
   59 -1588.165440     3
   60 -1073.592118     2
   61 13983.630899 19028
   62 -294.576542     7
   63 -2279.062228     7
   64 10145.431666 26634
   65 3028.472737  8009
   66 12201.132344 18283
   67 14622.440136 14765
   68 -145.034262     5
   69 1550.882264  4234
   70 2582.140743  6832
   71 2203.418712  6524
   72 -780.494937     1
   73 24324.123461 23238
   74 2981.919132 23525
   75 -650.735345     4
   76 7922.093136 10172
   77 20956.624676 21958
   78 -481.216526     7
   79 -1763.085756     8
   80 -605.113807     1
   81 4376.944909  3195
   82 3265.229096  3101
   83 -395.649623     6
   84 1097.813180  7462
   85 2033.356334  1250
   86 6898.751516 13695
   87 -1283.842300     0
   88 -578.955463     4
   89 -1900.767378     5
   90 1078.182646 11841
   91 3570.220457  3905
   92 16233.558670 26181
   93 9407.973393  6201
   94 -1327.519424     0
   95 -1605.501273     5
   96 11655.886810 20258
   97 6030.972244 11140
   98 -483.357572     0
   99 684.240047  7350
  100 -900.656262     3
  101 1862.216991  6709
  102 -297.741120     0
  103 7721.929023 20824
  104 1923.747139 10814
  105 -12.894760     3
  106 1142.562022  1080
  107 9276.432351 23377
  108 -2102.137481     6
  109 236.618650  1281
  110 -1123.583324     8
  111 2057.727195 12350
  112 -657.133495     5
  113 2570.149379 21527
  114 -2511.165132     1
  115 31938.857055 12613
  116 4455.337980 25599
  117 1990.970776  2552
  118 9973.302759  4764
  119 1890.459970 11817
  120 13577.003243  8720
  121 208.001748   876
  122 8451.261635 21854
  123 -426.277886     9
  124 1730.544321   546
  125 -169.514525     5
  126 -1519.886374     1
  127 -3127.353357     7
  128 -488.027653     8
  129 6204.803595 22728
  130 13237.658213 12216
  131 4.033665 19666
  132 900.797317    74
  133 -143.905777     8
  134 11546.675673 16240
  135 9977.518177 23404
  136 1599.143181  3066
  137 10798.094191  3236
  138 -1579.610657     9
  139 6959.394207 26575
  140 -1722.478630     4
  141 19380.117992 23859
  142 -1946.113124     0
  143 4197.517821 15705
  144 11926.256245 14460
  145 7715.183232 16428
  146 17244.263492 26421
  147 7572.723552 10799
  148 -97.928082     0
  149 -750.499122     1
  150 2186.546208 14927
  151 -1128.367568     0
  152 4020.888619  4176
  153 456.153464  3369
  154 -1051.117413     7
  155 -533.079180     6
  156 9345.699109 26851
  157 -1798.324693     8
  158 5361.458991  5560
  159 -1096.344402     4
  160 2659.360648 13900
  161 -1606.074109     9
  162 14203.321306 23379
  163 15989.637643 18562
  164 -1108.113861     9
  165 -1134.967928     0
  166 2412.328036  4587
  167 3553.302253  4200
  168 -1750.504101     9
  169 -1173.182313     3
  170 -1320.655471     4
  171 -689.279309     3
  172 10229.289110 24598
  173 9199.723010 14057
  174 -689.818563     9
  175 10951.276444 15891
  176 -84.859010     0
  177 -1983.333613     4
  178 8816.141389 20565
  179 4191.631881 11021
  180 13319.824507 19654
  181 -1761.103564     1
  182 8605.269210 13672
  183 2204.579821 14952
  184 10676.293383 26785
  185 5051.492175  6455
  186 -395.416882     5
  187 -1517.271405     5
  188 -907.707623     5
  189 16215.990713 16729
  190 8463.157452 13760
  191 -748.295629     2
  192 13572.616071 24846
  193 -124.525142     5
  194 -218.153710     7
  195 -1896.519913     9
  196 -455.075253     1
  197 12846.633759 15816
  198 4368.317263 17659
  199 -2083.990102     4
  200 1929.241437  6147
  201 -840.163417     1
  202 8129.933592 26161
  203 3778.103695  9518
  204 -683.277340     4
  205 14693.859234 18278
  206 3667.431509 12201
  207 -277.496507     3
  208 -577.290281     5
  209 9452.985803 11251
  210 2131.572329 11128
  211 10548.400591 18494
  212 -410.407849     1
  213 -1450.040254     0
  214 8452.919718 15528
  215 -189.004133     5
  216 1125.084736  1154
  217 7334.866087 15143
  218 -1185.262387     3
  219 10787.183680 16679
  220 -203.623519     5
  221 4001.281517  1476
  222 10789.614168 19127
  223 6041.971313  5680
  224 4540.088001  2168
  225 -596.777919     5
  226 5961.643365 25072
  227 1827.983056   460
  228 4390.890295  3095
  229 8014.814692  8458
  230 -2314.663293     4
  231 6956.158825 11398
  232 415.340616   881
  233 1471.743474  1061
  234 -221.649664     9
  235 26984.406927 17055
  236 -1169.959480     9
  237 19283.480838 25768
  238 14825.183217 14732
  239 -2100.537369     2
  240 2279.070709    35
  241 688.972267  9045
  242 -574.787379     4
  243 10144.160267 25507
  244 10302.532643 27680
  245 1161.041917  6344
  246 8646.502693 21407
  247 -794.051495     8
  248 -1078.172692     2
  249 15038.185738 21608
  250 16719.927704 19993
  251 -138.566729     0
  252 517.525751   131
  253 12415.517325 26725
  254 -503.495491     7
  255 3831.661576  4774
  256 -484.437856     8
  257 -1261.908188     3
  258 2889.076014 11874
  259 -573.040359     4
  260 -1601.145398     5
  261 1157.442660 15881
  262 -1811.572707     3
  263 3122.392636 14536
  264 3263.521116  1231
  265 3053.812733 13187
  266 4315.707588  7031
  267 -2174.498529     0
  268 6369.799170 12441
  269 -797.758462     1
  270 -1672.715765     0
  271 2378.604811 20832
  272 -522.559726     3
  273 10998.379985 13008
  274 4693.842998  3973
  275 7816.001779  9596
  276 -2231.655193     7
  277 1017.068895  8226
  278 2104.079869  8125
  279 2515.178623  1936
  280 1192.845156   519
  281 -1019.028098     4
  282 3182.609816 20779
  283 1571.426455  5897
  284 -1153.352719     7
  285 -1814.145594     5
  286 -910.797569     2
  287 6539.793171 13467
  288 -15.379718     7
  289 -487.621865     1
  290 8864.100023 15224
  291 4597.237195 16581
  292 18029.283927 16126
  293 -349.789850     6
  294 4327.011867 12038
  295 5806.043226 14498
  296 2392.691505  4174
  297 -1087.442893     6
  298 -204.882093     5
  299 6769.635372 21172
  300 9255.899549 14979
