300
    1 3158.007735     1
    2 8685.936113 22552
    3 -1015.068981     7
    4 -442.060143     7
    5 -1124.000780     8
    6 1411.293309 11402
    7 1086.096693  7882
    8 4603.287364  5438
    9 -545.156517     7
   10 16445.526622  6863
   11 -846.039997     1
   12 76.673044   525
   13 -392.991246     2
   14 3803.947217 20096
   15 -323.011846     7
   16 14952.517408 24956
   17 -22.384851     8
   18 -641.676010     6
   19 4926.552365 14573
   20 -2497.897675     7
   21 5775.560506 21823
   22 773.459671 15275
   23 3259.688493 14868
   24 -490.552684     6
   25 1647.698440  2208
   26 -1683.784653     1
   27 1746.571103 20395
   28 -702.521363     3
   29 1123.615737  4613
   30 14127.591722 14985
   31 1204.618803 10343
   32 -418.895562     7
   33 443.553019  2104
   34 -1037.991253     7
   35 12920.488640 17064
   36 19160.730760 21647
   37 -1404.194046     0
   38 2885.717074  1257
   39 -86.179587     9
   40 3512.252296  2568
   41 1713.324983 12082
   42 10320.877130 15949
   43 9455.682827 13544
   44 44312.836432 23714
   45 -883.862305     8
   46 12578.927830 10842
   47 6541.081481 15863
   48 -1712.325386     0
   49 -850.544648     7
   50 899.185567  1573
   51 349.661946   828
   52 11989.899681 12746
   53 344.629012   314
   54 8360.179895 23962
   55 1252.234655 23513
   56 -3185.069546     3
   57 4437.582916 27528
   58 -83.173851     5
   59 -1610.675271     3
   60 -3319.958635     2
   61 13029.501322 19028
   62 -2238.426268     7
   63 -35.696937     7
   64 3605.587098 26634
   65 3581.426610  8009
   66 1729.259684 18283
   67 1632.787590 14765
   68 -1636.386590     5
   69 3232.318015  4234
   70 19277.972949  6832
   71 1830.901358  6524
   72 -2199.123433     1
   73 4084.417036 23238
   74 39575.657164 23525
   75 -232.698455     4
   76 9006.082982 10172
   77 14840.563478 21958
   78 -565.412309     7
   79 -2027.958335     8
   80 -1086.845501     1
   81 635.942830  3195
   82 3181.401059  3101
   83 -1189.149669     6
   84 745.329514  7462
   85 240.569431  1250
   86 8797.018577 13695
   87 -618.327521     0
   88 -762.839865     4
   89 -17.503423     5
   90 2672.587407 11841
   91 2494.281210  3905
   92 5225.866846 26181
   93 3171.854874  6201
   94 -672.566658     0
   95 -160.789308     5
   96 327.459395 20258
   97 3324.299193 11140
   98 -1879.792896     0
   99 2018.747181  7350
  100 -3766.400951     3
  101 2908.904543  6709
  102 -189.286236     0
  103 18785.592381 20824
  104 2801.154517 10814
  105 -2485.679933     3
  106 1138.877023  1080
  107 121.166319 23377
  108 -1945.043892     6
  109 329.090832  1281
  110 -600.450437     8
  111 3507.809525 12350
  112 -1768.010598     5
  113 4030.636601 21527
  114 -2548.428925     1
  115 28989.413225 12613
  116 15623.056938 25599
  117 640.146510  2552
  118 1668.961221  4764
  119 737.905576 11817
  120 6942.982116  8720
  121 1573.214323   876
  122 520.315793 21854
  123 -146.265680     9
  124 4252.012388   546
  125 -30.524278     5
  126 -1088.541045     1
  127 -575.206586     7
  128 -193.410769     8
  129 931.965469 22728
  130 11468.900993 12216
  131 2515.988994 19666
  132 1510.620070    74
  133 -77.944131     8
  134 19897.964658 16240
  135 14572.099504 23404
  136 7719.353783  3066
  137 3143.089978  3236
  138 -1883.590568     9
  139 5992.412333 26575
  140 -2319.876423     4
  141 3382.673897 23859
  142 -3.438905     0
  143 7684.470625 15705
  144 19575.715955 14460
  145 6762.365221 16428
  146 21324.375154 26421
  147 445.533379 10799
  148 -666.818449     0
  149 -2631.037687     1
  150 569.839460 14927
  151 -93.485948     0
  152 3522.758311  4176
  153 822.256246  3369
  154 -91.556335     7
  155 -52.026747     6
  156 5344.501954 26851
  157 -4277.187909     8
  158 10372.197819  5560
  159 -83.306317     4
  160 14017.964325 13900
  161 -3076.046379     9
  162 27873.393898 23379
  163 16744.894606 18562
  164 -8.031868     9
  165 -254.868510     0
  166 897.888707  4587
  167 993.812875  4200
  168 -3.827156     9
  169 -185.932368     3
  170 -1327.194731     4
  171 -1371.589224     3
  172 3165.415262 24598
  173 9882.776198 14057
  174 -550.414467     9
  175 7955.961409 15891
  176 -1420.823335     0
  177 -123.184289     4
  178 2778.353432 20565
  179 3557.276649 11021
  180 14999.478037 19654
  181 -2575.703082     1
  182 6107.327457 13672
  183 11960.651181 14952
  184 13472.650751 26785
  185 5962.860045  6455
  186 -348.679452     5
  187 -340.059628     5
  188 -927.906593     5
  189 6937.156749 16729
  190 5809.503827 13760
  191 -280.311328     2
  192 13966.027507 24846
  193 -2368.082283     5
  194 -455.235927     7
  195 -1260.763873     9
  196 -766.542389     1
  197 18679.377161 15816
  198 264.039430 17659
  199 -1275.171605     4
  200 2353.889383  6147
  201 -568.857347     1
  202 20266.295410 26161
  203 14760.887484  9518
  204 -750.482727     4
  205 7150.317957 18278
  206 2471.360155 12201
  207 -117.341678     3
  208 -479.954893     5
  209 7415.003975 11251
  210 1600.811850 11128
  211 6141.412075 18494
  212 -503.156512     1
  213 -1289.978429     0
  214 18583.017619 15528
  215 -452.678401     5
  216 3161.411189  1154
  217 3209.433069 15143
  218 -1225.604934     3
  219 486.417376 16679
  220 -420.749047     5
  221 2184.183943  1476
  222 15837.371996 19127
  223 7909.066233  5680
  224 7020.092289  2168
  225 -1439.373213     5
  226 12174.136228 25072
  227 4389.027018   460
  228 4898.231889  3095
  229 7022.609862  8458
  230 -436.518036     4
  231 4917.224209 11398
  232 6437.440260   881
  233 2655.321725  1061
  234 -379.054010     9
  235 4933.868103 17055
  236 -854.850912     9
  237 18498.259755 25768
  238 1544.932698 14732
  239 -1254.684895     2
  240 2229.729159    35
  241 10827.310498  9045
  242 -1381.090521     4
  243 21260.733238 25507
  244 13727.628831 27680
  245 4045.172229  6344
  246 12579.272842 21407
  247 -660.381729     8
  248 -1138.544359     2
  249 14521.096036 21608
  250 8458.787648 19993
  251 -1235.852703     0
  252 1159.903726   131
  253 23458.477467 26725
  254 -368.603875     7
  255 3817.728046  4774
  256 -421.476277     8
  257 -1871.850405     3
  258 2709.398014 11874
  259 -1182.523176     4
  260 -406.981870     5
  261 13095.944534 15881
  262 -849.075245     3
  263 13142.134609 14536
  264 62.300570  1231
  265 7798.331305 13187
  266 4921.436084  7031
  267 -1537.769820     0
  268 7881.821369 12441
  269 -1461.732171     1
  270 -1060.019944     0
  271 12608.983857 20832
  272 -888.440276     3
  273 13903.016026 13008
  274 644.508864  3973
  275 3922.607150  9596
  276 -1338.316885     7
  277 5556.101038  8226
  278 2638.507342  8125
  279 3687.971545  1936
  280 2796.952215   519
  281 -506.223811     4
  282 5769.636950 20779
  283 8201.747401  5897
  284 -325.746916     7
  285 -2387.402019     5
  286 -427.442902     2
  287 3197.520711 13467
  288 -160.402392     7
  289 -798.069577     1
  290 171.021702 15224
  291 3601.499607 16581
  292 11784.174192 16126
  293 -305.668395     6
  294 5942.554941 12038
  295 3865.005690 14498
  296 2662.766452  4174
  297 -1364.409655     6
  298 -1622.335828     5
  299 14920.684172 21172
  300 14058.156460 14979
