300
    1 3199.884590     1
    2 18088.901789 22552
    3 -2168.445214     7
    4 -1518.984233     7
    5 -1025.708540     8
    6 1365.951471 11402
    7 6272.725329  7882
    8 5929.970552  5438
    9 -123.635568     7
   10 3080.790408  6863
   11 -727.103812     1
   12 193.315714   525
   13 -484.683618     2
   14 10711.254557 20096
   15 -1789.916576     7
   16 120.499078 24956
   17 -520.018347     8
   18 -802.504209     6
   19 10894.841855 14573
   20 -454.648908     7
   21 6584.541168 21823
   22 12380.306362 15275
   23 10849.731009 14868
   24 -1013.862112     6
   25 6036.252148  2208
   26 -442.508832     1
   27 17343.477720 20395
   28 -503.208297     3
   29 5183.215734  4613
   30 6274.960035 14985
   31 11987.593566 10343
   32 -66.592516     7
   33 3124.587649  2104
   34 -762.684551     7
   35 15226.705561 17064
   36 10494.929027 21647
   37 -1130.266778     0
   38 1373.678233  1257
   39 -1053.030264     9
   40 3390.818503  2568
   41 7474.415560 12082
   42 1022.514929 15949
   43 4269.709245 13544
   44 9240.072458 23714
   45 -1437.267217     8
   46 4556.626442 10842
   47 4582.492039 15863
   48 -241.418477     0
   49 -675.365244     7
   50 1745.621444  1573
   51 4731.225275   828
   52 4021.340858 12746
   53 4348.440208   314
   54 10738.800273 23962
   55 7612.465377 23513
   56 -1130.211241     3
   57 16201.625492 27528
   58 -860.219424     5
   59 -567.211444     3
   60 -1334.437128     2
   61 15079.021866 19028
   62 -812.887224     7
   63 -1687.329811     7
   64 1128.508637 26634
   65 5627.736699  8009
   66 8707.304987 18283
   67 13976.024909 14765
   68 -27.098525     5
   69 1933.510110  4234
   70 3184.058417  6832
   71 7113.204269  6524
   72 -470.783837     1
   73 11937.821550 23238
   74 13542.715818 23525
   75 -894.380250     4
   76 8988.717766 10172
   77 7815.344445 21958
   78 -441.674627     7
   79 -1134.095584     8
   80 -958.397283     1
   81 4893.710526  3195
   82 3435.289681  3101
   83 -653.493814     6
   84 7171.067749  7462
   85 2187.193166  1250
   86 6803.931419 13695
   87 -1390.414668     0
   88 -154.272706     4
   89 -1075.609630     5
   90 4514.557196 11841
   91 4259.230742  3905
   92 6295.285655 26181
   93 10326.317207  6201
   94 -43.099985     0
   95 -1448.451219     5
   96 11339.076825 20258
   97 10456.428757 11140
   98 -508.854565     0
   99 9340.477330  7350
  100 -362.759843     3
  101 3497.904434  6709
  102 -575.478047     0
  103 19723.204170 20824
  104 2865.629321 10814
  105 -1270.764652     3
  106 3346.445698  1080
  107 16702.970285 23377
  108 -1049.904824     6
  109 657.498948  1281
  110 -541.686815     8
  111 8250.004693 12350
  112 -613.735042     5
  113 1177.920286 21527
  114 -387.773635     1
  115 2615.543383 12613
  116 6591.998876 25599
  117 5030.131988  2552
  118 5911.080881  4764
  119 15010.014200 11817
  120 380.493968  8720
  121 1423.954255   876
  122 10881.908279 21854
  123 -930.536352     9
  124 1374.167888   546
  125 -1024.393498     5
  126 -335.584370     1
  127 -1574.376327     7
  128 -1447.942759     8
  129 1546.944140 22728
  130 1904.605535 12216
  131 6897.586988 19666
  132 2239.736617    74
  133 -891.503358     8
  134 9274.169511 16240
  135 2917.538070 23404
  136 1844.540653  3066
  137 3005.259332  3236
  138 -1118.777627     9
  139 30391.767476 26575
  140 -598.818879     4
  141 4631.779032 23859
  142 -422.432937     0
  143 11048.821197 15705
  144 4753.015950 14460
  145 18359.789473 16428
  146 15770.740340 26421
  147 6686.153942 10799
  148 -1448.484446     0
  149 -2308.860074     1
  150 6432.603826 14927
  151 -104.236492     0
  152 416.999572  4176
  153 2846.025335  3369
  154 -1134.655212     7
  155 -1581.448811     6
  156 4598.962261 26851
  157 -908.303041     8
  158 4501.483365  5560
  159 -152.651878     4
  160 6009.945326 13900
  161 -2633.185732     9
  162 8864.118076 23379
  163 11962.318531 18562
  164 -1214.236619     9
  165 -1185.280477     0
  166 2809.480918  4587
  167 2383.412366  4200
  168 -1717.061324     9
  169 -275.726073     3
  170 -437.746308     4
  171 -394.800301     3
  172 3298.522571 24598
  173 5265.513144 14057
  174 -563.177849     9
  175 22825.368342 15891
  176 -2619.827608     0
  177 -902.968851     4
  178 3049.516375 20565
  179 5831.618295 11021
  180 6158.998897 19654
  181 -1114.275263     1
  182 846.130093 13672
  183 15042.738952 14952
  184 2252.001869 26785
  185 4199.627287  6455
  186 -57.735210     5
  187 -60.156742     5
  188 -1584.198357     5
  189 19664.441195 16729
  190 1396.254404 13760
  191 -272.047632     2
  192 811.089394 24846
  193 -1230.608237     5
  194 -531.957376     7
  195 -1405.065980     9
  196 -160.793011     1
  197 4910.175746 15816
  198 1322.369805 17659
  199 -685.154082     4
  200 7604.316180  6147
  201 -653.758688     1
  202 222.722522 26161
  203 5102.620647  9518
  204 -436.560628     4
  205 3501.485295 18278
  206 535.467395 12201
  207 -507.984458     3
  208 -108.958801     5
  209 875.195881 11251
  210 15134.387375 11128
  211 24571.469225 18494
  212 -799.390397     1
  213 -1145.597075     0
  214 17900.844932 15528
  215 -375.850947     5
  216 675.969331  1154
  217 11317.338483 15143
  218 -29.420104     3
  219 4609.352073 16679
  220 -843.136758     5
  221 959.949063  1476
  222 10707.594794 19127
  223 4201.448974  5680
  224 177.600932  2168
  225 -480.693044     5
  226 4598.003728 25072
  227 2082.636275   460
  228 2357.382595  3095
  229 539.866123  8458
  230 -183.136738     4
  231 3919.584550 11398
  232 1370.358952   881
  233 4859.236990  1061
  234 -142.450440     9
  235 7014.991786 17055
  236 -1600.871192     9
  237 6379.637194 25768
  238 6432.966117 14732
  239 -850.916188     2
  240 44.748654    35
  241 5682.886732  9045
  242 -1190.558615     4
  243 13800.884700 25507
  244 20706.866085 27680
  245 6967.155939  6344
  246 8094.587558 21407
  247 -664.902468     8
  248 -382.324078     2
  249 19005.069327 21608
  250 2276.899181 19993
  251 -1122.396574     0
  252 3561.681500   131
  253 3318.959755 26725
  254 -460.407043     7
  255 912.551219  4774
  256 -287.906458     8
  257 -1098.059989     3
  258 5028.293988 11874
  259 -2973.193748     4
  260 -622.178394     5
  261 6853.975070 15881
  262 -1116.062647     3
  263 3996.315401 14536
  264 1832.256200  1231
  265 2729.919535 13187
  266 11035.746266  7031
  267 -805.331033     0
  268 6884.362969 12441
  269 -1046.640907     1
  270 -712.944878     0
  271 5373.436813 20832
  272 -446.646768     3
  273 13884.678403 13008
  274 5121.755371  3973
  275 12818.568115  9596
  276 -407.948315     7
  277 4043.164772  8226
  278 7984.373093  8125
  279 5760.479741  1936
  280 1601.880291   519
  281 -138.869791     4
  282 2368.741747 20779
  283 3010.785438  5897
  284 -1334.805437     7
  285 -1663.097469     5
  286 -232.424885     2
  287 6163.623046 13467
  288 -772.370990     7
  289 -1317.749874     1
  290 8947.186765 15224
  291 3093.753918 16581
  292 6263.104758 16126
  293 -776.145716     6
  294 2744.958840 12038
  295 895.621740 14498
  296 9317.759260  4174
  297 -656.583986     6
  298 -395.591684     5
  299 4447.871600 21172
  300 7554.398523 14979
