300
    1 314.679684     1
    2 6034.639427 22552
    3 -267.640624     7
    4 -428.903929     7
    5 -2080.298521     8
    6 124.239835 11402
    7 457.813212  7882
    8 3703.852052  5438
    9 -367.638896     7
   10 3462.069337  6863
   11 -610.465888     1
   12 1500.568739   525
   13 -73.145212     2
   14 18529.742433 20096
   15 -1981.585585     7
   16 6820.865886 24956
   17 -3090.910771     8
   18 -1624.515153     6
   19 9778.591378 14573
   20 -871.956286     7
   21 13598.479372 21823
   22 6996.970027 15275
   23 4698.579845 14868
   24 -732.945022     6
   25 79.087797  2208
   26 -770.634059     1
   27 1162.008669 20395
   28 -938.971723     3
   29 1831.886626  4613
   30 5353.387498 14985
   31 5062.462993 10343
   32 -813.466566     7
   33 441.627686  2104
   34 -1391.145547     7
   35 27731.262551 17064
   36 888.915457 21647
   37 -268.954796     0
   38 958.533110  1257
   39 -693.692597     9
   40 4843.994667  2568
   41 647.764479 12082
   42 546.216139 15949
   43 2661.894329 13544
   44 215.855317 23714
   45 -861.934367     8
   46 1864.864879 10842
   47 1187.021038 15863
   48 -1711.345022     0
   49 -492.730271     7
   50 1678.979168  1573
   51 89.072627   828
   52 12377.231474 12746
   53 2114.260414   314
   54 1180.278463 23962
   55 3747.999957 23513
   56 -1382.093917     3
   57 3062.269108 27528
   58 -1189.208045     5
   59 -525.025627     3
   60 -91.241710     2
   61 4772.039910 19028
   62 -602.981455     7
   63 -34.217152     7
   64 5955.088318 26634
   65 4204.639584  8009
   66 25624.190213 18283
   67 6145.558245 14765
   68 -3589.874175     5
   69 11194.796561  4234
   70 12694.977239  6832
   71 2023.467263  6524
   72 -1845.930948     1
   73 3498.663889 23238
   74 573.748503 23525
   75 -175.260296     4
   76 9048.479788 10172
   77 9726.295490 21958
   78 -220.238487     7
   79 -2136.054395     8
   80 -1278.546006     1
   81 56.368304  3195
   82 5705.389081  3101
   83 -2515.142989     6
   84 10576.291489  7462
   85 1311.406586  1250
   86 9210.253743 13695
   87 -1799.737366     0
   88 -108.746794     4
   89 -273.282718     5
   90 105.470651 11841
   91 2195.617597  3905
   92 2291.295873 26181
   93 2842.517467  6201
   94 -2447.525237     0
   95 -1661.317163     5
   96 20509.071338 20258
   97 32.306225 11140
   98 -856.452571     0
   99 7143.272780  7350
  100 -833.135519     3
  101 4258.168221  6709
  102 -373.353187     0
  103 3391.856478 20824
  104 5038.719458 10814
  105 -690.168246     3
  106 208.905034  1080
  107 2609.635791 23377
  108 -1688.218833     6
  109 289.167211  1281
  110 -711.116162     8
  111 15005.856434 12350
  112 -1271.867796     5
  113 6086.891528 21527
  114 -2517.190166     1
  115 10.902718 12613
  116 5848.476836 25599
  117 1437.185040  2552
  118 969.289259  4764
  119 204.650359 11817
  120 7411.575702  8720
  121 7363.880771   876
  122 19168.892945 21854
  123 -86.679121     9
  124 4316.367524   546
  125 -357.523918     5
  126 -562.477700     1
  127 -131.920968     7
  128 -1725.409349     8
  129 5296.421182 22728
  130 16580.700945 12216
  131 721.725675 19666
  132 1648.685208    74
  133 -775.993740     8
  134 19976.906474 16240
  135 985.388426 23404
  136 2734.582963  3066
  137 2210.635148  3236
  138 -3334.738331     9
  139 3167.998104 26575
  140 -1837.871629     4
  141 4693.888420 23859
  142 -9.123238     0
  143 3322.258949 15705
  144 14283.220040 14460
  145 131.494543 16428
  146 37666.203730 26421
  147 1531.160231 10799
  148 -1220.854234     0
  149 -215.428388     1
  150 631.274787 14927
  151 -13.063351     0
  152 300.691114  4176
  153 1000.565494  3369
  154 -1048.107856     7
  155 -217.516325     6
  156 13782.551928 26851
  157 -393.224050     8
  158 1375.626764  5560
  159 -550.091991     4
  160 15026.323835 13900
  161 -738.540182     9
  162 811.314766 23379
  163 5382.360338 18562
  164 -1066.883901     9
  165 -648.530662     0
  166 4231.956797  4587
  167 9099.255756  4200
  168 -1740.634544     9
  169 -303.966955     3
  170 -1967.462193     4
  171 -719.075923     3
  172 16254.843885 24598
  173 3552.691393 14057
  174 -1665.787313     9
  175 3724.906939 15891
  176 -1255.406958     0
  177 -119.212000     4
  178 358.787079 20565
  179 9171.516530 11021
  180 14543.553258 19654
  181 -557.713370     1
  182 960.855908 13672
  183 6234.023075 14952
  184 4045.467904 26785
  185 871.320356  6455
  186 -117.804619     5
  187 -151.033397     5
  188 -2432.996141     5
  189 7790.580607 16729
  190 6693.546106 13760
  191 -254.786460     2
  192 2310.161727 24846
  193 -566.567531     5
  194 -560.904398     7
  195 -343.871126     9
  196 -351.264046     1
  197 19050.369175 15816
  198 18216.232842 17659
  199 -445.454993     4
  200 5637.727218  6147
  201 -1341.375256     1
  202 9068.847448 26161
  203 10830.540586  9518
  204 -1527.581903     4
  205 10668.675507 18278
  206 1470.349776 12201
  207 -1174.874878     3
  208 -52.140153     5
  209 10482.574557 11251
  210 12192.455975 11128
  211 7928.031843 18494
  212 -899.364355     1
  213 -1352.106993     0
  214 13047.261086 15528
  215 -1023.219384     5
  216 9503.615894  1154
  217 4692.776850 15143
  218 -708.087014     3
  219 470.313539 16679
  220 -1985.802319     5
  221 2678.624290  1476
  222 728.799641 19127
  223 1245.925516  5680
  224 932.203192  2168
  225 -1261.368230     5
  226 26735.216393 25072
  227 7604.891929   460
  228 7709.042874  3095
  229 3897.806130  8458
  230 -2037.860452     4
  231 6205.988145 11398
  232 7100.652219   881
  233 169.967984  1061
  234 -479.928441     9
  235 2063.977863 17055
  236 -2058.055928     9
  237 18397.317257 25768
  238 16019.987404 14732
  239 -2185.310052     2
  240 2024.238629    35
  241 3040.025019  9045
  242 -965.766028     4
  243 7698.457108 25507
  244 12808.784287 27680
  245 409.845613  6344
  246 20632.024504 21407
  247 -130.346105     8
  248 -1094.670967     2
  249 28469.304911 21608
  250 6269.555291 19993
  251 -822.265106     0
  252 5386.637305   131
  253 19242.506766 26725
  254 -279.010647     7
  255 1050.342564  4774
  256 -383.971284     8
  257 -492.365422     3
  258 9568.399568 11874
  259 -1430.586270     4
  260 -136.169749     5
  261 8990.366372 15881
  262 -1578.329854     3
  263 3875.511260 14536
  264 2483.858241  1231
  265 2101.292933 13187
  266 5163.691372  7031
  267 -697.286380     0
  268 4758.603671 12441
  269 -1063.435418     1
  270 -25.277608     0
  271 2771.718723 20832
  272 -188.493331     3
  273 9218.723104 13008
  274 3327.377651  3973
  275 15064.347118  9596
  276 -781.348797     7
  277 4035.268592  8226
  278 5543.770888  8125
  279 706.112397  1936
  280 1616.545557   519
  281 -144.341768     4
  282 5146.941606 20779
  283 4939.988805  5897
  284 -1470.181681     7
  285 -2261.187687     5
  286 -179.288799     2
  287 13050.604321 13467
  288 -618.253053     7
  289 -575.401525     1
  290 12608.359631 15224
  291 6620.109516 16581
  292 8009.255753 16126
  293 -1197.652147     6
  294 10339.049303 12038
  295 14787.070541 14498
  296 2506.517011  4174
  297 -1749.812964     6
  298 -330.442558     5
  299 8224.786184 21172
  300 7818.423533 14979
