300
    1 560.382956     1
    2 13890.014222 22552
    3 -1083.271487     7
    4 -113.005109     7
    5 -846.434595     8
    6 3329.284970 11402
    7 946.131465  7882
    8 11527.510154  5438
    9 -662.671065     7
   10 6127.882569  6863
   11 -503.516451     1
   12 764.702561   525
   13 -937.717815     2
   14 7402.470925 20096
   15 -187.919820     7
   16 2297.601938 24956
   17 -29.988968     8
   18 -585.076323     6
   19 8850.031620 14573
   20 -1536.206445     7
   21 7561.645455 21823
   22 1362.446186 15275
   23 8995.494152 14868
   24 -441.163921     6
   25 1854.930570  2208
   26 -528.125023     1
   27 16244.755962 20395
   28 -2521.702529     3
   29 5288.295022  4613
   30 1288.473992 14985
   31 6089.733378 10343
   32 -614.822448     7
   33 2112.627495  2104
   34 -136.007996     7
   35 5116.558296 17064
   36 4178.627592 21647
   37 -535.027134     0
   38 3287.833656  1257
   39 -1229.671783     9
   40 398.030816  2568
   41 556.391814 12082
   42 3227.314256 15949
   43 1537.826318 13544
   44 10570.587707 23714
   45 -861.616627     8
   46 2909.539333 10842
   47 3670.985110 15863
   48 -841.219785     0
   49 -374.715631     7
   50 1252.734146  1573
   51 166.615700   828
   52 1680.582982 12746
   53 3996.849159   314
   54 28014.860189 23962
   55 7715.334364 23513
   56 -544.881597     3
   57 7133.269287 27528
   58 -406.920721     5
   59 -807.464032     3
   60 -8.905119     2
   61 721.913816 19028
   62 -1411.991165     7
   63 -27.307174     7
   64 18357.745260 26634
   65 20524.177934  8009
   66 6310.848070 18283
   67 4294.311546 14765
   68 -3438.791776     5
   69 3835.073949  4234
   70 9527.571705  6832
   71 7400.368527  6524
   72 -3017.160759     1
   73 12649.716795 23238
   74 6538.797081 23525
   75 -346.477813     4
   76 7131.871551 10172
   77 10092.359987 21958
   78 -153.784266     7
   79 -743.592341     8
   80 -1041.532140     1
   81 1407.759550  3195
   82 5455.147878  3101
   83 -1241.772600     6
   84 2227.524187  7462
   85 586.533254  1250
   86 9833.792808 13695
   87 -716.840337     0
   88 -291.849967     4
   89 -386.936666     5
   90 4235.971903 11841
   91 4373.302278  3905
   92 3310.899209 26181
   93 2767.735938  6201
   94 -776.055420     0
   95 -1058.142408     5
   96 19884.411055 20258
   97 661.632892 11140
   98 -231.955057     0
   99 919.260340  7350
  100 -156.481847     3
  101 1271.609964  6709
  102 -237.127679     0
  103 6509.217028 20824
  104 109.798908 10814
  105 -1407.061270     3
  106 3146.065961  1080
  107 19547.719092 23377
  108 -720.420775     6
  109 22.153791  1281
  110 -1753.675293     8
  111 8324.172071 12350
  112 -980.549596     5
  113 19246.055575 21527
  114 -466.851736     1
  115 14911.935849 12613
  116 16756.564811 25599
  117 1988.013866  2552
  118 3808.816900  4764
  119 18137.087482 11817
  120 1941.364475  8720
  121 768.032064   876
  122 14067.578694 21854
  123 -747.786516     9
  124 1122.610872   546
  125 -59.531090     5
  126 -548.435976     1
  127 -544.521662     7
  128 -2828.823310     8
  129 9327.296001 22728
  130 2160.229548 12216
  131 16322.848045 19666
  132 5954.583424    74
  133 -326.255086     8
  134 13015.860163 16240
  135 796.093918 23404
  136 2059.285727  3066
  137 1186.368938  3236
  138 -3160.367388     9
  139 28801.512432 26575
  140 -1616.353702     4
  141 4321.972755 23859
  142 -2.288088     0
  143 11670.856872 15705
  144 1005.648404 14460
  145 19515.840117 16428
  146 10307.239874 26421
  147 731.046250 10799
  148 -789.007206     0
  149 -567.792307     1
  150 2959.270946 14927
  151 -412.532870     0
  152 138.160610  4176
  153 7241.382227  3369
  154 -1663.876495     7
  155 -434.780680     6
  156 2331.483252 26851
  157 -3682.476263     8
  158 1821.753274  5560
  159 -230.820956     4
  160 16384.791475 13900
  161 -2168.896019     9
  162 22910.738790 23379
  163 1937.503336 18562
  164 -823.312501     9
  165 -418.443372     0
  166 6735.291384  4587
  167 1067.631532  4200
  168 -830.109898     9
  169 -878.165603     3
  170 -1966.811148     4
  171 -413.948663     3
  172 4326.406201 24598
  173 11111.757648 14057
  174 -637.833621     9
  175 7802.672727 15891
  176 -1448.369207     0
  177 -1044.224175     4
  178 18848.357520 20565
  179 10220.083136 11021
  180 13831.886365 19654
  181 -962.862718     1
  182 22926.854457 13672
  183 7416.473446 14952
  184 19403.734251 26785
  185 3876.414873  6455
  186 -27.464335     5
  187 -1788.569415     5
  188 -1248.844583     5
  189 13079.669726 16729
  190 13263.995315 13760
  191 -227.186007     2
  192 2271.770882 24846
  193 -1490.958081     5
  194 -422.430212     7
  195 -1564.562276     9
  196 -129.984790     1
  197 2195.921454 15816
  198 5328.646449 17659
  199 -49.544715     4
  200 1099.686573  6147
  201 -1622.452337     1
  202 3275.946249 26161
  203 6301.801156  9518
  204 -867.099943     4
  205 6991.548360 18278
  206 3044.040998 12201
  207 -888.996648     3
  208 -2125.792246     5
  209 6487.676245 11251
  210 2616.560902 11128
  211 24315.127652 18494
  212 -463.375740     1
  213 -539.208009     0
  214 17932.388394 15528
  215 -421.044578     5
  216 3822.287026  1154
  217 4449.321298 15143
  218 -1294.474952     3
  219 13693.290596 16679
  220 -2377.410646     5
  221 5099.675919  1476
  222 2140.398853 19127
  223 9595.166310  5680
  224 9418.421761  2168
  225 -1373.398021     5
  226 5793.020973 25072
  227 2252.277302   460
  228 3369.733556  3095
  229 2894.380772  8458
  230 -2648.053424     4
  231 4878.363737 11398
  232 3299.555761   881
  233 3785.730417  1061
  234 -1262.832512     9
  235 5732.993364 17055
  236 -802.833572     9
  237 8423.850043 25768
  238 9773.117168 14732
  239 -1732.559897     2
  240 3237.560903    35
  241 1105.512318  9045
  242 -1392.926034     4
  243 30703.329065 25507
  244 14551.283554 27680
  245 5193.999489  6344
  246 8627.033332 21407
  247 -138.751009     8
  248 -798.039005     2
  249 465.824350 21608
  250 565.448037 19993
  251 -1596.281696     0
  252 3944.488531   131
  253 31136.699381 26725
  254 -92.161510     7
  255 6240.109011  4774
  256 -650.781662     8
  257 -380.973662     3
  258 6177.292635 11874
  259 -1485.597784     4
  260 -945.863572     5
  261 9690.793740 15881
  262 -1297.191216     3
  263 1361.253170 14536
  264 785.648123  1231
  265 15524.939747 13187
  266 4264.651807  7031
  267 -1093.794739     0
  268 7823.269756 12441
  269 -1510.156313     1
  270 -929.028468     0
  271 13146.281762 20832
  272 -786.956650     3
  273 3742.529203 13008
  274 3175.647178  3973
  275 1225.563212  9596
  276 -351.686314     7
  277 5380.342424  8226
  278 6154.098281  8125
  279 926.379335  1936
  280 1970.232195   519
  281 -311.231759     4
  282 8896.340657 20779
  283 5682.069256  5897
  284 -1882.142736     7
  285 -2053.249909     5
  286 -1363.086842     2
  287 4282.998152 13467
  288 -349.610907     7
  289 -673.555399     1
  290 16576.711297 15224
  291 175.673325 16581
  292 13080.040399 16126
  293 -590.768389     6
  294 11561.091739 12038
  295 5106.438550 14498
  296 599.011518  4174
  297 -405.793802     6
  298 -1287.498951     5
  299 3796.225173 21172
  300 12276.555221 14979
