300
    1 1698.961900     1
    2 11367.071107 22552
    3 -1257.951744     7
    4 -1227.587592     7
    5 -762.289473     8
    6 5315.011262 11402
    7 139.741506  7882
    8 10617.785904  5438
    9 -1425.757582     7
   10 4840.514307  6863
   11 -806.625277     1
   12 269.163639   525
   13 -179.914399     2
   14 31466.101242 20096
   15 -2512.731807     7
   16 13158.870076 24956
   17 -167.832732     8
   18 -1582.854484     6
   19 6389.519398 14573
   20 -961.726610     7
   21 4253.977678 21823
   22 17686.425347 15275
   23 12868.756493 14868
   24 -1193.487481     6
   25 846.706306  2208
   26 -689.342571     1
   27 12524.309933 20395
   28 -293.013847     3
   29 5048.007539  4613
   30 14505.516302 14985
   31 7420.671921 10343
   32 -970.141941     7
   33 1668.020235  2104
   34 -629.585210     7
   35 6164.189046 17064
   36 21000.265616 21647
   37 -901.205157     0
   38 2840.883608  1257
   39 -367.480115     9
   40 35.252140  2568
   41 9026.155332 12082
   42 5580.501509 15949
   43 1942.377653 13544
   44 11340.227625 23714
   45 -2095.027252     8
   46 4712.912673 10842
   47 5415.994740 15863
   48 -246.370527     0
   49 -2654.154767     7
   50 665.649772  1573
   51 657.098737   828
   52 6166.656238 12746
   53 6192.249293   314
   54 12962.943941 23962
   55 13431.741628 23513
   56 -1015.643115     3
   57 907.805013 27528
   58 -1556.409305     5
   59 -602.742716     3
   60 -634.773949     2
   61 2246.137633 19028
   62 -1187.958910     7
   63 -3333.830026     7
   64 8830.764498 26634
   65 902.447640  8009
   66 458.399391 18283
   67 12741.187711 14765
   68 -124.168616     5
   69 4561.034718  4234
   70 1352.209437  6832
   71 6178.943614  6524
   72 -1944.848288     1
   73 14134.331076 23238
   74 15113.089700 23525
   75 -74.553752     4
   76 7538.533249 10172
   77 17565.763530 21958
   78 -896.190034     7
   79 -153.998787     8
   80 -666.544669     1
   81 4409.868368  3195
   82 243.573339  3101
   83 -1577.694504     6
   84 10615.506484  7462
   85 6185.404347  1250
   86 1711.646232 13695
   87 -337.058325     0
   88 -452.808698     4
   89 -258.497662     5
   90 9322.653451 11841
   91 2988.018586  3905
   92 16082.885120 26181
   93 5763.275829  6201
   94 -762.581274     0
   95 -1379.622598     5
   96 8383.859552 20258
   97 10168.522023 11140
   98 -554.592280     0
   99 8181.002003  7350
  100 -680.761128     3
  101 1703.201102  6709
  102 -3148.358310     0
  103 24465.682312 20824
  104 1685.500631 10814
  105 -897.446372     3
  106 562.094225  1080
  107 1243.293409 23377
  108 -209.677894     6
  109 265.408106  1281
  110 -1144.339036     8
  111 9315.875541 12350
  112 -849.431026     5
  113 9476.110020 21527
  114 -2289.962528     1
  115 7937.805717 12613
  116 25922.130889 25599
  117 3837.072556  2552
  118 2133.591576  4764
  119 3003.922997 11817
  120 6049.359306  8720
  121 3231.004012   876
  122 2661.329593 21854
  123 -572.499376     9
  124 936.408025   546
  125 -38.574718     5
  126 -431.697306     1
  127 -1876.992975     7
  128 -1434.869062     8
  129 4444.567581 22728
  130 6383.096370 12216
  131 4430.758579 19666
  132 4985.249042    74
  133 -622.306602     8
  134 8665.496711 16240
  135 3738.944909 23404
  136 446.348175  3066
  137 2584.534666  3236
  138 -764.913221     9
  139 2431.139365 26575
  140 -3303.380014     4
  141 3290.350736 23859
  142 -367.720374     0
  143 500.163438 15705
  144 3248.610020 14460
  145 11831.861402 16428
  146 2351.734344 26421
  147 8519.362611 10799
  148 -456.771072     0
  149 -2505.548220     1
  150 7804.036310 14927
  151 -955.375506     0
  152 10368.819379  4176
  153 2192.215246  3369
  154 -1704.490009     7
  155 -738.310210     6
  156 16803.701614 26851
  157 -926.928023     8
  158 511.106178  5560
  159 -97.688257     4
  160 1966.549592 13900
  161 -4251.110911     9
  162 23499.130336 23379
  163 1879.973727 18562
  164 -407.934602     9
  165 -1756.951423     0
  166 3763.164006  4587
  167 202.541917  4200
  168 -86.930419     9
  169 -528.784071     3
  170 -279.563174     4
  171 -2610.675438     3
  172 4739.372248 24598
  173 10653.324328 14057
  174 -658.237326     9
  175 9102.701308 15891
  176 -1467.990088     0
  177 -2669.689597     4
  178 1230.330722 20565
  179 9799.866402 11021
  180 7485.907488 19654
  181 -635.704627     1
  182 5380.201025 13672
  183 7536.181494 14952
  184 16365.816028 26785
  185 5585.574970  6455
  186 -987.971322     5
  187 -262.000518     5
  188 -981.978663     5
  189 17331.379560 16729
  190 7621.361053 13760
  191 -1641.973543     2
  192 34804.326831 24846
  193 -650.825215     5
  194 -844.675292     7
  195 -739.740150     9
  196 -579.079641     1
  197 10333.160560 15816
  198 2985.835497 17659
  199 -890.322492     4
  200 431.207336  6147
  201 -155.438869     1
  202 5732.734488 26161
  203 2733.695070  9518
  204 -2469.960258     4
  205 13064.796556 18278
  206 7893.200174 12201
  207 -747.826556     3
  208 -117.603211     5
  209 388.296086 11251
  210 3949.750690 11128
  211 11767.315398 18494
  212 -847.135984     1
  213 -988.855378     0
  214 5220.965031 15528
  215 -115.596568     5
  216 3079.738549  1154
  217 730.531650 15143
  218 -860.021176     3
  219 15127.793588 16679
  220 -153.442864     5
  221 2179.213048  1476
  222 3850.308690 19127
  223 1343.500291  5680
  224 529.165818  2168
  225 -1908.082826     5
  226 17508.346556 25072
  227 232.632721   460
  228 1081.959476  3095
  229 8465.156953  8458
  230 -2522.065823     4
  231 10920.904508 11398
  232 3257.358154   881
  233 1232.275338  1061
  234 -321.098261     9
  235 18797.740151 17055
  236 -97.445176     9
  237 778.138855 25768
  238 6704.402886 14732
  239 -250.511134     2
  240 3568.271405    35
  241 6588.020835  9045
  242 -1411.860110     4
  243 2828.261133 25507
  244 19903.168546 27680
  245 1990.911491  6344
  246 88.447336 21407
  247 -58.437089     8
  248 -198.541898     2
  249 8334.673684 21608
  250 2221.819292 19993
  251 -2759.234948     0
  252 1331.728045   131
  253 6574.335530 26725
  254 -497.408833     7
  255 8685.810952  4774
  256 -69.445261     8
  257 -294.915571     3
  258 6469.282834 11874
  259 -388.389991     4
  260 -1963.116826     5
  261 7634.041166 15881
  262 -873.388724     3
  263 17679.992425 14536
  264 2263.674475  1231
  265 4955.913338 13187
  266 87.425005  7031
  267 -1472.338040     0
  268 3059.572856 12441
  269 -967.377105     1
  270 -261.525850     0
  271 1424.707632 20832
  272 -1452.331967     3
  273 3976.998260 13008
  274 2423.605000  3973
  275 8987.960627  9596
  276 -323.161842     7
  277 14518.885474  8226
  278 3088.721050  8125
  279 7111.754602  1936
  280 1445.341561   519
  281 -86.735393     4
  282 12173.655181 20779
  283 2913.076916  5897
  284 -513.473493     7
  285 -2617.123393     5
  286 -1147.292020     2
  287 14698.501325 13467
  288 -310.892300     7
  289 -266.198501     1
  290 1196.588330 15224
  291 4963.486538 16581
  292 4570.555309 16126
  293 -1251.481089     6
  294 7089.415869 12038
  295 12142.393948 14498
  296 9848.215240  4174
  297 -707.442112     6
  298 -3983.186015     5
  299 18795.726139 21172
  300 8092.415845 14979
