300
    1 7126.439294     1
    2 16598.467576 22552
    3 -1873.530228     7
    4 -867.131179     7
    5 -1070.519843     8
    6 9617.701918 11402
    7 5200.841179  7882
    8 1633.290154  5438
    9 -1820.040880     7
   10 1498.772460  6863
   11 -77.321371     1
   12 3856.120604   525
   13 -421.695681     2
   14 20876.717171 20096
   15 -13.576263     7
   16 9529.366306 24956
   17 -557.892746     8
   18 -301.344030     6
   19 9833.866858 14573
   20 -1022.855195     7
   21 1858.152585 21823
   22 8719.849014 15275
   23 6115.986098 14868
   24 -395.289588     6
   25 2215.611167  2208
   26 -16.611512     1
   27 11647.745091 20395
   28 -425.411452     3
   29 2984.689733  4613
   30 5777.309389 14985
   31 7862.598875 10343
   32 -48.080754     7
   33 4230.764283  2104
   34 -1329.142600     7
   35 5519.824839 17064
   36 1111.901857 21647
   37 -385.302718     0
   38 1938.840769  1257
   39 -921.112240     9
   40 3129.899209  2568
   41 10696.444973 12082
   42 1524.514980 15949
   43 12769.592130 13544
   44 8256.957038 23714
   45 -1244.183277     8
   46 5118.263188 10842
   47 1698.307147 15863
   48 -130.590477     0
   49 -593.429524     7
   50 2607.962439  1573
   51 921.426392   828
   52 5070.004923 12746
   53 3868.690696   314
   54 3597.475981 23962
   55 6055.169121 23513
   56 -520.805853     3
   57 23836.688253 27528
   58 -346.550818     5
   59 -404.467782     3
   60 -969.796120     2
   61 6162.880932 19028
   62 -901.790054     7
   63 -121.966964     7
   64 15168.917067 26634
   65 5096.412592  8009
   66 3007.808391 18283
   67 11385.414083 14765
   68 -714.071849     5
   69 316.571646  4234
   70 1751.258938  6832
   71 1668.320854  6524
   72 -126.680323     1
   73 25934.651939 23238
   74 17909.529630 23525
   75 -1308.484211     4
   76 15997.112793 10172
   77 3728.089931 21958
   78 -218.454639     7
   79 -2262.800078     8
   80 -1190.411176     1
   81 9119.609941  3195
   82 7729.249512  3101
   83 -291.141888     6
   84 7086.126282  7462
   85 5568.786231  1250
   86 39360.308056 13695
   87 -1254.454660     0
   88 -2190.791295     4
   89 -802.102344     5
   90 12231.077278 11841
   91 9735.649265  3905
   92 26513.294036 26181
   93 3892.666296  6201
   94 -393.130099     0
   95 -1577.927911     5
   96 13449.416862 20258
   97 7403.496845 11140
   98 -246.652236     0
   99 4548.657930  7350
  100 -768.868237     3
  101 14685.652510  6709
  102 -317.311151     0
  103 13868.394110 20824
  104 3516.272258 10814
  105 -703.876495     3
  106 2174.003047  1080
  107 2215.435914 23377
  108 -468.917201     6
  109 3612.530282  1281
  110 -978.061581     8
  111 4466.214199 12350
  112 -587.027162     5
  113 2440.368113 21527
  114 -571.785566     1
  115 8398.693511 12613
  116 15376.900124 25599
  117 2345.829567  2552
  118 6332.148897  4764
  119 12278.075213 11817
  120 5196.754048  8720
  121 2000.639813   876
  122 15703.714246 21854
  123 -1080.247044     9
  124 78.740122   546
  125 -890.568365     5
  126 -1713.719053     1
  127 -962.411521     7
  128 -414.964397     8
  129 14326.837665 22728
  130 5699.186016 12216
  131 7560.825022 19666
  132 782.919147    74
  133 -1370.551552     8
  134 6731.227917 16240
  135 13303.392244 23404
  136 949.334771  3066
  137 6450.375331  3236
  138 -1386.364067     9
  139 5023.247872 26575
  140 -856.397645     4
  141 7087.699186 23859
  142 -138.363934     0
  143 16987.149710 15705
  144 1624.949410 14460
  145 716.168832 16428
  146 7220.541370 26421
  147 241.233495 10799
  148 -1711.332544     0
  149 -387.492254     1
  150 12190.522100 14927
  151 -6.497297     0
  152 3507.706279  4176
  153 363.703550  3369
  154 -641.457990     7
  155 -1049.659176     6
  156 4902.983731 26851
  157 -1478.654161     8
  158 11288.913407  5560
  159 -417.506657     4
  160 12718.418325 13900
  161 -1208.518508     9
  162 6310.961778 23379
  163 12528.384577 18562
  164 -1377.088526     9
  165 -468.280585     0
  166 4858.183128  4587
  167 983.652377  4200
  168 -2531.799475     9
  169 -422.576947     3
  170 -506.468796     4
  171 -1477.513271     3
  172 29793.272506 24598
  173 10263.842484 14057
  174 -843.159944     9
  175 2255.835817 15891
  176 -419.000622     0
  177 -239.028419     4
  178 3797.033383 20565
  179 4652.614708 11021
  180 5965.338941 19654
  181 -3123.833207     1
  182 10050.756128 13672
  183 3621.705370 14952
  184 12030.654820 26785
  185 3179.867483  6455
  186 -772.471534     5
  187 -87.473799     5
  188 -951.556161     5
  189 4646.261316 16729
  190 14818.515712 13760
  191 -269.494686     2
  192 2107.389924 24846
  193 -1255.337613     5
  194 -257.105696     7
  195 -505.520039     9
  196 -834.971419     1
  197 1239.243223 15816
  198 25219.635505 17659
  199 -1556.411239     4
  200 6350.997216  6147
  201 -1101.364961     1
  202 25045.633868 26161
  203 4702.945490  9518
  204 -231.261668     4
  205 12051.262099 18278
  206 1403.858090 12201
  207 -273.751161     3
  208 -1777.864721     5
  209 17423.683456 11251
  210 7355.361573 11128
  211 3001.255106 18494
  212 -57.185648     1
  213 -743.569870     0
  214 3345.607690 15528
  215 -308.576881     5
  216 343.604898  1154
  217 4858.307825 15143
  218 -364.936454     3
  219 2750.386857 16679
  220 -1630.670599     5
  221 6804.263750  1476
  222 11704.405498 19127
  223 756.789448  5680
  224 3318.032448  2168
  225 -60.360803     5
  226 25186.687512 25072
  227 7733.718853   460
  228 1164.212707  3095
  229 61.193652  8458
  230 -1622.488163     4
  231 5885.480657 11398
  232 1668.058046   881
  233 784.700241  1061
  234 -14.813044     9
  235 10756.640241 17055
  236 -710.339506     9
  237 6159.677723 25768
  238 10493.912289 14732
  239 -538.186513     2
  240 2753.676280    35
  241 3816.486779  9045
  242 -533.723984     4
  243 1659.640430 25507
  244 2161.281021 27680
  245 4848.123351  6344
  246 3476.536348 21407
  247 -453.769301     8
  248 -1249.367101     2
  249 1526.041843 21608
  250 2623.241960 19993
  251 -1672.412254     0
  252 3162.356584   131
  253 9303.403889 26725
  254 -811.183270     7
  255 1976.554583  4774
  256 -291.066906     8
  257 -1140.664547     3
  258 7930.658698 11874
  259 -133.778455     4
  260 -451.477275     5
  261 1815.501403 15881
  262 -258.229839     3
  263 7957.328415 14536
  264 2200.669311  1231
  265 17062.048419 13187
  266 395.234428  7031
  267 -415.307010     0
  268 4885.024028 12441
  269 -948.913439     1
  270 -815.591079     0
  271 20257.297598 20832
  272 -178.981957     3
  273 4012.397056 13008
  274 1877.794430  3973
  275 11321.278699  9596
  276 -647.995926     7
  277 11580.512830  8226
  278 5271.471057  8125
  279 3853.559480  1936
  280 2259.548599   519
  281 -653.034106     4
  282 23458.106139 20779
  283 7653.307194  5897
  284 -2241.575339     7
  285 -2261.452077     5
  286 -1274.583666     2
  287 9899.013948 13467
  288 -28.964193     7
  289 -213.346790     1
  290 10287.244081 15224
  291 213.597742 16581
  292 14045.255066 16126
  293 -1933.084155     6
  294 14447.014397 12038
  295 285.213393 14498
  296 8535.083395  4174
  297 -3106.180690     6
  298 -1751.583432     5
  299 1671.733944 21172
  300 276.795045 14979
