300
    1 944.338233     1
    2 23139.783889 22552
    3 -1635.737159     7
    4 -925.052667     7
    5 -1402.799150     8
    6 11142.490561 11402
    7 717.962157  7882
    8 2718.650720  5438
    9 -1733.870081     7
   10 6435.332636  6863
   11 -896.757137     1
   12 2897.860978   525
   13 -150.003953     2
   14 4777.862442 20096
   15 -1693.825600     7
   16 2105.305911 24956
   17 -709.081875     8
   18 -397.260926     6
   19 964.379631 14573
   20 -1570.945530     7
   21 13935.096016 21823
   22 9824.520110 15275
   23 9873.786597 14868
   24 -65.023376     6
   25 3285.950648  2208
   26 -75.114492     1
   27 20215.576123 20395
   28 -1110.852096     3
   29 5536.385017  4613
   30 724.868687 14985
   31 5995.227948 10343
   32 -697.897595     7
   33 2185.254450  2104
   34 -2057.244147     7
   35 15607.423971 17064
   36 18467.139414 21647
   37 -1708.776603     0
   38 555.947886  1257
   39 -1446.962914     9
   40 2758.346829  2568
   41 10826.575763 12082
   42 15688.242634 15949
   43 8488.107238 13544
   44 8492.304888 23714
   45 -437.177324     8
   46 7991.679372 10842
   47 235.422718 15863
   48 -202.031170     0
   49 -314.426507     7
   50 2039.912999  1573
   51 3550.573962   828
   52 13127.126570 12746
   53 1715.884652   314
   54 23747.944896 23962
   55 10195.798025 23513
   56 -1391.011874     3
   57 271.903676 27528
   58 -2210.508849     5
   59 -2586.535489     3
   60 -1015.024281     2
   61 20170.967168 19028
   62 -677.737181     7
   63 -922.531819     7
   64 18142.167621 26634
   65 7756.186958  8009
   66 20630.619116 18283
   67 12015.154622 14765
   68 -1188.830813     5
   69 9468.979777  4234
   70 24.533349  6832
   71 4531.102874  6524
   72 -344.799928     1
   73 9876.580049 23238
   74 14625.488655 23525
   75 -44.069195     4
   76 9075.626515 10172
   77 36273.119801 21958
   78 -48.378727     7
   79 -908.971879     8
   80 -330.222877     1
   81 5261.360197  3195
   82 7820.978227  3101
   83 -2759.430456     6
   84 4285.579951  7462
   85 1774.119254  1250
   86 5597.343298 13695
   87 -1379.393926     0
   88 -720.737564     4
   89 -31.237430     5
   90 10660.879464 11841
   91 6672.576434  3905
   92 34858.377727 26181
   93 2050.838784  6201
   94 -560.749056     0
   95 -402.317511     5
   96 23811.253698 20258
   97 6846.444120 11140
   98 -1296.954075     0
   99 6771.000189  7350
  100 -2065.420635     3
  101 3648.376114  6709
  102 -846.813368     0
  103 2292.860948 20824
  104 8370.540038 10814
  105 -1.358963     3
  106 1477.801396  1080
  107 10530.926586 23377
  108 -2461.504339     6
  109 644.166541  1281
  110 -197.682764     8
  111 16481.976442 12350
  112 -122.842591     5
  113 18164.796171 21527
  114 -1272.827502     1
  115 4737.242439 12613
  116 7021.114135 25599
  117 3930.904007  2552
  118 7457.100322  4764
  119 6884.231979 11817
  120 16938.289915  8720
  121 697.130308   876
  122 21226.308042 21854
  123 -163.624974     9
  124 2449.415649   546
  125 -1231.210694     5
  126 -2154.060969     1
  127 -1009.326984     7
  128 -1189.907981     8
  129 5074.974289 22728
  130 3600.534791 12216
  131 9193.200905 19666
  132 1164.800884    74
  133 -93.990633     8
  134 7791.331188 16240
  135 19691.919483 23404
  136 3516.618976  3066
  137 6395.188608  3236
  138 -1782.568335     9
  139 18192.274132 26575
  140 -1943.713611     4
  141 19368.621955 23859
  142 -447.109122     0
  143 11109.395317 15705
  144 7659.658222 14460
  145 5587.108526 16428
  146 20540.197762 26421
  147 2462.599914 10799
  148 -438.722871     0
  149 -853.447612     1
  150 2271.760407 14927
  151 -2418.278472     0
  152 6635.102999  4176
  153 350.383393  3369
  154 -803.598217     7
  155 -2496.103901     6
  156 21930.373555 26851
  157 -3502.005335     8
  158 7407.636206  5560
  159 -828.835495     4
  160 5681.822051 13900
  161 -661.307833     9
  162 3277.059359 23379
  163 639.997605 18562
  164 -899.552420     9
  165 -184.469139     0
  166 4484.990007  4587
  167 716.625895  4200
  168 -2228.172278     9
  169 -413.703120     3
  170 -96.163978     4
  171 -288.660706     3
  172 98.077863 24598
  173 16827.164883 14057
  174 -477.436621     9
  175 6470.706789 15891
  176 -586.207626     0
  177 -1430.538051     4
  178 5307.868864 20565
  179 7172.183314 11021
  180 332.909252 19654
  181 -1205.032793     1
  182 11066.041314 13672
  183 5634.674873 14952
  184 345.976924 26785
  185 3756.794001  6455
  186 -453.865151     5
  187 -521.078954     5
  188 -102.816195     5
  189 8416.759195 16729
  190 7755.500754 13760
  191 -272.178424     2
  192 26022.610368 24846
  193 -732.149222     5
  194 -170.323494     7
  195 -4196.702918     9
  196 -1470.328463     1
  197 6841.930500 15816
  198 10621.553371 17659
  199 -11.088331     4
  200 8733.527935  6147
  201 -1097.345761     1
  202 19732.657379 26161
  203 1665.741872  9518
  204 -2585.797703     4
  205 15230.410869 18278
  206 5158.078785 12201
  207 -506.380689     3
  208 -309.158421     5
  209 16291.993341 11251
  210 1091.429342 11128
  211 5761.781105 18494
  212 -367.779851     1
  213 -909.242357     0
  214 5688.408319 15528
  215 -1546.098183     5
  216 2027.190455  1154
  217 1362.547861 15143
  218 -1333.571846     3
  219 11988.322243 16679
  220 -1462.858606     5
  221 1526.670607  1476
  222 6955.441804 19127
  223 7783.600441  5680
  224 251.794820  2168
  225 -1063.101022     5
  226 5435.180227 25072
  227 1693.496700   460
  228 6863.680940  3095
  229 3091.965381  8458
  230 -4013.106708     4
  231 1065.259267 11398
  232 2686.703233   881
  233 1615.118831  1061
  234 -254.043342     9
  235 3049.819415 17055
  236 -861.869395     9
  237 15382.239130 25768
  238 8341.830050 14732
  239 -1189.780535     2
  240 1380.882736    35
  241 3016.855631  9045
  242 -1416.570021     4
  243 46041.463792 25507
  244 13115.885366 27680
  245 4684.140734  6344
  246 2363.608177 21407
  247 -546.178589     8
  248 -1957.370284     2
  249 16182.308421 21608
  250 1391.724865 19993
  251 -562.167302     0
  252 167.861616   131
  253 23408.877891 26725
  254 -84.946890     7
  255 6286.341151  4774
  256 -593.316896     8
  257 -98.377309     3
  258 13232.308728 11874
  259 -1100.554590     4
  260 -1208.525543     5
  261 2868.525493 15881
  262 -1121.471109     3
  263 18701.724121 14536
  264 3925.580078  1231
  265 3607.709520 13187
  266 1852.632341  7031
  267 -667.452555     0
  268 323.347833 12441
  269 -113.372929     1
  270 -630.120856     0
  271 3188.099867 20832
  272 -1090.196084     3
  273 5843.897298 13008
  274 2050.371205  3973
  275 2189.395966  9596
  276 -408.681976     7
  277 1105.441274  8226
  278 6375.968786  8125
  279 2242.665944  1936
  280 603.169064   519
  281 -261.753547     4
  282 1811.122784 20779
  283 9697.398141  5897
  284 -3241.830537     7
  285 -1240.589099     5
  286 -2094.947254     2
  287 3835.304538 13467
  288 -667.383810     7
  289 -152.265636     1
  290 27696.306585 15224
  291 5451.984716 16581
  292 9434.054888 16126
  293 -1422.539125     6
  294 4217.946106 12038
  295 3632.613136 14498
  296 106.769059  4174
  297 -1206.829311     6
  298 -1934.486844     5
  299 7624.896729 21172
  300 1846.321801 14979
