300
    1 3367.422274     1
    2 5399.500687 22552
    3 -507.508761     7
    4 -544.479275     7
    5 -249.279154     8
    6 2434.758467 11402
    7 1002.573600  7882
    8 3507.764108  5438
    9 -289.597095     7
   10 7962.322977  6863
   11 -209.239053     1
   12 4695.850772   525
   13 -452.881415     2
   14 2724.102232 20096
   15 -165.869047     7
   16 5056.313931 24956
   17 -732.676321     8
   18 -1135.117974     6
   19 11115.793960 14573
   20 -752.515308     7
   21 2957.406142 21823
   22 2685.945198 15275
   23 2255.511499 14868
   24 -1114.940179     6
   25 3551.242716  2208
   26 -135.989246     1
   27 930.852974 20395
   28 -719.039668     3
   29 5316.226687  4613
   30 7237.536934 14985
   31 17087.708213 10343
   32 -1224.888366     7
   33 8490.597778  2104
   34 -12.445165     7
   35 11756.718146 17064
   36 7029.718421 21647
   37 -568.788442     0
   38 2455.418038  1257
   39 -1657.249939     9
   40 688.462525  2568
   41 11073.824672 12082
   42 29981.821027 15949
   43 2516.886248 13544
   44 22717.724210 23714
   45 -499.758856     8
   46 487.097744 10842
   47 16544.383504 15863
   48 -806.147330     0
   49 -19.687632     7
   50 2946.172143  1573
   51 1370.222788   828
   52 7179.190387 12746
   53 1262.239549   314
   54 3775.850906 23962
   55 8914.100417 23513
   56 -496.727901     3
   57 7053.754123 27528
   58 -882.826571     5
   59 -733.806159     3
   60 -122.059090     2
   61 10822.477779 19028
   62 -222.431453     7
   63 -1294.031838     7
   64 19616.196090 26634
   65 8463.550985  8009
   66 7616.721262 18283
   67 13938.675529 14765
   68 -187.412653     5
   69 930.042443  4234
   70 1041.636308  6832
   71 9590.731570  6524
   72 -744.783502     1
   73 2498.418449 23238
   74 8034.770172 23525
   75 -467.410811     4
   76 12572.767896 10172
   77 11965.591339 21958
   78 -1795.637462     7
   79 -342.735349     8
   80 -732.194645     1
   81 1791.814125  3195
   82 4673.234594  3101
   83 -1607.736983     6
   84 6883.706018  7462
   85 1328.775771  1250
   86 15878.229426 13695
   87 -465.028753     0
   88 -893.454371     4
   89 -1110.564857     5
   90 5864.242123 11841
   91 1339.322629  3905
   92 4714.313186 26181
   93 4226.900779  6201
   94 -375.860387     0
   95 -43.037733     5
   96 8530.334294 20258
   97 2825.537151 11140
   98 -15.038603     0
   99 6452.658414  7350
  100 -2551.016244     3
  101 5502.447907  6709
  102 -1388.767797     0
  103 5823.612274 20824
  104 8745.155735 10814
  105 -280.108513     3
  106 1458.198900  1080
  107 15377.017661 23377
  108 -821.478388     6
  109 4856.498181  1281
  110 -105.541948     8
  111 12284.319215 12350
  112 -845.476384     5
  113 6772.452823 21527
  114 -431.278931     1
  115 4071.186267 12613
  116 865.895998 25599
  117 3681.687550  2552
  118 11417.009378  4764
  119 3732.425861 11817
  120 1883.053663  8720
  121 1409.304013   876
  122 228.470743 21854
  123 -806.639038     9
  124 4812.188139   546
  125 -686.128323     5
  126 -1788.463384     1
  127 -121.079153     7
  128 -215.331412     8
  129 22694.450575 22728
  130 6253.414280 12216
  131 7072.545488 19666
  132 1027.389883    74
  133 -119.890909     8
  134 9404.430441 16240
  135 8704.602667 23404
  136 4330.068503  3066
  137 1561.163374  3236
  138 -1859.401928     9
  139 4771.773071 26575
  140 -53.961031     4
  141 8066.109582 23859
  142 -103.243484     0
  143 5143.066667 15705
  144 3213.156767 14460
  145 9983.642333 16428
  146 3992.197834 26421
  147 9862.277244 10799
  148 -1996.236852     0
  149 -1528.389042     1
  150 12055.593995 14927
  151 -505.603638     0
  152 3155.236351  4176
  153 6925.958451  3369
  154 -1066.620175     7
  155 -597.809317     6
  156 5718.499988 26851
  157 -1032.268680     8
  158 756.829110  5560
  159 -8.693059     4
  160 6325.127293 13900
  161 -583.749597     9
  162 2570.141583 23379
  163 200.219253 18562
  164 -2502.954240     9
  165 -119.546839     0
  166 4274.495057  4587
  167 3124.227481  4200
  168 -1915.611934     9
  169 -242.260555     3
  170 -682.021077     4
  171 -1745.988455     3
  172 2176.005066 24598
  173 2852.304134 14057
  174 -41.658847     9
  175 14381.996543 15891
  176 -1678.629960     0
  177 -659.313153     4
  178 6803.144507 20565
  179 6671.740790 11021
  180 5339.606608 19654
  181 -2481.240836     1
  182 3991.294788 13672
  183 4772.938662 14952
  184 6452.141645 26785
  185 1679.313128  6455
  186 -454.429353     5
  187 -2008.971597     5
  188 -1383.065244     5
  189 13943.972051 16729
  190 344.701335 13760
  191 -1185.045703     2
  192 35932.445422 24846
  193 -937.184064     5
  194 -186.386836     7
  195 -1340.600279     9
  196 -360.168138     1
  197 692.101290 15816
  198 14001.796417 17659
  199 -314.626395     4
  200 1129.373277  6147
  201 -457.377692     1
  202 29042.313877 26161
  203 12775.760972  9518
  204 -682.915459     4
  205 12532.761739 18278
  206 2687.832628 12201
  207 -453.562931     3
  208 -1878.231609     5
  209 15694.962821 11251
  210 10487.132313 11128
  211 8580.072394 18494
  212 -52.045926     1
  213 -361.991579     0
  214 6397.564716 15528
  215 -114.243211     5
  216 6075.905960  1154
  217 8082.691553 15143
  218 -1403.186976     3
  219 14936.823965 16679
  220 -1204.255551     5
  221 1989.941943  1476
  222 4184.659703 19127
  223 3638.645001  5680
  224 5573.726954  2168
  225 -1347.306439     5
  226 3869.329043 25072
  227 2964.609206   460
  228 88.586116  3095
  229 7180.394768  8458
  230 -557.470567     4
  231 2287.950374 11398
  232 1058.109472   881
  233 46.321456  1061
  234 -986.723471     9
  235 8788.364832 17055
  236 -946.768586     9
  237 13649.370681 25768
  238 6843.501241 14732
  239 -2139.818204     2
  240 3608.638962    35
  241 5410.031452  9045
  242 -3112.935240     4
  243 4642.316387 25507
  244 27175.426538 27680
  245 5626.031817  6344
  246 21667.150143 21407
  247 -458.672559     8
  248 -667.910700     2
  249 5839.817891 21608
  250 6248.502292 19993
  251 -1861.225205     0
  252 2087.136603   131
  253 2332.608033 26725
  254 -1774.571840     7
  255 5624.456444  4774
  256 -1.597781     8
  257 -2200.015006     3
  258 6761.305379 11874
  259 -1475.097469     4
  260 -204.501283     5
  261 6409.290667 15881
  262 -877.377752     3
  263 1424.945976 14536
  264 5011.464603  1231
  265 4867.703124 13187
  266 5682.004714  7031
  267 -1589.744364     0
  268 1354.701381 12441
  269 -584.664528     1
  270 -66.149659     0
  271 14514.623176 20832
  272 -300.286588     3
  273 423.351171 13008
  274 184.135787  3973
  275 1715.127447  9596
  276 -234.495481     7
  277 6672.045924  8226
  278 4431.280169  8125
  279 595.566764  1936
  280 2867.103505   519
  281 -34.450238     4
  282 4579.677102 20779
  283 11908.908185  5897
  284 -2011.590791     7
  285 -3520.137074     5
  286 -1889.880367     2
  287 3484.704584 13467
  288 -658.200562     7
  289 -90.045246     1
  290 617.787356 15224
  291 7788.711176 16581
  292 3358.072564 16126
  293 -329.332817     6
  294 1851.597765 12038
  295 5217.572721 14498
  296 2497.286547  4174
  297 -175.562740     6
  298 -639.327004     5
  299 1575.463741 21172
  300 16526.125471 14979
