300
    1 5931.875995     1
    2 899.379967 22552
    3 -3130.672074     7
    4 -522.942102     7
    5 -1065.495569     8
    6 7237.017716 11402
    7 2640.392207  7882
    8 2928.721063  5438
    9 -819.184780     7
   10 1433.728895  6863
   11 -1751.427264     1
   12 2079.800241   525
   13 -127.937441     2
   14 11816.750378 20096
   15 -241.071230     7
   16 17733.818368 24956
   17 -193.097585     8
   18 -2630.629135     6
   19 1589.150885 14573
   20 -1111.363614     7
   21 4044.821001 21823
   22 2608.952786 15275
   23 1079.465266 14868
   24 -689.085205     6
   25 353.436436  2208
   26 -154.455505     1
   27 1545.298049 20395
   28 -1205.266670     3
   29 5262.370507  4613
   30 33443.492216 14985
   31 4187.062936 10343
   32 -120.358732     7
   33 880.331632  2104
   34 -75.549819     7
   35 6761.035262 17064
   36 12217.416209 21647
   37 -144.333666     0
   38 4998.200305  1257
   39 -1432.802077     9
   40 8712.936899  2568
   41 1933.041666 12082
   42 752.743892 15949
   43 2153.385054 13544
   44 17882.696858 23714
   45 -1540.949140     8
   46 3086.414013 10842
   47 2348.770789 15863
   48 -1229.878592     0
   49 -870.451162     7
   50 855.181716  1573
   51 434.745887   828
   52 251.381103 12746
   53 1440.608611   314
   54 22652.308604 23962
   55 4014.611382 23513
   56 -19.795166     3
   57 3414.265251 27528
   58 -1081.901849     5
   59 -1803.342556     3
   60 -2646.438435     2
   61 554.687798 19028
   62 -464.694735     7
   63 -826.127390     7
   64 35747.234273 26634
   65 3068.080864  8009
   66 7900.059857 18283
   67 3071.746673 14765
   68 -1326.230051     5
   69 878.207129  4234
   70 7962.209078  6832
   71 2458.463952  6524
   72 -41.604871     1
   73 2497.679132 23238
   74 20001.749137 23525
   75 -53.208940     4
   76 5252.852614 10172
   77 10596.416744 21958
   78 -2327.126198     7
   79 -0.545601     8
   80 -1031.543815     1
   81 10765.423034  3195
   82 9030.567293  3101
   83 -1538.197827     6
   84 11107.656732  7462
   85 614.002429  1250
   86 21977.290824 13695
   87 -497.520041     0
   88 -143.193364     4
   89 -445.086743     5
   90 1001.988695 11841
   91 4745.297009  3905
   92 6039.258775 26181
   93 705.059390  6201
   94 -2270.560135     0
   95 -675.588732     5
   96 22708.508849 20258
   97 10422.155743 11140
   98 -376.563365     0
   99 1408.453069  7350
  100 -140.485727     3
  101 191.582959  6709
  102 -740.559418     0
  103 13960.702859 20824
  104 18023.619918 10814
  105 -357.501722     3
  106 6116.835942  1080
  107 391.473964 23377
  108 -501.922607     6
  109 983.611203  1281
  110 -1878.297344     8
  111 631.416999 12350
  112 -757.789759     5
  113 26266.663525 21527
  114 -909.787904     1
  115 1363.132578 12613
  116 26379.420023 25599
  117 3069.813190  2552
  118 789.187808  4764
  119 397.045089 11817
  120 14488.495690  8720
  121 1426.124334   876
  122 2933.678216 21854
  123 -449.493702     9
  124 908.934810   546
  125 -175.830465     5
  126 -803.686499     1
  127 -444.108900     7
  128 -4094.637635     8
  129 8665.469483 22728
  130 1137.539452 12216
  131 640.479279 19666
  132 3285.061838    74
  133 -476.857179     8
  134 225.003673 16240
  135 35748.025178 23404
  136 7439.475586  3066
  137 1788.441366  3236
  138 -155.148726     9
  139 10962.525688 26575
  140 -3413.619985     4
  141 20366.000775 23859
  142 -201.933103     0
  143 6064.128417 15705
  144 12580.720858 14460
  145 3194.703455 16428
  146 32888.221286 26421
  147 2840.894937 10799
  148 -1552.820817     0
  149 -404.291750     1
  150 300.890288 14927
  151 -462.647781     0
  152 6041.356574  4176
  153 2786.141366  3369
  154 -1548.743687     7
  155 -177.271542     6
  156 13658.057077 26851
  157 -350.370021     8
  158 8908.211143  5560
  159 -32.615442     4
  160 2943.281941 13900
  161 -756.059801     9
  162 4527.997984 23379
  163 11371.953321 18562
  164 -1743.753252     9
  165 -52.434175     0
  166 5037.828740  4587
  167 3384.278838  4200
  168 -1303.977771     9
  169 -370.924020     3
  170 -3.686640     4
  171 -1168.177635     3
  172 9428.332156 24598
  173 9644.925460 14057
  174 -262.192827     9
  175 8500.862265 15891
  176 -1447.463060     0
  177 -27.062638     4
  178 19928.194357 20565
  179 19911.986626 11021
  180 13359.564634 19654
  181 -23.779020     1
  182 9660.156459 13672
  183 13699.795756 14952
  184 10084.284925 26785
  185 3516.982553  6455
  186 -32.996968     5
  187 -203.278878     5
  188 -1410.869448     5
  189 5413.033969 16729
  190 23041.203184 13760
  191 -453.433368     2
  192 1030.895425 24846
  193 -236.263560     5
  194 -850.683584     7
  195 -2568.630452     9
  196 -1403.864847     1
  197 1805.671646 15816
  198 15195.409412 17659
  199 -140.876278     4
  200 6992.917433  6147
  201 -838.175477     1
  202 1470.931666 26161
  203 7559.346530  9518
  204 -1428.589519     4
  205 13848.294417 18278
  206 11832.611400 12201
  207 -83.515080     3
  208 -2333.451262     5
  209 3445.512410 11251
  210 11711.015732 11128
  211 26210.779893 18494
  212 -1836.689765     1
  213 -232.649434     0
  214 12473.621121 15528
  215 -11.783178     5
  216 2890.755591  1154
  217 863.369318 15143
  218 -861.122387     3
  219 5717.260720 16679
  220 -1383.733365     5
  221 3698.535514  1476
  222 5980.375502 19127
  223 5108.027185  5680
  224 864.138940  2168
  225 -911.497304     5
  226 16487.838018 25072
  227 6837.204951   460
  228 426.003870  3095
  229 7353.931179  8458
  230 -648.178836     4
  231 5525.299238 11398
  232 2333.136408   881
  233 5569.693066  1061
  234 -351.847041     9
  235 34734.950707 17055
  236 -2380.794260     9
  237 4552.048843 25768
  238 11684.576392 14732
  239 -963.354214     2
  240 1629.154402    35
  241 2225.879089  9045
  242 -1381.937240     4
  243 1275.686912 25507
  244 8096.195408 27680
  245 11699.766209  6344
  246 25074.434347 21407
  247 -802.728170     8
  248 -1422.247456     2
  249 6899.310147 21608
  250 9560.368504 19993
  251 -354.209680     0
  252 2316.650089   131
  253 2346.095571 26725
  254 -392.370620     7
  255 1411.562822  4774
  256 -1389.792556     8
  257 -442.009905     3
  258 3181.043891 11874
  259 -67.143254     4
  260 -553.588241     5
  261 7870.282303 15881
  262 -1105.158677     3
  263 61.892905 14536
  264 2540.126735  1231
  265 4056.270029 13187
  266 9974.648363  7031
  267 -632.951717     0
  268 7462.571338 12441
  269 -462.391721     1
  270 -120.081303     0
  271 2259.761402 20832
  272 -1080.955184     3
  273 8760.410861 13008
  274 56.333149  3973
  275 15004.358318  9596
  276 -1915.608245     7
  277 1478.181625  8226
  278 1771.989545  8125
  279 2851.635025  1936
  280 3937.701227   519
  281 -191.298430     4
  282 14661.675146 20779
  283 8846.169580  5897
  284 -1127.032328     7
  285 -1735.763990     5
  286 -251.002618     2
  287 3494.224076 13467
  288 -1112.534929     7
  289 -526.128598     1
  290 13903.165049 15224
  291 18641.979538 16581
  292 6478.738710 16126
  293 -9.717288     6
  294 1582.134867 12038
  295 940.670968 14498
  296 137.709753  4174
  297 -806.573232     6
  298 -752.007926     5
  299 17358.985963 21172
  300 7100.298652 14979
