100
    1 0.366905     1
    2 0.018708    12
    3 0.474802     3
    4 4.598783     6
    5 3.118470    17
    6 4.796499     2
    7 0.508330     2
    8 10.043155    18
    9 6.005795    11
   10 1.027128     3
   11 8.625011     5
   12 1.733152     5
   13 3.409781     8
   14 4.846245    16
   15 17.666739    19
   16 0.037540    16
   17 1.109510     1
   18 9.495516    15
   19 0.615152    13
   20 3.941320    19
   21 0.230749     3
   22 1.032518    15
   23 9.962332     8
   24 20.877741    19
   25 3.678573     8
   26 1.176012     4
   27 1.686766    15
   28 1.499868     5
   29 3.694660    13
   30 2.086891     5
   31 0.634688     3
   32 4.171730    10
   33 1.828936     4
   34 1.918360    16
   35 2.757628     4
   36 2.092005     7
   37 3.993207     5
   38 17.749797    17
   39 0.374417     7
   40 8.994920     8
   41 2.718784     2
   42 2.916179     9
   43 2.275606     4
   44 9.880677    14
   45 18.968777    20
   46 0.001399     2
   47 2.228662     3
   48 7.142638    11
   49 22.236571    17
   50 3.993378    13
   51 1.824276     8
   52 7.174852     6
   53 4.214748    14
   54 0.104594     2
   55 3.295536    13
   56 11.676518    17
   57 6.383210     8
   58 1.287002     7
   59 3.527747    12
   60 4.921701    13
   61 5.804528     8
   62 1.339107     7
   63 2.469877    11
   64 3.590441    14
   65 1.565109     9
   66 6.131622     3
   67 2.017886     5
   68 1.256071    13
   69 10.960929    14
   70 9.813831    12
   71 0.628010     4
   72 3.002337    19
   73 3.952124    18
   74 1.670624     5
   75 7.635509    19
   76 2.243956    12
   77 8.658673    18
   78 0.148549    15
   79 0.181093    19
   80 6.127969    15
   81 5.919260    15
   82 0.718101     1
   83 8.949051     7
   84 1.105123     2
   85 4.260872    10
   86 7.104075    15
   87 6.440745     9
   88 10.006129     8
   89 5.644495    17
   90 2.084347     1
   91 11.413733     5
   92 0.201439     1
   93 1.703076     1
   94 14.043357    15
   95 1.246114     6
   96 0.680898    18
   97 5.038117    20
   98 0.883663    12
   99 8.106626    10
  100 9.757421    11
