300
    1 121.293734     1
    2 7732.766680 22552
    3 -876.169855     7
    4 -1536.717214     7
    5 -809.013879     8
    6 7295.177547 11402
    7 5896.470570  7882
    8 1093.177850  5438
    9 -942.175714     7
   10 19623.803027  6863
   11 -670.625482     1
   12 559.408809   525
   13 -483.649912     2
   14 16639.428311 20096
   15 -262.978229     7
   16 5722.875188 24956
   17 -1894.977389     8
   18 -821.261542     6
   19 5613.319722 14573
   20 -575.239850     7
   21 10533.616476 21823
   22 2175.277024 15275
   23 280.103694 14868
   24 -540.146300     6
   25 2912.216932  2208
   26 -77.579360     1
   27 14175.833422 20395
   28 -2081.997161     3
   29 353.772760  4613
   30 22911.863956 14985
   31 9636.218277 10343
   32 -536.040596     7
   33 3261.188970  2104
   34 -701.024021     7
   35 23653.715544 17064
   36 11220.067723 21647
   37 -605.916442     0
   38 3630.296035  1257
   39 -111.081160     9
   40 6248.448305  2568
   41 8407.522191 12082
   42 8137.748501 15949
   43 18274.692873 13544
   44 12671.906295 23714
   45 -1040.545882     8
   46 7444.262763 10842
   47 14401.168466 15863
   48 -535.634346     0
   49 -257.960802     7
   50 2639.465237  1573
   51 2699.707157   828
   52 15026.692751 12746
   53 249.118162   314
   54 19282.362204 23962
   55 542.137273 23513
   56 -626.049042     3
   57 14932.893696 27528
   58 -1347.921628     5
   59 -3563.746477     3
   60 -158.594260     2
   61 29920.152265 19028
   62 -711.876518     7
   63 -520.220138     7
   64 5559.848732 26634
   65 3429.367144  8009
   66 7376.950653 18283
   67 2583.403979 14765
   68 -551.410485     5
   69 4462.724256  4234
   70 1991.969669  6832
   71 102.103145  6524
   72 -671.175933     1
   73 27860.846339 23238
   74 7420.395747 23525
   75 -1199.244763     4
   76 15381.594294 10172
   77 6896.012335 21958
   78 -342.443020     7
   79 -325.375453     8
   80 -533.424565     1
   81 6381.047375  3195
   82 921.236692  3101
   83 -1165.543858     6
   84 3331.234997  7462
   85 1032.514119  1250
   86 10330.979536 13695
   87 -5.177574     0
   88 -68.196854     4
   89 -463.222457     5
   90 11640.283711 11841
   91 4225.938879  3905
   92 34534.607713 26181
   93 967.312161  6201
   94 -608.669141     0
   95 -847.222083     5
   96 21308.359824 20258
   97 3485.411510 11140
   98 -1065.823061     0
   99 9469.090238  7350
  100 -29.157295     3
  101 7749.268286  6709
  102 -962.126443     0
  103 7086.712106 20824
  104 9117.270901 10814
  105 -884.018183     3
  106 249.345310  1080
  107 4336.094951 23377
  108 -3270.729527     6
  109 1137.578387  1281
  110 -1772.599974     8
  111 8498.585659 12350
  112 -168.096522     5
  113 11075.895787 21527
  114 -1356.809861     1
  115 6134.889308 12613
  116 12040.276540 25599
  117 5529.710357  2552
  118 5091.837801  4764
  119 19756.819650 11817
  120 3335.561079  8720
  121 1603.803875   876
  122 25606.891486 21854
  123 -65.791290     9
  124 3669.668376   546
  125 -37.780186     5
  126 -433.757905     1
  127 -2809.743788     7
  128 -573.318389     8
  129 30379.967708 22728
  130 2797.421724 12216
  131 3119.712252 19666
  132 1743.233416    74
  133 -360.219759     8
  134 1816.969959 16240
  135 13376.621844 23404
  136 3115.712995  3066
  137 264.734161  3236
  138 -93.540898     9
  139 1000.167313 26575
  140 -1066.732760     4
  141 2990.159244 23859
  142 -664.499832     0
  143 3593.026095 15705
  144 3682.542417 14460
  145 1884.966616 16428
  146 28173.624858 26421
  147 2356.555940 10799
  148 -2285.932843     0
  149 -3182.910784     1
  150 2744.631341 14927
  151 -630.596709     0
  152 2794.074355  4176
  153 2240.731898  3369
  154 -1088.492266     7
  155 -2464.671846     6
  156 3437.462310 26851
  157 -1700.032821     8
  158 9798.190854  5560
  159 -983.556445     4
  160 3021.902821 13900
  161 -252.648844     9
  162 681.929512 23379
  163 20433.587666 18562
  164 -1124.764395     9
  165 -652.530747     0
  166 5180.099935  4587
  167 6596.483637  4200
  168 -830.184011     9
  169 -1893.817992     3
  170 -360.510553     4
  171 -2396.135530     3
  172 4928.404262 24598
  173 911.712946 14057
  174 -766.284900     9
  175 17744.713671 15891
  176 -1115.830493     0
  177 -1097.759943     4
  178 8176.025432 20565
  179 12040.310027 11021
  180 8598.423585 19654
  181 -206.989436     1
  182 3658.003069 13672
  183 4182.177335 14952
  184 20566.950205 26785
  185 604.544610  6455
  186 -666.067513     5
  187 -1315.657971     5
  188 -1305.431297     5
  189 3038.740753 16729
  190 16828.054784 13760
  191 -1737.478747     2
  192 17762.768144 24846
  193 -2348.032380     5
  194 -525.592708     7
  195 -1423.691666     9
  196 -444.681625     1
  197 9089.004430 15816
  198 10920.082833 17659
  199 -630.930215     4
  200 1201.413163  6147
  201 -57.763751     1
  202 25522.015215 26161
  203 4530.321703  9518
  204 -249.076204     4
  205 7090.251470 18278
  206 3356.504103 12201
  207 -783.168833     3
  208 -339.785393     5
  209 12346.984505 11251
  210 3495.854909 11128
  211 8147.300822 18494
  212 -603.743481     1
  213 -432.398236     0
  214 9860.016548 15528
  215 -47.112187     5
  216 4639.807408  1154
  217 963.312480 15143
  218 -1749.856478     3
  219 8984.457165 16679
  220 -1018.345049     5
  221 5178.166451  1476
  222 9948.892075 19127
  223 10927.255566  5680
  224 2939.554115  2168
  225 -643.693259     5
  226 26329.825323 25072
  227 3976.214061   460
  228 2456.624038  3095
  229 11668.972545  8458
  230 -23.112501     4
  231 9810.267257 11398
  232 4205.701878   881
  233 1753.545657  1061
  234 -660.750412     9
  235 17426.579052 17055
  236 -290.866917     9
  237 8715.209465 25768
  238 5322.338285 14732
  239 -555.418493     2
  240 1466.784127    35
  241 8356.226658  9045
  242 -987.297312     4
  243 11734.448755 25507
  244 5246.789104 27680
  245 6357.903769  6344
  246 3146.357606 21407
  247 -370.205964     8
  248 -1293.681463     2
  249 688.720447 21608
  250 5270.308126 19993
  251 -945.062223     0
  252 3073.398072   131
  253 22626.505826 26725
  254 -390.271055     7
  255 981.710719  4774
  256 -345.258672     8
  257 -925.879521     3
  258 11016.944627 11874
  259 -1335.373774     4
  260 -2016.543552     5
  261 135.104576 15881
  262 -544.269259     3
  263 1899.738823 14536
  264 404.309250  1231
  265 5792.800277 13187
  266 15920.081259  7031
  267 -338.384316     0
  268 2844.123037 12441
  269 -796.160315     1
  270 -2405.373326     0
  271 14896.152851 20832
  272 -349.222951     3
  273 13353.613842 13008
  274 518.642207  3973
  275 3462.959342  9596
  276 -737.014656     7
  277 1717.386435  8226
  278 3257.639104  8125
  279 107.279535  1936
  280 797.564887   519
  281 -145.679504     4
  282 28933.246205 20779
  283 2014.199845  5897
  284 -2064.377542     7
  285 -244.020464     5
  286 -654.924042     2
  287 2580.421826 13467
  288 -423.655276     7
  289 -520.540301     1
  290 9454.686198 15224
  291 18410.077330 16581
  292 11049.366798 16126
  293 -2094.240591     6
  294 11125.948214 12038
  295 8264.620165 14498
  296 1040.530413  4174
  297 -456.774572     6
  298 -973.727662     5
  299 1458.909556 21172
  300 12881.784518 14979
