300
    1 2283.770815     1
    2 4865.761484 22552
    3 -585.513641     7
    4 -973.897709     7
    5 -382.800035     8
    6 7793.147676 11402
    7 5054.494061  7882
    8 1677.225228  5438
    9 -962.994216     7
   10 972.029865  6863
   11 -677.582448     1
   12 3189.592797   525
   13 -782.310410     2
   14 13363.229530 20096
   15 -3154.870884     7
   16 7948.513538 24956
   17 -566.821709     8
   18 -651.022195     6
   19 4995.986988 14573
   20 -888.886055     7
   21 2829.752809 21823
   22 5100.330861 15275
   23 9042.063212 14868
   24 -790.316244     6
   25 1307.936522  2208
   26 -646.723565     1
   27 13333.184730 20395
   28 -119.329913     3
   29 1792.480992  4613
   30 1565.081072 14985
   31 5836.914564 10343
   32 -930.791074     7
   33 3683.914333  2104
   34 -1653.184675     7
   35 7473.444995 17064
   36 12329.467407 21647
   37 -1547.848783     0
   38 1279.815626  1257
   39 -193.899846     9
   40 5096.362668  2568
   41 2018.356957 12082
   42 5512.098650 15949
   43 10878.243041 13544
   44 23818.838041 23714
   45 -355.754677     8
   46 3276.991538 10842
   47 15039.589828 15863
   48 -1675.807975     0
   49 -2658.641932     7
   50 1409.256768  1573
   51 1945.839167   828
   52 4455.092486 12746
   53 4031.392036   314
   54 9278.734724 23962
   55 8072.932435 23513
   56 -888.907936     3
   57 10684.863731 27528
   58 -896.751053     5
   59 -2292.727716     3
   60 -370.052114     2
   61 1290.121552 19028
   62 -1845.498905     7
   63 -293.347791     7
   64 1924.095218 26634
   65 2329.140349  8009
   66 29983.566200 18283
   67 11644.981768 14765
   68 -1356.783431     5
   69 1615.488382  4234
   70 1568.306748  6832
   71 6523.750944  6524
   72 -552.404971     1
   73 15208.944145 23238
   74 538.538319 23525
   75 -317.342448     4
   76 2973.278071 10172
   77 13187.079572 21958
   78 -1482.136525     7
   79 -991.566047     8
   80 -275.038789     1
   81 265.277081  3195
   82 4248.333431  3101
   83 -569.299065     6
   84 8774.320425  7462
   85 1172.768457  1250
   86 2938.532919 13695
   87 -243.246211     0
   88 -433.977462     4
   89 -685.624875     5
   90 3644.091137 11841
   91 6509.705168  3905
   92 1933.751548 26181
   93 2136.836001  6201
   94 -679.923392     0
   95 -753.098867     5
   96 14528.278808 20258
   97 1211.899183 11140
   98 -811.560994     0
   99 4603.347862  7350
  100 -3474.901979     3
  101 1470.882294  6709
  102 -1575.794652     0
  103 18221.907388 20824
  104 4073.011600 10814
  105 -1609.717468     3
  106 2469.838669  1080
  107 15298.928098 23377
  108 -1173.667524     6
  109 4032.635568  1281
  110 -1154.755996     8
  111 849.879984 12350
  112 -110.179707     5
  113 10320.244278 21527
  114 -1634.617497     1
  115 8878.634885 12613
  116 4606.246215 25599
  117 8611.016340  2552
  118 4919.262836  4764
  119 97.975321 11817
  120 9455.734197  8720
  121 734.802045   876
  122 15910.840419 21854
  123 -1590.821150     9
  124 105.969301   546
  125 -806.550805     5
  126 -783.170585     1
  127 -1608.298013     7
  128 -1094.359097     8
  129 27430.760420 22728
  130 5228.290014 12216
  131 10533.354037 19666
  132 581.475208    74
  133 -184.317586     8
  134 17800.073691 16240
  135 6390.434514 23404
  136 365.392760  3066
  137 2239.234913  3236
  138 -1604.148651     9
  139 8572.284585 26575
  140 -681.663842     4
  141 18429.056294 23859
  142 -541.823520     0
  143 10650.681392 15705
  144 13365.129182 14460
  145 5036.602052 16428
  146 16990.225315 26421
  147 5310.816144 10799
  148 -1261.302085     0
  149 -1290.000716     1
  150 34201.626121 14927
  151 -207.799033     0
  152 8970.022833  4176
  153 2507.851887  3369
  154 -1630.752966     7
  155 -1954.125377     6
  156 9853.725120 26851
  157 -2435.040786     8
  158 2948.707645  5560
  159 -879.728167     4
  160 10404.452615 13900
  161 -2166.981103     9
  162 7891.144756 23379
  163 13287.334122 18562
  164 -366.262690     9
  165 -462.608031     0
  166 1529.227542  4587
  167 2402.314630  4200
  168 -534.358205     9
  169 -30.423829     3
  170 -1026.088422     4
  171 -332.311271     3
  172 6679.050759 24598
  173 341.025165 14057
  174 -1412.572826     9
  175 3021.268178 15891
  176 -113.182930     0
  177 -1496.290407     4
  178 1509.061426 20565
  179 2625.306561 11021
  180 8545.037569 19654
  181 -1286.289532     1
  182 7731.381004 13672
  183 17106.790385 14952
  184 13307.700490 26785
  185 920.518725  6455
  186 -359.973267     5
  187 -257.182555     5
  188 -1710.542146     5
  189 7975.573558 16729
  190 7227.032122 13760
  191 -949.926301     2
  192 11652.596537 24846
  193 -1782.374968     5
  194 -779.516036     7
  195 -1920.320909     9
  196 -565.244057     1
  197 15700.375868 15816
  198 1193.298849 17659
  199 -459.929213     4
  200 4898.781864  6147
  201 -646.049401     1
  202 25087.691038 26161
  203 8788.188719  9518
  204 -2719.303705     4
  205 10440.804034 18278
  206 14548.139694 12201
  207 -135.315540     3
  208 -540.603603     5
  209 4600.729481 11251
  210 174.129767 11128
  211 3368.301720 18494
  212 -543.027635     1
  213 -953.468661     0
  214 12481.519670 15528
  215 -1081.634318     5
  216 1318.429971  1154
  217 7787.391311 15143
  218 -460.898357     3
  219 7889.061268 16679
  220 -1580.439588     5
  221 1099.166129  1476
  222 7952.357664 19127
  223 1304.777408  5680
  224 77.424506  2168
  225 -677.961782     5
  226 26214.495986 25072
  227 1050.924787   460
  228 3953.151134  3095
  229 11010.519894  8458
  230 -1110.140853     4
  231 3673.530089 11398
  232 1654.525262   881
  233 1331.543341  1061
  234 -283.120476     9
  235 1048.358762 17055
  236 -653.635596     9
  237 643.184551 25768
  238 10926.800955 14732
  239 -313.457014     2
  240 3941.288730    35
  241 2680.732612  9045
  242 -2026.804290     4
  243 27974.153333 25507
  244 12868.492765 27680
  245 4120.138154  6344
  246 11270.042091 21407
  247 -252.273401     8
  248 -835.321417     2
  249 14192.391327 21608
  250 10002.133472 19993
  251 -1853.810490     0
  252 4377.046698   131
  253 1053.508913 26725
  254 -2135.715556     7
  255 5670.854491  4774
  256 -1314.294361     8
  257 -1047.892562     3
  258 2986.220309 11874
  259 -708.605131     4
  260 -1062.153732     5
  261 905.797687 15881
  262 -176.797313     3
  263 16741.363783 14536
  264 3011.653618  1231
  265 3522.953749 13187
  266 1475.707528  7031
  267 -707.872035     0
  268 20585.702099 12441
  269 -54.274052     1
  270 -1031.335727     0
  271 1589.677341 20832
  272 -75.351945     3
  273 10290.288052 13008
  274 11847.959449  3973
  275 11476.575296  9596
  276 -2596.412454     7
  277 4280.001003  8226
  278 3185.831603  8125
  279 4739.498489  1936
  280 1404.028809   519
  281 -992.723117     4
  282 3402.786661 20779
  283 2028.823106  5897
  284 -468.262492     7
  285 -364.797854     5
  286 -1518.606604     2
  287 3241.738729 13467
  288 -111.145794     7
  289 -117.185601     1
  290 13245.506465 15224
  291 8016.480191 16581
  292 3904.458103 16126
  293 -878.102823     6
  294 15417.458081 12038
  295 13388.239732 14498
  296 2773.655926  4174
  297 -876.524282     6
  298 -739.679624     5
  299 15401.080615 21172
  300 5082.790519 14979
