300
    1 2187.178692     1
    2 933.168906 22552
    3 -398.192791     7
    4 -592.581076     7
    5 -728.878403     8
    6 4807.941614 11402
    7 1415.099237  7882
    8 1855.080073  5438
    9 -653.103080     7
   10 4333.005771  6863
   11 -642.901947     1
   12 970.009493   525
   13 -1039.022693     2
   14 6780.598067 20096
   15 -341.060448     7
   16 12032.678118 24956
   17 -399.185478     8
   18 -2175.175662     6
   19 2541.937339 14573
   20 -3295.935415     7
   21 7649.287659 21823
   22 1930.334538 15275
   23 4151.843757 14868
   24 -1147.875896     6
   25 12176.883176  2208
   26 -1998.725621     1
   27 502.266129 20395
   28 -1788.456224     3
   29 9201.865541  4613
   30 17545.177586 14985
   31 958.148884 10343
   32 -84.346986     7
   33 729.641525  2104
   34 -1676.606246     7
   35 9939.766982 17064
   36 3631.207313 21647
   37 -1140.570970     0
   38 673.410967  1257
   39 -27.465004     9
   40 1218.115459  2568
   41 639.663475 12082
   42 16458.163227 15949
   43 6676.847958 13544
   44 15281.804246 23714
   45 -82.603836     8
   46 1368.899697 10842
   47 14358.612242 15863
   48 -547.510924     0
   49 -357.737944     7
   50 2508.659933  1573
   51 2452.242163   828
   52 8548.051660 12746
   53 3004.270986   314
   54 322.911918 23962
   55 19436.257016 23513
   56 -1346.424289     3
   57 10068.107156 27528
   58 -695.468115     5
   59 -717.673439     3
   60 -515.626745     2
   61 6848.348884 19028
   62 -964.064983     7
   63 -1859.629556     7
   64 4550.438522 26634
   65 9834.136956  8009
   66 5550.557643 18283
   67 8837.186656 14765
   68 -1927.361503     5
   69 7595.981955  4234
   70 1183.054932  6832
   71 6756.888522  6524
   72 -519.329370     1
   73 18176.478312 23238
   74 9355.842041 23525
   75 -1239.575143     4
   76 8448.403111 10172
   77 11075.753287 21958
   78 -346.945933     7
   79 -1560.371898     8
   80 -608.716759     1
   81 4454.041962  3195
   82 687.144602  3101
   83 -783.429285     6
   84 3891.988840  7462
   85 3559.100329  1250
   86 1543.005456 13695
   87 -694.294247     0
   88 -923.158772     4
   89 -357.656684     5
   90 8180.728287 11841
   91 11673.383412  3905
   92 2154.607025 26181
   93 3414.710309  6201
   94 -517.606578     0
   95 -1217.727592     5
   96 26295.194421 20258
   97 4277.531400 11140
   98 -842.058395     0
   99 3333.339803  7350
  100 -415.057553     3
  101 7770.596526  6709
  102 -2416.991949     0
  103 18692.869470 20824
  104 7219.065440 10814
  105 -316.065776     3
  106 353.620006  1080
  107 5611.649426 23377
  108 -31.945250     6
  109 3069.571317  1281
  110 -290.716644     8
  111 1471.587671 12350
  112 -1621.372549     5
  113 14347.934950 21527
  114 -737.993359     1
  115 217.331308 12613
  116 25850.307847 25599
  117 2668.452895  2552
  118 746.830332  4764
  119 19003.402220 11817
  120 3576.914319  8720
  121 764.475398   876
  122 18391.447614 21854
  123 -717.080494     9
  124 339.633684   546
  125 -1128.730079     5
  126 -1207.220265     1
  127 -1253.090101     7
  128 -1116.662108     8
  129 18833.669912 22728
  130 133.209112 12216
  131 5675.091135 19666
  132 1639.766827    74
  133 -673.424207     8
  134 6127.587358 16240
  135 22479.305940 23404
  136 1056.650669  3066
  137 2486.409682  3236
  138 -1282.235600     9
  139 2024.480876 26575
  140 -355.618939     4
  141 19184.265930 23859
  142 -332.683421     0
  143 5973.989407 15705
  144 4001.884475 14460
  145 588.592198 16428
  146 4222.740907 26421
  147 2854.120257 10799
  148 -1109.232745     0
  149 -78.601469     1
  150 8434.837834 14927
  151 -1192.600283     0
  152 1130.096401  4176
  153 2473.051113  3369
  154 -300.470431     7
  155 -84.723112     6
  156 20780.800363 26851
  157 -208.710763     8
  158 3379.977409  5560
  159 -180.536292     4
  160 16887.009953 13900
  161 -1472.138706     9
  162 1510.063069 23379
  163 9156.953905 18562
  164 -1950.318185     9
  165 -184.628464     0
  166 8062.803833  4587
  167 14357.862713  4200
  168 -71.357036     9
  169 -67.578129     3
  170 -1357.475117     4
  171 -123.895042     3
  172 30585.707064 24598
  173 3017.240187 14057
  174 -745.327429     9
  175 15962.036333 15891
  176 -212.039619     0
  177 -1519.465806     4
  178 16090.921872 20565
  179 3406.442542 11021
  180 17870.417151 19654
  181 -387.551001     1
  182 5888.614272 13672
  183 4866.277357 14952
  184 4814.450955 26785
  185 557.536370  6455
  186 -552.741442     5
  187 -1401.496877     5
  188 -1829.115183     5
  189 2519.375205 16729
  190 13875.097078 13760
  191 -246.575810     2
  192 577.615045 24846
  193 -347.638245     5
  194 -749.585627     7
  195 -66.324853     9
  196 -769.061287     1
  197 26467.483323 15816
  198 2259.775514 17659
  199 -1315.900828     4
  200 6274.168059  6147
  201 -295.003250     1
  202 16379.657297 26161
  203 17604.366860  9518
  204 -2050.412252     4
  205 4121.163456 18278
  206 13255.002557 12201
  207 -604.992276     3
  208 -231.756323     5
  209 5657.487169 11251
  210 16232.522075 11128
  211 2321.294690 18494
  212 -86.774956     1
  213 -110.242213     0
  214 1369.300917 15528
  215 -45.488410     5
  216 929.666571  1154
  217 1950.098267 15143
  218 -1051.528707     3
  219 14242.258071 16679
  220 -1198.349850     5
  221 925.362142  1476
  222 864.328199 19127
  223 2483.020340  5680
  224 6539.886532  2168
  225 -1306.476826     5
  226 4316.493731 25072
  227 3213.478560   460
  228 3993.343617  3095
  229 7157.049158  8458
  230 -322.694022     4
  231 1428.516533 11398
  232 1055.219527   881
  233 2762.731496  1061
  234 -531.272660     9
  235 12884.159650 17055
  236 -668.262949     9
  237 22424.468722 25768
  238 6909.761290 14732
  239 -639.945146     2
  240 2101.085761    35
  241 11897.738352  9045
  242 -27.967848     4
  243 15806.226015 25507
  244 8142.085014 27680
  245 8156.589956  6344
  246 7696.682452 21407
  247 -67.407700     8
  248 -285.273712     2
  249 9295.791785 21608
  250 10231.999316 19993
  251 -2469.273974     0
  252 1541.354891   131
  253 15816.324728 26725
  254 -245.525227     7
  255 5311.751022  4774
  256 -527.293660     8
  257 -439.476777     3
  258 4089.445409 11874
  259 -917.913336     4
  260 -761.785968     5
  261 15841.599471 15881
  262 -1317.317040     3
  263 3323.989657 14536
  264 1842.954817  1231
  265 7588.132755 13187
  266 7700.476068  7031
  267 -155.754231     0
  268 6771.411286 12441
  269 -1100.835641     1
  270 -725.529401     0
  271 5016.768251 20832
  272 -1019.576201     3
  273 312.366916 13008
  274 2417.865861  3973
  275 1202.754661  9596
  276 -191.118415     7
  277 2491.399202  8226
  278 7619.311194  8125
  279 6598.525910  1936
  280 3770.740592   519
  281 -206.333187     4
  282 20649.351159 20779
  283 289.438140  5897
  284 -1456.784443     7
  285 -1271.193411     5
  286 -2854.138968     2
  287 5894.578381 13467
  288 -79.015251     7
  289 -74.459105     1
  290 6648.898798 15224
  291 5613.559536 16581
  292 10234.634510 16126
  293 -246.261450     6
  294 10347.388398 12038
  295 5065.439563 14498
  296 6552.365699  4174
  297 -309.912480     6
  298 -160.591086     5
  299 12271.572224 21172
  300 3223.461157 14979
