300
    1 1614.974065     1
    2 15026.902793 22552
    3 -743.548840     7
    4 -327.041167     7
    5 -148.139066     8
    6 6692.580543 11402
    7 6863.790817  7882
    8 4070.931758  5438
    9 -142.812478     7
   10 6210.597846  6863
   11 -27.695674     1
   12 796.385857   525
   13 -1267.346437     2
   14 1009.591320 20096
   15 -1015.880086     7
   16 1772.304526 24956
   17 -500.023621     8
   18 -938.466245     6
   19 1838.083959 14573
   20 -994.406980     7
   21 10370.225419 21823
   22 10506.566497 15275
   23 2866.573035 14868
   24 -854.440617     6
   25 484.927309  2208
   26 -322.315395     1
   27 1736.404657 20395
   28 -456.779001     3
   29 14283.033830  4613
   30 1651.593594 14985
   31 4519.541799 10343
   32 -196.339977     7
   33 1100.416913  2104
   34 -356.319815     7
   35 1961.459270 17064
   36 9845.329628 21647
   37 -63.464317     0
   38 1456.731333  1257
   39 -126.956634     9
   40 971.193850  2568
   41 5874.685433 12082
   42 6605.315939 15949
   43 8321.427603 13544
   44 25547.097302 23714
   45 -4750.975289     8
   46 12894.911087 10842
   47 1134.411960 15863
   48 -163.371419     0
   49 -1266.661563     7
   50 2836.746688  1573
   51 890.956799   828
   52 15425.116961 12746
   53 2823.462842   314
   54 34262.284143 23962
   55 5515.182043 23513
   56 -1368.006466     3
   57 1267.232165 27528
   58 -661.490079     5
   59 -183.364773     3
   60 -2744.596207     2
   61 9234.388523 19028
   62 -1306.002113     7
   63 -1231.409193     7
   64 29377.895353 26634
   65 1492.141641  8009
   66 46.202338 18283
   67 17684.112180 14765
   68 -756.832309     5
   69 4538.916146  4234
   70 4434.531645  6832
   71 2915.483982  6524
   72 -598.893840     1
   73 18987.881717 23238
   74 33099.920620 23525
   75 -326.927663     4
   76 8569.716362 10172
   77 970.592246 21958
   78 -462.015939     7
   79 -273.929085     8
   80 -413.649733     1
   81 836.121179  3195
   82 5844.346551  3101
   83 -1186.208578     6
   84 6849.058157  7462
   85 2494.545442  1250
   86 14972.568596 13695
   87 -1482.378827     0
   88 -1759.177521     4
   89 -1036.408616     5
   90 2467.279717 11841
   91 41.538336  3905
   92 3125.994826 26181
   93 4056.532404  6201
   94 -270.711168     0
   95 -1162.564746     5
   96 13401.578338 20258
   97 10618.451894 11140
   98 -519.830319     0
   99 4470.649765  7350
  100 -1764.112688     3
  101 2666.349460  6709
  102 -193.220884     0
  103 16940.768173 20824
  104 4432.033360 10814
  105 -85.988835     3
  106 728.681812  1080
  107 7973.831438 23377
  108 -168.178981     6
  109 1629.306104  1281
  110 -715.784290     8
  111 8164.591990 12350
  112 -373.107236     5
  113 4827.181251 21527
  114 -141.557218     1
  115 8086.613627 12613
  116 1274.154739 25599
  117 6057.211866  2552
  118 4106.649766  4764
  119 4453.490728 11817
  120 2546.693998  8720
  121 994.169434   876
  122 16856.702321 21854
  123 -232.113441     9
  124 1700.069558   546
  125 -1.526260     5
  126 -939.901394     1
  127 -990.831291     7
  128 -214.031835     8
  129 16695.404903 22728
  130 7694.738220 12216
  131 1530.326667 19666
  132 4020.724676    74
  133 -90.188308     8
  134 10585.281342 16240
  135 92.161557 23404
  136 3457.955186  3066
  137 5745.732533  3236
  138 -1252.667896     9
  139 5538.376599 26575
  140 -3050.487293     4
  141 12537.697857 23859
  142 -661.154974     0
  143 1600.566835 15705
  144 1916.977730 14460
  145 125.021359 16428
  146 9575.376067 26421
  147 12121.440587 10799
  148 -97.976346     0
  149 -54.302086     1
  150 12103.898387 14927
  151 -648.260995     0
  152 3223.936705  4176
  153 2671.221373  3369
  154 -1213.130734     7
  155 -1352.636252     6
  156 28055.240595 26851
  157 -3055.032046     8
  158 6027.366038  5560
  159 -390.911143     4
  160 6600.195618 13900
  161 -2059.231346     9
  162 34834.102795 23379
  163 4096.587229 18562
  164 -435.941693     9
  165 -700.630053     0
  166 2906.353482  4587
  167 486.746122  4200
  168 -3790.085421     9
  169 -141.653258     3
  170 -295.056711     4
  171 -424.257665     3
  172 1246.680304 24598
  173 12528.621111 14057
  174 -1363.017389     9
  175 3990.813286 15891
  176 -60.795467     0
  177 -218.774496     4
  178 9057.757689 20565
  179 2568.310425 11021
  180 4803.759372 19654
  181 -607.401740     1
  182 3032.355979 13672
  183 9663.235937 14952
  184 9162.496140 26785
  185 1442.221665  6455
  186 -282.015112     5
  187 -1564.139548     5
  188 -97.180560     5
  189 1307.997823 16729
  190 2567.729705 13760
  191 -1119.112467     2
  192 25504.907836 24846
  193 -644.318695     5
  194 -676.201575     7
  195 -1242.587489     9
  196 -680.161190     1
  197 9179.791183 15816
  198 2708.468632 17659
  199 -131.069163     4
  200 2632.680585  6147
  201 -27.055999     1
  202 14657.644219 26161
  203 235.814493  9518
  204 -1406.460603     4
  205 13471.867118 18278
  206 5695.846857 12201
  207 -178.322423     3
  208 -152.346003     5
  209 13632.338508 11251
  210 1071.743599 11128
  211 17635.264281 18494
  212 -234.394047     1
  213 -2569.853254     0
  214 1483.008763 15528
  215 -788.412453     5
  216 7230.529562  1154
  217 2203.523785 15143
  218 -1764.639762     3
  219 14020.376156 16679
  220 -936.730756     5
  221 2437.883351  1476
  222 10161.437730 19127
  223 1856.225368  5680
  224 458.411624  2168
  225 -20.557356     5
  226 5596.049817 25072
  227 1842.153057   460
  228 923.053350  3095
  229 7090.449024  8458
  230 -1422.139108     4
  231 192.788389 11398
  232 5131.747565   881
  233 635.510163  1061
  234 -505.188075     9
  235 723.731176 17055
  236 -1879.914253     9
  237 11530.040786 25768
  238 21827.952312 14732
  239 -251.388992     2
  240 558.981987    35
  241 6421.863865  9045
  242 -1412.292716     4
  243 21750.931609 25507
  244 7631.331060 27680
  245 8649.297110  6344
  246 478.049304 21407
  247 -310.003352     8
  248 -2024.979662     2
  249 6099.336374 21608
  250 15197.676452 19993
  251 -727.837423     0
  252 2119.079324   131
  253 8226.390905 26725
  254 -791.420998     7
  255 3215.694017  4774
  256 -129.144142     8
  257 -1288.509940     3
  258 1033.477370 11874
  259 -1675.414716     4
  260 -560.840256     5
  261 3166.154013 15881
  262 -1331.622840     3
  263 6624.653563 14536
  264 4192.854783  1231
  265 8263.373430 13187
  266 3029.244433  7031
  267 -61.838098     0
  268 10679.905521 12441
  269 -1797.912967     1
  270 -603.124865     0
  271 21525.755292 20832
  272 -713.541500     3
  273 16518.694487 13008
  274 3813.641018  3973
  275 5363.911578  9596
  276 -1116.258589     7
  277 2189.229552  8226
  278 1014.167753  8125
  279 293.817725  1936
  280 6517.515210   519
  281 -1029.319667     4
  282 958.449712 20779
  283 5980.579613  5897
  284 -1385.787214     7
  285 -106.281829     5
  286 -2142.733275     2
  287 9518.999597 13467
  288 -863.462234     7
  289 -1040.705855     1
  290 3932.425685 15224
  291 5468.651150 16581
  292 166.720581 16126
  293 -260.947656     6
  294 794.838200 12038
  295 7324.852699 14498
  296 3627.407175  4174
  297 -940.050748     6
  298 -682.054393     5
  299 12793.695870 21172
  300 28682.677355 14979
