300
    1 1301.698616     1
    2 15309.249623 22552
    3 -233.120325     7
    4 -672.262608     7
    5 -2065.998097     8
    6 4932.067077 11402
    7 14413.164253  7882
    8 1640.558224  5438
    9 -1396.984427     7
   10 11658.730773  6863
   11 -669.858075     1
   12 3615.448447   525
   13 -597.737928     2
   14 15929.077033 20096
   15 -659.945294     7
   16 2033.612898 24956
   17 -2768.333761     8
   18 -780.641972     6
   19 2522.918723 14573
   20 -787.664407     7
   21 6878.830173 21823
   22 3241.325167 15275
   23 3955.433420 14868
   24 -1228.476735     6
   25 7219.739731  2208
   26 -442.994635     1
   27 13460.047957 20395
   28 -76.652726     3
   29 1188.617077  4613
   30 12791.421929 14985
   31 5136.327438 10343
   32 -339.280845     7
   33 766.237619  2104
   34 -350.782230     7
   35 9109.708716 17064
   36 1005.210002 21647
   37 -638.163946     0
   38 388.347906  1257
   39 -1490.469258     9
   40 4122.473923  2568
   41 4449.278713 12082
   42 6767.859665 15949
   43 18963.679777 13544
   44 3038.080472 23714
   45 -1140.522806     8
   46 2861.404056 10842
   47 3886.930233 15863
   48 -499.178013     0
   49 -82.254742     7
   50 925.361843  1573
   51 2341.398213   828
   52 5361.648872 12746
   53 1634.452350   314
   54 113.221685 23962
   55 6487.760999 23513
   56 -1196.653214     3
   57 15470.969121 27528
   58 -1502.096371     5
   59 -170.543935     3
   60 -2108.938765     2
   61 11614.230751 19028
   62 -1991.507197     7
   63 -1306.423572     7
   64 1927.124683 26634
   65 11340.446835  8009
   66 12682.355946 18283
   67 4856.777485 14765
   68 -954.054736     5
   69 11154.195372  4234
   70 6973.775871  6832
   71 4126.920599  6524
   72 -818.224702     1
   73 15468.647883 23238
   74 5820.180314 23525
   75 -267.754092     4
   76 3596.051331 10172
   77 9719.122946 21958
   78 -1040.532543     7
   79 -1591.410049     8
   80 -37.484892     1
   81 4308.108138  3195
   82 2102.124441  3101
   83 -335.270525     6
   84 2469.219222  7462
   85 4189.602690  1250
   86 1696.394573 13695
   87 -1206.051827     0
   88 -1016.021672     4
   89 -1116.462974     5
   90 2304.951433 11841
   91 4839.069903  3905
   92 11122.152720 26181
   93 6950.106719  6201
   94 -1045.904464     0
   95 -978.195997     5
   96 5836.708974 20258
   97 6041.779139 11140
   98 -1030.543605     0
   99 6407.221409  7350
  100 -494.949332     3
  101 1964.987365  6709
  102 -593.184908     0
  103 17231.790510 20824
  104 7823.664553 10814
  105 -1713.255838     3
  106 134.172332  1080
  107 10289.755393 23377
  108 -818.632854     6
  109 914.354381  1281
  110 -513.986101     8
  111 3573.315487 12350
  112 -580.883147     5
  113 13463.448407 21527
  114 -1313.549580     1
  115 17726.465585 12613
  116 5218.462045 25599
  117 2171.055029  2552
  118 3687.997615  4764
  119 5057.843206 11817
  120 5077.333884  8720
  121 2249.254473   876
  122 32288.474338 21854
  123 -645.353892     9
  124 2876.115297   546
  125 -427.080397     5
  126 -342.364751     1
  127 -351.991524     7
  128 -426.238591     8
  129 16544.867230 22728
  130 5034.537496 12216
  131 12410.255250 19666
  132 277.794367    74
  133 -636.847142     8
  134 10717.184074 16240
  135 2840.106823 23404
  136 1200.991832  3066
  137 5826.260509  3236
  138 -1278.110805     9
  139 10366.368760 26575
  140 -1084.402368     4
  141 14158.825410 23859
  142 -744.552188     0
  143 11475.017410 15705
  144 7799.376542 14460
  145 13477.765874 16428
  146 5050.701379 26421
  147 870.454089 10799
  148 -223.413447     0
  149 -661.017210     1
  150 4154.634558 14927
  151 -503.838197     0
  152 13015.200175  4176
  153 5098.000719  3369
  154 -602.608835     7
  155 -428.866431     6
  156 8036.102373 26851
  157 -1857.305088     8
  158 1482.465950  5560
  159 -618.202739     4
  160 9161.047990 13900
  161 -2083.565250     9
  162 6516.539322 23379
  163 16358.195293 18562
  164 -743.018800     9
  165 -518.438833     0
  166 3244.255944  4587
  167 10750.410010  4200
  168 -3410.955922     9
  169 -949.761186     3
  170 -1039.726392     4
  171 -1024.837474     3
  172 21669.273247 24598
  173 7963.497975 14057
  174 -1067.706546     9
  175 13472.902382 15891
  176 -367.544401     0
  177 -13.801652     4
  178 6503.613073 20565
  179 4600.145124 11021
  180 17887.674444 19654
  181 -776.883827     1
  182 5600.237512 13672
  183 3343.544932 14952
  184 15017.483853 26785
  185 6750.384951  6455
  186 -621.435836     5
  187 -239.814845     5
  188 -1120.028777     5
  189 266.577651 16729
  190 4720.838098 13760
  191 -541.218213     2
  192 5694.603541 24846
  193 -1257.394021     5
  194 -482.438004     7
  195 -394.143570     9
  196 -57.717702     1
  197 4435.534148 15816
  198 287.558248 17659
  199 -2244.548101     4
  200 1608.890267  6147
  201 -1484.320608     1
  202 9874.481995 26161
  203 1179.441508  9518
  204 -1753.558605     4
  205 8339.409199 18278
  206 1415.965970 12201
  207 -452.297860     3
  208 -716.041778     5
  209 2066.692902 11251
  210 143.178565 11128
  211 5882.881862 18494
  212 -1014.735222     1
  213 -263.601041     0
  214 442.146053 15528
  215 -895.560159     5
  216 6923.718019  1154
  217 5780.578055 15143
  218 -1726.345729     3
  219 3672.542975 16679
  220 -829.883247     5
  221 848.231568  1476
  222 11540.667988 19127
  223 3633.649203  5680
  224 4027.156077  2168
  225 -1017.321299     5
  226 570.751198 25072
  227 2542.471811   460
  228 1887.742353  3095
  229 3758.218341  8458
  230 -899.955545     4
  231 9632.926502 11398
  232 580.940856   881
  233 2030.180518  1061
  234 -623.309042     9
  235 7236.722748 17055
  236 -1475.638289     9
  237 4682.996064 25768
  238 5655.084494 14732
  239 -1702.092860     2
  240 3616.603961    35
  241 7914.390926  9045
  242 -497.905029     4
  243 9666.587044 25507
  244 21576.918564 27680
  245 842.038077  6344
  246 2478.210399 21407
  247 -654.763343     8
  248 -325.592965     2
  249 12492.401908 21608
  250 14119.848957 19993
  251 -1380.587911     0
  252 87.935496   131
  253 8015.050381 26725
  254 -975.721405     7
  255 8228.633146  4774
  256 -1303.001662     8
  257 -1260.368402     3
  258 4041.557661 11874
  259 -796.414869     4
  260 -1802.507652     5
  261 12622.326956 15881
  262 -172.209219     3
  263 5440.180998 14536
  264 792.424248  1231
  265 11600.701444 13187
  266 7972.278623  7031
  267 -1704.478475     0
  268 14640.043891 12441
  269 -898.000958     1
  270 -2154.726419     0
  271 19876.206083 20832
  272 -669.994799     3
  273 10940.944386 13008
  274 4398.469756  3973
  275 7002.186073  9596
  276 -1625.160432     7
  277 340.850915  8226
  278 2699.757065  8125
  279 3507.796108  1936
  280 1555.447081   519
  281 -1228.862737     4
  282 17619.717586 20779
  283 7876.762626  5897
  284 -782.763026     7
  285 -1327.153791     5
  286 -2140.343528     2
  287 4125.094609 13467
  288 -828.301387     7
  289 -384.914094     1
  290 2980.757010 15224
  291 10866.922821 16581
  292 4903.635180 16126
  293 -1739.349319     6
  294 194.325964 12038
  295 5898.505201 14498
  296 2121.129085  4174
  297 -330.949559     6
  298 -472.003984     5
  299 13037.362791 21172
  300 3657.713629 14979
