300
    1 2410.013384     1
    2 10099.080394 22552
    3 -937.615010     7
    4 -570.454394     7
    5 -893.640890     8
    6 1251.187219 11402
    7 4519.436888  7882
    8 5851.971493  5438
    9 -712.549508     7
   10 2227.003231  6863
   11 -409.317475     1
   12 1568.568613   525
   13 -294.886513     2
   14 25540.830544 20096
   15 -315.830474     7
   16 555.431698 24956
   17 -1583.683550     8
   18 -1159.729325     6
   19 3213.444051 14573
   20 -1786.343356     7
   21 11203.583872 21823
   22 13693.401771 15275
   23 615.197742 14868
   24 -1617.540895     6
   25 4047.561400  2208
   26 -922.877736     1
   27 8216.033187 20395
   28 -78.360189     3
   29 635.971284  4613
   30 5359.980773 14985
   31 10174.325673 10343
   32 -34.176550     7
   33 2691.678443  2104
   34 -377.133807     7
   35 5526.176593 17064
   36 18680.554011 21647
   37 -946.667761     0
   38 3423.350500  1257
   39 -43.440831     9
   40 4286.631041  2568
   41 14234.037252 12082
   42 5823.113624 15949
   43 25732.364614 13544
   44 7771.531937 23714
   45 -1650.079420     8
   46 1389.583792 10842
   47 10942.651569 15863
   48 -235.482568     0
   49 -629.754257     7
   50 6154.957523  1573
   51 3328.700831   828
   52 13493.355522 12746
   53 1014.200332   314
   54 6816.093983 23962
   55 4681.902675 23513
   56 -1248.079113     3
   57 7235.426064 27528
   58 -197.371056     5
   59 -1273.899418     3
   60 -1034.208803     2
   61 2403.060936 19028
   62 -2868.182165     7
   63 -2234.762128     7
   64 14568.080471 26634
   65 11063.659168  8009
   66 2770.104951 18283
   67 7642.336138 14765
   68 -3841.619080     5
   69 1756.694839  4234
   70 2273.672249  6832
   71 6567.013711  6524
   72 -937.082967     1
   73 13555.052284 23238
   74 30641.562759 23525
   75 -328.470817     4
   76 2851.099757 10172
   77 18238.388254 21958
   78 -480.396027     7
   79 -485.165645     8
   80 -1438.740180     1
   81 2665.383692  3195
   82 1705.655741  3101
   83 -574.022731     6
   84 2369.783569  7462
   85 2567.465496  1250
   86 971.011269 13695
   87 -1241.052858     0
   88 -1393.543849     4
   89 -859.567436     5
   90 14471.231906 11841
   91 2205.515030  3905
   92 23.136201 26181
   93 887.247317  6201
   94 -401.927886     0
   95 -1593.303192     5
   96 20071.689111 20258
   97 8930.890198 11140
   98 -1502.056154     0
   99 2792.617138  7350
  100 -1279.450381     3
  101 10264.527884  6709
  102 -1287.844202     0
  103 12417.973665 20824
  104 266.910628 10814
  105 -1579.749346     3
  106 3874.443738  1080
  107 7348.065167 23377
  108 -1512.565535     6
  109 1176.855650  1281
  110 -1648.437142     8
  111 10226.112391 12350
  112 -635.118698     5
  113 7786.669727 21527
  114 -2955.421225     1
  115 2253.023076 12613
  116 15204.867627 25599
  117 968.604510  2552
  118 2295.479856  4764
  119 10934.629872 11817
  120 7726.450527  8720
  121 4816.155393   876
  122 351.865389 21854
  123 -108.182424     9
  124 5767.371456   546
  125 -258.613019     5
  126 -1176.047355     1
  127 -1505.595114     7
  128 -2031.043566     8
  129 5188.106852 22728
  130 4852.076319 12216
  131 21590.250737 19666
  132 2777.967593    74
  133 -1587.642532     8
  134 4509.187796 16240
  135 16548.886813 23404
  136 7424.634575  3066
  137 1172.605404  3236
  138 -300.909062     9
  139 13259.167154 26575
  140 -1808.388027     4
  141 2686.869678 23859
  142 -655.422817     0
  143 1810.018363 15705
  144 12418.369803 14460
  145 4795.865814 16428
  146 19603.995263 26421
  147 14736.233244 10799
  148 -2751.815085     0
  149 -670.603597     1
  150 23741.895370 14927
  151 -813.488324     0
  152 9260.170355  4176
  153 13.827042  3369
  154 -119.962870     7
  155 -1147.705095     6
  156 28621.893761 26851
  157 -2081.844378     8
  158 5485.950070  5560
  159 -978.713501     4
  160 4474.305455 13900
  161 -1247.356787     9
  162 6199.883633 23379
  163 21902.216883 18562
  164 -1551.447171     9
  165 -1484.526972     0
  166 5641.337738  4587
  167 2342.872752  4200
  168 -194.419804     9
  169 -881.072061     3
  170 -62.796668     4
  171 -823.723091     3
  172 14341.417857 24598
  173 3401.700012 14057
  174 -1554.953734     9
  175 5994.923656 15891
  176 -318.410099     0
  177 -1754.195488     4
  178 15364.051264 20565
  179 3852.085923 11021
  180 5677.927093 19654
  181 -1909.714812     1
  182 14813.383363 13672
  183 19531.205260 14952
  184 21152.839188 26785
  185 8266.530025  6455
  186 -27.819227     5
  187 -284.473982     5
  188 -3213.805177     5
  189 13677.391385 16729
  190 5580.273686 13760
  191 -990.399294     2
  192 29012.690383 24846
  193 -807.117362     5
  194 -356.366571     7
  195 -47.727049     9
  196 -149.802700     1
  197 5878.009439 15816
  198 1483.088093 17659
  199 -1726.660494     4
  200 2892.183999  6147
  201 -1347.782542     1
  202 10030.510705 26161
  203 3528.069689  9518
  204 -2268.053094     4
  205 9940.578372 18278
  206 6850.802885 12201
  207 -79.299303     3
  208 -1370.523125     5
  209 9137.577734 11251
  210 3362.378520 11128
  211 1812.610672 18494
  212 -307.998087     1
  213 -1453.151037     0
  214 10065.409799 15528
  215 -389.591733     5
  216 6564.754928  1154
  217 1438.311588 15143
  218 -124.058729     3
  219 6655.941643 16679
  220 -19.346136     5
  221 992.577986  1476
  222 26817.434711 19127
  223 2633.634215  5680
  224 873.049894  2168
  225 -2224.070347     5
  226 10992.657651 25072
  227 1474.611138   460
  228 947.724510  3095
  229 1439.130352  8458
  230 -276.902792     4
  231 12024.516679 11398
  232 122.904742   881
  233 1893.151509  1061
  234 -901.554384     9
  235 13557.623056 17055
  236 -733.143238     9
  237 6354.597485 25768
  238 259.137132 14732
  239 -1035.900821     2
  240 2608.469970    35
  241 1271.049134  9045
  242 -515.365541     4
  243 27688.497910 25507
  244 12847.402195 27680
  245 3078.497505  6344
  246 18014.615128 21407
  247 -33.497446     8
  248 -148.207450     2
  249 11750.221078 21608
  250 3339.038673 19993
  251 -1089.737047     0
  252 787.838841   131
  253 9090.278498 26725
  254 -944.589018     7
  255 1861.230251  4774
  256 -459.553717     8
  257 -326.287508     3
  258 3369.420990 11874
  259 -95.740969     4
  260 -695.355486     5
  261 11465.585396 15881
  262 -397.981461     3
  263 9001.661552 14536
  264 5977.291979  1231
  265 2508.206879 13187
  266 15098.010512  7031
  267 -353.886199     0
  268 13887.002433 12441
  269 -392.528985     1
  270 -137.380162     0
  271 3480.900785 20832
  272 -289.108490     3
  273 7725.168815 13008
  274 6871.533812  3973
  275 13800.621209  9596
  276 -853.832261     7
  277 2758.916155  8226
  278 8035.002497  8125
  279 3471.099015  1936
  280 1400.295914   519
  281 -1127.300492     4
  282 692.705714 20779
  283 4945.063972  5897
  284 -1839.746480     7
  285 -462.095629     5
  286 -578.441231     2
  287 13030.523169 13467
  288 -121.892577     7
  289 -597.005142     1
  290 9775.607216 15224
  291 2161.086234 16581
  292 4251.840671 16126
  293 -1828.871519     6
  294 8586.240454 12038
  295 10157.405864 14498
  296 3156.150518  4174
  297 -2918.624561     6
  298 -639.049029     5
  299 3077.634325 21172
  300 9872.007001 14979
