300
    1 2280.949816     1
    2 12506.165245 22552
    3 -2897.951700     7
    4 -2406.790835     7
    5 -1422.272601     8
    6 2359.272881 11402
    7 9054.416068  7882
    8 1154.591281  5438
    9 -754.713614     7
   10 2363.038203  6863
   11 -65.259925     1
   12 3445.483147   525
   13 -516.159870     2
   14 13918.524199 20096
   15 -259.162065     7
   16 2097.974267 24956
   17 -350.215995     8
   18 -1410.930561     6
   19 376.321203 14573
   20 -106.769705     7
   21 5801.505440 21823
   22 129.790697 15275
   23 8645.624743 14868
   24 -1067.986749     6
   25 129.591920  2208
   26 -651.539171     1
   27 58.967392 20395
   28 -890.285345     3
   29 9838.154924  4613
   30 22189.573851 14985
   31 3587.832279 10343
   32 -340.474502     7
   33 4109.525338  2104
   34 -843.351684     7
   35 12566.677394 17064
   36 16453.207511 21647
   37 -734.714251     0
   38 6911.543497  1257
   39 -2063.159307     9
   40 1282.998791  2568
   41 9321.897976 12082
   42 19362.877683 15949
   43 8553.666251 13544
   44 1006.682675 23714
   45 -1701.277616     8
   46 8583.044989 10842
   47 4122.560234 15863
   48 -876.661227     0
   49 -1224.627092     7
   50 3320.117516  1573
   51 20.882037   828
   52 11065.422187 12746
   53 4222.684714   314
   54 10623.175272 23962
   55 35809.609818 23513
   56 -934.517083     3
   57 16762.330202 27528
   58 -573.860959     5
   59 -1846.421974     3
   60 -534.822054     2
   61 3702.497391 19028
   62 -579.902863     7
   63 -1276.203719     7
   64 13056.334527 26634
   65 1306.707367  8009
   66 16586.090029 18283
   67 3728.529300 14765
   68 -1404.130966     5
   69 9134.419683  4234
   70 5806.044215  6832
   71 7346.066526  6524
   72 -645.933899     1
   73 5679.408066 23238
   74 14000.966625 23525
   75 -394.145705     4
   76 2898.612050 10172
   77 4706.711061 21958
   78 -1387.646808     7
   79 -1128.928356     8
   80 -550.635979     1
   81 1375.040347  3195
   82 255.840357  3101
   83 -1898.201721     6
   84 3072.095791  7462
   85 3044.119500  1250
   86 924.283609 13695
   87 -307.652842     0
   88 -1021.248734     4
   89 -990.422777     5
   90 9294.450702 11841
   91 3470.517100  3905
   92 5706.032624 26181
   93 4170.503027  6201
   94 -212.146949     0
   95 -1603.296653     5
   96 3132.753958 20258
   97 1308.611500 11140
   98 -6.216135     0
   99 8301.440465  7350
  100 -549.563405     3
  101 5907.084213  6709
  102 -1887.888916     0
  103 8435.702942 20824
  104 2985.348753 10814
  105 -999.973366     3
  106 3741.305772  1080
  107 2416.159482 23377
  108 -1633.184936     6
  109 597.179092  1281
  110 -338.198048     8
  111 1538.466149 12350
  112 -301.803407     5
  113 15899.782569 21527
  114 -148.982636     1
  115 5266.905227 12613
  116 10397.607213 25599
  117 2366.399571  2552
  118 2577.188303  4764
  119 9731.552738 11817
  120 9329.354335  8720
  121 4685.637452   876
  122 16393.750401 21854
  123 -504.849695     9
  124 203.177303   546
  125 -266.463356     5
  126 -730.217948     1
  127 -867.189344     7
  128 -3653.830917     8
  129 8376.563144 22728
  130 138.839617 12216
  131 7769.156093 19666
  132 1854.826600    74
  133 -457.455363     8
  134 23434.820753 16240
  135 2704.684633 23404
  136 1951.649651  3066
  137 9936.096963  3236
  138 -21.305423     9
  139 243.964157 26575
  140 -476.249474     4
  141 20724.086454 23859
  142 -786.703546     0
  143 9014.279982 15705
  144 13463.259208 14460
  145 9554.192036 16428
  146 29820.961335 26421
  147 1740.649652 10799
  148 -506.908884     0
  149 -502.127499     1
  150 129.673542 14927
  151 -92.541394     0
  152 789.740217  4176
  153 965.097656  3369
  154 -1184.998567     7
  155 -453.171904     6
  156 18778.625635 26851
  157 -1546.142331     8
  158 2660.518416  5560
  159 -185.976864     4
  160 8203.926626 13900
  161 -3587.914621     9
  162 14191.208957 23379
  163 16670.806418 18562
  164 -104.953999     9
  165 -161.865915     0
  166 169.277339  4587
  167 809.391885  4200
  168 -152.016017     9
  169 -932.323743     3
  170 -1113.794463     4
  171 -2235.534593     3
  172 33185.342095 24598
  173 2465.653102 14057
  174 -676.758693     9
  175 3940.708774 15891
  176 -1275.026794     0
  177 -749.482618     4
  178 8425.107518 20565
  179 20675.429196 11021
  180 9669.099892 19654
  181 -108.844482     1
  182 1018.530010 13672
  183 2169.581198 14952
  184 36845.364629 26785
  185 5495.847602  6455
  186 -622.603559     5
  187 -459.342267     5
  188 -1567.555223     5
  189 451.900363 16729
  190 6621.250201 13760
  191 -1051.531510     2
  192 562.983371 24846
  193 -280.155170     5
  194 -401.824727     7
  195 -726.521845     9
  196 -352.554024     1
  197 11233.869775 15816
  198 12751.135698 17659
  199 -1515.393373     4
  200 3348.934698  6147
  201 -753.303664     1
  202 12357.494918 26161
  203 9397.416024  9518
  204 -3076.169284     4
  205 12929.103876 18278
  206 884.157801 12201
  207 -913.185338     3
  208 -822.033127     5
  209 2737.632795 11251
  210 9970.677231 11128
  211 8134.633257 18494
  212 -761.591141     1
  213 -1060.975422     0
  214 12583.426152 15528
  215 -259.763958     5
  216 314.020414  1154
  217 9433.291505 15143
  218 -191.353975     3
  219 9265.255143 16679
  220 -186.256380     5
  221 4598.259825  1476
  222 775.846196 19127
  223 86.473225  5680
  224 2335.727205  2168
  225 -1933.175389     5
  226 2118.625170 25072
  227 783.762274   460
  228 5154.084278  3095
  229 2481.607532  8458
  230 -796.003527     4
  231 1740.086968 11398
  232 4808.255187   881
  233 1034.398061  1061
  234 -701.130814     9
  235 6771.742747 17055
  236 -832.597773     9
  237 25818.276880 25768
  238 8714.900200 14732
  239 -25.067970     2
  240 671.731844    35
  241 11369.148522  9045
  242 -444.310626     4
  243 13475.307840 25507
  244 26363.420226 27680
  245 7191.373600  6344
  246 1690.967121 21407
  247 -937.450892     8
  248 -839.608482     2
  249 9165.240443 21608
  250 7651.415701 19993
  251 -1397.203511     0
  252 584.810602   131
  253 12879.889147 26725
  254 -21.056297     7
  255 1802.523710  4774
  256 -798.044551     8
  257 -1045.605029     3
  258 5638.256831 11874
  259 -1756.573330     4
  260 -432.422456     5
  261 17671.660353 15881
  262 -1103.795686     3
  263 7513.359440 14536
  264 1683.480059  1231
  265 8236.574164 13187
  266 4995.968650  7031
  267 -577.254918     0
  268 2763.357516 12441
  269 -94.675535     1
  270 -2030.420903     0
  271 2712.818830 20832
  272 -256.896709     3
  273 12468.881562 13008
  274 1075.835447  3973
  275 2793.736163  9596
  276 -472.871239     7
  277 5090.821247  8226
  278 4014.054408  8125
  279 2805.791716  1936
  280 4085.876024   519
  281 -160.857884     4
  282 15294.092235 20779
  283 2495.215901  5897
  284 -1722.435941     7
  285 -2160.768711     5
  286 -155.873782     2
  287 3342.318924 13467
  288 -452.871813     7
  289 -560.459433     1
  290 12194.974857 15224
  291 1802.481817 16581
  292 6927.081409 16126
  293 -1156.190539     6
  294 20209.592321 12038
  295 7413.131256 14498
  296 329.975835  4174
  297 -1085.727853     6
  298 -1311.702034     5
  299 16008.743181 21172
  300 1336.659922 14979
