300
    1 149.730561     1
    2 20631.642115 22552
    3 -2175.872197     7
    4 -644.022961     7
    5 -1868.119938     8
    6 232.483094 11402
    7 8247.046938  7882
    8 7107.886592  5438
    9 -635.817386     7
   10 10282.423448  6863
   11 -1175.118280     1
   12 379.493376   525
   13 -446.687724     2
   14 30464.108339 20096
   15 -404.455776     7
   16 32298.028166 24956
   17 -297.378022     8
   18 -1940.624981     6
   19 1716.442083 14573
   20 -2064.579933     7
   21 6074.311485 21823
   22 1073.740436 15275
   23 1147.071668 14868
   24 -1061.624409     6
   25 3199.606622  2208
   26 -1023.554440     1
   27 573.764695 20395
   28 -563.815444     3
   29 14164.566143  4613
   30 2319.615145 14985
   31 849.229509 10343
   32 -628.302407     7
   33 1133.448411  2104
   34 -3260.154783     7
   35 4352.546043 17064
   36 2316.739837 21647
   37 -505.237328     0
   38 18.313967  1257
   39 -1581.308898     9
   40 7429.118216  2568
   41 4804.242965 12082
   42 4560.038976 15949
   43 26829.180811 13544
   44 3053.204644 23714
   45 -103.347851     8
   46 12690.043422 10842
   47 10986.801274 15863
   48 -1376.674083     0
   49 -1263.341418     7
   50 410.911784  1573
   51 997.307590   828
   52 15975.935992 12746
   53 404.567865   314
   54 8948.885981 23962
   55 6105.608826 23513
   56 -2818.355437     3
   57 15918.628331 27528
   58 -1661.463238     5
   59 -540.316992     3
   60 -227.318597     2
   61 7566.094404 19028
   62 -2270.364579     7
   63 -494.166444     7
   64 13309.495750 26634
   65 4811.043675  8009
   66 2334.268605 18283
   67 6952.930384 14765
   68 -1989.254488     5
   69 12699.746560  4234
   70 720.554075  6832
   71 741.176841  6524
   72 -134.061801     1
   73 2331.447957 23238
   74 13317.488390 23525
   75 -119.828045     4
   76 3710.283620 10172
   77 6186.967859 21958
   78 -1675.490706     7
   79 -434.050726     8
   80 -691.629878     1
   81 833.725215  3195
   82 5203.918539  3101
   83 -930.970863     6
   84 7685.674420  7462
   85 2262.381961  1250
   86 290.449808 13695
   87 -602.792605     0
   88 -1458.080721     4
   89 -299.219328     5
   90 6707.306047 11841
   91 3600.449346  3905
   92 3588.407792 26181
   93 4839.722014  6201
   94 -1325.520644     0
   95 -1099.123667     5
   96 5924.347152 20258
   97 2018.921316 11140
   98 -271.901513     0
   99 6416.478188  7350
  100 -973.674107     3
  101 3238.834772  6709
  102 -21.389003     0
  103 8412.039674 20824
  104 7183.549819 10814
  105 -484.878116     3
  106 2198.387083  1080
  107 3818.356289 23377
  108 -722.887412     6
  109 2688.403725  1281
  110 -985.810896     8
  111 16804.783099 12350
  112 -95.039287     5
  113 5670.002732 21527
  114 -1019.911439     1
  115 8449.390372 12613
  116 18744.479287 25599
  117 3017.857400  2552
  118 2939.129268  4764
  119 9698.559942 11817
  120 8013.277165  8720
  121 476.159780   876
  122 3762.065416 21854
  123 -629.971035     9
  124 3748.499083   546
  125 -414.835487     5
  126 -971.974962     1
  127 -2929.794414     7
  128 -518.903064     8
  129 13838.234668 22728
  130 6428.667686 12216
  131 4399.892001 19666
  132 1094.713150    74
  133 -1244.090016     8
  134 5480.458870 16240
  135 11979.531812 23404
  136 3959.607121  3066
  137 6852.466599  3236
  138 -1572.313539     9
  139 6690.461003 26575
  140 -1032.515626     4
  141 13662.083331 23859
  142 -1115.890073     0
  143 4289.960545 15705
  144 18715.749807 14460
  145 4606.629316 16428
  146 6400.110530 26421
  147 2643.733245 10799
  148 -1418.939781     0
  149 -1864.541662     1
  150 2790.510636 14927
  151 -397.674490     0
  152 1018.700603  4176
  153 1264.385523  3369
  154 -57.122801     7
  155 -312.493376     6
  156 14515.754778 26851
  157 -610.229424     8
  158 8957.977734  5560
  159 -1758.130296     4
  160 1412.747083 13900
  161 -729.908053     9
  162 2518.891414 23379
  163 12071.959370 18562
  164 -232.036094     9
  165 -78.497042     0
  166 3063.494526  4587
  167 4172.249361  4200
  168 -1964.859475     9
  169 -1746.779081     3
  170 -2439.338895     4
  171 -420.847395     3
  172 3439.946038 24598
  173 1524.011887 14057
  174 -1035.693172     9
  175 15175.033453 15891
  176 -508.695125     0
  177 -1221.866081     4
  178 14077.225299 20565
  179 12252.464668 11021
  180 5830.630237 19654
  181 -1625.716713     1
  182 4962.791595 13672
  183 3602.255212 14952
  184 9311.300270 26785
  185 6662.525933  6455
  186 -981.978036     5
  187 -307.367046     5
  188 -294.830449     5
  189 60.368010 16729
  190 2966.792831 13760
  191 -865.447092     2
  192 3252.639485 24846
  193 -545.939543     5
  194 -113.421502     7
  195 -1925.253281     9
  196 -66.753121     1
  197 7827.019400 15816
  198 2576.854805 17659
  199 -515.925928     4
  200 4939.231242  6147
  201 -754.927309     1
  202 6282.979044 26161
  203 4987.598619  9518
  204 -824.440440     4
  205 2446.481020 18278
  206 6965.764292 12201
  207 -946.304061     3
  208 -2240.557337     5
  209 5226.248147 11251
  210 2725.922818 11128
  211 19127.467600 18494
  212 -1240.240787     1
  213 -187.030351     0
  214 1651.992258 15528
  215 -249.368392     5
  216 617.028799  1154
  217 3295.665598 15143
  218 -8.406116     3
  219 2631.715423 16679
  220 -1236.058336     5
  221 63.430030  1476
  222 29294.438411 19127
  223 665.221627  5680
  224 3651.019074  2168
  225 -562.690989     5
  226 20097.221031 25072
  227 4545.605424   460
  228 7954.527529  3095
  229 3996.060566  8458
  230 -1382.033768     4
  231 19565.935787 11398
  232 3526.999846   881
  233 3045.650309  1061
  234 -44.840875     9
  235 12771.499746 17055
  236 -660.843672     9
  237 2481.480881 25768
  238 13818.899978 14732
  239 -2805.372168     2
  240 470.242685    35
  241 4224.063873  9045
  242 -2375.532756     4
  243 25422.621387 25507
  244 15817.110702 27680
  245 4173.420303  6344
  246 3435.987551 21407
  247 -650.430057     8
  248 -1417.897245     2
  249 11257.141278 21608
  250 945.694616 19993
  251 -1153.958589     0
  252 1186.597822   131
  253 1424.834692 26725
  254 -845.012119     7
  255 3553.922368  4774
  256 -810.489403     8
  257 -756.134456     3
  258 15526.931973 11874
  259 -2141.765819     4
  260 -247.955037     5
  261 3041.514090 15881
  262 -1496.188684     3
  263 6416.211220 14536
  264 3822.927464  1231
  265 1028.375108 13187
  266 5765.645053  7031
  267 -439.935395     0
  268 2677.515546 12441
  269 -418.976995     1
  270 -44.901542     0
  271 15209.698103 20832
  272 -1328.859008     3
  273 3528.264466 13008
  274 5806.036934  3973
  275 706.420970  9596
  276 -684.331058     7
  277 2944.915232  8226
  278 2731.934537  8125
  279 6758.095495  1936
  280 4107.183620   519
  281 -963.384982     4
  282 8051.607359 20779
  283 4360.757479  5897
  284 -2670.141060     7
  285 -1835.617451     5
  286 -112.411816     2
  287 9478.208061 13467
  288 -1017.127070     7
  289 -407.443789     1
  290 10773.055535 15224
  291 20306.862480 16581
  292 1798.567666 16126
  293 -687.606519     6
  294 11277.493267 12038
  295 12642.165070 14498
  296 1810.921933  4174
  297 -130.713657     6
  298 -557.473860     5
  299 7183.551396 21172
  300 5278.039059 14979
