300
    1 1258.398280     1
    2 8413.553664 22552
    3 -1068.901037     7
    4 -1281.479544     7
    5 -285.726241     8
    6 11307.170991 11402
    7 12652.315925  7882
    8 598.258070  5438
    9 -688.425935     7
   10 6196.260108  6863
   11 -985.439888     1
   12 3258.812575   525
   13 -498.898707     2
   14 6224.825672 20096
   15 -1620.107034     7
   16 3855.886428 24956
   17 -2522.962586     8
   18 -611.906182     6
   19 1274.530894 14573
   20 -587.105658     7
   21 1608.750039 21823
   22 21319.662366 15275
   23 3985.738858 14868
   24 -361.260512     6
   25 3560.602937  2208
   26 -1082.794434     1
   27 14267.492212 20395
   28 -1523.782335     3
   29 5961.814660  4613
   30 2829.038478 14985
   31 5816.878155 10343
   32 -198.779664     7
   33 5180.615263  2104
   34 -1884.371209     7
   35 11981.965874 17064
   36 2888.266819 21647
   37 -257.995912     0
   38 1681.687249  1257
   39 -777.287926     9
   40 619.610858  2568
   41 3425.188748 12082
   42 17943.984098 15949
   43 11362.328410 13544
   44 12105.787325 23714
   45 -1398.680823     8
   46 1504.154188 10842
   47 13604.995042 15863
   48 -68.938115     0
   49 -1235.264492     7
   50 250.326380  1573
   51 4096.497405   828
   52 12418.825993 12746
   53 1374.006757   314
   54 12520.957726 23962
   55 1157.033268 23513
   56 -2210.794315     3
   57 16960.120927 27528
   58 -995.352468     5
   59 -1601.887161     3
   60 -1537.664403     2
   61 22629.647081 19028
   62 -1492.365061     7
   63 -2228.889647     7
   64 1050.023858 26634
   65 3940.936330  8009
   66 953.090194 18283
   67 13641.247160 14765
   68 -1157.857588     5
   69 3175.487492  4234
   70 5058.863344  6832
   71 5853.242406  6524
   72 -324.266717     1
   73 23189.367422 23238
   74 8646.698379 23525
   75 -1564.116138     4
   76 14057.558584 10172
   77 17485.345114 21958
   78 -562.258137     7
   79 -73.684173     8
   80 -1101.719195     1
   81 2902.351654  3195
   82 2380.817061  3101
   83 -1168.965042     6
   84 10313.390775  7462
   85 2716.686571  1250
   86 2416.644676 13695
   87 -191.971297     0
   88 -307.793746     4
   89 -13.873948     5
   90 2983.295831 11841
   91 7088.899077  3905
   92 8307.796811 26181
   93 1155.699567  6201
   94 -1229.445593     0
   95 -551.655809     5
   96 4870.429827 20258
   97 7057.923374 11140
   98 -1474.724784     0
   99 4842.658946  7350
  100 -176.834405     3
  101 6449.686718  6709
  102 -15.781603     0
  103 4860.796408 20824
  104 173.321201 10814
  105 -1186.642316     3
  106 4357.811074  1080
  107 14335.200939 23377
  108 -284.946123     6
  109 1218.154243  1281
  110 -624.493194     8
  111 17741.800283 12350
  112 -213.926750     5
  113 16933.874734 21527
  114 -475.114122     1
  115 10733.993784 12613
  116 16444.808058 25599
  117 5526.097825  2552
  118 1156.150597  4764
  119 22769.330902 11817
  120 5042.208016  8720
  121 155.288129   876
  122 1067.648479 21854
  123 -792.837880     9
  124 5908.833406   546
  125 -435.964728     5
  126 -784.908652     1
  127 -374.118250     7
  128 -240.762188     8
  129 16044.804024 22728
  130 14191.330903 12216
  131 15444.280941 19666
  132 886.160801    74
  133 -15.529882     8
  134 4420.835126 16240
  135 15894.995199 23404
  136 49.840047  3066
  137 627.042540  3236
  138 -1276.914986     9
  139 4833.059353 26575
  140 -426.537162     4
  141 10153.251491 23859
  142 -1082.943015     0
  143 3950.293071 15705
  144 1652.141296 14460
  145 3681.763643 16428
  146 7445.724379 26421
  147 12405.233895 10799
  148 -932.662335     0
  149 -2078.005245     1
  150 63.660189 14927
  151 -1143.483964     0
  152 717.849234  4176
  153 6141.347735  3369
  154 -725.119273     7
  155 -598.220676     6
  156 8260.499544 26851
  157 -331.478879     8
  158 1604.252900  5560
  159 -396.203652     4
  160 7287.053659 13900
  161 -1707.904987     9
  162 29495.347476 23379
  163 24844.849342 18562
  164 -492.841870     9
  165 -1761.047178     0
  166 1861.144408  4587
  167 588.030882  4200
  168 -1208.328023     9
  169 -375.225064     3
  170 -659.761977     4
  171 -530.643264     3
  172 10708.129853 24598
  173 4487.488960 14057
  174 -232.027305     9
  175 5160.545943 15891
  176 -687.642460     0
  177 -2519.638528     4
  178 4661.701781 20565
  179 12088.785124 11021
  180 4216.495150 19654
  181 -746.040969     1
  182 6641.586318 13672
  183 8956.801190 14952
  184 25294.907106 26785
  185 3431.449814  6455
  186 -172.108630     5
  187 -848.904974     5
  188 -211.990977     5
  189 508.077620 16729
  190 2535.367145 13760
  191 -60.930528     2
  192 7629.559788 24846
  193 -993.398770     5
  194 -128.628402     7
  195 -857.645898     9
  196 -462.103516     1
  197 7666.633737 15816
  198 4122.620180 17659
  199 -620.930223     4
  200 6918.216792  6147
  201 -229.174555     1
  202 20611.717659 26161
  203 3453.994129  9518
  204 -1378.972466     4
  205 21194.639781 18278
  206 4145.866403 12201
  207 -280.440370     3
  208 -202.599995     5
  209 1693.213514 11251
  210 5057.558099 11128
  211 213.676800 18494
  212 -512.634809     1
  213 -330.782705     0
  214 8488.983665 15528
  215 -234.913960     5
  216 1259.384930  1154
  217 8241.154569 15143
  218 -1449.801992     3
  219 2108.284317 16679
  220 -1747.468401     5
  221 2166.629267  1476
  222 9735.306398 19127
  223 2217.486997  5680
  224 476.434693  2168
  225 -2056.724803     5
  226 13242.092193 25072
  227 3029.361624   460
  228 149.605415  3095
  229 703.707344  8458
  230 -867.380089     4
  231 2384.951660 11398
  232 1145.675082   881
  233 210.366421  1061
  234 -1425.547044     9
  235 8468.688391 17055
  236 -916.244092     9
  237 5561.115963 25768
  238 12207.796576 14732
  239 -1997.210126     2
  240 3767.716934    35
  241 13416.548187  9045
  242 -841.546220     4
  243 8137.909246 25507
  244 213.347049 27680
  245 8946.726349  6344
  246 6115.144041 21407
  247 -96.157207     8
  248 -1257.658587     2
  249 8110.675388 21608
  250 14442.975595 19993
  251 -1137.833486     0
  252 3520.224044   131
  253 22245.448161 26725
  254 -435.648315     7
  255 3581.829118  4774
  256 -905.353741     8
  257 -80.104815     3
  258 16125.764460 11874
  259 -32.696066     4
  260 -83.370048     5
  261 11633.455750 15881
  262 -936.434688     3
  263 1053.266883 14536
  264 2884.827852  1231
  265 5043.969804 13187
  266 5871.200598  7031
  267 -852.776260     0
  268 2341.616913 12441
  269 -2448.314134     1
  270 -1906.761047     0
  271 17961.982468 20832
  272 -37.516574     3
  273 258.363285 13008
  274 3659.283966  3973
  275 9726.419485  9596
  276 -1363.085185     7
  277 4346.421298  8226
  278 6020.194761  8125
  279 224.621223  1936
  280 6196.061072   519
  281 -307.830185     4
  282 12585.893232 20779
  283 649.433511  5897
  284 -1354.110144     7
  285 -2527.725656     5
  286 -212.646842     2
  287 13982.244328 13467
  288 -859.490856     7
  289 -221.994964     1
  290 19357.756206 15224
  291 8962.617238 16581
  292 8799.995050 16126
  293 -531.476489     6
  294 16376.794542 12038
  295 3066.587293 14498
  296 3574.705291  4174
  297 -728.158412     6
  298 -18.066007     5
  299 577.657277 21172
  300 2803.895854 14979
