100
    1 0.367927     3
    2 14.704459    21
    3 6.548178    14
    4 4.177370    21
    5 1.108629     5
    6 0.880019     7
    7 1.902290     8
    8 2.440070    12
    9 7.381537    19
   10 10.047961    21
   11 0.840599     4
   12 10.807874    16
   13 1.008346     4
   14 5.281367    12
   15 0.009024    20
   16 14.905628    15
   17 1.157244    13
   18 10.170908    22
   19 0.609839     5
   20 1.089791    20
   21 1.076348     7
   22 2.955783    13
   23 4.155756     7
   24 3.556687    12
   25 1.709376    10
   26 8.363425    17
   27 13.307525    18
   28 8.406370    10
   29 1.119380    21
   30 10.407089    17
   31 17.904659    18
   32 4.625110    11
   33 0.073170     3
   34 4.179813     8
   35 7.040434    17
   36 0.230377     5
   37 3.605150    15
   38 1.416739     5
   39 1.973311    21
   40 3.351518    21
   41 1.511399     5
   42 3.253878    16
   43 20.777559    17
   44 1.053995     4
   45 2.333999    10
   46 11.404980    20
   47 5.317336    21
   48 0.404877     7
   49 2.573835    10
   50 6.568861    17
   51 0.775239     6
   52 0.235827     3
   53 12.076347    17
   54 5.624796    19
   55 0.858428     7
   56 7.463570    16
   57 5.970274    15
   58 2.784008     5
   59 4.358198     7
   60 3.917017    15
   61 0.425018     5
   62 6.131952    13
   63 5.990748    12
   64 0.249868     3
   65 1.828580     6
   66 0.419388     5
   67 3.242690    18
   68 0.909180    16
   69 2.736580     6
   70 4.754092    15
   71 3.559837     9
   72 6.550501    10
   73 0.515349     7
   74 1.987901    10
   75 8.929411    19
   76 7.777102    21
   77 4.447988     9
   78 1.639952    20
   79 0.335363    10
   80 0.389237    15
   81 1.879957     4
   82 18.636633    16
   83 4.047003    11
   84 5.136683     8
   85 0.017684     6
   86 5.129765    17
   87 5.394860    16
   88 8.670464    11
   89 16.455193    22
   90 7.519100    14
   91 1.394917     4
   92 4.903743    13
   93 2.139170     5
   94 5.083754    14
   95 1.638827    13
   96 2.936413     9
   97 6.994258    19
   98 1.974108     4
   99 1.495435    15
  100 22.412635    19
