300
    1 0.070485  5001
    2 5269.357933 21119
    3 16400.577592 27552
    4 14481.015766 -2979
    5 8170.596498 -3267
    6 11001.475534 22605
    7 -1742.773713     0
    8 30580.060972 -2786
    9 -4.406842     9
   10 2232.889355 10019
   11 5731.339776 16402
   12 -1357.837024     2
   13 3761.922982 12882
   14 357.211285 25490
   15 1430.756812 10438
   16 1443.923840 23433
   17 -651.371102     5
   18 7665.440159 17080
   19 627.972472 11863
   20 4967.479551 28698
   21 -242.978478     1
   22 270.265218  6611
   23 226.560208  5525
   24 -1274.981360     6
   25 -52.139967     8
   26 -633.365784     1
   27 14650.365334 25096
   28 -1687.322288     8
   29 -1033.290807     7
   30 5137.587212 -3202
   31 1086.985413 29956
   32 6738.071284 23649
   33 -390.280064     5
   34 337.618814 19086
   35 -377.225691     1
   36 483.940263  5763
   37 11648.835644 19573
   38 4596.896784 27063
   39 -1795.000392     7
   40 8096.425052 23419
   41 5041.561632 26823
   42 -563.238794     2
   43 400.622487 20275
   44 3236.747449 20882
   45 8045.618197 19868
   46 -1711.357655     8
   47 -1279.043071     7
   48 -643.083674     1
   49 2179.728722  7208
   50 -1020.147301     1
   51 -952.139288     2
   52 5929.600743 24961
   53 3702.186861 25395
   54 7027.190405 31497
   55 -2048.083491     1
   56 840.558187 22654
   57 921.158050  9613
   58 -1458.218170     3
   59 3659.490053 19985
   60 2536.872837  7593
   61 10262.682099 15343
   62 17344.294648 -2908
   63 -257.683916     6
   64 -1981.373920     5
   65 193.904736  7104
   66 -1193.844144     3
   67 -79.549104     0
   68 3330.343833 25634
   69 176.499197 22064
   70 -1724.781108     3
   71 2753.731849 26647
   72 11696.926466 30568
   73 -1242.272196     1
   74 1909.387580 23628
   75 612.279346  6257
   76 7853.319996 19979
   77 -1977.083263     9
   78 4087.162837 18258
   79 153.731522  7568
   80 1715.262021 27553
   81 4628.401656 17082
   82 -717.707287     2
   83 1922.255406 20949
   84 6378.252998 27106
   85 8299.791488 18544
   86 2338.640930 11255
   87 6991.370488 28714
   88 4125.944880 13149
   89 9951.643934 -3029
   90 -742.713800     4
   91 2798.654171 15842
   92 399.861141 11271
   93 902.985850 20863
   94 20849.893305 28772
   95 -630.811007     5
   96 -8.137728     9
   97 -2172.712771     9
   98 3782.763676 26222
   99 540.517399  6573
  100 19424.389598 27037
  101 44.812395  5828
  102 -3588.791803     9
  103 2356.909722 17746
  104 -278.457254     1
  105 56.785293  5314
  106 14458.202042 -3121
  107 2886.713363 28962
  108 -103.194807     1
  109 14034.728211 28513
  110 4151.799226 17081
  111 19910.466581 -2851
  112 2910.590519 18467
  113 6299.453154 32528
  114 -591.817624     4
  115 -782.265720     9
  116 5731.343921 15984
  117 22734.999435 -3174
  118 -379.853883     8
  119 25925.707682 -2932
  120 13027.828644 -2959
  121 6032.713637 24028
  122 -1847.573175     1
  123 1952.106340 -2860
  124 10574.350594 27549
  125 5245.790162 -2858
  126 26897.980037 -3047
  127 6919.473387 31634
  128 -2229.128041     5
  129 52.595711 13009
  130 -575.060158     9
  131 7851.270828 23283
  132 796.080964 19384
  133 5360.056853 19765
  134 9524.484857 19456
  135 9376.399538 -3258
  136 754.823110  6602
  137 1984.369554  9234
  138 2295.672245 18370
  139 3104.919170 11832
  140 7485.316604 28847
  141 4969.275783 11524
  142 4279.190082 30512
  143 -1367.087836     7
  144 6138.215937 26094
  145 13948.204143 28238
  146 -763.848520     4
  147 15448.811919 28525
  148 -72.180848     4
  149 -998.730774     7
  150 119.194166  5294
  151 7600.480757 15172
  152 -1493.634007     8
  153 942.883063 26958
  154 5004.946012 -3076
  155 -664.221334     1
  156 18802.649773 24828
  157 -603.163528     7
  158 571.092857  5731
  159 -722.679714     1
  160 886.276928 20722
  161 48.454471  8195
  162 352.319429  6887
  163 1010.744397  8101
  164 237.954171  7558
  165 -3429.664055     9
  166 -787.443118     1
  167 599.989927 12462
  168 -86.861128     9
  169 352.728666  6250
  170 4547.980394 22861
  171 1592.216063 18695
  172 6340.076602 29490
  173 -1762.088667     7
  174 -1134.092261     1
  175 -235.307648     8
  176 18292.647680 30213
  177 -1351.154054     9
  178 -2960.668372     4
  179 12035.886291 16841
  180 20801.164354 31142
  181 2260.585857  8905
  182 8813.373181 23518
  183 6755.804294 31181
  184 -1261.493212     0
  185 4279.802883 11201
  186 -287.459897     3
  187 -1150.916479     1
  188 1419.080099  8731
  189 -1511.050122     0
  190 112.345610  5594
  191 3189.724565 25258
  192 1991.858576 13869
  193 3425.872476 16140
  194 -841.948682     1
  195 -1423.831210     4
  196 10815.564417 -3187
  197 83.688119 12350
  198 5604.152432 29250
  199 -290.019913     5
  200 12410.713398 21020
  201 1744.033960 11709
  202 1710.173384 17541
  203 -63.512300     3
  204 -511.433697     5
  205 5149.350137 25824
  206 -1694.454787     2
  207 6268.045386 15814
  208 2493.744102 25022
  209 -382.344704     5
  210 148.658320  5251
  211 189.300427  6080
  212 2444.442948 20517
  213 21112.079961 28377
  214 3701.780018 -3191
  215 -2050.594276     5
  216 -565.017315     7
  217 268.525829  6281
  218 8190.417695 26838
  219 -2071.415625     3
  220 -126.767382     0
  221 7565.283987 17350
  222 5883.557504 14458
  223 -608.769979     5
  224 4180.110068 -3122
  225 13246.597214 26527
  226 1505.991887 20425
  227 10928.826225 -3204
  228 18932.023319 29261
  229 770.082272 17613
  230 15627.016719 -3214
  231 7389.505909 30599
  232 8418.756837 27069
  233 361.809257  7552
  234 -2509.117853     3
  235 723.746350  9764
  236 -49.555270     2
  237 2884.831550 16817
  238 2466.316766 -2897
  239 511.484565 13720
  240 -2473.777595     4
  241 312.329100  5876
  242 794.282804 -3192
  243 166.359742 26854
  244 13423.993192 24497
  245 -778.075646     1
  246 -2995.383344     2
  247 36.070640  5546
  248 288.591806 27208
  249 -193.799897     3
  250 384.472830 12189
  251 4975.394798 -2797
  252 50.770715 10355
  253 4993.965274 -3109
  254 33.538816  5080
  255 1155.036419 -2848
  256 13157.884029 28594
  257 316.832068 27728
  258 -466.790219     1
  259 6169.609441 17216
  260 172.947114  5214
  261 838.111766 24666
  262 -927.598718     7
  263 5.412149  5074
  264 -857.014145     0
  265 -640.641387     6
  266 8914.701224 21029
  267 7118.996885 21240
  268 1398.496907 32269
  269 19306.345698 28404
  270 -1401.201850     7
  271 1462.191094  8066
  272 24880.907848 -3250
  273 3488.918491  8236
  274 724.152205 13977
  275 -1852.578899     2
  276 7962.017805 30687
  277 4164.980778 31575
  278 9762.055045 28229
  279 27991.443846 -2983
  280 -393.190347     2
  281 7410.984848 28859
  282 4071.599203 11530
  283 -312.728240     7
  284 3310.006182 15765
  285 11442.279044 20705
  286 5403.489218 29767
  287 4618.283880 19460
  288 4564.885678 22963
  289 296.583729 21428
  290 -936.362558     6
  291 2256.070422 31421
  292 2118.830798 26578
  293 2111.600939 15799
  294 1088.065451  8784
  295 -3015.819022     8
  296 -1020.902208     2
  297 16377.938287 -3018
  298 14165.127588 23046
  299 2704.145126 19927
  300 1361.043824 24137
