300
    1 0.123919  5001
    2 13759.285061 21119
    3 9244.334849 27552
    4 22792.782270 -2979
    5 8335.844597 -3267
    6 6969.746854 22605
    7 -830.749112     0
    8 23968.072630 -2786
    9 -1386.821771     9
   10 3347.386779 10019
   11 4018.432815 16402
   12 -141.123846     2
   13 8476.445253 12882
   14 16266.822810 25490
   15 1252.553542 10438
   16 1887.828263 23433
   17 -632.987298     5
   18 15891.517166 17080
   19 1550.929519 11863
   20 9941.684577 28698
   21 -1299.213143     1
   22 702.032062  6611
   23 96.403204  5525
   24 -115.414889     6
   25 -993.726341     8
   26 -321.114584     1
   27 23925.503398 25096
   28 -56.208636     8
   29 -286.622566     7
   30 16483.019719 -3202
   31 11573.256081 29956
   32 12116.490081 23649
   33 -997.728356     5
   34 2987.643373 19086
   35 -903.816287     1
   36 76.945885  5763
   37 16808.913424 19573
   38 575.069862 27063
   39 -1793.583916     7
   40 1911.277951 23419
   41 5253.697619 26823
   42 -391.430540     2
   43 1478.523450 20275
   44 424.329137 20882
   45 9687.161356 19868
   46 -318.863496     8
   47 -1837.721548     7
   48 -577.444152     1
   49 570.372196  7208
   50 -1987.957647     1
   51 -636.664687     2
   52 4843.843151 24961
   53 8532.685787 25395
   54 19094.475000 31497
   55 -446.494058     1
   56 9997.086872 22654
   57 330.899576  9613
   58 -846.999250     3
   59 8115.375321 19985
   60 223.647461  7593
   61 3250.649690 15343
   62 2910.732187 -2908
   63 -685.963341     6
   64 -550.294584     5
   65 453.469218  7104
   66 -1012.666897     3
   67 -151.439935     0
   68 8800.234208 25634
   69 14382.580695 22064
   70 -126.352300     3
   71 11255.321728 26647
   72 2013.259375 30568
   73 -361.036457     1
   74 6441.173134 23628
   75 501.750337  6257
   76 6013.878829 19979
   77 -880.975751     9
   78 12835.881365 18258
   79 1415.748380  7568
   80 3985.824279 27553
   81 8952.063686 17082
   82 -1226.518782     2
   83 5122.101696 20949
   84 1744.994059 27106
   85 5951.949970 18544
   86 1319.209288 11255
   87 12670.437062 28714
   88 2630.443534 13149
   89 3243.908438 -3029
   90 -1188.143476     4
   91 629.185552 15842
   92 1380.970293 11271
   93 12451.887028 20863
   94 10828.890277 28772
   95 -176.519926     5
   96 -190.141809     9
   97 -234.944590     9
   98 616.213416 26222
   99 256.804466  6573
  100 7925.829383 27037
  101 910.986294  5828
  102 -959.243286     9
  103 2615.424975 17746
  104 -1083.433272     1
  105 173.893996  5314
  106 19598.851230 -3121
  107 13250.533398 28962
  108 -944.188933     1
  109 1980.201012 28513
  110 5506.935752 17081
  111 34025.564334 -2851
  112 4365.464914 18467
  113 21212.458172 32528
  114 -952.098135     4
  115 -441.682036     9
  116 6780.365620 15984
  117 7869.128526 -3174
  118 -246.072684     8
  119 5083.594373 -2932
  120 10408.206293 -2959
  121 15145.563135 24028
  122 -378.674694     1
  123 22178.873656 -2860
  124 10991.884677 27549
  125 11551.487855 -2858
  126 3697.174588 -3047
  127 15287.555684 31634
  128 -940.283873     5
  129 2286.091636 13009
  130 -464.554029     9
  131 2688.260892 23283
  132 197.196570 19384
  133 3758.191335 19765
  134 1727.550895 19456
  135 10220.284176 -3258
  136 542.940870  6602
  137 831.248798  9234
  138 9296.808545 18370
  139 9381.672274 11832
  140 9801.501388 28847
  141 4489.749510 11524
  142 18368.804269 30512
  143 -687.775099     7
  144 4785.494464 26094
  145 3519.395464 28238
  146 -1006.764751     4
  147 5975.191455 28525
  148 -5.160733     4
  149 -234.449997     7
  150 10.774444  5294
  151 4795.796401 15172
  152 -1320.981634     8
  153 2214.898937 26958
  154 3753.096668 -3076
  155 -2036.758429     1
  156 8028.095837 24828
  157 -865.382422     7
  158 438.221385  5731
  159 -650.316271     1
  160 3507.358062 20722
  161 825.422323  8195
  162 1071.198683  6887
  163 125.454212  8101
  164 634.228858  7558
  165 -1718.988623     9
  166 -132.454736     1
  167 2090.073579 12462
  168 -936.459397     9
  169 245.451555  6250
  170 2133.479620 22861
  171 4016.975066 18695
  172 29567.470825 29490
  173 -330.024428     7
  174 -49.458210     1
  175 -321.422236     8
  176 4084.573259 30213
  177 -971.981125     9
  178 -118.978261     4
  179 1336.101536 16841
  180 10771.049231 31142
  181 2014.729356  8905
  182 4743.372176 23518
  183 22830.934220 31181
  184 -269.841750     0
  185 2088.902771 11201
  186 -654.315066     3
  187 -914.454753     1
  188 3814.287274  8731
  189 -2562.402070     0
  190 279.830731  5594
  191 2028.776290 25258
  192 1722.594462 13869
  193 5581.526458 16140
  194 -2930.462140     1
  195 -2189.077305     4
  196 1695.778245 -3187
  197 1651.525808 12350
  198 9322.795202 29250
  199 -2931.696590     5
  200 12607.475550 21020
  201 3458.052426 11709
  202 167.811782 17541
  203 -1411.361868     3
  204 -775.691142     5
  205 4798.759050 25824
  206 -1536.656980     2
  207 3658.068927 15814
  208 15240.120873 25022
  209 -1593.046046     5
  210 33.734660  5251
  211 172.368504  6080
  212 9067.315492 20517
  213 4823.943782 28377
  214 5439.277953 -3191
  215 -2796.264303     5
  216 -262.714111     7
  217 375.394322  6281
  218 12504.879857 26838
  219 -354.367946     3
  220 -947.616197     0
  221 4751.658878 17350
  222 3140.951385 14458
  223 -1490.080701     5
  224 9594.646079 -3122
  225 337.808704 26527
  226 6089.744338 20425
  227 19625.238094 -3204
  228 1746.917936 29261
  229 10064.166460 17613
  230 22339.095127 -3214
  231 9356.579568 30599
  232 3391.226347 27069
  233 1192.519764  7552
  234 -813.355132     3
  235 3461.174903  9764
  236 -1240.505176     2
  237 14441.846451 16817
  238 25499.146670 -2897
  239 1213.723423 13720
  240 -925.547197     4
  241 514.053217  5876
  242 20380.303481 -3192
  243 15295.947332 26854
  244 7754.026242 24497
  245 -1433.943209     1
  246 -2055.811335     2
  247 329.175982  5546
  248 1809.767830 27208
  249 -1434.367484     3
  250 6263.845422 12189
  251 472.460401 -2797
  252 1636.712794 10355
  253 16902.393525 -3109
  254 44.313029  5080
  255 13220.548891 -2848
  256 2873.721368 28594
  257 17622.616252 27728
  258 -509.813135     1
  259 9385.288898 17216
  260 24.159200  5214
  261 10821.622030 24666
  262 -1555.383181     7
  263 17.071716  5074
  264 -1970.364716     0
  265 -573.601088     6
  266 8672.749610 21029
  267 7362.228606 21240
  268 7628.786128 32269
  269 5656.711591 28404
  270 -1841.631260     7
  271 432.647899  8066
  272 15897.603306 -3250
  273 422.280789  8236
  274 9768.144077 13977
  275 -348.388447     2
  276 17798.043553 30687
  277 17053.743623 31575
  278 7876.069568 28229
  279 14922.556984 -2983
  280 -2657.246997     2
  281 4770.938384 28859
  282 2915.410284 11530
  283 -512.531196     7
  284 3634.033883 15765
  285 3289.449322 20705
  286 21791.278922 29767
  287 6558.773475 19460
  288 11444.084674 22963
  289 1331.428803 21428
  290 -381.178975     6
  291 9623.222115 31421
  292 1070.227978 26578
  293 8170.211058 15799
  294 491.065940  8784
  295 -647.840385     8
  296 -602.339509     2
  297 4750.789803 -3018
  298 14090.231022 23046
  299 3928.525242 19927
  300 6325.690486 24137
