300
    1 0.673984  5001
    2 1125.338568 21119
    3 15617.597874 27552
    4 29839.925326 -2979
    5 5004.322598 -3267
    6 366.847925 22605
    7 -1776.087068     0
    8 135.539980 -2786
    9 -953.697993     9
   10 266.948775 10019
   11 5539.934233 16402
   12 -408.329128     2
   13 1665.079866 12882
   14 3894.129119 25490
   15 2637.422453 10438
   16 16175.282547 23433
   17 -280.868129     5
   18 4733.577059 17080
   19 6933.305250 11863
   20 3778.310527 28698
   21 -98.454953     1
   22 314.848382  6611
   23 163.621657  5525
   24 -322.439308     6
   25 -598.630019     8
   26 -761.627052     1
   27 1812.485476 25096
   28 -3310.919669     8
   29 -117.216361     7
   30 5664.571078 -3202
   31 22475.107716 29956
   32 3283.489680 23649
   33 -1436.337103     5
   34 9618.176266 19086
   35 -406.560294     1
   36 440.262749  5763
   37 22.895577 19573
   38 2367.906916 27063
   39 -299.661580     7
   40 1139.961875 23419
   41 4794.474266 26823
   42 -3731.821649     2
   43 5826.543445 20275
   44 1890.036110 20882
   45 1057.434100 19868
   46 -1777.007630     8
   47 -1165.639664     7
   48 -52.881533     1
   49 457.319243  7208
   50 -1866.571872     1
   51 -131.421523     2
   52 16381.929607 24961
   53 5593.829819 25395
   54 935.333238 31497
   55 -753.621424     1
   56 11017.668997 22654
   57 2061.985902  9613
   58 -1366.651417     3
   59 714.377994 19985
   60 27.206651  7593
   61 2673.543446 15343
   62 2866.528738 -2908
   63 -902.769631     6
   64 -1861.174414     5
   65 252.621550  7104
   66 -144.660067     3
   67 -2266.331139     0
   68 2072.690913 25634
   69 17893.866167 22064
   70 -143.350613     3
   71 1196.664274 26647
   72 23208.958417 30568
   73 -825.245059     1
   74 6361.041599 23628
   75 1026.947204  6257
   76 25562.807778 19979
   77 -734.676019     9
   78 13241.050363 18258
   79 1848.664095  7568
   80 7204.031463 27553
   81 11833.066718 17082
   82 -415.662820     2
   83 1803.936340 20949
   84 1961.412825 27106
   85 2675.280357 18544
   86 413.680553 11255
   87 4923.681961 28714
   88 4.095662 13149
   89 25130.590341 -3029
   90 -594.336652     4
   91 3486.488305 15842
   92 1932.181962 11271
   93 11200.821532 20863
   94 16303.446723 28772
   95 -656.543416     5
   96 -92.392322     9
   97 -156.748087     9
   98 2160.415476 26222
   99 616.883839  6573
  100 11156.910858 27037
  101 612.779384  5828
  102 -844.679748     9
  103 2452.805913 17746
  104 -59.449663     1
  105 63.352263  5314
  106 5785.521229 -3121
  107 13684.997065 28962
  108 -1093.573708     1
  109 11418.739995 28513
  110 3249.587553 17081
  111 947.571235 -2851
  112 6557.435378 18467
  113 9433.940752 32528
  114 -677.851515     4
  115 -229.118970     9
  116 1288.775496 15984
  117 10950.463271 -3174
  118 -1553.739072     8
  119 2071.999926 -2932
  120 12808.673435 -2959
  121 12030.818193 24028
  122 -862.066502     1
  123 22422.893729 -2860
  124 10512.034313 27549
  125 10594.350464 -2858
  126 10563.378894 -3047
  127 853.195771 31634
  128 -1505.610406     5
  129 26.205037 13009
  130 -52.687842     9
  131 6104.656344 23283
  132 10450.524106 19384
  133 6872.455118 19765
  134 4145.602011 19456
  135 3966.294980 -3258
  136 762.504138  6602
  137 84.155504  9234
  138 2868.423529 18370
  139 3958.655113 11832
  140 3732.610399 28847
  141 2566.212343 11524
  142 9466.697275 30512
  143 -422.918625     7
  144 6397.809711 26094
  145 10512.041444 28238
  146 -602.128491     4
  147 2117.304337 28525
  148 -966.094624     4
  149 -555.839312     7
  150 86.198098  5294
  151 4626.915445 15172
  152 -664.473615     8
  153 9841.622204 26958
  154 363.179733 -3076
  155 -1883.809861     1
  156 11713.115929 24828
  157 -1121.019088     7
  158 216.914998  5731
  159 -1340.601334     1
  160 6139.580379 20722
  161 3228.411255  8195
  162 50.492092  6887
  163 624.264666  8101
  164 79.244760  7558
  165 -2109.680594     9
  166 -1239.098001     1
  167 3790.016255 12462
  168 -1125.019180     9
  169 1257.259411  6250
  170 8755.842731 22861
  171 18627.641607 18695
  172 2073.005249 29490
  173 -3119.098732     7
  174 -1039.776154     1
  175 -326.177839     8
  176 11706.028817 30213
  177 -1223.143850     9
  178 -1785.064547     4
  179 749.275390 16841
  180 22040.805914 31142
  181 2055.503835  8905
  182 6718.479867 23518
  183 18511.268685 31181
  184 -169.090699     0
  185 2.184973 11201
  186 -394.761713     3
  187 -347.792747     1
  188 2430.689069  8731
  189 -221.035745     0
  190 42.547375  5594
  191 3015.616890 25258
  192 3364.205088 13869
  193 650.452928 16140
  194 -900.587457     1
  195 -1445.750765     4
  196 17392.880501 -3187
  197 2932.488941 12350
  198 6871.467513 29250
  199 -246.891177     5
  200 2062.163039 21020
  201 5972.840155 11709
  202 4493.381136 17541
  203 -707.985766     3
  204 -675.527905     5
  205 5330.438556 25824
  206 -314.624122     2
  207 957.377953 15814
  208 4918.710367 25022
  209 -2068.544311     5
  210 87.464354  5251
  211 132.854002  6080
  212 9286.526214 20517
  213 4751.323886 28377
  214 1766.693170 -3191
  215 -1193.227318     5
  216 -65.413634     7
  217 981.283892  6281
  218 1782.195804 26838
  219 -204.209546     3
  220 -33.795634     0
  221 7788.512445 17350
  222 5231.590225 14458
  223 -660.609765     5
  224 22166.376362 -3122
  225 1107.869925 26527
  226 7955.131734 20425
  227 6636.352874 -3204
  228 389.013900 29261
  229 9542.712023 17613
  230 8649.248960 -3214
  231 10472.810449 30599
  232 11796.798901 27069
  233 188.243043  7552
  234 -3080.008862     3
  235 5893.161006  9764
  236 -820.513094     2
  237 9031.539242 16817
  238 19786.356785 -2897
  239 4715.147730 13720
  240 -1796.319136     4
  241 264.245627  5876
  242 3357.529949 -3192
  243 10918.336518 26854
  244 2676.170199 24497
  245 -128.446261     1
  246 -500.128556     2
  247 182.950652  5546
  248 8354.812970 27208
  249 -1037.688371     3
  250 1647.112670 12189
  251 18717.257835 -2797
  252 6471.284251 10355
  253 1876.457130 -3109
  254 3.425392  5080
  255 18076.229888 -2848
  256 5862.375456 28594
  257 3718.230000 27728
  258 -407.387911     1
  259 500.811135 17216
  260 66.466887  5214
  261 733.569027 24666
  262 -238.199983     7
  263 17.106763  5074
  264 -757.617710     0
  265 -1045.487205     6
  266 5462.454458 21029
  267 4765.356514 21240
  268 8260.957244 32269
  269 699.304840 28404
  270 -567.419685     7
  271 1525.279825  8066
  272 20861.513764 -3250
  273 1117.085986  8236
  274 2307.674951 13977
  275 -1359.520065     2
  276 2646.201776 30687
  277 1071.464660 31575
  278 4188.582063 28229
  279 5505.712750 -2983
  280 -816.671222     2
  281 11141.365480 28859
  282 2856.764069 11530
  283 -421.891322     7
  284 737.189234 15765
  285 2619.601026 20705
  286 49.280816 29767
  287 12298.306058 19460
  288 3904.726378 22963
  289 5468.574331 21428
  290 -1151.341929     6
  291 6432.815546 31421
  292 10639.758650 26578
  293 2198.478222 15799
  294 896.163396  8784
  295 -2782.234569     8
  296 -1705.915582     2
  297 14009.543735 -3018
  298 9631.984019 23046
  299 16770.448832 19927
  300 5326.552969 24137
