100
    1 0.085264     3
    2 1.193227    21
    3 0.996316    14
    4 4.077165    21
    5 0.930189     5
    6 0.698718     7
    7 2.093652     8
    8 12.917675    12
    9 14.945735    19
   10 15.892324    21
   11 0.097457     4
   12 13.953885    16
   13 0.091754     4
   14 3.169124    12
   15 6.829944    20
   16 2.829689    15
   17 4.338420    13
   18 0.969267    22
   19 1.272494     5
   20 3.973946    20
   21 1.089038     7
   22 3.224692    13
   23 1.244600     7
   24 4.144121    12
   25 0.928722    10
   26 5.833984    17
   27 5.749575    18
   28 8.254777    10
   29 4.426274    21
   30 3.446138    17
   31 10.959100    18
   32 7.398482    11
   33 0.691035     3
   34 3.414555     8
   35 1.846506    17
   36 0.600429     5
   37 6.561492    15
   38 0.759332     5
   39 1.655076    21
   40 7.106441    21
   41 0.399590     5
   42 13.862574    16
   43 0.497904    17
   44 0.635440     4
   45 1.349007    10
   46 2.391896    20
   47 17.856577    21
   48 0.757747     7
   49 3.593927    10
   50 5.511868    17
   51 2.375963     6
   52 0.024020     3
   53 3.544125    17
   54 12.932456    19
   55 0.588665     7
   56 3.492567    16
   57 2.652010    15
   58 2.188234     5
   59 0.412365     7
   60 15.537260    15
   61 1.247347     5
   62 6.453437    13
   63 4.442691    12
   64 0.103953     3
   65 2.143587     6
   66 0.677091     5
   67 11.105134    18
   68 4.649582    16
   69 3.003965     6
   70 7.167607    15
   71 3.665278     9
   72 6.064553    10
   73 1.229001     7
   74 9.803738    10
   75 2.942595    19
   76 1.976765    21
   77 11.873147     9
   78 15.356919    20
   79 1.800554    10
   80 10.619927    15
   81 1.144168     4
   82 0.542516    16
   83 4.591848    11
   84 3.029790     8
   85 3.538436     6
   86 3.182373    17
   87 7.020668    16
   88 6.399406    11
   89 1.078800    22
   90 4.514453    14
   91 0.843262     4
   92 4.422981    13
   93 2.449105     5
   94 9.947104    14
   95 1.184315    13
   96 0.792832     9
   97 11.678152    19
   98 0.597220     4
   99 7.575157    15
  100 3.948728    19
