300
    1 0.446361  5001
    2 15769.871152 21119
    3 8408.047645 27552
    4 6751.774908 -2979
    5 16707.530587 -3267
    6 5145.883202 22605
    7 -1482.088694     0
    8 1183.633328 -2786
    9 -348.613347     9
   10 682.425373 10019
   11 3385.200656 16402
   12 -326.492363     2
   13 1671.361305 12882
   14 291.313368 25490
   15 2309.490157 10438
   16 20119.440068 23433
   17 -870.386441     5
   18 8982.693703 17080
   19 6179.621450 11863
   20 9019.905216 28698
   21 -165.684389     1
   22 172.893990  6611
   23 242.869404  5525
   24 -1224.382366     6
   25 -744.079296     8
   26 -376.456711     1
   27 24427.841680 25096
   28 -2445.325345     8
   29 -1072.956580     7
   30 1794.545068 -3202
   31 10848.667498 29956
   32 17220.745297 23649
   33 -1789.593132     5
   34 8374.837930 19086
   35 -1871.393544     1
   36 219.753467  5763
   37 7304.121142 19573
   38 8194.275059 27063
   39 -219.630208     7
   40 3681.869600 23419
   41 16951.461393 26823
   42 -2616.293527     2
   43 5006.018084 20275
   44 3697.358423 20882
   45 3643.024065 19868
   46 -115.803637     8
   47 -2017.661641     7
   48 -213.311100     1
   49 1160.173832  7208
   50 -377.059231     1
   51 -34.056625     2
   52 830.667475 24961
   53 11406.677944 25395
   54 19501.916657 31497
   55 -714.075035     1
   56 6493.498024 22654
   57 1300.350409  9613
   58 -2129.007314     3
   59 4469.622620 19985
   60 1608.188559  7593
   61 8818.844083 15343
   62 3300.176819 -2908
   63 -221.094057     6
   64 -541.377826     5
   65 780.701051  7104
   66 -1236.787984     3
   67 -2442.377982     0
   68 2124.989711 25634
   69 3128.815594 22064
   70 -788.677506     3
   71 8020.242028 26647
   72 19530.322172 30568
   73 -1709.897634     1
   74 21415.870454 23628
   75 509.700133  6257
   76 18810.226954 19979
   77 -789.062091     9
   78 9417.133158 18258
   79 1558.822202  7568
   80 13293.625935 27553
   81 9301.969001 17082
   82 -198.086213     2
   83 4337.327916 20949
   84 6252.382550 27106
   85 360.931962 18544
   86 157.440590 11255
   87 6225.411219 28714
   88 1895.358016 13149
   89 169.932084 -3029
   90 -1562.798234     4
   91 3031.753203 15842
   92 5583.485869 11271
   93 2513.644319 20863
   94 4449.691640 28772
   95 -1127.019894     5
   96 -361.702123     9
   97 -1301.788992     9
   98 9460.034578 26222
   99 1343.768290  6573
  100 10171.705928 27037
  101 838.486232  5828
  102 -1404.757903     9
  103 3321.214249 17746
  104 -816.748155     1
  105 158.688780  5314
  106 1730.905740 -3121
  107 1340.416254 28962
  108 -1275.480643     1
  109 15389.207717 28513
  110 1550.443518 17081
  111 2686.836034 -2851
  112 5571.371778 18467
  113 2521.592585 32528
  114 -635.742652     4
  115 -842.530531     9
  116 3643.999160 15984
  117 5756.386986 -3174
  118 -771.961195     8
  119 18688.634444 -2932
  120 1113.807434 -2959
  121 8179.887075 24028
  122 -2358.846059     1
  123 33606.437295 -2860
  124 3410.680712 27549
  125 10252.345517 -2858
  126 513.376436 -3047
  127 11022.905961 31634
  128 -489.446930     5
  129 3348.009409 13009
  130 -478.924689     9
  131 10998.545209 23283
  132 1614.022239 19384
  133 12695.236392 19765
  134 5717.878112 19456
  135 8883.768490 -3258
  136 1086.011880  6602
  137 2312.318323  9234
  138 14274.855968 18370
  139 1045.619735 11832
  140 11135.371630 28847
  141 988.806277 11524
  142 18775.837805 30512
  143 -201.019258     7
  144 210.752188 26094
  145 8200.639115 28238
  146 -138.409509     4
  147 6484.584611 28525
  148 -378.383147     4
  149 -351.034868     7
  150 91.921394  5294
  151 5849.491740 15172
  152 -746.445327     8
  153 11591.810468 26958
  154 19068.779927 -3076
  155 -728.699743     1
  156 8278.328016 24828
  157 -591.253190     7
  158 0.277834  5731
  159 -682.882061     1
  160 3568.385961 20722
  161 1362.334341  8195
  162 1513.829406  6887
  163 3074.217315  8101
  164 633.713493  7558
  165 -513.873107     9
  166 -879.442680     1
  167 3315.319741 12462
  168 -1117.559642     9
  169 451.209046  6250
  170 2774.604012 22861
  171 12098.993062 18695
  172 12276.010344 29490
  173 -252.414164     7
  174 -1250.824600     1
  175 -950.207002     8
  176 9611.227133 30213
  177 -1165.038643     9
  178 -715.229771     4
  179 13738.854511 16841
  180 8620.411787 31142
  181 857.032561  8905
  182 18250.867602 23518
  183 4308.926347 31181
  184 -3142.426457     0
  185 7824.193220 11201
  186 -421.663260     3
  187 -1900.770705     1
  188 2207.500643  8731
  189 -1390.563187     0
  190 278.968537  5594
  191 11244.342396 25258
  192 3272.011609 13869
  193 9804.005837 16140
  194 -1799.580717     1
  195 -645.452559     4
  196 22600.771537 -3187
  197 406.351042 12350
  198 29911.200419 29250
  199 -1135.976560     5
  200 571.749857 21020
  201 2971.437865 11709
  202 9326.955929 17541
  203 -400.496553     3
  204 -566.464756     5
  205 7205.626781 25824
  206 -913.050572     2
  207 1661.374015 15814
  208 3264.053026 25022
  209 -1929.813446     5
  210 75.953043  5251
  211 1024.039375  6080
  212 3902.938045 20517
  213 10426.669178 28377
  214 21518.208800 -3191
  215 -265.688940     5
  216 -1193.820319     7
  217 203.364846  6281
  218 59.810877 26838
  219 -1073.490671     3
  220 -837.256476     0
  221 5501.923223 17350
  222 3206.837608 14458
  223 -315.638736     5
  224 12605.084688 -3122
  225 26929.540958 26527
  226 7157.563498 20425
  227 657.450403 -3204
  228 16108.085618 29261
  229 2684.957348 17613
  230 2321.926339 -3214
  231 339.095321 30599
  232 1160.536791 27069
  233 178.205515  7552
  234 -575.898628     3
  235 989.425290  9764
  236 -86.456272     2
  237 6718.766810 16817
  238 13048.787245 -2897
  239 491.060994 13720
  240 -1676.973087     4
  241 232.160769  5876
  242 15060.279121 -3192
  243 3403.231185 26854
  244 8834.258534 24497
  245 -56.299691     1
  246 -717.419140     2
  247 15.667010  5546
  248 22560.869656 27208
  249 -196.027143     3
  250 917.989717 12189
  251 5199.166624 -2797
  252 2980.911316 10355
  253 17011.715698 -3109
  254 21.717849  5080
  255 15504.026764 -2848
  256 8972.541522 28594
  257 13778.653475 27728
  258 -331.742449     1
  259 9921.286235 17216
  260 168.768269  5214
  261 691.859367 24666
  262 -717.141244     7
  263 15.905286  5074
  264 -124.812829     0
  265 -129.466827     6
  266 4664.850932 21029
  267 13407.227577 21240
  268 7824.245505 32269
  269 942.302620 28404
  270 -2892.384466     7
  271 2629.088219  8066
  272 14002.220546 -3250
  273 1372.650309  8236
  274 4189.239351 13977
  275 -465.860109     2
  276 7339.260973 30687
  277 14842.111523 31575
  278 1858.194926 28229
  279 5068.069547 -2983
  280 -1745.065536     2
  281 9741.435067 28859
  282 2142.566221 11530
  283 -1357.920842     7
  284 3624.549840 15765
  285 6631.813826 20705
  286 4495.465589 29767
  287 8092.414224 19460
  288 19014.842827 22963
  289 17532.821222 21428
  290 -1159.646361     6
  291 8452.740322 31421
  292 11190.739802 26578
  293 7018.023481 15799
  294 1334.160615  8784
  295 -2046.461472     8
  296 -107.382558     2
  297 16900.362488 -3018
  298 13957.377149 23046
  299 2451.416672 19927
  300 1290.189610 24137
