300
    1 0.029110  5001
    2 1320.881366 21119
    3 15908.812087 27552
    4 12195.420115 -2979
    5 12843.020544 -3267
    6 6036.575334 22605
    7 -188.087522     0
    8 9914.103403 -2786
    9 -2040.144696     9
   10 4664.569016 10019
   11 9513.287247 16402
   12 -1423.009751     2
   13 2295.879534 12882
   14 1485.349396 25490
   15 735.241869 10438
   16 21418.317048 23433
   17 -363.620228     5
   18 9010.344898 17080
   19 8830.376940 11863
   20 24730.707089 28698
   21 -384.233157     1
   22 92.491252  6611
   23 105.504467  5525
   24 -1272.260274     6
   25 -369.366373     8
   26 -82.331309     1
   27 4662.835829 25096
   28 -2233.018819     8
   29 -47.342773     7
   30 8609.658502 -3202
   31 17816.316604 29956
   32 16209.216461 23649
   33 -1591.388549     5
   34 1701.237067 19086
   35 -4307.400236     1
   36 43.410043  5763
   37 389.033225 19573
   38 17650.919777 27063
   39 -1059.030403     7
   40 1606.680183 23419
   41 23203.431221 26823
   42 -949.739993     2
   43 2290.237703 20275
   44 1233.823794 20882
   45 7903.660806 19868
   46 -227.601643     8
   47 -504.672091     7
   48 -176.206061     1
   49 462.998913  7208
   50 -1046.948323     1
   51 -696.460046     2
   52 845.879954 24961
   53 6215.200938 25395
   54 4578.351770 31497
   55 -844.620239     1
   56 438.404079 22654
   57 608.971683  9613
   58 -360.568573     3
   59 5077.640200 19985
   60 2272.346120  7593
   61 4847.415210 15343
   62 95.822245 -2908
   63 -1873.013253     6
   64 -607.353561     5
   65 1479.451387  7104
   66 -1837.789483     3
   67 -1703.610445     0
   68 1560.966974 25634
   69 3622.408594 22064
   70 -214.914156     3
   71 13886.422966 26647
   72 10849.064466 30568
   73 -386.958624     1
   74 2749.638150 23628
   75 124.830321  6257
   76 1343.455911 19979
   77 -159.836084     9
   78 4551.871002 18258
   79 745.593626  7568
   80 14244.138262 27553
   81 453.185534 17082
   82 -544.588161     2
   83 6676.315608 20949
   84 1621.518399 27106
   85 2642.171381 18544
   86 406.363402 11255
   87 6976.165683 28714
   88 3610.240950 13149
   89 15839.399782 -3029
   90 -661.585337     4
   91 1274.441634 15842
   92 2773.921516 11271
   93 815.969746 20863
   94 3246.044415 28772
   95 -465.780355     5
   96 -240.993010     9
   97 -2858.217358     9
   98 8005.786385 26222
   99 1847.594877  6573
  100 15745.569699 27037
  101 114.746379  5828
  102 -308.377655     9
  103 5972.999763 17746
  104 -1861.913628     1
  105 140.276671  5314
  106 19526.089698 -3121
  107 993.442870 28962
  108 -737.524184     1
  109 839.801364 28513
  110 8546.746183 17081
  111 11315.184009 -2851
  112 4197.592299 18467
  113 32124.977654 32528
  114 -27.678690     4
  115 -470.722984     9
  116 2299.045912 15984
  117 10300.541424 -3174
  118 -900.702401     8
  119 20840.762346 -2932
  120 2934.665599 -2959
  121 4739.401166 24028
  122 -1754.961042     1
  123 2746.305248 -2860
  124 4912.903100 27549
  125 14808.691226 -2858
  126 24790.657718 -3047
  127 12764.425312 31634
  128 -619.073983     5
  129 6973.564936 13009
  130 -105.280958     9
  131 8382.521433 23283
  132 9123.647742 19384
  133 10444.784221 19765
  134 5800.610420 19456
  135 4408.025802 -3258
  136 662.459144  6602
  137 1903.197692  9234
  138 6551.726186 18370
  139 3473.477730 11832
  140 5627.384446 28847
  141 1595.780440 11524
  142 10336.665461 30512
  143 -1341.674516     7
  144 2795.101871 26094
  145 9502.518783 28238
  146 -1371.422503     4
  147 9813.922386 28525
  148 -1439.651228     4
  149 -1973.731408     7
  150 86.609192  5294
  151 3839.687598 15172
  152 -517.580127     8
  153 11127.338885 26958
  154 8038.892382 -3076
  155 -2356.324967     1
  156 12366.751837 24828
  157 -836.992656     7
  158 404.897022  5731
  159 -1451.220758     1
  160 5731.637201 20722
  161 517.036716  8195
  162 719.726088  6887
  163 1645.871070  8101
  164 2280.379305  7558
  165 -3353.521527     9
  166 -76.683028     1
  167 1659.436534 12462
  168 -582.263816     9
  169 307.781763  6250
  170 12657.960179 22861
  171 1008.245773 18695
  172 8388.224634 29490
  173 -1002.174132     7
  174 -1118.065948     1
  175 -1840.468399     8
  176 8766.354374 30213
  177 -2112.940940     9
  178 -509.783157     4
  179 4218.935537 16841
  180 4235.720141 31142
  181 3380.937460  8905
  182 7251.333278 23518
  183 9614.189086 31181
  184 -1133.366808     0
  185 966.251252 11201
  186 -1181.911127     3
  187 -1520.178271     1
  188 5095.989859  8731
  189 -228.347415     0
  190 292.190562  5594
  191 124.702747 25258
  192 6984.872601 13869
  193 10379.199558 16140
  194 -1591.646069     1
  195 -794.010824     4
  196 2742.527825 -3187
  197 1512.960862 12350
  198 8061.547034 29250
  199 -1865.570337     5
  200 11010.714579 21020
  201 760.742651 11709
  202 648.144383 17541
  203 -1592.074024     3
  204 -2400.451611     5
  205 5152.675939 25824
  206 -241.072151     2
  207 2371.177717 15814
  208 2797.357986 25022
  209 -568.661948     5
  210 22.348981  5251
  211 156.117318  6080
  212 7918.485279 20517
  213 11522.230944 28377
  214 17459.957801 -3191
  215 -114.894035     5
  216 -364.786546     7
  217 339.526486  6281
  218 11542.976146 26838
  219 -1496.381778     3
  220 -863.624110     0
  221 11543.107783 17350
  222 504.107145 14458
  223 -856.083693     5
  224 10353.172293 -3122
  225 3832.305753 26527
  226 4779.392647 20425
  227 21334.631535 -3204
  228 9985.025485 29261
  229 4617.562782 17613
  230 10088.797415 -3214
  231 2990.799766 30599
  232 6868.094365 27069
  233 1505.751144  7552
  234 -1117.128913     3
  235 1040.141962  9764
  236 -341.439210     2
  237 7585.703787 16817
  238 5802.091906 -2897
  239 3777.333921 13720
  240 -731.857021     4
  241 9.890830  5876
  242 9579.216956 -3192
  243 9769.594736 26854
  244 7260.870300 24497
  245 -826.017996     1
  246 -746.583460     2
  247 111.244016  5546
  248 28116.246658 27208
  249 -788.478617     3
  250 1797.668138 12189
  251 19628.814353 -2797
  252 4554.207038 10355
  253 2812.140518 -3109
  254 18.672386  5080
  255 6904.717804 -2848
  256 3204.635162 28594
  257 22868.833546 27728
  258 -113.610171     1
  259 7748.369801 17216
  260 171.442807  5214
  261 3362.089895 24666
  262 -699.417208     7
  263 83.213455  5074
  264 -875.599345     0
  265 -823.910853     6
  266 5012.108737 21029
  267 15061.022608 21240
  268 16261.493985 32269
  269 18236.711145 28404
  270 -2499.078101     7
  271 743.256946  8066
  272 15467.457228 -3250
  273 2875.695850  8236
  274 1627.084083 13977
  275 -608.862506     2
  276 2708.524830 30687
  277 3186.893291 31575
  278 12439.808856 28229
  279 8747.461388 -2983
  280 -36.019206     2
  281 3773.045411 28859
  282 627.540278 11530
  283 -1047.443546     7
  284 6833.188512 15765
  285 2319.548934 20705
  286 13171.386360 29767
  287 10738.315904 19460
  288 1894.953821 22963
  289 391.346082 21428
  290 -776.774725     6
  291 5376.794389 31421
  292 20649.605940 26578
  293 5280.599471 15799
  294 112.898911  8784
  295 -1974.134199     8
  296 -3535.318759     2
  297 15132.403323 -3018
  298 8658.713284 23046
  299 5438.135173 19927
  300 384.069186 24137
