300
    1 0.508074  5001
    2 5742.185129 21119
    3 17477.710921 27552
    4 9284.290025 -2979
    5 13120.753263 -3267
    6 4199.299871 22605
    7 -45.080306     0
    8 10234.608658 -2786
    9 -375.827660     9
   10 2840.145209 10019
   11 4898.089436 16402
   12 -978.001469     2
   13 1798.701499 12882
   14 5994.911979 25490
   15 558.792301 10438
   16 964.884277 23433
   17 -613.785764     5
   18 2521.575291 17080
   19 3142.326828 11863
   20 4517.763807 28698
   21 -870.553315     1
   22 107.135371  6611
   23 469.313773  5525
   24 -192.840343     6
   25 -791.541606     8
   26 -3753.062164     1
   27 1503.740226 25096
   28 -302.044127     8
   29 -2581.036229     7
   30 123.580184 -3202
   31 15504.066382 29956
   32 7040.381220 23649
   33 -331.868184     5
   34 10559.000614 19086
   35 -848.477815     1
   36 171.650658  5763
   37 9744.118751 19573
   38 5351.068917 27063
   39 -1207.939597     7
   40 1403.060889 23419
   41 3182.357193 26823
   42 -940.779218     2
   43 4701.485545 20275
   44 8348.508810 20882
   45 8971.316730 19868
   46 -121.380650     8
   47 -340.757491     7
   48 -805.855637     1
   49 1325.447138  7208
   50 -648.519206     1
   51 -273.282740     2
   52 17439.018174 24961
   53 5862.713819 25395
   54 6860.535174 31497
   55 -1226.387646     1
   56 2658.119281 22654
   57 393.979884  9613
   58 -945.806383     3
   59 14402.580079 19985
   60 161.547198  7593
   61 101.402494 15343
   62 10050.451998 -2908
   63 -863.090554     6
   64 -2631.218211     5
   65 1561.636122  7104
   66 -2032.001887     3
   67 -679.760344     0
   68 7883.248017 25634
   69 624.255781 22064
   70 -1500.973399     3
   71 11039.254809 26647
   72 14024.947105 30568
   73 -1437.954260     1
   74 13720.192953 23628
   75 125.332783  6257
   76 5473.868593 19979
   77 -747.509067     9
   78 704.400074 18258
   79 1621.998508  7568
   80 1522.098022 27553
   81 1810.850609 17082
   82 -40.794685     2
   83 6489.310572 20949
   84 2006.774825 27106
   85 3393.987104 18544
   86 2561.229637 11255
   87 24.311327 28714
   88 6346.376417 13149
   89 19498.679114 -3029
   90 -1127.233519     4
   91 3526.155856 15842
   92 707.544245 11271
   93 8771.061736 20863
   94 21272.684316 28772
   95 -350.209530     5
   96 -1220.958829     9
   97 -2586.736638     9
   98 23974.385915 26222
   99 244.284317  6573
  100 5196.797915 27037
  101 193.640873  5828
  102 -2256.616396     9
  103 4998.458177 17746
  104 -1916.311705     1
  105 10.073972  5314
  106 23204.786704 -3121
  107 7942.318530 28962
  108 -1185.856317     1
  109 6839.775295 28513
  110 1158.276534 17081
  111 17254.022515 -2851
  112 1514.618532 18467
  113 50546.297807 32528
  114 -1974.990303     4
  115 -2478.041521     9
  116 10413.849320 15984
  117 19412.311594 -3174
  118 -666.100390     8
  119 14141.232459 -2932
  120 3608.601721 -2959
  121 9702.991816 24028
  122 -676.402883     1
  123 3951.738907 -2860
  124 2453.425245 27549
  125 10610.139203 -2858
  126 11204.970984 -3047
  127 5982.429609 31634
  128 -1808.691121     5
  129 352.514001 13009
  130 -1394.153626     9
  131 3918.746736 23283
  132 12353.104979 19384
  133 13430.561138 19765
  134 1891.330383 19456
  135 33670.166383 -3258
  136 838.668680  6602
  137 1008.540705  9234
  138 4584.641270 18370
  139 2793.642415 11832
  140 12684.906309 28847
  141 7536.701661 11524
  142 1203.511321 30512
  143 -851.281957     7
  144 7412.753249 26094
  145 920.733946 28238
  146 -1055.392176     4
  147 7169.106086 28525
  148 -16.833175     4
  149 -402.233680     7
  150 162.611658  5294
  151 2117.528975 15172
  152 -611.202877     8
  153 16471.826991 26958
  154 27657.290855 -3076
  155 -451.891883     1
  156 7317.010831 24828
  157 -1620.575206     7
  158 289.325159  5731
  159 -2000.201064     1
  160 1352.715423 20722
  161 152.474871  8195
  162 81.988953  6887
  163 432.407237  8101
  164 1583.935968  7558
  165 -121.812465     9
  166 -6.943862     1
  167 2233.270824 12462
  168 -112.255062     9
  169 18.883713  6250
  170 10080.829607 22861
  171 15230.974371 18695
  172 5339.901156 29490
  173 -399.201057     7
  174 -2286.770942     1
  175 -115.348695     8
  176 3142.690220 30213
  177 -764.506561     9
  178 -734.421245     4
  179 10264.736460 16841
  180 7084.813235 31142
  181 222.543941  8905
  182 1583.739538 23518
  183 9432.876542 31181
  184 -1874.932292     0
  185 5421.548360 11201
  186 -151.804937     3
  187 -1408.631132     1
  188 758.108177  8731
  189 -997.745388     0
  190 464.727799  5594
  191 315.035576 25258
  192 232.164883 13869
  193 1969.543418 16140
  194 -1820.591641     1
  195 -146.585532     4
  196 596.718134 -3187
  197 574.539594 12350
  198 7319.582496 29250
  199 -481.999538     5
  200 3028.312623 21020
  201 173.405938 11709
  202 6913.791996 17541
  203 -177.274207     3
  204 -1501.221630     5
  205 851.754561 25824
  206 -2039.036087     2
  207 5121.320999 15814
  208 4941.796601 25022
  209 -453.444590     5
  210 60.456532  5251
  211 676.551014  6080
  212 16798.723463 20517
  213 10078.460125 28377
  214 7120.586690 -3191
  215 -2489.092953     5
  216 -865.190597     7
  217 1221.953457  6281
  218 13667.801602 26838
  219 -3.386423     3
  220 -1705.739195     0
  221 1785.540619 17350
  222 4731.411252 14458
  223 -570.140553     5
  224 14682.384959 -3122
  225 4990.157413 26527
  226 896.984508 20425
  227 2461.724115 -3204
  228 9614.814098 29261
  229 1143.643469 17613
  230 7059.975838 -3214
  231 12587.814702 30599
  232 10590.118717 27069
  233 2175.494547  7552
  234 -2679.633270     3
  235 3610.307290  9764
  236 -645.315515     2
  237 4497.282044 16817
  238 10949.380172 -2897
  239 8741.569341 13720
  240 -1859.382874     4
  241 525.458677  5876
  242 9260.089633 -3192
  243 11844.798113 26854
  244 12279.103366 24497
  245 -1467.314687     1
  246 -441.646150     2
  247 132.660273  5546
  248 4940.663340 27208
  249 -304.479246     3
  250 3846.570305 12189
  251 28247.764601 -2797
  252 2265.055601 10355
  253 8942.984741 -3109
  254 55.582608  5080
  255 8533.662954 -2848
  256 1454.208399 28594
  257 9920.589237 27728
  258 -456.982775     1
  259 3125.017364 17216
  260 141.959776  5214
  261 278.430533 24666
  262 -765.826256     7
  263 16.508034  5074
  264 -242.377885     0
  265 -15.150184     6
  266 10429.758823 21029
  267 15700.791484 21240
  268 12533.334133 32269
  269 25344.772506 28404
  270 -2193.285693     7
  271 1770.618931  8066
  272 12307.534097 -3250
  273 3683.503030  8236
  274 1757.098978 13977
  275 -91.381595     2
  276 21794.810072 30687
  277 12959.756762 31575
  278 2469.858502 28229
  279 27606.755357 -2983
  280 -724.070566     2
  281 11450.874330 28859
  282 2677.393191 11530
  283 -629.459828     7
  284 1388.003071 15765
  285 2334.439469 20705
  286 5564.863965 29767
  287 3299.661380 19460
  288 8146.250393 22963
  289 11507.266044 21428
  290 -737.417496     6
  291 17178.057963 31421
  292 11109.041161 26578
  293 1568.937569 15799
  294 979.422609  8784
  295 -16.014538     8
  296 -37.833443     2
  297 11605.944919 -3018
  298 3796.352530 23046
  299 10213.006481 19927
  300 9562.400535 24137
