300
    1 0.617592  5001
    2 6911.578368 21119
    3 10992.123686 27552
    4 23694.528020 -2979
    5 2411.133962 -3267
    6 12576.845891 22605
    7 -303.594695     0
    8 5673.511265 -2786
    9 -2276.762091     9
   10 3375.005438 10019
   11 8039.713351 16402
   12 -648.380438     2
   13 1475.701958 12882
   14 3473.859213 25490
   15 2892.392577 10438
   16 2277.897343 23433
   17 -2043.825015     5
   18 7108.886519 17080
   19 838.226794 11863
   20 13651.068465 28698
   21 -382.608006     1
   22 211.810273  6611
   23 86.600715  5525
   24 -852.197140     6
   25 -613.440225     8
   26 -200.809257     1
   27 7588.499938 25096
   28 -34.204600     8
   29 -1803.760766     7
   30 34800.953309 -3202
   31 17482.316730 29956
   32 10488.360354 23649
   33 -949.024952     5
   34 2546.214323 19086
   35 -704.858257     1
   36 92.476375  5763
   37 3747.786479 19573
   38 9518.529549 27063
   39 -15.127290     7
   40 8434.346955 23419
   41 11722.270515 26823
   42 -815.888948     2
   43 559.038637 20275
   44 3607.096693 20882
   45 12629.969566 19868
   46 -1467.127677     8
   47 -932.018631     7
   48 -694.345123     1
   49 699.179935  7208
   50 -264.598244     1
   51 -31.542743     2
   52 5181.450657 24961
   53 608.111256 25395
   54 2061.255870 31497
   55 -2583.942766     1
   56 12847.651008 22654
   57 172.429903  9613
   58 -1291.811884     3
   59 5594.732993 19985
   60 1333.495147  7593
   61 610.857916 15343
   62 13151.211633 -2908
   63 -393.623238     6
   64 -693.366470     5
   65 787.494060  7104
   66 -137.930701     3
   67 -2104.723295     0
   68 16848.812278 25634
   69 1289.017846 22064
   70 -438.136210     3
   71 2318.846312 26647
   72 9333.196079 30568
   73 -1233.879047     1
   74 7372.192312 23628
   75 467.559724  6257
   76 3389.589477 19979
   77 -849.782584     9
   78 6491.818853 18258
   79 1950.755019  7568
   80 16633.582608 27553
   81 8398.365507 17082
   82 -406.471334     2
   83 11457.554821 20949
   84 935.224222 27106
   85 4565.348512 18544
   86 2826.052780 11255
   87 19208.824484 28714
   88 7566.592069 13149
   89 9101.820306 -3029
   90 -2246.546115     4
   91 3621.258380 15842
   92 1259.025097 11271
   93 762.318378 20863
   94 12622.514623 28772
   95 -9.116792     5
   96 -47.745184     9
   97 -228.690846     9
   98 6088.531383 26222
   99 405.755174  6573
  100 19820.048468 27037
  101 60.047703  5828
  102 -1615.149914     9
  103 5369.471766 17746
  104 -1290.636073     1
  105 416.631775  5314
  106 21290.581531 -3121
  107 12934.490127 28962
  108 -491.448637     1
  109 20541.214776 28513
  110 1683.957605 17081
  111 21045.286416 -2851
  112 13229.064260 18467
  113 11615.844224 32528
  114 -472.220500     4
  115 -687.745929     9
  116 2282.112447 15984
  117 4320.929461 -3174
  118 -156.199831     8
  119 5816.902791 -2932
  120 8029.458948 -2959
  121 12150.295560 24028
  122 -80.853383     1
  123 17501.207914 -2860
  124 2077.020570 27549
  125 33046.228686 -2858
  126 16942.260819 -3047
  127 10563.055035 31634
  128 -314.104318     5
  129 2163.658162 13009
  130 -436.928464     9
  131 964.122641 23283
  132 12140.664644 19384
  133 4207.813090 19765
  134 5930.500135 19456
  135 2472.569351 -3258
  136 766.218079  6602
  137 843.949867  9234
  138 20897.770840 18370
  139 1092.481342 11832
  140 7433.919643 28847
  141 1083.895770 11524
  142 15322.145321 30512
  143 -829.015609     7
  144 14557.886599 26094
  145 3983.286697 28238
  146 -661.820226     4
  147 26476.957296 28525
  148 -864.853683     4
  149 -59.265433     7
  150 37.434485  5294
  151 8800.364078 15172
  152 -1130.022577     8
  153 2531.523644 26958
  154 32218.478262 -3076
  155 -1136.231781     1
  156 7452.477880 24828
  157 -587.292768     7
  158 619.890386  5731
  159 -973.699034     1
  160 3250.767985 20722
  161 386.862494  8195
  162 629.874371  6887
  163 3073.401364  8101
  164 1994.278973  7558
  165 -2178.652305     9
  166 -2356.994923     1
  167 2551.563625 12462
  168 -1070.627242     9
  169 446.003843  6250
  170 2451.290046 22861
  171 2165.750933 18695
  172 23389.206004 29490
  173 -436.790069     7
  174 -1715.364241     1
  175 -79.555044     8
  176 2763.934664 30213
  177 -945.387993     9
  178 -1154.694665     4
  179 1860.730908 16841
  180 2626.221841 31142
  181 1864.200784  8905
  182 7573.657018 23518
  183 16206.390624 31181
  184 -467.201328     0
  185 3205.617829 11201
  186 -362.293738     3
  187 -929.445522     1
  188 445.565083  8731
  189 -1939.666808     0
  190 91.074428  5594
  191 9550.296932 25258
  192 6583.938249 13869
  193 3545.488022 16140
  194 -3189.925836     1
  195 -2007.922336     4
  196 18074.588931 -3187
  197 1742.655150 12350
  198 14508.580168 29250
  199 -1345.163002     5
  200 1329.425653 21020
  201 3035.315297 11709
  202 171.540682 17541
  203 -535.544202     3
  204 -1334.560426     5
  205 6635.304775 25824
  206 -392.838273     2
  207 2955.263857 15814
  208 14094.866791 25022
  209 -578.424467     5
  210 57.668703  5251
  211 20.395091  6080
  212 7442.952719 20517
  213 20721.384279 28377
  214 3918.390128 -3191
  215 -44.335810     5
  216 -1533.034669     7
  217 1135.166259  6281
  218 11853.234153 26838
  219 -2687.527275     3
  220 -1119.902857     0
  221 1015.274073 17350
  222 2102.332945 14458
  223 -891.933823     5
  224 31711.526096 -3122
  225 4361.825944 26527
  226 2172.234756 20425
  227 5363.932506 -3204
  228 4814.579070 29261
  229 8339.997895 17613
  230 6602.836944 -3214
  231 39.846813 30599
  232 6059.333359 27069
  233 1832.449259  7552
  234 -228.859462     3
  235 3813.952406  9764
  236 -1416.818190     2
  237 71.703819 16817
  238 1076.330811 -2897
  239 3168.017822 13720
  240 -1454.106325     4
  241 87.001386  5876
  242 20891.939184 -3192
  243 14180.959575 26854
  244 7384.950006 24497
  245 -1141.527958     1
  246 -3672.824183     2
  247 189.886055  5546
  248 29526.069967 27208
  249 -1179.722438     3
  250 2291.253228 12189
  251 9146.576409 -2797
  252 4662.763070 10355
  253 9934.415225 -3109
  254 49.504529  5080
  255 22018.310154 -2848
  256 4145.277988 28594
  257 2255.592999 27728
  258 -1686.930028     1
  259 12660.284250 17216
  260 102.986800  5214
  261 3367.921725 24666
  262 -807.198364     7
  263 18.816242  5074
  264 -1869.996675     0
  265 -451.352046     6
  266 12076.429889 21029
  267 13241.136290 21240
  268 12918.601689 32269
  269 4722.684951 28404
  270 -628.188556     7
  271 354.986053  8066
  272 13818.968741 -3250
  273 1854.235741  8236
  274 4765.012046 13977
  275 -99.031560     2
  276 21251.944762 30687
  277 15144.970563 31575
  278 11338.234720 28229
  279 9781.689782 -2983
  280 -521.975114     2
  281 25018.305034 28859
  282 2707.203936 11530
  283 -1786.005229     7
  284 4308.151747 15765
  285 4132.603471 20705
  286 7319.153388 29767
  287 5182.384570 19460
  288 13131.496343 22963
  289 2820.402678 21428
  290 -899.239112     6
  291 28265.316931 31421
  292 10999.925678 26578
  293 8144.793784 15799
  294 809.609661  8784
  295 -1702.232047     8
  296 -1467.900412     2
  297 20733.135288 -3018
  298 3326.417950 23046
  299 1348.120331 19927
  300 7226.063913 24137
