300
    1 0.191544  5001
    2 4686.677310 21119
    3 1213.656185 27552
    4 30660.054449 -2979
    5 1722.857227 -3267
    6 14760.944250 22605
    7 -750.984872     0
    8 33202.876062 -2786
    9 -454.363802     9
   10 3083.499137 10019
   11 2825.045953 16402
   12 -1103.616190     2
   13 2259.011586 12882
   14 7465.231833 25490
   15 3530.874690 10438
   16 1959.169393 23433
   17 -1218.355741     5
   18 5196.486861 17080
   19 3849.378782 11863
   20 6027.209003 28698
   21 -1881.242952     1
   22 504.296528  6611
   23 201.936208  5525
   24 -691.141848     6
   25 -201.799492     8
   26 -982.201692     1
   27 11820.838589 25096
   28 -920.480499     8
   29 -671.274649     7
   30 4878.610172 -3202
   31 27057.674983 29956
   32 13475.798156 23649
   33 -1206.982906     5
   34 3309.551318 19086
   35 -1487.262878     1
   36 682.254823  5763
   37 8469.196184 19573
   38 2965.268153 27063
   39 -358.928937     7
   40 1413.890971 23419
   41 6240.213931 26823
   42 -3626.299374     2
   43 7566.309227 20275
   44 3838.674951 20882
   45 15525.441750 19868
   46 -1151.458981     8
   47 -1637.170063     7
   48 -516.711872     1
   49 586.774586  7208
   50 -1844.022271     1
   51 -300.876991     2
   52 19817.246395 24961
   53 7193.652860 25395
   54 2897.155153 31497
   55 -125.673298     1
   56 12995.015380 22654
   57 187.790630  9613
   58 -789.144173     3
   59 1095.892304 19985
   60 3248.607843  7593
   61 1168.525593 15343
   62 2091.207177 -2908
   63 -126.340753     6
   64 -2.391239     5
   65 585.939101  7104
   66 -197.261943     3
   67 -312.556001     0
   68 5316.321242 25634
   69 5392.130295 22064
   70 -324.598519     3
   71 7731.886641 26647
   72 4636.975337 30568
   73 -20.647441     1
   74 6201.302270 23628
   75 123.124468  6257
   76 5377.281018 19979
   77 -999.836533     9
   78 3721.452392 18258
   79 103.013257  7568
   80 4073.922755 27553
   81 9059.764020 17082
   82 -1007.331861     2
   83 7515.959448 20949
   84 8535.514374 27106
   85 14342.536497 18544
   86 853.581698 11255
   87 13486.500123 28714
   88 2894.604334 13149
   89 16968.099947 -3029
   90 -410.077665     4
   91 733.486971 15842
   92 7.798874 11271
   93 7937.748291 20863
   94 11876.855189 28772
   95 -454.916921     5
   96 -278.872831     9
   97 -2033.621126     9
   98 5381.795974 26222
   99 533.344371  6573
  100 5284.333263 27037
  101 536.171649  5828
  102 -1334.541716     9
  103 6455.922922 17746
  104 -686.787261     1
  105 121.202767  5314
  106 23778.806266 -3121
  107 1044.732606 28962
  108 -314.907591     1
  109 4899.678003 28513
  110 7440.249759 17081
  111 2124.904062 -2851
  112 8230.802840 18467
  113 5526.132955 32528
  114 -1482.906956     4
  115 -2113.157192     9
  116 4615.978672 15984
  117 15496.923163 -3174
  118 -70.022809     8
  119 8691.734122 -2932
  120 2525.074653 -2959
  121 552.731077 24028
  122 -2436.121044     1
  123 2123.390203 -2860
  124 8213.648001 27549
  125 20161.310760 -2858
  126 9989.616777 -3047
  127 9376.756185 31634
  128 -2333.708563     5
  129 254.504020 13009
  130 -179.256856     9
  131 4435.920006 23283
  132 12485.394794 19384
  133 6684.799015 19765
  134 2288.226161 19456
  135 7432.336649 -3258
  136 101.315483  6602
  137 970.698357  9234
  138 2067.200305 18370
  139 935.621864 11832
  140 7188.361410 28847
  141 2544.259359 11524
  142 3792.944463 30512
  143 -796.597201     7
  144 10941.025119 26094
  145 504.034007 28238
  146 -17.882545     4
  147 12579.633868 28525
  148 -1235.557086     4
  149 -1318.457944     7
  150 99.961458  5294
  151 9062.489457 15172
  152 -1440.668783     8
  153 9515.631830 26958
  154 11094.574289 -3076
  155 -242.811670     1
  156 2717.689180 24828
  157 -373.524690     7
  158 147.114435  5731
  159 -755.732911     1
  160 7253.431042 20722
  161 909.878652  8195
  162 198.947109  6887
  163 766.785139  8101
  164 755.515420  7558
  165 -551.748924     9
  166 -557.399452     1
  167 5992.747765 12462
  168 -478.183436     9
  169 594.612638  6250
  170 10756.414255 22861
  171 1256.177195 18695
  172 8225.244001 29490
  173 -500.383589     7
  174 -910.252428     1
  175 -2393.541693     8
  176 2114.937265 30213
  177 -574.668792     9
  178 -1373.742649     4
  179 2814.926132 16841
  180 14122.282290 31142
  181 111.268258  8905
  182 3175.582065 23518
  183 443.824068 31181
  184 -1697.637219     0
  185 3007.067125 11201
  186 -59.819420     3
  187 -1061.081028     1
  188 2085.899325  8731
  189 -752.914308     0
  190 578.961536  5594
  191 2401.840601 25258
  192 8516.388421 13869
  193 2735.208574 16140
  194 -113.200049     1
  195 -348.031478     4
  196 2597.164666 -3187
  197 1564.431783 12350
  198 418.515840 29250
  199 -1333.562537     5
  200 1755.739942 21020
  201 2040.225037 11709
  202 2967.244090 17541
  203 -1107.337414     3
  204 -6.139144     5
  205 9801.039999 25824
  206 -503.882555     2
  207 3649.587399 15814
  208 6674.628241 25022
  209 -160.015583     5
  210 47.745819  5251
  211 289.713231  6080
  212 13071.658933 20517
  213 23847.059975 28377
  214 12969.951493 -3191
  215 -2105.739622     5
  216 -403.505116     7
  217 549.020520  6281
  218 8321.474813 26838
  219 -530.359717     3
  220 -1044.549527     0
  221 13689.085270 17350
  222 5049.406576 14458
  223 -631.264857     5
  224 15823.234040 -3122
  225 10329.440709 26527
  226 1158.499813 20425
  227 1253.461947 -3204
  228 10549.897800 29261
  229 944.356956 17613
  230 23726.511124 -3214
  231 8134.249315 30599
  232 307.603086 27069
  233 376.800858  7552
  234 -3559.524099     3
  235 1354.920195  9764
  236 -133.196809     2
  237 4888.203699 16817
  238 52399.864084 -2897
  239 3201.197694 13720
  240 -2376.285122     4
  241 642.834191  5876
  242 4179.193607 -3192
  243 3140.438673 26854
  244 7937.080249 24497
  245 -802.482212     1
  246 -2225.171573     2
  247 641.728394  5546
  248 17567.236157 27208
  249 -262.990604     3
  250 3086.518099 12189
  251 12990.926943 -2797
  252 1599.769006 10355
  253 35685.519152 -3109
  254 4.171142  5080
  255 7594.986922 -2848
  256 10626.136448 28594
  257 12358.174189 27728
  258 -1327.734572     1
  259 796.281104 17216
  260 36.400767  5214
  261 10384.311410 24666
  262 -892.873261     7
  263 6.621807  5074
  264 -650.544881     0
  265 -252.339953     6
  266 3650.178677 21029
  267 7483.714863 21240
  268 5961.922079 32269
  269 9068.258675 28404
  270 -1245.766601     7
  271 569.571962  8066
  272 6570.694107 -3250
  273 2366.546916  8236
  274 3813.597629 13977
  275 -2389.389671     2
  276 1948.088976 30687
  277 4632.485633 31575
  278 3746.554246 28229
  279 1153.061557 -2983
  280 -119.472041     2
  281 2550.791456 28859
  282 1832.562114 11530
  283 -665.711658     7
  284 4222.011065 15765
  285 106.457636 20705
  286 8105.068576 29767
  287 10452.274837 19460
  288 14103.439994 22963
  289 11054.275059 21428
  290 -1370.047859     6
  291 23881.810172 31421
  292 7487.229819 26578
  293 3188.330854 15799
  294 3832.559004  8784
  295 -599.745093     8
  296 -271.946957     2
  297 30250.215803 -3018
  298 16393.368960 23046
  299 2501.620009 19927
  300 8464.485075 24137
