300
    1 0.406172  5001
    2 6714.660799 21119
    3 5229.150326 27552
    4 15717.074084 -2979
    5 5446.367515 -3267
    6 20191.734207 22605
    7 -398.154003     0
    8 11459.226406 -2786
    9 -594.544710     9
   10 961.468276 10019
   11 2622.322392 16402
   12 -1033.597648     2
   13 2019.080067 12882
   14 10703.833777 25490
   15 1639.675491 10438
   16 2339.951517 23433
   17 -1004.365369     5
   18 2258.821573 17080
   19 1741.208700 11863
   20 3331.939487 28698
   21 -1630.644587     1
   22 112.587960  6611
   23 79.919791  5525
   24 -2067.271642     6
   25 -891.503960     8
   26 -652.593645     1
   27 1825.304656 25096
   28 -1615.901081     8
   29 -312.185401     7
   30 17279.344036 -3202
   31 3188.225986 29956
   32 7497.713776 23649
   33 -1205.830792     5
   34 645.813445 19086
   35 -1150.653100     1
   36 156.198793  5763
   37 14260.833248 19573
   38 19335.158688 27063
   39 -420.367191     7
   40 2243.662834 23419
   41 5543.156626 26823
   42 -317.262962     2
   43 1633.940331 20275
   44 4707.803186 20882
   45 8747.480235 19868
   46 -1026.587144     8
   47 -1516.880266     7
   48 -130.805178     1
   49 1538.237540  7208
   50 -1601.549115     1
   51 -483.783237     2
   52 12746.343908 24961
   53 25984.440263 25395
   54 1330.693616 31497
   55 -359.888702     1
   56 706.249409 22654
   57 2075.214107  9613
   58 -294.548359     3
   59 13868.265303 19985
   60 2775.537003  7593
   61 981.501742 15343
   62 29536.178720 -2908
   63 -95.692735     6
   64 -1115.057306     5
   65 34.444888  7104
   66 -965.246323     3
   67 -317.019102     0
   68 12566.064522 25634
   69 53.056256 22064
   70 -350.567435     3
   71 2969.929620 26647
   72 1802.843510 30568
   73 -434.333235     1
   74 11229.815044 23628
   75 124.477358  6257
   76 7243.679807 19979
   77 -59.960373     9
   78 5343.080150 18258
   79 16.032038  7568
   80 798.867338 27553
   81 470.896035 17082
   82 -1155.219238     2
   83 1619.813717 20949
   84 9538.505534 27106
   85 270.188206 18544
   86 2046.440265 11255
   87 5578.606571 28714
   88 5360.947087 13149
   89 864.035771 -3029
   90 -900.301581     4
   91 3862.212118 15842
   92 1086.906837 11271
   93 2533.958792 20863
   94 1399.260894 28772
   95 -897.914253     5
   96 -170.485038     9
   97 -638.345914     9
   98 17748.699904 26222
   99 34.320427  6573
  100 9509.354070 27037
  101 251.017446  5828
  102 -192.065607     9
  103 5279.046980 17746
  104 -1992.404151     1
  105 4.643381  5314
  106 2864.507763 -3121
  107 14159.137546 28962
  108 -2735.499899     1
  109 14299.301045 28513
  110 5311.467870 17081
  111 23584.631076 -2851
  112 7170.581748 18467
  113 6766.049838 32528
  114 -2127.738151     4
  115 -520.535571     9
  116 251.663589 15984
  117 14592.276142 -3174
  118 -2587.642638     8
  119 3416.416555 -2932
  120 7812.264191 -2959
  121 28958.529959 24028
  122 -1423.578867     1
  123 1835.761740 -2860
  124 13121.553796 27549
  125 8219.248793 -2858
  126 34980.106812 -3047
  127 32132.821820 31634
  128 -1017.835650     5
  129 649.708822 13009
  130 -1399.836157     9
  131 7270.360652 23283
  132 988.616951 19384
  133 616.512930 19765
  134 15202.677551 19456
  135 4460.457671 -3258
  136 1029.352930  6602
  137 1607.830518  9234
  138 1857.967628 18370
  139 1169.229297 11832
  140 1953.253748 28847
  141 974.613528 11524
  142 369.261246 30512
  143 -571.835837     7
  144 865.464711 26094
  145 7970.227751 28238
  146 -1279.802452     4
  147 33013.747211 28525
  148 -845.924640     4
  149 -1354.101641     7
  150 229.177989  5294
  151 447.216627 15172
  152 -1476.289057     8
  153 25667.394012 26958
  154 9991.410067 -3076
  155 -1627.535797     1
  156 4564.886405 24828
  157 -205.605147     7
  158 263.389457  5731
  159 -91.018958     1
  160 9921.458129 20722
  161 567.984307  8195
  162 1172.671518  6887
  163 3267.546479  8101
  164 500.598329  7558
  165 -592.884364     9
  166 -2208.459639     1
  167 1751.208043 12462
  168 -159.405233     9
  169 448.038884  6250
  170 1454.341489 22861
  171 5065.021731 18695
  172 15862.283011 29490
  173 -818.120309     7
  174 -1024.074830     1
  175 -645.995775     8
  176 8467.278050 30213
  177 -455.214465     9
  178 -328.056835     4
  179 13154.050630 16841
  180 2872.823597 31142
  181 1604.341454  8905
  182 11921.179852 23518
  183 1446.399091 31181
  184 -646.421193     0
  185 10215.720864 11201
  186 -232.726874     3
  187 -49.698644     1
  188 2287.791971  8731
  189 -2186.194424     0
  190 597.943058  5594
  191 14338.026212 25258
  192 579.368097 13869
  193 14204.938622 16140
  194 -1616.895338     1
  195 -249.933016     4
  196 1672.451665 -3187
  197 1173.334494 12350
  198 17847.690112 29250
  199 -3950.677105     5
  200 21596.658894 21020
  201 635.505244 11709
  202 7881.587842 17541
  203 -716.788317     3
  204 -3943.751802     5
  205 727.870321 25824
  206 -809.996674     2
  207 9508.309047 15814
  208 1031.603565 25022
  209 -2292.381685     5
  210 291.222696  5251
  211 1018.444306  6080
  212 3506.828230 20517
  213 29251.920642 28377
  214 3370.678651 -3191
  215 -1423.452975     5
  216 -603.380559     7
  217 545.158013  6281
  218 10311.556536 26838
  219 -838.566359     3
  220 -859.873526     0
  221 3179.981509 17350
  222 5331.124031 14458
  223 -591.638409     5
  224 12868.462443 -3122
  225 20912.868340 26527
  226 7089.850765 20425
  227 23610.546935 -3204
  228 8326.575113 29261
  229 4895.769594 17613
  230 13066.655885 -3214
  231 24197.347627 30599
  232 2864.279011 27069
  233 454.464467  7552
  234 -782.146775     3
  235 988.751467  9764
  236 -639.643684     2
  237 4531.550789 16817
  238 2736.767131 -2897
  239 3431.944701 13720
  240 -1446.937062     4
  241 653.520664  5876
  242 7804.986231 -3192
  243 11440.861122 26854
  244 4686.733512 24497
  245 -594.558176     1
  246 -1166.695074     2
  247 509.663034  5546
  248 5137.432389 27208
  249 -582.854132     3
  250 2911.101581 12189
  251 6246.632128 -2797
  252 1229.045839 10355
  253 20537.711947 -3109
  254 17.405096  5080
  255 14485.971642 -2848
  256 11968.372533 28594
  257 20819.127899 27728
  258 -306.822738     1
  259 2339.050615 17216
  260 70.371780  5214
  261 11828.920708 24666
  262 -552.330184     7
  263 65.246128  5074
  264 -208.681377     0
  265 -854.824690     6
  266 8545.061792 21029
  267 12541.729737 21240
  268 7934.182208 32269
  269 5358.167613 28404
  270 -1087.273369     7
  271 974.809835  8066
  272 11007.690262 -3250
  273 2112.562252  8236
  274 819.597097 13977
  275 -1689.114521     2
  276 10985.079928 30687
  277 6137.543895 31575
  278 9837.328855 28229
  279 22638.974171 -2983
  280 -498.439405     2
  281 8480.013399 28859
  282 1999.593653 11530
  283 -1919.575686     7
  284 1084.942034 15765
  285 9482.243198 20705
  286 7075.197108 29767
  287 9100.634892 19460
  288 5424.134595 22963
  289 15152.445936 21428
  290 -212.001399     6
  291 11786.688708 31421
  292 10971.127896 26578
  293 7474.754704 15799
  294 843.675364  8784
  295 -1736.666297     8
  296 -333.375988     2
  297 16353.495895 -3018
  298 8306.793408 23046
  299 7485.258999 19927
  300 6359.165297 24137
