300
    1 0.183737  5001
    2 6877.660937 21119
    3 723.761739 27552
    4 11175.614656 -2979
    5 9229.202602 -3267
    6 1106.533849 22605
    7 -46.421116     0
    8 25885.090112 -2786
    9 -239.277665     9
   10 2429.334122 10019
   11 607.822714 16402
   12 -431.916889     2
   13 62.838493 12882
   14 2701.761198 25490
   15 5320.838932 10438
   16 9696.025850 23433
   17 -2198.938322     5
   18 6686.297680 17080
   19 1523.678959 11863
   20 13540.659061 28698
   21 -2442.873673     1
   22 199.404326  6611
   23 96.170976  5525
   24 -604.981630     6
   25 -320.629616     8
   26 -1060.464601     1
   27 16449.867952 25096
   28 -189.224447     8
   29 -1653.266689     7
   30 7820.352712 -3202
   31 18142.424828 29956
   32 4729.101423 23649
   33 -1028.238166     5
   34 1725.123383 19086
   35 -1394.275570     1
   36 546.679415  5763
   37 2731.788169 19573
   38 905.882596 27063
   39 -511.734136     7
   40 4913.347227 23419
   41 347.897857 26823
   42 -29.852321     2
   43 7775.282781 20275
   44 2776.473261 20882
   45 1886.349353 19868
   46 -1306.164114     8
   47 -78.067449     7
   48 -1553.182260     1
   49 954.038558  7208
   50 -82.608242     1
   51 -231.239988     2
   52 19394.676549 24961
   53 1627.426579 25395
   54 15808.362277 31497
   55 -695.569641     1
   56 731.499312 22654
   57 3513.035508  9613
   58 -344.765433     3
   59 18686.186404 19985
   60 2364.209837  7593
   61 379.097843 15343
   62 17245.565717 -2908
   63 -491.797795     6
   64 -359.115311     5
   65 2722.118079  7104
   66 -2376.092587     3
   67 -879.800092     0
   68 2616.774305 25634
   69 2666.456120 22064
   70 -285.750503     3
   71 10854.092597 26647
   72 5586.501952 30568
   73 -328.904386     1
   74 9174.618504 23628
   75 448.171363  6257
   76 3346.249148 19979
   77 -2984.567358     9
   78 10261.898512 18258
   79 525.173170  7568
   80 29863.940897 27553
   81 1740.480379 17082
   82 -1459.027310     2
   83 20323.750511 20949
   84 23028.604604 27106
   85 860.820022 18544
   86 3311.947675 11255
   87 8896.801624 28714
   88 6138.643298 13149
   89 18964.746647 -3029
   90 -327.728743     4
   91 969.696968 15842
   92 872.015327 11271
   93 7507.856770 20863
   94 5878.843634 28772
   95 -1406.056432     5
   96 -107.738356     9
   97 -588.687616     9
   98 7772.746348 26222
   99 1000.651154  6573
  100 6653.389847 27037
  101 606.537701  5828
  102 -127.111002     9
  103 7250.744311 17746
  104 -2240.503941     1
  105 90.726862  5314
  106 3426.296085 -3121
  107 78.334830 28962
  108 -580.995648     1
  109 7464.885139 28513
  110 9747.823423 17081
  111 25534.363747 -2851
  112 10883.789411 18467
  113 38601.122597 32528
  114 -1245.804483     4
  115 -329.001582     9
  116 11507.944647 15984
  117 15332.633422 -3174
  118 -2697.642920     8
  119 15516.624409 -2932
  120 4423.456745 -2959
  121 9032.737514 24028
  122 -1610.378377     1
  123 21890.935577 -2860
  124 8429.521984 27549
  125 13074.740956 -2858
  126 13804.082611 -3047
  127 10653.668071 31634
  128 -487.393743     5
  129 5207.898288 13009
  130 -312.703943     9
  131 9905.659338 23283
  132 1408.253474 19384
  133 2865.789501 19765
  134 10403.600317 19456
  135 1188.350432 -3258
  136 1047.815159  6602
  137 1453.654015  9234
  138 317.061032 18370
  139 4791.564098 11832
  140 19494.904429 28847
  141 1951.468985 11524
  142 1399.437168 30512
  143 -246.784983     7
  144 7048.536336 26094
  145 9849.790797 28238
  146 -561.396542     4
  147 26501.391169 28525
  148 -800.585294     4
  149 -1699.916393     7
  150 149.838217  5294
  151 3912.911792 15172
  152 -1180.692514     8
  153 2799.630872 26958
  154 8454.006705 -3076
  155 -581.536431     1
  156 7101.874197 24828
  157 -1194.968101     7
  158 227.645889  5731
  159 -2288.423029     1
  160 5299.946931 20722
  161 1039.191449  8195
  162 163.546529  6887
  163 609.735177  8101
  164 1260.767462  7558
  165 -4294.419817     9
  166 -332.765855     1
  167 7412.900906 12462
  168 -351.142612     9
  169 229.451506  6250
  170 1430.090069 22861
  171 1061.459417 18695
  172 13927.040277 29490
  173 -1163.981910     7
  174 -1434.808635     1
  175 -1044.019028     8
  176 1315.314633 30213
  177 -544.604953     9
  178 -1700.354377     4
  179 7253.883348 16841
  180 12026.313743 31142
  181 3632.029615  8905
  182 1429.669361 23518
  183 11685.600508 31181
  184 -1099.675625     0
  185 939.864528 11201
  186 -315.381804     3
  187 -95.626938     1
  188 1567.744302  8731
  189 -1148.476787     0
  190 521.253203  5594
  191 2798.118060 25258
  192 9205.225978 13869
  193 875.601491 16140
  194 -1119.150379     1
  195 -502.834959     4
  196 2678.195245 -3187
  197 2605.023537 12350
  198 26811.249915 29250
  199 -1560.436758     5
  200 564.848803 21020
  201 3814.164945 11709
  202 7661.873439 17541
  203 -2990.883925     3
  204 -729.211718     5
  205 2248.288956 25824
  206 -675.643775     2
  207 4951.222937 15814
  208 7650.607478 25022
  209 -1600.769111     5
  210 16.510876  5251
  211 794.178204  6080
  212 6136.739998 20517
  213 10772.666174 28377
  214 14416.997128 -3191
  215 -2981.172418     5
  216 -978.837258     7
  217 1171.015148  6281
  218 18212.314992 26838
  219 -154.552483     3
  220 -2176.245894     0
  221 3340.762461 17350
  222 699.411920 14458
  223 -1009.452689     5
  224 1133.032331 -3122
  225 3700.634928 26527
  226 12996.295018 20425
  227 27375.819295 -3204
  228 15970.968150 29261
  229 7905.227831 17613
  230 4048.545545 -3214
  231 9579.604815 30599
  232 9207.282958 27069
  233 91.491601  7552
  234 -304.308185     3
  235 3390.246882  9764
  236 -603.156756     2
  237 4408.594068 16817
  238 16097.944546 -2897
  239 16.963725 13720
  240 -1294.765953     4
  241 484.935729  5876
  242 8845.016931 -3192
  243 9087.583476 26854
  244 4149.062435 24497
  245 -746.318633     1
  246 -98.705940     2
  247 7.649386  5546
  248 11705.639409 27208
  249 -240.055357     3
  250 3810.848885 12189
  251 6361.331469 -2797
  252 31.997963 10355
  253 6229.723650 -3109
  254 6.134328  5080
  255 5274.318778 -2848
  256 799.552704 28594
  257 6285.836833 27728
  258 -104.358038     1
  259 1411.906421 17216
  260 18.149499  5214
  261 2776.462344 24666
  262 -318.581085     7
  263 7.719469  5074
  264 -1169.748483     0
  265 -779.212185     6
  266 9580.941107 21029
  267 12682.219102 21240
  268 8603.102412 32269
  269 1418.003130 28404
  270 -344.433726     7
  271 1589.473058  8066
  272 13494.685597 -3250
  273 552.387131  8236
  274 6540.645794 13977
  275 -21.056727     2
  276 1588.470784 30687
  277 2792.762931 31575
  278 1440.997377 28229
  279 12586.776339 -2983
  280 -1608.762293     2
  281 1971.334694 28859
  282 2283.218659 11530
  283 -1531.583626     7
  284 5741.116094 15765
  285 537.761368 20705
  286 7989.584844 29767
  287 10727.075555 19460
  288 17003.559570 22963
  289 3963.797320 21428
  290 -2499.220728     6
  291 12777.451490 31421
  292 195.075149 26578
  293 5811.192674 15799
  294 879.051988  8784
  295 -961.350693     8
  296 -1277.559470     2
  297 8193.731670 -3018
  298 8643.224277 23046
  299 4509.470325 19927
  300 7857.161347 24137
