300
    1 1.149889  5001
    2 997.688605 21119
    3 2449.680262 27552
    4 10599.726665 -2979
    5 524.189720 -3267
    6 12690.330004 22605
    7 -414.172146     0
    8 6504.008339 -2786
    9 -1028.562189     9
   10 88.622093 10019
   11 7335.677350 16402
   12 -274.560143     2
   13 1837.179638 12882
   14 360.300578 25490
   15 1848.452470 10438
   16 12132.839567 23433
   17 -606.149765     5
   18 5478.283808 17080
   19 2798.448699 11863
   20 718.005577 28698
   21 -122.779288     1
   22 514.755745  6611
   23 432.273128  5525
   24 -630.698923     6
   25 -1373.106161     8
   26 -1672.659871     1
   27 9062.333549 25096
   28 -1263.845167     8
   29 -232.849845     7
   30 4811.734271 -3202
   31 6725.416216 29956
   32 2585.870539 23649
   33 -1364.193095     5
   34 1630.007104 19086
   35 -2180.410264     1
   36 235.811606  5763
   37 516.725676 19573
   38 7378.887234 27063
   39 -349.968563     7
   40 10980.199975 23419
   41 11699.113477 26823
   42 -464.007832     2
   43 186.097135 20275
   44 8089.205862 20882
   45 10571.460340 19868
   46 -1409.645032     8
   47 -1314.470333     7
   48 -581.964933     1
   49 604.486689  7208
   50 -348.838834     1
   51 -909.330888     2
   52 15583.020766 24961
   53 9520.278015 25395
   54 10690.696406 31497
   55 -975.593977     1
   56 7458.085711 22654
   57 2707.178506  9613
   58 -1306.759017     3
   59 7415.425778 19985
   60 1733.641787  7593
   61 2633.800659 15343
   62 4492.619539 -2908
   63 -795.865094     6
   64 -1705.281068     5
   65 803.718959  7104
   66 -1101.905720     3
   67 -960.495544     0
   68 11391.297697 25634
   69 5519.471951 22064
   70 -311.908833     3
   71 6795.989300 26647
   72 18895.738020 30568
   73 -278.963871     1
   74 14301.957678 23628
   75 563.898754  6257
   76 4691.583087 19979
   77 -1614.649207     9
   78 8689.247338 18258
   79 988.389551  7568
   80 14941.168023 27553
   81 4395.695211 17082
   82 -612.142454     2
   83 7294.333245 20949
   84 1243.960796 27106
   85 8059.786302 18544
   86 5482.316834 11255
   87 6508.186784 28714
   88 1437.640040 13149
   89 4324.798661 -3029
   90 -573.782253     4
   91 4616.306750 15842
   92 1782.619844 11271
   93 8658.372599 20863
   94 14480.708263 28772
   95 -45.343843     5
   96 -1118.132262     9
   97 -1338.514564     9
   98 4103.881526 26222
   99 245.904361  6573
  100 4593.471836 27037
  101 111.777073  5828
  102 -777.292973     9
  103 7721.835971 17746
  104 -1490.473669     1
  105 135.798744  5314
  106 5080.176578 -3121
  107 4676.804646 28962
  108 -665.998559     1
  109 3063.369759 28513
  110 1063.338632 17081
  111 8415.912892 -2851
  112 275.984079 18467
  113 4854.578034 32528
  114 -60.130030     4
  115 -2778.964053     9
  116 4063.935111 15984
  117 9151.370857 -3174
  118 -1310.216361     8
  119 23628.853008 -2932
  120 30133.391015 -2959
  121 1402.872625 24028
  122 -393.890911     1
  123 34405.021695 -2860
  124 7070.196582 27549
  125 39770.818536 -2858
  126 41013.861436 -3047
  127 17434.750894 31634
  128 -30.605924     5
  129 8026.872566 13009
  130 -174.014189     9
  131 926.920746 23283
  132 1104.092520 19384
  133 7523.072950 19765
  134 1206.386518 19456
  135 12621.891423 -3258
  136 6.277418  6602
  137 1457.651512  9234
  138 249.163457 18370
  139 6120.417775 11832
  140 4181.459447 28847
  141 1605.734448 11524
  142 1813.321409 30512
  143 -26.730064     7
  144 9276.548531 26094
  145 17608.845143 28238
  146 -1309.970364     4
  147 7084.214417 28525
  148 -956.059821     4
  149 -58.815795     7
  150 26.298939  5294
  151 7598.280289 15172
  152 -776.786094     8
  153 2280.307163 26958
  154 13214.311117 -3076
  155 -191.059948     1
  156 10295.747713 24828
  157 -1381.386456     7
  158 211.766048  5731
  159 -1227.792587     1
  160 10897.417170 20722
  161 27.567834  8195
  162 1817.604504  6887
  163 1878.250920  8101
  164 636.453404  7558
  165 -1088.536370     9
  166 -3327.413610     1
  167 2588.315704 12462
  168 -306.064019     9
  169 390.387721  6250
  170 6931.850281 22861
  171 3299.333372 18695
  172 16318.641646 29490
  173 -2027.322964     7
  174 -449.813568     1
  175 -1465.218505     8
  176 11377.865356 30213
  177 -372.570296     9
  178 -429.889913     4
  179 3475.823263 16841
  180 3297.324540 31142
  181 1458.207204  8905
  182 5492.502148 23518
  183 10174.750800 31181
  184 -806.870843     0
  185 292.826568 11201
  186 -1489.922606     3
  187 -329.078975     1
  188 409.817301  8731
  189 -709.950205     0
  190 240.659111  5594
  191 9247.235492 25258
  192 8805.291300 13869
  193 7508.594626 16140
  194 -2787.422746     1
  195 -1955.817654     4
  196 7488.698953 -3187
  197 6969.795932 12350
  198 15753.007823 29250
  199 -96.061140     5
  200 5235.978565 21020
  201 4545.205537 11709
  202 737.776953 17541
  203 -763.266152     3
  204 -3963.106710     5
  205 19878.678903 25824
  206 -1303.961221     2
  207 7926.490295 15814
  208 2753.815217 25022
  209 -3296.418245     5
  210 151.202099  5251
  211 12.829830  6080
  212 1097.554932 20517
  213 22455.881397 28377
  214 15862.441436 -3191
  215 -1415.396615     5
  216 -456.299152     7
  217 831.098212  6281
  218 1369.539827 26838
  219 -298.590992     3
  220 -650.617467     0
  221 1832.047663 17350
  222 3303.263236 14458
  223 -362.928218     5
  224 33983.240305 -3122
  225 18543.316837 26527
  226 3081.069833 20425
  227 24958.296935 -3204
  228 21811.089080 29261
  229 8700.813359 17613
  230 27199.989994 -3214
  231 3854.981137 30599
  232 4572.737457 27069
  233 1648.059648  7552
  234 -2312.302367     3
  235 227.705258  9764
  236 -1021.806720     2
  237 5630.649741 16817
  238 8499.582599 -2897
  239 280.507797 13720
  240 -1641.849530     4
  241 380.717603  5876
  242 4563.513386 -3192
  243 12778.385751 26854
  244 6808.904721 24497
  245 -303.806769     1
  246 -2027.655997     2
  247 89.392047  5546
  248 15313.072141 27208
  249 -841.326078     3
  250 2580.790854 12189
  251 11577.260179 -2797
  252 3599.503211 10355
  253 12931.579993 -3109
  254 25.116586  5080
  255 8523.540767 -2848
  256 5518.340766 28594
  257 12860.245403 27728
  258 -1831.131273     1
  259 3010.482015 17216
  260 33.755468  5214
  261 7586.706988 24666
  262 -895.579819     7
  263 14.725116  5074
  264 -1889.931206     0
  265 -579.731118     6
  266 15095.932804 21029
  267 4173.494504 21240
  268 11088.855173 32269
  269 9731.618124 28404
  270 -2314.935232     7
  271 754.180772  8066
  272 5829.685788 -3250
  273 1831.925549  8236
  274 4898.744540 13977
  275 -1651.438298     2
  276 10596.034084 30687
  277 4256.052191 31575
  278 12203.737571 28229
  279 21334.724314 -2983
  280 -729.927045     2
  281 3283.965581 28859
  282 458.321388 11530
  283 -131.295997     7
  284 4440.616605 15765
  285 11076.144590 20705
  286 3535.647584 29767
  287 2579.473871 19460
  288 16299.737311 22963
  289 2430.605909 21428
  290 -929.823728     6
  291 6784.977995 31421
  292 6046.780120 26578
  293 9215.912853 15799
  294 4017.775263  8784
  295 -3358.752265     8
  296 -1396.845604     2
  297 24037.437853 -3018
  298 4675.932016 23046
  299 6988.183630 19927
  300 94.476865 24137
