300
    1 0.444437  5001
    2 19230.897563 21119
    3 10207.188538 27552
    4 1441.819859 -2979
    5 17305.197313 -3267
    6 14171.190757 22605
    7 -203.487404     0
    8 21919.210485 -2786
    9 -68.542469     9
   10 3076.858093 10019
   11 14958.187838 16402
   12 -389.166093     2
   13 5298.440547 12882
   14 13441.603422 25490
   15 3344.731637 10438
   16 18035.758546 23433
   17 -1992.950063     5
   18 5940.081907 17080
   19 2045.325805 11863
   20 10566.877736 28698
   21 -563.325449     1
   22 458.260636  6611
   23 61.393375  5525
   24 -536.015737     6
   25 -895.494619     8
   26 -2221.004549     1
   27 5080.476305 25096
   28 -2091.633261     8
   29 -1516.775233     7
   30 16814.806040 -3202
   31 5273.221479 29956
   32 19383.360082 23649
   33 -881.232632     5
   34 7792.255466 19086
   35 -1703.390387     1
   36 467.380160  5763
   37 2980.696643 19573
   38 3481.948558 27063
   39 -1370.944125     7
   40 18448.717548 23419
   41 1315.175952 26823
   42 -1766.092762     2
   43 1239.450628 20275
   44 731.677927 20882
   45 1255.359355 19868
   46 -1221.556091     8
   47 -783.581527     7
   48 -248.562312     1
   49 160.431478  7208
   50 -1778.416088     1
   51 -547.991573     2
   52 5830.007396 24961
   53 3723.081508 25395
   54 10920.496741 31497
   55 -223.566941     1
   56 10503.683522 22654
   57 2003.980951  9613
   58 -3172.627593     3
   59 1982.988818 19985
   60 2205.359441  7593
   61 5506.462475 15343
   62 9580.016570 -2908
   63 -484.701511     6
   64 -3080.352173     5
   65 487.442960  7104
   66 -1468.167780     3
   67 -178.212756     0
   68 14243.160004 25634
   69 1798.050134 22064
   70 -1135.646528     3
   71 3854.430141 26647
   72 4216.094789 30568
   73 -1741.792055     1
   74 1252.746432 23628
   75 581.010078  6257
   76 10025.177903 19979
   77 -631.372529     9
   78 4704.816474 18258
   79 365.063902  7568
   80 9328.948848 27553
   81 5240.819377 17082
   82 -959.446781     2
   83 1904.277245 20949
   84 4667.432332 27106
   85 8968.741045 18544
   86 3299.640445 11255
   87 12560.100384 28714
   88 3564.199787 13149
   89 34289.054544 -3029
   90 -1.045521     4
   91 5778.564417 15842
   92 2582.903045 11271
   93 8405.379103 20863
   94 6146.674295 28772
   95 -195.378121     5
   96 -317.425937     9
   97 -1189.614061     9
   98 6432.146172 26222
   99 1365.057509  6573
  100 1824.336027 27037
  101 588.557391  5828
  102 -1098.092290     9
  103 4506.124201 17746
  104 -679.877225     1
  105 231.852960  5314
  106 1850.382303 -3121
  107 3557.972200 28962
  108 -365.667367     1
  109 257.697856 28513
  110 2201.446786 17081
  111 42992.966910 -2851
  112 6383.645250 18467
  113 9020.368242 32528
  114 -529.694812     4
  115 -143.492565     9
  116 167.906706 15984
  117 3008.637888 -3174
  118 -1019.789844     8
  119 2941.012127 -2932
  120 27774.685385 -2959
  121 750.640168 24028
  122 -1139.720230     1
  123 891.536801 -2860
  124 3217.312017 27549
  125 4409.347202 -2858
  126 28932.566984 -3047
  127 30682.891885 31634
  128 -1272.938064     5
  129 2295.193789 13009
  130 -214.507061     9
  131 6312.149618 23283
  132 1876.073880 19384
  133 1833.448791 19765
  134 313.227480 19456
  135 6367.424822 -3258
  136 1194.609521  6602
  137 455.851191  9234
  138 459.148296 18370
  139 3643.974604 11832
  140 22901.952327 28847
  141 2868.714928 11524
  142 17622.120895 30512
  143 -1878.918711     7
  144 3194.507427 26094
  145 2262.143019 28238
  146 -159.868403     4
  147 14179.835952 28525
  148 -1052.117777     4
  149 -302.457999     7
  150 125.991005  5294
  151 4826.033191 15172
  152 -1682.981417     8
  153 4026.594820 26958
  154 7965.436655 -3076
  155 -1881.174189     1
  156 10067.269706 24828
  157 -952.023657     7
  158 307.627613  5731
  159 -615.841253     1
  160 1554.679090 20722
  161 733.067106  8195
  162 565.039108  6887
  163 1502.055878  8101
  164 791.931033  7558
  165 -1075.102136     9
  166 -4471.320656     1
  167 4043.065773 12462
  168 -1097.851733     9
  169 560.603420  6250
  170 3343.895855 22861
  171 4086.170112 18695
  172 17084.074489 29490
  173 -1327.478660     7
  174 -597.405647     1
  175 -1343.232717     8
  176 1324.575886 30213
  177 -613.294098     9
  178 -1139.183916     4
  179 7203.639047 16841
  180 19860.762104 31142
  181 2229.018227  8905
  182 2444.966299 23518
  183 481.969235 31181
  184 -1890.800867     0
  185 3026.936527 11201
  186 -773.540104     3
  187 -1185.344306     1
  188 437.866905  8731
  189 -1256.164282     0
  190 107.077807  5594
  191 11852.071088 25258
  192 1241.447925 13869
  193 4725.194425 16140
  194 -224.478688     1
  195 -619.614809     4
  196 13501.187358 -3187
  197 2462.749435 12350
  198 12607.655632 29250
  199 -115.305167     5
  200 4376.922967 21020
  201 10360.032879 11709
  202 2453.832677 17541
  203 -98.242380     3
  204 -1955.876190     5
  205 810.303203 25824
  206 -2296.342197     2
  207 6620.238780 15814
  208 5126.579421 25022
  209 -103.880489     5
  210 33.757304  5251
  211 83.065998  6080
  212 6766.506645 20517
  213 6689.954186 28377
  214 5745.118632 -3191
  215 -631.110948     5
  216 -366.196673     7
  217 557.271563  6281
  218 768.621611 26838
  219 -2502.793111     3
  220 -725.847796     0
  221 1643.889959 17350
  222 3059.791189 14458
  223 -430.359020     5
  224 3985.495318 -3122
  225 965.471892 26527
  226 7241.612476 20425
  227 272.336608 -3204
  228 11866.644199 29261
  229 1879.479129 17613
  230 6198.298218 -3214
  231 9544.786446 30599
  232 11255.661213 27069
  233 2345.812669  7552
  234 -1837.780569     3
  235 110.880145  9764
  236 -228.834126     2
  237 10283.455765 16817
  238 7030.462810 -2897
  239 1985.874499 13720
  240 -501.461769     4
  241 191.030407  5876
  242 23997.310717 -3192
  243 5467.906537 26854
  244 5941.878218 24497
  245 -1637.172711     1
  246 -149.652782     2
  247 480.781515  5546
  248 24535.605321 27208
  249 -582.576967     3
  250 1154.947802 12189
  251 22935.814675 -2797
  252 3045.198312 10355
  253 11937.223481 -3109
  254 22.905760  5080
  255 41271.930523 -2848
  256 3843.916961 28594
  257 15744.264536 27728
  258 -421.148871     1
  259 145.747068 17216
  260 111.088355  5214
  261 5236.848993 24666
  262 -1671.366080     7
  263 68.155498  5074
  264 -1408.390735     0
  265 -1667.119229     6
  266 5243.648560 21029
  267 8373.655497 21240
  268 19558.560889 32269
  269 1229.303242 28404
  270 -1572.124264     7
  271 518.644287  8066
  272 3662.511951 -3250
  273 2299.356347  8236
  274 4686.900350 13977
  275 -2579.909754     2
  276 873.379514 30687
  277 9587.773972 31575
  278 6622.152389 28229
  279 3697.304025 -2983
  280 -412.552887     2
  281 2878.752131 28859
  282 856.835813 11530
  283 -742.798847     7
  284 4358.831357 15765
  285 10010.364830 20705
  286 1377.775545 29767
  287 7889.367932 19460
  288 6730.118207 22963
  289 1720.263070 21428
  290 -710.972038     6
  291 2661.254731 31421
  292 4141.084460 26578
  293 2007.894996 15799
  294 628.748030  8784
  295 -2707.449676     8
  296 -390.446623     2
  297 4079.736387 -3018
  298 3264.323376 23046
  299 3273.320542 19927
  300 7187.028630 24137
