300
    1 0.547060  5001
    2 11752.349135 21119
    3 6710.622279 27552
    4 18739.396029 -2979
    5 4249.168239 -3267
    6 518.258187 22605
    7 -1035.190973     0
    8 2980.015606 -2786
    9 -179.076891     9
   10 503.818508 10019
   11 1469.075465 16402
   12 -671.484085     2
   13 91.932212 12882
   14 1642.130890 25490
   15 1923.284045 10438
   16 8885.860940 23433
   17 -1025.521347     5
   18 7017.915135 17080
   19 4659.068797 11863
   20 1051.485975 28698
   21 -252.125867     1
   22 719.030106  6611
   23 135.606813  5525
   24 -1119.273705     6
   25 -148.006978     8
   26 -12.807015     1
   27 2698.353346 25096
   28 -843.769973     8
   29 -400.980258     7
   30 16256.007186 -3202
   31 7935.972362 29956
   32 3595.964174 23649
   33 -547.538156     5
   34 5143.370097 19086
   35 -224.703017     1
   36 248.011792  5763
   37 7584.446659 19573
   38 57.025636 27063
   39 -1953.196480     7
   40 2481.171808 23419
   41 5925.380066 26823
   42 -3422.927009     2
   43 4856.726795 20275
   44 6357.295474 20882
   45 8387.444962 19868
   46 -634.400409     8
   47 -228.551426     7
   48 -33.365108     1
   49 1690.654412  7208
   50 -97.209384     1
   51 -2565.766334     2
   52 14650.332703 24961
   53 10079.815731 25395
   54 4126.577406 31497
   55 -753.855016     1
   56 9241.618159 22654
   57 1418.169910  9613
   58 -318.506359     3
   59 14826.003045 19985
   60 504.674587  7593
   61 340.195015 15343
   62 2759.989036 -2908
   63 -33.830334     6
   64 -617.379273     5
   65 244.167231  7104
   66 -411.397030     3
   67 -1012.322323     0
   68 6009.196631 25634
   69 1431.634822 22064
   70 -1938.082179     3
   71 4042.798130 26647
   72 7882.987724 30568
   73 -94.842246     1
   74 8067.766612 23628
   75 281.201204  6257
   76 99.924155 19979
   77 -331.036645     9
   78 4020.205069 18258
   79 759.513756  7568
   80 18030.528511 27553
   81 4130.914488 17082
   82 -354.958670     2
   83 1675.314357 20949
   84 2498.203466 27106
   85 4250.908297 18544
   86 2510.070922 11255
   87 19510.743078 28714
   88 285.661737 13149
   89 28860.904818 -3029
   90 -411.242120     4
   91 2856.355836 15842
   92 7925.471510 11271
   93 9994.999437 20863
   94 10508.458129 28772
   95 -492.284707     5
   96 -492.793810     9
   97 -816.838802     9
   98 9679.294468 26222
   99 98.277802  6573
  100 2935.482541 27037
  101 1083.673552  5828
  102 -390.128929     9
  103 1230.724681 17746
  104 -1071.800421     1
  105 221.820943  5314
  106 17085.147584 -3121
  107 2410.248752 28962
  108 -1107.655668     1
  109 7872.166660 28513
  110 1796.475395 17081
  111 28140.882728 -2851
  112 4907.645077 18467
  113 7333.450139 32528
  114 -1516.237007     4
  115 -2140.073482     9
  116 2047.280049 15984
  117 15279.332736 -3174
  118 -2325.937103     8
  119 12790.692313 -2932
  120 6649.731535 -2959
  121 5835.035175 24028
  122 -582.147132     1
  123 4261.940428 -2860
  124 14720.706481 27549
  125 1444.350939 -2858
  126 4964.890086 -3047
  127 16623.389621 31634
  128 -152.620506     5
  129 423.431488 13009
  130 -720.334376     9
  131 10978.880936 23283
  132 5478.620928 19384
  133 2192.371315 19765
  134 12432.337324 19456
  135 14058.130725 -3258
  136 972.063289  6602
  137 2411.111952  9234
  138 6164.893142 18370
  139 4735.172035 11832
  140 2640.315991 28847
  141 6007.593167 11524
  142 12510.252947 30512
  143 -1281.100059     7
  144 4108.880814 26094
  145 5052.479113 28238
  146 -550.602342     4
  147 15883.158529 28525
  148 -1389.734483     4
  149 -1112.341864     7
  150 77.599669  5294
  151 94.881273 15172
  152 -280.945831     8
  153 11726.966191 26958
  154 14732.206074 -3076
  155 -747.597836     1
  156 22489.456103 24828
  157 -564.775824     7
  158 162.263949  5731
  159 -502.395516     1
  160 2436.763957 20722
  161 974.213775  8195
  162 254.000619  6887
  163 3307.840509  8101
  164 438.828408  7558
  165 -1712.559168     9
  166 -166.029362     1
  167 2818.585486 12462
  168 -179.006324     9
  169 465.343840  6250
  170 11521.009390 22861
  171 2377.939278 18695
  172 3953.306790 29490
  173 -201.545819     7
  174 -66.716092     1
  175 -1877.263266     8
  176 14904.057617 30213
  177 -1146.674424     9
  178 -307.646101     4
  179 3840.119726 16841
  180 14011.642913 31142
  181 766.991709  8905
  182 8843.035678 23518
  183 7612.530720 31181
  184 -1837.253326     0
  185 713.013293 11201
  186 -821.440054     3
  187 -2593.210913     1
  188 1985.969502  8731
  189 -2957.150357     0
  190 15.880713  5594
  191 5710.735681 25258
  192 344.524569 13869
  193 3190.705702 16140
  194 -499.252082     1
  195 -833.113498     4
  196 7719.052265 -3187
  197 2021.455281 12350
  198 7083.198631 29250
  199 -1261.778085     5
  200 2937.333077 21020
  201 4557.921424 11709
  202 11311.475648 17541
  203 -1390.566602     3
  204 -1558.698615     5
  205 11913.530556 25824
  206 -755.682049     2
  207 829.635792 15814
  208 26067.171528 25022
  209 -416.117001     5
  210 96.662386  5251
  211 50.049996  6080
  212 3736.617483 20517
  213 18362.892007 28377
  214 20994.890328 -3191
  215 -1525.647847     5
  216 -2505.531480     7
  217 280.407686  6281
  218 9553.670535 26838
  219 -78.961878     3
  220 -1366.060506     0
  221 3771.444173 17350
  222 3248.226666 14458
  223 -383.519340     5
  224 23837.804591 -3122
  225 12270.150456 26527
  226 10344.166170 20425
  227 17452.984861 -3204
  228 9335.002679 29261
  229 14506.536013 17613
  230 13634.473275 -3214
  231 24494.907225 30599
  232 17230.575347 27069
  233 2963.478350  7552
  234 -1713.101744     3
  235 480.834929  9764
  236 -412.153258     2
  237 2493.488443 16817
  238 1855.099478 -2897
  239 4697.533544 13720
  240 -1088.001424     4
  241 118.970110  5876
  242 22500.471784 -3192
  243 5512.735698 26854
  244 9838.038376 24497
  245 -879.519047     1
  246 -72.440825     2
  247 344.041722  5546
  248 6554.074330 27208
  249 -753.660125     3
  250 3898.891943 12189
  251 209.146999 -2797
  252 2347.606269 10355
  253 16450.499503 -3109
  254 23.314803  5080
  255 8792.651285 -2848
  256 1876.072021 28594
  257 9318.262674 27728
  258 -2297.405639     1
  259 1116.338843 17216
  260 170.530953  5214
  261 4091.077146 24666
  262 -432.918008     7
  263 9.215825  5074
  264 -1161.704544     0
  265 -886.999732     6
  266 746.473244 21029
  267 13096.217007 21240
  268 14667.309877 32269
  269 2952.722525 28404
  270 -977.489497     7
  271 711.700786  8066
  272 10214.060098 -3250
  273 903.077882  8236
  274 7601.091560 13977
  275 -914.293235     2
  276 15722.875524 30687
  277 17700.464772 31575
  278 14486.397451 28229
  279 19712.162753 -2983
  280 -405.909467     2
  281 6618.782257 28859
  282 1909.098519 11530
  283 -47.171476     7
  284 3240.151357 15765
  285 12499.961229 20705
  286 12182.543915 29767
  287 7320.922762 19460
  288 13559.990187 22963
  289 4538.139294 21428
  290 -1849.604071     6
  291 14643.468731 31421
  292 11487.872156 26578
  293 3573.477802 15799
  294 1731.052797  8784
  295 -586.279567     8
  296 -1515.293197     2
  297 2146.419291 -3018
  298 7547.941807 23046
  299 11645.924754 19927
  300 811.126980 24137
