300
    1 0.452716  5001
    2 5805.868536 21119
    3 6723.399026 27552
    4 25993.792627 -2979
    5 4690.044489 -3267
    6 7464.729956 22605
    7 -284.814713     0
    8 20179.476485 -2786
    9 -210.042068     9
   10 5203.194072 10019
   11 3813.461709 16402
   12 -29.033557     2
   13 5201.833059 12882
   14 15648.832720 25490
   15 1291.489826 10438
   16 1251.168807 23433
   17 -93.835825     5
   18 2014.179124 17080
   19 884.379016 11863
   20 20456.818853 28698
   21 -1044.559637     1
   22 278.473113  6611
   23 488.796468  5525
   24 -793.391883     6
   25 -768.704342     8
   26 -1187.623014     1
   27 15150.555228 25096
   28 -1393.939946     8
   29 -343.454820     7
   30 4450.327557 -3202
   31 19892.809297 29956
   32 16565.344369 23649
   33 -1834.529428     5
   34 6615.875093 19086
   35 -124.534115     1
   36 678.955428  5763
   37 6994.723906 19573
   38 22769.137398 27063
   39 -231.239528     7
   40 337.507294 23419
   41 12154.602020 26823
   42 -538.335748     2
   43 1472.964382 20275
   44 5584.478705 20882
   45 2892.343461 19868
   46 -160.789918     8
   47 -80.409890     7
   48 -57.435336     1
   49 1236.675433  7208
   50 -874.736057     1
   51 -487.965234     2
   52 12968.802452 24961
   53 11115.030088 25395
   54 35628.705501 31497
   55 -1231.863596     1
   56 1661.967603 22654
   57 2506.988732  9613
   58 -380.386563     3
   59 351.765886 19985
   60 342.888123  7593
   61 7114.452654 15343
   62 20504.628391 -2908
   63 -1134.382081     6
   64 -2668.217069     5
   65 1518.029765  7104
   66 -1363.619493     3
   67 -495.744632     0
   68 15400.706048 25634
   69 8900.157406 22064
   70 -219.269131     3
   71 1980.490313 26647
   72 8225.255045 30568
   73 -197.441902     1
   74 1326.496098 23628
   75 175.386936  6257
   76 2610.270357 19979
   77 -413.591452     9
   78 1338.561277 18258
   79 1395.160407  7568
   80 5401.265225 27553
   81 5481.432122 17082
   82 -197.118178     2
   83 1019.188803 20949
   84 489.469414 27106
   85 6346.035080 18544
   86 119.158017 11255
   87 1027.636298 28714
   88 1117.355047 13149
   89 9138.403182 -3029
   90 -2433.375359     4
   91 467.533119 15842
   92 818.836620 11271
   93 4418.344966 20863
   94 19277.449853 28772
   95 -499.493556     5
   96 -23.377097     9
   97 -1202.778533     9
   98 19879.893488 26222
   99 215.841093  6573
  100 2624.497685 27037
  101 824.830530  5828
  102 -2136.421845     9
  103 3419.560971 17746
  104 -1955.303133     1
  105 31.361232  5314
  106 22443.016773 -3121
  107 19743.297506 28962
  108 -1908.800226     1
  109 9780.921935 28513
  110 6786.328085 17081
  111 15790.036522 -2851
  112 121.895657 18467
  113 19111.855460 32528
  114 -1305.950510     4
  115 -834.479588     9
  116 4139.829067 15984
  117 17985.079350 -3174
  118 -158.108280     8
  119 9039.492005 -2932
  120 10457.308826 -2959
  121 11230.770558 24028
  122 -345.466236     1
  123 22977.405345 -2860
  124 4612.435489 27549
  125 17781.630952 -2858
  126 20440.071973 -3047
  127 24305.361010 31634
  128 -297.412315     5
  129 1102.906032 13009
  130 -293.232925     9
  131 4103.686722 23283
  132 5327.391653 19384
  133 1937.756165 19765
  134 5660.172633 19456
  135 11922.732703 -3258
  136 842.535294  6602
  137 2238.780056  9234
  138 90.351218 18370
  139 4721.841707 11832
  140 12153.788971 28847
  141 2113.856206 11524
  142 9440.697558 30512
  143 -2651.906567     7
  144 4133.139415 26094
  145 12797.222154 28238
  146 -774.553070     4
  147 21410.219569 28525
  148 -748.383644     4
  149 -175.906037     7
  150 41.347894  5294
  151 2632.636219 15172
  152 -1522.445861     8
  153 3122.426321 26958
  154 19796.847549 -3076
  155 -1184.169333     1
  156 12611.291032 24828
  157 -446.800883     7
  158 176.275466  5731
  159 -304.003105     1
  160 6178.140093 20722
  161 1279.930730  8195
  162 661.653737  6887
  163 1778.546890  8101
  164 25.230485  7558
  165 -564.752062     9
  166 -721.339753     1
  167 5788.647048 12462
  168 -1424.493074     9
  169 857.011023  6250
  170 1678.452579 22861
  171 4222.221622 18695
  172 18669.230225 29490
  173 -1889.723245     7
  174 -814.102981     1
  175 -1747.260801     8
  176 2733.752293 30213
  177 -924.853166     9
  178 -1523.289357     4
  179 1638.344204 16841
  180 7211.766111 31142
  181 2598.202195  8905
  182 8103.760839 23518
  183 14033.074847 31181
  184 -1553.870542     0
  185 426.697115 11201
  186 -335.461998     3
  187 -1470.506178     1
  188 1799.428904  8731
  189 -1783.479553     0
  190 378.043201  5594
  191 1065.886799 25258
  192 723.006880 13869
  193 3444.876851 16140
  194 -766.344044     1
  195 -2294.823684     4
  196 2099.078114 -3187
  197 5444.380433 12350
  198 13127.100730 29250
  199 -2102.809969     5
  200 5585.809661 21020
  201 6775.304839 11709
  202 1037.461859 17541
  203 -1120.922480     3
  204 -1388.438570     5
  205 17289.868258 25824
  206 -1008.004001     2
  207 6568.191724 15814
  208 6848.158769 25022
  209 -822.840471     5
  210 118.308488  5251
  211 330.025702  6080
  212 2712.475890 20517
  213 14674.052656 28377
  214 28701.618670 -3191
  215 -1363.302224     5
  216 -429.886379     7
  217 517.548034  6281
  218 13918.488961 26838
  219 -713.099569     3
  220 -2199.672362     0
  221 7756.086476 17350
  222 2996.955573 14458
  223 -40.229634     5
  224 11170.792784 -3122
  225 890.996231 26527
  226 6756.178424 20425
  227 5690.742488 -3204
  228 3269.340536 29261
  229 3301.109480 17613
  230 374.134145 -3214
  231 3383.822653 30599
  232 11020.589270 27069
  233 329.766019  7552
  234 -116.992496     3
  235 2892.852960  9764
  236 -514.615543     2
  237 1980.818994 16817
  238 31733.940224 -2897
  239 640.016264 13720
  240 -1043.065761     4
  241 37.787510  5876
  242 31154.051362 -3192
  243 4634.147179 26854
  244 9765.583204 24497
  245 -1060.039220     1
  246 -230.062970     2
  247 215.727420  5546
  248 5884.182854 27208
  249 -1185.512240     3
  250 5234.891163 12189
  251 9609.737545 -2797
  252 317.080970 10355
  253 7044.436859 -3109
  254 13.469458  5080
  255 3582.848872 -2848
  256 11786.585493 28594
  257 2740.254878 27728
  258 -1785.637582     1
  259 5445.233073 17216
  260 53.525745  5214
  261 9554.855227 24666
  262 -53.777681     7
  263 36.776948  5074
  264 -4196.831791     0
  265 -829.584157     6
  266 1452.407432 21029
  267 2612.293117 21240
  268 2136.725507 32269
  269 8936.998246 28404
  270 -2116.094533     7
  271 2068.349984  8066
  272 1631.387716 -3250
  273 1034.440060  8236
  274 1337.394407 13977
  275 -123.777573     2
  276 37191.000102 30687
  277 19924.978161 31575
  278 22366.262173 28229
  279 8426.549721 -2983
  280 -411.316533     2
  281 8677.628756 28859
  282 122.266192 11530
  283 -1561.927747     7
  284 7642.399603 15765
  285 3972.938296 20705
  286 1737.153267 29767
  287 14987.079721 19460
  288 4799.031679 22963
  289 6515.926352 21428
  290 -1734.154197     6
  291 2220.785345 31421
  292 21586.240842 26578
  293 644.398266 15799
  294 2270.618224  8784
  295 -1245.122989     8
  296 -2496.429032     2
  297 23106.548330 -3018
  298 23338.330816 23046
  299 2982.622774 19927
  300 12427.263264 24137
