300
    1 0.711318  5001
    2 4999.410104 21119
    3 3717.808308 27552
    4 13946.773666 -2979
    5 11250.441141 -3267
    6 6082.120555 22605
    7 -2453.486025     0
    8 19946.051173 -2786
    9 -396.817062     9
   10 173.851826 10019
   11 3216.223850 16402
   12 -896.446638     2
   13 1687.684454 12882
   14 375.572986 25490
   15 1987.510060 10438
   16 5940.606007 23433
   17 -937.709385     5
   18 247.474775 17080
   19 3617.318628 11863
   20 15796.116122 28698
   21 -279.017821     1
   22 603.953183  6611
   23 84.371860  5525
   24 -1449.460288     6
   25 -833.923061     8
   26 -627.398664     1
   27 4718.321295 25096
   28 -1352.391691     8
   29 -1820.800972     7
   30 26818.362569 -3202
   31 13743.360488 29956
   32 2546.429168 23649
   33 -474.794667     5
   34 6914.412887 19086
   35 -2374.115376     1
   36 439.588149  5763
   37 5336.730098 19573
   38 5866.859056 27063
   39 -486.204122     7
   40 3166.026516 23419
   41 11791.756423 26823
   42 -665.980619     2
   43 16137.336426 20275
   44 2859.780113 20882
   45 1793.480072 19868
   46 -771.859340     8
   47 -105.406161     7
   48 -2693.225017     1
   49 124.026366  7208
   50 -369.474253     1
   51 -205.566192     2
   52 20371.677329 24961
   53 4505.502538 25395
   54 12280.000144 31497
   55 -3001.208077     1
   56 4685.574045 22654
   57 4243.047071  9613
   58 -819.434753     3
   59 8854.970565 19985
   60 388.083906  7593
   61 4386.210092 15343
   62 7624.461533 -2908
   63 -550.943605     6
   64 -1511.628252     5
   65 1342.455392  7104
   66 -6.035973     3
   67 -25.914883     0
   68 7940.679980 25634
   69 3547.100240 22064
   70 -999.988135     3
   71 22217.753290 26647
   72 8803.812095 30568
   73 -397.351536     1
   74 8307.367114 23628
   75 211.539828  6257
   76 2517.767651 19979
   77 -1420.367839     9
   78 8024.202863 18258
   79 1502.109894  7568
   80 4796.378386 27553
   81 8303.352434 17082
   82 -15.016063     2
   83 9871.905517 20949
   84 573.010521 27106
   85 9999.512048 18544
   86 3823.530975 11255
   87 7919.949311 28714
   88 1766.500578 13149
   89 18070.893127 -3029
   90 -1905.468367     4
   91 1357.380809 15842
   92 7089.401665 11271
   93 3707.002106 20863
   94 391.565764 28772
   95 -661.408751     5
   96 -266.667705     9
   97 -285.156912     9
   98 829.396234 26222
   99 531.090383  6573
  100 11277.732644 27037
  101 279.463220  5828
  102 -1408.286196     9
  103 349.590175 17746
  104 -2664.088669     1
  105 97.167442  5314
  106 18040.515484 -3121
  107 12533.327547 28962
  108 -1391.210951     1
  109 19194.995128 28513
  110 4625.610819 17081
  111 1456.990610 -2851
  112 5223.825818 18467
  113 23921.388954 32528
  114 -602.627872     4
  115 -1213.628956     9
  116 280.507754 15984
  117 36654.473785 -3174
  118 -253.992822     8
  119 495.772411 -2932
  120 4625.125192 -2959
  121 4304.531577 24028
  122 -203.320654     1
  123 2598.209690 -2860
  124 5540.474601 27549
  125 2816.512447 -2858
  126 41159.830773 -3047
  127 1727.893894 31634
  128 -2520.552432     5
  129 3991.015956 13009
  130 -1005.215092     9
  131 5918.190746 23283
  132 4053.295571 19384
  133 1616.962817 19765
  134 11769.593348 19456
  135 7726.254448 -3258
  136 1077.883516  6602
  137 2073.940506  9234
  138 5145.334426 18370
  139 2066.518638 11832
  140 3185.986933 28847
  141 2439.336233 11524
  142 24074.100292 30512
  143 -586.377890     7
  144 7725.575367 26094
  145 17799.360476 28238
  146 -1237.305014     4
  147 18944.249218 28525
  148 -503.892218     4
  149 -556.950291     7
  150 205.800165  5294
  151 361.593637 15172
  152 -466.618943     8
  153 9692.661607 26958
  154 38743.858353 -3076
  155 -62.385076     1
  156 13083.666327 24828
  157 -316.369913     7
  158 162.587597  5731
  159 -1102.877930     1
  160 10918.051323 20722
  161 1769.449687  8195
  162 588.445409  6887
  163 1326.109345  8101
  164 2555.174077  7558
  165 -215.278906     9
  166 -2282.185363     1
  167 1047.104563 12462
  168 -473.491181     9
  169 1146.761498  6250
  170 12382.603756 22861
  171 10676.042808 18695
  172 15368.617766 29490
  173 -268.345319     7
  174 -131.112177     1
  175 -58.993325     8
  176 8731.660674 30213
  177 -324.571169     9
  178 -75.109748     4
  179 1277.007380 16841
  180 6521.008074 31142
  181 2250.087042  8905
  182 3007.615286 23518
  183 245.592018 31181
  184 -1551.069961     0
  185 44.137237 11201
  186 -1209.419769     3
  187 -951.777639     1
  188 2371.735406  8731
  189 -981.274425     0
  190 187.412153  5594
  191 4144.714293 25258
  192 7798.490092 13869
  193 506.949272 16140
  194 -109.397040     1
  195 -741.400588     4
  196 10292.540993 -3187
  197 3241.630905 12350
  198 8847.798854 29250
  199 -165.917297     5
  200 4256.245712 21020
  201 4309.129689 11709
  202 11369.622561 17541
  203 -1862.133434     3
  204 -34.951696     5
  205 6272.097403 25824
  206 -67.035977     2
  207 62.840566 15814
  208 6190.754660 25022
  209 -824.388637     5
  210 132.269394  5251
  211 137.332778  6080
  212 4319.375161 20517
  213 1109.082587 28377
  214 13924.431775 -3191
  215 -1325.563171     5
  216 -289.589221     7
  217 782.580136  6281
  218 7911.897021 26838
  219 -1630.325901     3
  220 -1820.396717     0
  221 7931.625809 17350
  222 2817.204639 14458
  223 -590.585160     5
  224 19457.791215 -3122
  225 17371.432213 26527
  226 13988.429513 20425
  227 36037.644375 -3204
  228 8042.142748 29261
  229 6548.226460 17613
  230 2775.619184 -3214
  231 25809.644106 30599
  232 12794.935218 27069
  233 625.358612  7552
  234 -142.053207     3
  235 1136.002267  9764
  236 -1526.799596     2
  237 5221.685556 16817
  238 9925.080889 -2897
  239 2983.378573 13720
  240 -604.105808     4
  241 244.774771  5876
  242 26177.097012 -3192
  243 6817.753189 26854
  244 11621.414836 24497
  245 -540.932566     1
  246 -920.158099     2
  247 253.526034  5546
  248 1933.825384 27208
  249 -523.673130     3
  250 297.437516 12189
  251 12427.755869 -2797
  252 1465.137005 10355
  253 18508.773979 -3109
  254 55.166400  5080
  255 22904.379492 -2848
  256 26435.557616 28594
  257 31360.633927 27728
  258 -1464.499961     1
  259 5101.521004 17216
  260 17.616810  5214
  261 19323.327902 24666
  262 -890.663111     7
  263 12.694360  5074
  264 -3654.898698     0
  265 -351.043876     6
  266 16223.283390 21029
  267 4432.698259 21240
  268 6532.299162 32269
  269 4338.502376 28404
  270 -158.568520     7
  271 1130.328334  8066
  272 4494.166649 -3250
  273 576.678008  8236
  274 1168.770464 13977
  275 -1006.625448     2
  276 8777.839776 30687
  277 4161.451646 31575
  278 14554.751498 28229
  279 8446.821296 -2983
  280 -209.342278     2
  281 16827.683729 28859
  282 2796.468738 11530
  283 -752.762946     7
  284 5767.259970 15765
  285 4340.830000 20705
  286 31218.744994 29767
  287 1574.077738 19460
  288 4813.944898 22963
  289 1186.848376 21428
  290 -446.416787     6
  291 32773.553440 31421
  292 21289.295573 26578
  293 7468.341385 15799
  294 1129.163288  8784
  295 -2593.171704     8
  296 -201.938899     2
  297 12347.926639 -3018
  298 632.434019 23046
  299 5496.352420 19927
  300 998.320441 24137
