300
    1 0.032065  5001
    2 10972.024718 21119
    3 4550.734594 27552
    4 2181.918498 -2979
    5 21146.988484 -3267
    6 6130.880150 22605
    7 -421.015993     0
    8 22639.351161 -2786
    9 -331.040263     9
   10 2308.631058 10019
   11 2306.076839 16402
   12 -128.859003     2
   13 2069.085314 12882
   14 14122.929594 25490
   15 5040.368551 10438
   16 7420.098556 23433
   17 -1131.820733     5
   18 10463.289047 17080
   19 3819.113114 11863
   20 15196.503149 28698
   21 -145.901669     1
   22 502.244928  6611
   23 202.720451  5525
   24 -503.722489     6
   25 -1727.697663     8
   26 -1957.915391     1
   27 6260.696275 25096
   28 -1592.131773     8
   29 -1215.058950     7
   30 9565.548297 -3202
   31 9818.103415 29956
   32 755.413756 23649
   33 -626.847910     5
   34 5566.795054 19086
   35 -559.456373     1
   36 678.600983  5763
   37 13939.850516 19573
   38 4161.205681 27063
   39 -1163.350899     7
   40 13538.400499 23419
   41 2312.138376 26823
   42 -771.487480     2
   43 2763.906738 20275
   44 8797.211675 20882
   45 7045.073859 19868
   46 -607.563858     8
   47 -164.741874     7
   48 -662.422395     1
   49 1070.343315  7208
   50 -1161.784968     1
   51 -1262.185344     2
   52 137.004420 24961
   53 17029.742896 25395
   54 14308.803369 31497
   55 -1443.188186     1
   56 15653.778371 22654
   57 5149.684033  9613
   58 -15.726563     3
   59 2872.561825 19985
   60 617.911872  7593
   61 15549.982208 15343
   62 22257.123079 -2908
   63 -635.782132     6
   64 -1438.088585     5
   65 844.000528  7104
   66 -1464.447082     3
   67 -289.100281     0
   68 4582.439492 25634
   69 3432.480572 22064
   70 -1076.426565     3
   71 10751.769793 26647
   72 7218.714614 30568
   73 -2359.733451     1
   74 10706.766261 23628
   75 361.935331  6257
   76 3767.536031 19979
   77 -3370.517244     9
   78 6915.930565 18258
   79 1476.016639  7568
   80 4101.583196 27553
   81 1591.661602 17082
   82 -1318.724179     2
   83 16948.110235 20949
   84 526.393143 27106
   85 1553.543995 18544
   86 458.952045 11255
   87 18911.479834 28714
   88 4762.608038 13149
   89 15092.264878 -3029
   90 -864.559650     4
   91 3882.560447 15842
   92 1397.738888 11271
   93 1388.523574 20863
   94 4343.117106 28772
   95 -387.720925     5
   96 -890.735671     9
   97 -752.014137     9
   98 5746.884503 26222
   99 129.272192  6573
  100 6236.298139 27037
  101 417.033455  5828
  102 -1291.849981     9
  103 831.271988 17746
  104 -807.773128     1
  105 51.664300  5314
  106 10460.854499 -3121
  107 4041.035450 28962
  108 -1455.705879     1
  109 15373.094781 28513
  110 17.116679 17081
  111 10259.905482 -2851
  112 10152.896142 18467
  113 4466.638600 32528
  114 -889.364947     4
  115 -1757.224650     9
  116 9103.241296 15984
  117 11138.400701 -3174
  118 -565.203140     8
  119 9983.577520 -2932
  120 5678.355931 -2959
  121 2742.642656 24028
  122 -367.107465     1
  123 18850.356580 -2860
  124 10943.503162 27549
  125 2807.941291 -2858
  126 8110.455210 -3047
  127 13424.859508 31634
  128 -1295.539621     5
  129 1640.609393 13009
  130 -536.173009     9
  131 14355.679554 23283
  132 6034.168294 19384
  133 6524.822251 19765
  134 6523.000302 19456
  135 2045.660243 -3258
  136 463.756623  6602
  137 947.378813  9234
  138 4099.687061 18370
  139 4040.145154 11832
  140 4869.193438 28847
  141 5237.490033 11524
  142 3505.183395 30512
  143 -1106.717283     7
  144 5784.672350 26094
  145 1054.702136 28238
  146 -153.369448     4
  147 13560.391707 28525
  148 -1265.110928     4
  149 -1270.974440     7
  150 131.666391  5294
  151 9757.412169 15172
  152 -1209.256467     8
  153 7802.420356 26958
  154 13492.241738 -3076
  155 -540.154298     1
  156 7787.167272 24828
  157 -244.991254     7
  158 101.788974  5731
  159 -1330.552734     1
  160 10860.615655 20722
  161 2998.265575  8195
  162 13.083448  6887
  163 1005.033927  8101
  164 1659.767591  7558
  165 -1939.114977     9
  166 -737.950816     1
  167 3627.834780 12462
  168 -2112.976264     9
  169 387.550144  6250
  170 5009.969488 22861
  171 7727.840150 18695
  172 27578.093319 29490
  173 -556.316991     7
  174 -786.594220     1
  175 -1507.392780     8
  176 1134.224874 30213
  177 -260.211477     9
  178 -2051.904883     4
  179 7396.061375 16841
  180 15866.674435 31142
  181 83.530530  8905
  182 2933.359263 23518
  183 8351.868937 31181
  184 -807.593472     0
  185 6674.155550 11201
  186 -766.737125     3
  187 -1430.838514     1
  188 113.346256  8731
  189 -522.774832     0
  190 487.305112  5594
  191 18088.935099 25258
  192 5742.055851 13869
  193 7238.768494 16140
  194 -441.577791     1
  195 -1203.471261     4
  196 22358.024197 -3187
  197 7264.199948 12350
  198 5435.553948 29250
  199 -24.060930     5
  200 88.910584 21020
  201 1482.017166 11709
  202 5720.914951 17541
  203 -2182.354273     3
  204 -2490.603059     5
  205 7635.810153 25824
  206 -1424.973281     2
  207 7360.070246 15814
  208 5325.153118 25022
  209 -1894.311920     5
  210 158.427823  5251
  211 611.942810  6080
  212 14702.567564 20517
  213 16606.557302 28377
  214 14568.940521 -3191
  215 -1892.314680     5
  216 -1035.605019     7
  217 663.124519  6281
  218 2598.817146 26838
  219 -252.978243     3
  220 -2274.843329     0
  221 4353.515747 17350
  222 3502.273047 14458
  223 -1045.018081     5
  224 6041.648372 -3122
  225 3106.923609 26527
  226 3331.554676 20425
  227 12759.940403 -3204
  228 14012.251421 29261
  229 2594.390130 17613
  230 6743.467899 -3214
  231 16871.942905 30599
  232 12163.396063 27069
  233 1208.642278  7552
  234 -2376.786318     3
  235 186.258669  9764
  236 -155.722745     2
  237 4250.381027 16817
  238 6062.101003 -2897
  239 7748.427113 13720
  240 -654.107768     4
  241 449.398978  5876
  242 3527.258274 -3192
  243 13398.079761 26854
  244 9535.949297 24497
  245 -1063.851267     1
  246 -2959.490099     2
  247 188.159976  5546
  248 7592.228283 27208
  249 -329.956058     3
  250 3055.384176 12189
  251 4279.515769 -2797
  252 999.333205 10355
  253 10728.197334 -3109
  254 20.120221  5080
  255 3998.027952 -2848
  256 5909.928249 28594
  257 5352.950594 27728
  258 -1475.678929     1
  259 5020.960549 17216
  260 173.767074  5214
  261 18965.202930 24666
  262 -521.248178     7
  263 31.611676  5074
  264 -2094.140507     0
  265 -1288.063259     6
  266 2065.903676 21029
  267 7810.720689 21240
  268 3247.708610 32269
  269 6113.648661 28404
  270 -1147.818768     7
  271 1652.070318  8066
  272 745.439947 -3250
  273 1550.858206  8236
  274 4650.816017 13977
  275 -1589.785364     2
  276 4344.058743 30687
  277 3148.771003 31575
  278 3695.279551 28229
  279 8438.516207 -2983
  280 -446.395503     2
  281 18205.033864 28859
  282 95.538373 11530
  283 -502.745864     7
  284 5264.595420 15765
  285 1742.888315 20705
  286 4021.453074 29767
  287 2057.317772 19460
  288 17755.474251 22963
  289 3487.899814 21428
  290 -1581.859113     6
  291 26993.401536 31421
  292 14283.462930 26578
  293 2243.124459 15799
  294 875.319439  8784
  295 -1806.530022     8
  296 -1817.460246     2
  297 15494.266610 -3018
  298 307.371355 23046
  299 6276.551739 19927
  300 5721.539082 24137
