300
    1 0.133010  5001
    2 2771.741609 21119
    3 8451.785449 27552
    4 2632.226016 -2979
    5 13206.897946 -3267
    6 10684.621384 22605
    7 -1332.617666     0
    8 12296.169026 -2786
    9 -2378.788592     9
   10 558.531509 10019
   11 4606.223047 16402
   12 -472.769171     2
   13 6499.913903 12882
   14 7466.248065 25490
   15 4752.495312 10438
   16 7533.527540 23433
   17 -460.608159     5
   18 8649.031387 17080
   19 7210.310512 11863
   20 7036.497955 28698
   21 -236.424386     1
   22 751.334453  6611
   23 342.030493  5525
   24 -585.406160     6
   25 -1007.592835     8
   26 -1897.773528     1
   27 14693.715201 25096
   28 -1965.829926     8
   29 -1130.455713     7
   30 2503.651904 -3202
   31 13530.092234 29956
   32 7276.968221 23649
   33 -1920.678048     5
   34 8304.104870 19086
   35 -3137.094389     1
   36 436.216453  5763
   37 387.354921 19573
   38 23640.931681 27063
   39 -708.094979     7
   40 5428.319179 23419
   41 17794.639902 26823
   42 -1673.662592     2
   43 13179.879332 20275
   44 2861.802625 20882
   45 1176.195022 19868
   46 -1119.953724     8
   47 -19.215844     7
   48 -1758.104371     1
   49 1203.534589  7208
   50 -573.328128     1
   51 -1661.412074     2
   52 17577.428698 24961
   53 22485.074022 25395
   54 9125.618315 31497
   55 -261.032082     1
   56 1955.501556 22654
   57 1364.100838  9613
   58 -1779.306041     3
   59 12263.681360 19985
   60 1271.532719  7593
   61 10443.188406 15343
   62 9150.482900 -2908
   63 -941.427336     6
   64 -1659.695409     5
   65 200.538822  7104
   66 -1462.116808     3
   67 -1550.328909     0
   68 13773.441326 25634
   69 10454.819284 22064
   70 -905.447827     3
   71 15941.640610 26647
   72 1134.003776 30568
   73 -806.396795     1
   74 6078.486197 23628
   75 194.255391  6257
   76 3104.417369 19979
   77 -3212.451870     9
   78 2743.939412 18258
   79 976.805228  7568
   80 10044.401509 27553
   81 1440.221631 17082
   82 -575.953864     2
   83 2822.022880 20949
   84 17397.083514 27106
   85 3868.525818 18544
   86 3274.713738 11255
   87 27620.941416 28714
   88 3123.894503 13149
   89 9525.923026 -3029
   90 -1363.265971     4
   91 7009.795291 15842
   92 4803.604486 11271
   93 24403.189408 20863
   94 4408.223176 28772
   95 -589.848033     5
   96 -1159.466854     9
   97 -1590.203338     9
   98 23018.771332 26222
   99 715.451552  6573
  100 3725.828362 27037
  101 965.883725  5828
  102 -5.782888     9
  103 27.185487 17746
  104 -1109.652709     1
  105 224.116519  5314
  106 28326.545273 -3121
  107 6894.317123 28962
  108 -35.864996     1
  109 10579.373954 28513
  110 3216.893402 17081
  111 21279.714946 -2851
  112 9879.589619 18467
  113 1981.231746 32528
  114 -1225.387660     4
  115 -2919.966807     9
  116 3210.467341 15984
  117 9973.036364 -3174
  118 -1765.734884     8
  119 2937.439904 -2932
  120 11047.483148 -2959
  121 17263.402425 24028
  122 -963.697218     1
  123 10252.169087 -2860
  124 3454.151733 27549
  125 20013.337827 -2858
  126 1904.292642 -3047
  127 17839.023888 31634
  128 -764.448601     5
  129 4042.605934 13009
  130 -339.015213     9
  131 2145.612235 23283
  132 2370.840856 19384
  133 9438.565824 19765
  134 7095.942045 19456
  135 21797.942525 -3258
  136 575.790340  6602
  137 1729.643552  9234
  138 1768.907200 18370
  139 3217.158921 11832
  140 8015.908687 28847
  141 4878.276489 11524
  142 3831.222736 30512
  143 -2320.609027     7
  144 10899.135219 26094
  145 5850.957849 28238
  146 -679.610250     4
  147 11971.218597 28525
  148 -2138.357224     4
  149 -1310.582280     7
  150 245.071203  5294
  151 5832.514684 15172
  152 -629.080794     8
  153 2386.644861 26958
  154 11222.202485 -3076
  155 -253.986507     1
  156 838.912521 24828
  157 -1392.921899     7
  158 76.407747  5731
  159 -105.437011     1
  160 6242.763189 20722
  161 1686.957108  8195
  162 1366.184329  6887
  163 615.037397  8101
  164 494.994240  7558
  165 -82.833712     9
  166 -966.927475     1
  167 767.540596 12462
  168 -1149.185611     9
  169 1.374503  6250
  170 2890.134085 22861
  171 1024.099014 18695
  172 6879.781418 29490
  173 -14.734716     7
  174 -51.158386     1
  175 -1768.321922     8
  176 2975.145947 30213
  177 -54.394336     9
  178 -1736.813690     4
  179 3276.770296 16841
  180 8588.520580 31142
  181 2161.556386  8905
  182 5615.603747 23518
  183 14313.653113 31181
  184 -888.460515     0
  185 1618.727718 11201
  186 -2062.416042     3
  187 -1097.698540     1
  188 130.124021  8731
  189 -1369.447877     0
  190 79.514879  5594
  191 9759.532381 25258
  192 2075.230934 13869
  193 1369.312789 16140
  194 -2423.936063     1
  195 -1399.003805     4
  196 11849.550725 -3187
  197 1441.293686 12350
  198 1422.104895 29250
  199 -121.738619     5
  200 17632.710531 21020
  201 3592.232026 11709
  202 122.561779 17541
  203 -640.195105     3
  204 -259.090622     5
  205 4969.879062 25824
  206 -468.671109     2
  207 3387.117072 15814
  208 12174.451083 25022
  209 -1065.209787     5
  210 15.672587  5251
  211 1236.367142  6080
  212 864.269506 20517
  213 22717.216156 28377
  214 10332.615788 -3191
  215 -1025.459885     5
  216 -847.424768     7
  217 806.687596  6281
  218 1944.882579 26838
  219 -34.069325     3
  220 -353.342594     0
  221 6001.362525 17350
  222 2284.490030 14458
  223 -61.301502     5
  224 12960.141569 -3122
  225 9933.155679 26527
  226 1005.772584 20425
  227 14529.134243 -3204
  228 5390.362862 29261
  229 725.368986 17613
  230 8123.048170 -3214
  231 20362.901229 30599
  232 7344.685149 27069
  233 797.080882  7552
  234 -363.296191     3
  235 5237.208052  9764
  236 -64.224427     2
  237 3047.321848 16817
  238 25488.846533 -2897
  239 7153.786755 13720
  240 -1247.658200     4
  241 804.614857  5876
  242 4860.470252 -3192
  243 4956.896620 26854
  244 3304.500593 24497
  245 -1050.445583     1
  246 -857.348848     2
  247 111.572736  5546
  248 12284.112182 27208
  249 -1118.807932     3
  250 3961.485932 12189
  251 16346.131148 -2797
  252 7050.481422 10355
  253 14276.377153 -3109
  254 47.022481  5080
  255 6301.936628 -2848
  256 6919.846289 28594
  257 6914.557044 27728
  258 -897.839050     1
  259 5231.461544 17216
  260 82.917927  5214
  261 16344.305948 24666
  262 -788.855133     7
  263 48.187575  5074
  264 -1168.661518     0
  265 -948.063306     6
  266 5192.919024 21029
  267 979.337219 21240
  268 12793.420773 32269
  269 11839.712839 28404
  270 -869.452126     7
  271 1438.222017  8066
  272 5725.440030 -3250
  273 2287.600182  8236
  274 2008.732571 13977
  275 -1116.903208     2
  276 15538.709020 30687
  277 18644.846348 31575
  278 20221.696683 28229
  279 1306.395940 -2983
  280 -98.829095     2
  281 5675.950805 28859
  282 4474.957813 11530
  283 -1267.119788     7
  284 4905.731454 15765
  285 7809.282708 20705
  286 19944.044585 29767
  287 4725.797969 19460
  288 4047.568012 22963
  289 1392.424161 21428
  290 -767.508881     6
  291 889.126075 31421
  292 351.726096 26578
  293 11599.732873 15799
  294 1687.427786  8784
  295 -870.617678     8
  296 -217.505004     2
  297 38585.081313 -3018
  298 1571.867485 23046
  299 21174.569564 19927
  300 569.721684 24137
