300
    1 0.079766  5001
    2 10494.345435 21119
    3 16484.304486 27552
    4 17238.886456 -2979
    5 9879.966712 -3267
    6 3128.997303 22605
    7 -1091.301967     0
    8 11678.740126 -2786
    9 -899.906446     9
   10 2645.783175 10019
   11 2942.858541 16402
   12 -1402.443747     2
   13 2858.335997 12882
   14 12438.680139 25490
   15 1617.561198 10438
   16 17525.594720 23433
   17 -337.676004     5
   18 2522.122070 17080
   19 7076.142325 11863
   20 5676.689484 28698
   21 -1809.559025     1
   22 926.028858  6611
   23 206.017172  5525
   24 -603.274663     6
   25 -244.039790     8
   26 -1447.019159     1
   27 7017.952571 25096
   28 -1635.469333     8
   29 -86.422999     7
   30 21504.494543 -3202
   31 5903.327825 29956
   32 6989.897792 23649
   33 -2623.394987     5
   34 55.913549 19086
   35 -295.410448     1
   36 9.558940  5763
   37 143.521060 19573
   38 6564.337597 27063
   39 -835.838809     7
   40 1211.912374 23419
   41 5812.292101 26823
   42 -1030.770470     2
   43 5342.168088 20275
   44 4537.258061 20882
   45 3684.278288 19868
   46 -545.371036     8
   47 -851.454983     7
   48 -1386.292707     1
   49 1425.825688  7208
   50 -773.007731     1
   51 -2158.886775     2
   52 196.106751 24961
   53 1869.383792 25395
   54 5755.785081 31497
   55 -207.624206     1
   56 3745.207462 22654
   57 364.956537  9613
   58 -1226.851685     3
   59 8270.746498 19985
   60 903.281413  7593
   61 659.238798 15343
   62 25543.072997 -2908
   63 -946.280039     6
   64 -815.570826     5
   65 823.586265  7104
   66 -270.447286     3
   67 -736.368569     0
   68 262.522089 25634
   69 16947.980391 22064
   70 -30.933057     3
   71 3791.158095 26647
   72 650.700595 30568
   73 -463.609836     1
   74 5918.971980 23628
   75 124.269548  6257
   76 6879.650026 19979
   77 -781.389695     9
   78 3806.258764 18258
   79 1584.036294  7568
   80 15966.971797 27553
   81 1029.460263 17082
   82 -25.236396     2
   83 12397.366874 20949
   84 12137.536889 27106
   85 4206.240004 18544
   86 5012.656669 11255
   87 10157.485866 28714
   88 3365.498772 13149
   89 5700.683541 -3029
   90 -2525.096687     4
   91 2037.103469 15842
   92 2541.171161 11271
   93 8145.473102 20863
   94 1897.868036 28772
   95 -35.268661     5
   96 -1223.467404     9
   97 -2574.981981     9
   98 6214.173673 26222
   99 676.857025  6573
  100 15073.696113 27037
  101 51.721822  5828
  102 -751.544188     9
  103 2584.876225 17746
  104 -830.118841     1
  105 96.307935  5314
  106 10839.381269 -3121
  107 13966.853212 28962
  108 -469.029992     1
  109 25986.884615 28513
  110 11598.424560 17081
  111 13573.880993 -2851
  112 4830.753759 18467
  113 1305.225135 32528
  114 -1065.774107     4
  115 -382.401968     9
  116 1698.283689 15984
  117 9072.159083 -3174
  118 -434.598590     8
  119 10344.450580 -2932
  120 25856.810001 -2959
  121 2137.488077 24028
  122 -871.304733     1
  123 3854.496199 -2860
  124 2524.813950 27549
  125 26694.998579 -2858
  126 17092.849091 -3047
  127 16116.868016 31634
  128 -611.216477     5
  129 1677.822368 13009
  130 -102.520538     9
  131 14264.289401 23283
  132 3754.969265 19384
  133 6546.669553 19765
  134 1625.299873 19456
  135 27001.499294 -3258
  136 274.775833  6602
  137 2581.371365  9234
  138 1330.942335 18370
  139 1657.669063 11832
  140 31626.052711 28847
  141 3330.973056 11524
  142 3548.734617 30512
  143 -3292.965290     7
  144 12645.163551 26094
  145 29208.377889 28238
  146 -914.875613     4
  147 3836.043624 28525
  148 -455.018757     4
  149 -13.621792     7
  150 44.312370  5294
  151 6785.827522 15172
  152 -339.513215     8
  153 15519.915993 26958
  154 23905.126522 -3076
  155 -1722.584308     1
  156 5535.007963 24828
  157 -221.883155     7
  158 452.397401  5731
  159 -354.131067     1
  160 3121.524820 20722
  161 549.498231  8195
  162 156.606917  6887
  163 1359.643900  8101
  164 922.964422  7558
  165 -916.779413     9
  166 -358.888202     1
  167 6346.526796 12462
  168 -1272.112092     9
  169 54.158512  6250
  170 2343.677038 22861
  171 16569.586813 18695
  172 19698.696867 29490
  173 -758.620059     7
  174 -176.732087     1
  175 -813.830428     8
  176 13341.117804 30213
  177 -115.986711     9
  178 -2487.876622     4
  179 2948.965778 16841
  180 9625.673948 31142
  181 2338.803692  8905
  182 5081.987327 23518
  183 658.615099 31181
  184 -262.027294     0
  185 6613.433768 11201
  186 -424.098554     3
  187 -827.693572     1
  188 276.015316  8731
  189 -742.554593     0
  190 225.468294  5594
  191 12800.814236 25258
  192 2827.257649 13869
  193 3718.889642 16140
  194 -1706.346577     1
  195 -250.215936     4
  196 21621.438682 -3187
  197 1781.772678 12350
  198 8226.434909 29250
  199 -983.511308     5
  200 941.941535 21020
  201 4162.564902 11709
  202 618.700664 17541
  203 -135.458437     3
  204 -597.052267     5
  205 3231.828064 25824
  206 -376.963659     2
  207 2644.869862 15814
  208 5686.054800 25022
  209 -1164.984446     5
  210 45.294759  5251
  211 345.881784  6080
  212 8823.023592 20517
  213 3034.889296 28377
  214 21146.759794 -3191
  215 -739.479725     5
  216 -682.316178     7
  217 288.113035  6281
  218 940.553154 26838
  219 -972.195664     3
  220 -1938.539335     0
  221 4383.214411 17350
  222 4896.379095 14458
  223 -182.687057     5
  224 31816.069153 -3122
  225 4917.164116 26527
  226 8464.014670 20425
  227 18273.207132 -3204
  228 23567.249847 29261
  229 510.125152 17613
  230 3238.070371 -3214
  231 22564.821972 30599
  232 31838.745178 27069
  233 1625.996041  7552
  234 -590.880847     3
  235 705.984017  9764
  236 -902.985676     2
  237 3070.860851 16817
  238 20632.699471 -2897
  239 3715.019634 13720
  240 -753.201898     4
  241 815.404343  5876
  242 23270.308433 -3192
  243 5697.458799 26854
  244 4407.198342 24497
  245 -96.482839     1
  246 -1146.901288     2
  247 107.762157  5546
  248 7021.002150 27208
  249 -1063.387156     3
  250 229.541868 12189
  251 14293.365457 -2797
  252 2999.196082 10355
  253 10179.608062 -3109
  254 12.314799  5080
  255 3915.922578 -2848
  256 10594.790553 28594
  257 436.376426 27728
  258 -145.305733     1
  259 4876.420942 17216
  260 27.180404  5214
  261 15523.484782 24666
  262 -632.971307     7
  263 20.234220  5074
  264 -270.834322     0
  265 -607.499817     6
  266 9786.492354 21029
  267 7595.672439 21240
  268 17905.852829 32269
  269 2970.241246 28404
  270 -511.547987     7
  271 320.827732  8066
  272 5235.462651 -3250
  273 4681.412018  8236
  274 7228.793471 13977
  275 -1878.524327     2
  276 13566.124094 30687
  277 11621.182890 31575
  278 2874.487747 28229
  279 5594.087339 -2983
  280 -1260.963126     2
  281 2519.943545 28859
  282 3966.181758 11530
  283 -582.812139     7
  284 2174.036826 15765
  285 4509.777491 20705
  286 15040.122583 29767
  287 5706.174860 19460
  288 10014.015396 22963
  289 9519.112289 21428
  290 -1.473631     6
  291 15320.773232 31421
  292 2773.843904 26578
  293 881.058578 15799
  294 2067.453642  8784
  295 -1826.050700     8
  296 -1083.248962     2
  297 11254.148076 -3018
  298 3065.425645 23046
  299 5485.747768 19927
  300 5371.109284 24137
