300
    1 0.504369  5001
    2 5298.231681 21119
    3 3199.082941 27552
    4 21990.535819 -2979
    5 18095.033207 -3267
    6 7427.135316 22605
    7 -49.842291     0
    8 13608.163022 -2786
    9 -180.782185     9
   10 3124.065920 10019
   11 2261.293513 16402
   12 -714.716130     2
   13 1504.974720 12882
   14 18875.197846 25490
   15 1757.328893 10438
   16 4709.670800 23433
   17 -1302.199639     5
   18 9109.510974 17080
   19 145.634721 11863
   20 4526.837653 28698
   21 -1433.309782     1
   22 136.950335  6611
   23 267.755001  5525
   24 -354.573124     6
   25 -425.811539     8
   26 -2092.318170     1
   27 4346.415859 25096
   28 -1763.399947     8
   29 -3383.809292     7
   30 14077.685150 -3202
   31 28145.934840 29956
   32 10681.793033 23649
   33 -2069.708812     5
   34 10780.570561 19086
   35 -1082.352140     1
   36 213.855172  5763
   37 18216.663537 19573
   38 1934.008682 27063
   39 -506.287947     7
   40 3202.741973 23419
   41 8555.179083 26823
   42 -2047.280229     2
   43 1154.411856 20275
   44 3310.540931 20882
   45 5174.971896 19868
   46 -1909.146076     8
   47 -1445.226270     7
   48 -217.460419     1
   49 430.177722  7208
   50 -268.750971     1
   51 -257.092083     2
   52 2137.572584 24961
   53 928.296758 25395
   54 80.338328 31497
   55 -971.910201     1
   56 11071.393294 22654
   57 855.217257  9613
   58 -858.161877     3
   59 7177.014148 19985
   60 391.952094  7593
   61 4726.856758 15343
   62 16923.679777 -2908
   63 -1052.304172     6
   64 -23.681740     5
   65 504.090133  7104
   66 -925.716850     3
   67 -2361.503203     0
   68 15197.410733 25634
   69 16294.750098 22064
   70 -571.322575     3
   71 5173.604348 26647
   72 16759.655512 30568
   73 -1442.774442     1
   74 1983.382880 23628
   75 232.923124  6257
   76 9116.616309 19979
   77 -1866.138779     9
   78 8233.347727 18258
   79 192.784283  7568
   80 8756.672039 27553
   81 4258.217039 17082
   82 -423.193653     2
   83 579.399955 20949
   84 4974.444110 27106
   85 10329.439988 18544
   86 3966.858126 11255
   87 7048.145828 28714
   88 812.658155 13149
   89 16456.608819 -3029
   90 -209.552640     4
   91 8342.592434 15842
   92 2031.239939 11271
   93 7809.216069 20863
   94 3103.311279 28772
   95 -438.137070     5
   96 -1971.876181     9
   97 -46.208096     9
   98 10507.799978 26222
   99 329.336193  6573
  100 13419.992175 27037
  101 338.182925  5828
  102 -1320.508076     9
  103 5847.094764 17746
  104 -385.681637     1
  105 98.262397  5314
  106 1145.821052 -3121
  107 929.559585 28962
  108 -1974.273143     1
  109 7952.946565 28513
  110 1401.635905 17081
  111 19034.275712 -2851
  112 269.987682 18467
  113 3098.211749 32528
  114 -766.610568     4
  115 -263.591820     9
  116 3484.558361 15984
  117 7980.461152 -3174
  118 -1377.508270     8
  119 397.798453 -2932
  120 726.554841 -2959
  121 2704.498970 24028
  122 -636.403204     1
  123 1423.588616 -2860
  124 13998.391331 27549
  125 12861.853043 -2858
  126 8707.596780 -3047
  127 18886.686315 31634
  128 -848.039422     5
  129 3846.956833 13009
  130 -39.261835     9
  131 5550.677465 23283
  132 7370.799329 19384
  133 1562.763183 19765
  134 10777.118877 19456
  135 13210.537039 -3258
  136 141.176017  6602
  137 481.916467  9234
  138 3576.829237 18370
  139 1276.503808 11832
  140 14268.287445 28847
  141 1129.415212 11524
  142 2272.412563 30512
  143 -190.778454     7
  144 16914.434633 26094
  145 16379.631007 28238
  146 -1153.713490     4
  147 7225.008119 28525
  148 -312.499741     4
  149 -856.529593     7
  150 189.832311  5294
  151 6916.285620 15172
  152 -601.807176     8
  153 4318.045982 26958
  154 14598.852968 -3076
  155 -1271.281840     1
  156 10160.470946 24828
  157 -1299.354362     7
  158 45.657273  5731
  159 -316.135549     1
  160 5810.160079 20722
  161 382.754126  8195
  162 237.030117  6887
  163 877.876080  8101
  164 778.510613  7558
  165 -658.979855     9
  166 -868.802764     1
  167 1480.349970 12462
  168 -1323.359698     9
  169 155.121593  6250
  170 4753.771000 22861
  171 378.607608 18695
  172 13487.702556 29490
  173 -1467.178438     7
  174 -903.669379     1
  175 -168.338560     8
  176 13323.881402 30213
  177 -2801.020306     9
  178 -3214.525897     4
  179 1477.492278 16841
  180 5804.898019 31142
  181 4063.753415  8905
  182 4918.844856 23518
  183 10707.311953 31181
  184 -630.436774     0
  185 3857.038774 11201
  186 -444.528484     3
  187 -2354.711523     1
  188 387.411905  8731
  189 -692.460723     0
  190 311.259474  5594
  191 3142.512070 25258
  192 1470.059193 13869
  193 2470.131062 16140
  194 -2652.642162     1
  195 -167.943896     4
  196 4304.797023 -3187
  197 5493.915312 12350
  198 19541.965105 29250
  199 -623.458786     5
  200 9271.028963 21020
  201 4025.059633 11709
  202 7515.843009 17541
  203 -250.635812     3
  204 -130.175700     5
  205 981.975171 25824
  206 -592.666155     2
  207 1671.587324 15814
  208 6003.751598 25022
  209 -1040.097213     5
  210 117.176147  5251
  211 1199.145540  6080
  212 324.749737 20517
  213 13134.484192 28377
  214 8786.146203 -3191
  215 -418.831135     5
  216 -1565.969317     7
  217 1332.052946  6281
  218 5488.256374 26838
  219 -296.600025     3
  220 -482.139057     0
  221 2478.179299 17350
  222 2003.512961 14458
  223 -1600.651520     5
  224 1575.084706 -3122
  225 2732.173865 26527
  226 2225.357149 20425
  227 4513.474732 -3204
  228 2921.525154 29261
  229 1413.899669 17613
  230 16126.756527 -3214
  231 1761.674072 30599
  232 1289.263349 27069
  233 266.776817  7552
  234 -1931.073041     3
  235 4663.904552  9764
  236 -839.000876     2
  237 1618.137915 16817
  238 2247.240778 -2897
  239 3853.501390 13720
  240 -1480.673334     4
  241 419.368704  5876
  242 644.207721 -3192
  243 658.657522 26854
  244 15304.086387 24497
  245 -100.246053     1
  246 -1267.095959     2
  247 51.280816  5546
  248 7100.444093 27208
  249 -881.307777     3
  250 4014.233522 12189
  251 36765.075496 -2797
  252 1949.072639 10355
  253 5127.150947 -3109
  254 29.149793  5080
  255 12067.707351 -2848
  256 9677.710695 28594
  257 11617.412407 27728
  258 -1952.646608     1
  259 7153.269860 17216
  260 77.785003  5214
  261 11161.932254 24666
  262 -1107.083339     7
  263 81.957013  5074
  264 -892.146951     0
  265 -1045.182178     6
  266 8542.401538 21029
  267 10836.750033 21240
  268 18899.539958 32269
  269 319.569345 28404
  270 -245.526735     7
  271 276.951856  8066
  272 6923.637661 -3250
  273 2268.816224  8236
  274 8403.032664 13977
  275 -281.050181     2
  276 16706.419467 30687
  277 4483.768325 31575
  278 1780.859869 28229
  279 485.961505 -2983
  280 -715.853846     2
  281 1214.784311 28859
  282 2946.776552 11530
  283 -521.280651     7
  284 1644.569696 15765
  285 4356.445562 20705
  286 186.021136 29767
  287 5760.096599 19460
  288 2532.632814 22963
  289 5243.982819 21428
  290 -1315.308497     6
  291 31391.937259 31421
  292 9531.848482 26578
  293 4976.069017 15799
  294 938.144165  8784
  295 -1709.625776     8
  296 -1090.474983     2
  297 49049.466167 -3018
  298 2625.635737 23046
  299 6959.788822 19927
  300 9265.442705 24137
