300
    1 0.695169  5001
    2 4032.867123 21119
    3 2114.122629 27552
    4 15575.503194 -2979
    5 612.180643 -3267
    6 13396.080718 22605
    7 -486.520972     0
    8 13428.102796 -2786
    9 -2131.405328     9
   10 3993.648749 10019
   11 13259.211164 16402
   12 -617.326782     2
   13 299.769655 12882
   14 2115.641696 25490
   15 1154.339143 10438
   16 11369.906822 23433
   17 -486.981961     5
   18 1581.079086 17080
   19 931.698240 11863
   20 7735.793638 28698
   21 -76.476627     1
   22 185.489123  6611
   23 144.126981  5525
   24 -165.944799     6
   25 -826.701247     8
   26 -1763.278095     1
   27 4828.999635 25096
   28 -1259.164602     8
   29 -1175.193256     7
   30 2209.566070 -3202
   31 772.210029 29956
   32 2055.396579 23649
   33 -131.399016     5
   34 1936.395968 19086
   35 -1282.218311     1
   36 639.280543  5763
   37 4069.382105 19573
   38 15206.844791 27063
   39 -816.302717     7
   40 9057.487296 23419
   41 875.987152 26823
   42 -1527.952941     2
   43 7236.332342 20275
   44 714.880614 20882
   45 9269.912046 19868
   46 -514.655369     8
   47 -59.092295     7
   48 -1427.380042     1
   49 979.123858  7208
   50 -892.220381     1
   51 -1728.233194     2
   52 7974.036124 24961
   53 6835.443233 25395
   54 10621.514975 31497
   55 -510.665111     1
   56 4691.514419 22654
   57 383.867522  9613
   58 -1006.397714     3
   59 5342.219851 19985
   60 932.804394  7593
   61 5669.554616 15343
   62 17949.026160 -2908
   63 -1269.815656     6
   64 -2237.049550     5
   65 42.484255  7104
   66 -792.766491     3
   67 -2497.083462     0
   68 9038.487418 25634
   69 10207.646504 22064
   70 -1467.819263     3
   71 2611.741510 26647
   72 1377.383161 30568
   73 -1717.614041     1
   74 11614.502019 23628
   75 1228.483761  6257
   76 7154.288302 19979
   77 -1364.595637     9
   78 4407.139239 18258
   79 1148.828438  7568
   80 4241.611323 27553
   81 5558.599882 17082
   82 -1194.795541     2
   83 9718.969168 20949
   84 19593.565634 27106
   85 13265.482858 18544
   86 3443.581993 11255
   87 24249.071129 28714
   88 139.565697 13149
   89 17827.524122 -3029
   90 -1583.182398     4
   91 3026.160605 15842
   92 953.183615 11271
   93 7669.682992 20863
   94 13450.415680 28772
   95 -262.345523     5
   96 -1811.292254     9
   97 -2140.305732     9
   98 4726.163467 26222
   99 139.102127  6573
  100 4069.431717 27037
  101 254.983256  5828
  102 -61.885016     9
  103 4051.128990 17746
  104 -1496.821058     1
  105 82.911735  5314
  106 22968.437263 -3121
  107 10786.764746 28962
  108 -1013.157458     1
  109 21230.358254 28513
  110 2557.639867 17081
  111 6090.736073 -2851
  112 3986.122307 18467
  113 2166.400874 32528
  114 -1660.705513     4
  115 -604.901626     9
  116 11615.052684 15984
  117 36418.892820 -3174
  118 -3.338937     8
  119 3063.917743 -2932
  120 6798.738269 -2959
  121 379.226012 24028
  122 -1489.097943     1
  123 5797.540008 -2860
  124 15521.506185 27549
  125 21404.185865 -2858
  126 13959.984762 -3047
  127 29904.453140 31634
  128 -43.626344     5
  129 7024.307412 13009
  130 -1519.613991     9
  131 3192.945286 23283
  132 3370.885103 19384
  133 7006.181067 19765
  134 9149.257789 19456
  135 5294.179945 -3258
  136 93.045540  6602
  137 329.345475  9234
  138 1696.672620 18370
  139 9520.833051 11832
  140 18274.318143 28847
  141 4159.425277 11524
  142 2297.068621 30512
  143 -1383.695616     7
  144 8221.989376 26094
  145 3854.010393 28238
  146 -1413.169320     4
  147 14076.631194 28525
  148 -1305.825865     4
  149 -298.600631     7
  150 117.382551  5294
  151 439.325503 15172
  152 -799.044659     8
  153 19539.277452 26958
  154 3363.339381 -3076
  155 -38.198548     1
  156 8983.336816 24828
  157 -269.046209     7
  158 314.757109  5731
  159 -619.352492     1
  160 5549.284698 20722
  161 364.857694  8195
  162 722.548826  6887
  163 249.897678  8101
  164 508.577183  7558
  165 -700.844745     9
  166 -616.945919     1
  167 662.500002 12462
  168 -1267.430940     9
  169 891.581478  6250
  170 6965.597741 22861
  171 12473.931410 18695
  172 23486.951513 29490
  173 -1550.630892     7
  174 -1855.174627     1
  175 -664.802882     8
  176 2325.741979 30213
  177 -1827.504579     9
  178 -1851.901599     4
  179 6855.441998 16841
  180 1350.914156 31142
  181 121.624338  8905
  182 4048.789677 23518
  183 22.698005 31181
  184 -15.879621     0
  185 482.187065 11201
  186 -1737.441102     3
  187 -1084.741766     1
  188 1126.929354  8731
  189 -1131.565171     0
  190 464.300339  5594
  191 7897.803742 25258
  192 1206.227112 13869
  193 9763.035928 16140
  194 -1167.174703     1
  195 -4258.522333     4
  196 23057.653657 -3187
  197 1168.761314 12350
  198 5038.122017 29250
  199 -1718.117022     5
  200 16315.102378 21020
  201 3618.985736 11709
  202 8513.488428 17541
  203 -968.956166     3
  204 -2016.056100     5
  205 4462.675691 25824
  206 -223.581125     2
  207 1895.021764 15814
  208 5799.921871 25022
  209 -73.812765     5
  210 20.309942  5251
  211 547.604347  6080
  212 17525.343038 20517
  213 13677.875132 28377
  214 11175.072299 -3191
  215 -490.407227     5
  216 -1762.417287     7
  217 650.102417  6281
  218 13452.453183 26838
  219 -1444.966726     3
  220 -1579.228773     0
  221 2902.033181 17350
  222 2749.775554 14458
  223 -632.704211     5
  224 2143.985750 -3122
  225 12391.232281 26527
  226 761.890783 20425
  227 30310.205077 -3204
  228 5961.453395 29261
  229 819.414636 17613
  230 13142.876492 -3214
  231 6211.076920 30599
  232 6711.803292 27069
  233 185.527395  7552
  234 -2446.743386     3
  235 2451.838633  9764
  236 -943.402136     2
  237 6737.192840 16817
  238 12661.234787 -2897
  239 1831.963801 13720
  240 -2114.417195     4
  241 588.907997  5876
  242 8799.188519 -3192
  243 9550.210463 26854
  244 3248.830578 24497
  245 -369.463225     1
  246 -2166.489669     2
  247 270.713450  5546
  248 4390.213896 27208
  249 -25.688694     3
  250 2959.258637 12189
  251 5325.369316 -2797
  252 4914.286700 10355
  253 24441.474377 -3109
  254 3.096265  5080
  255 12904.141892 -2848
  256 5687.246079 28594
  257 4406.384528 27728
  258 -2694.191927     1
  259 7546.057346 17216
  260 85.876602  5214
  261 13034.534209 24666
  262 -23.088870     7
  263 51.703769  5074
  264 -1363.771236     0
  265 -1371.496561     6
  266 5817.147003 21029
  267 4347.838696 21240
  268 25090.021851 32269
  269 7464.531509 28404
  270 -603.826133     7
  271 406.986502  8066
  272 3348.113658 -3250
  273 1777.411432  8236
  274 1637.529704 13977
  275 -1707.667778     2
  276 1655.733627 30687
  277 3781.808581 31575
  278 8646.153069 28229
  279 9561.746344 -2983
  280 -2027.877870     2
  281 10521.558410 28859
  282 2604.290290 11530
  283 -164.220013     7
  284 7608.348887 15765
  285 8656.635747 20705
  286 5601.236630 29767
  287 3252.746803 19460
  288 14862.694335 22963
  289 731.809627 21428
  290 -1005.343348     6
  291 16943.797732 31421
  292 5495.458957 26578
  293 5452.079848 15799
  294 1389.326308  8784
  295 -820.311452     8
  296 -270.082075     2
  297 2919.012996 -3018
  298 5252.660547 23046
  299 9229.501521 19927
  300 601.553231 24137
