300
    1 0.158109  5001
    2 4829.185542 21119
    3 1679.531340 27552
    4 15825.500807 -2979
    5 3987.534032 -3267
    6 9443.383937 22605
    7 -932.612243     0
    8 3300.342950 -2786
    9 -519.151332     9
   10 232.372185 10019
   11 7337.004585 16402
   12 -193.055417     2
   13 4600.868539 12882
   14 13724.629880 25490
   15 1885.813296 10438
   16 4546.282811 23433
   17 -935.618253     5
   18 2472.854713 17080
   19 3856.889000 11863
   20 22900.414789 28698
   21 -493.676547     1
   22 50.597539  6611
   23 861.401646  5525
   24 -1938.860655     6
   25 -165.114244     8
   26 -573.811646     1
   27 2703.984207 25096
   28 -1696.119765     8
   29 -1422.877739     7
   30 21763.035767 -3202
   31 9125.659225 29956
   32 10196.608522 23649
   33 -1286.325558     5
   34 4240.971122 19086
   35 -2419.716715     1
   36 242.442422  5763
   37 13325.127084 19573
   38 215.647269 27063
   39 -297.619633     7
   40 2655.933227 23419
   41 2724.940933 26823
   42 -1147.414401     2
   43 6292.376652 20275
   44 14941.530852 20882
   45 5567.157381 19868
   46 -1072.168971     8
   47 -107.732911     7
   48 -1590.856510     1
   49 497.693473  7208
   50 -747.891176     1
   51 -670.017462     2
   52 21264.247881 24961
   53 2548.118796 25395
   54 5270.432595 31497
   55 -3869.218370     1
   56 14566.339525 22654
   57 2964.016222  9613
   58 -133.261310     3
   59 4683.686337 19985
   60 1574.677413  7593
   61 1492.432930 15343
   62 18730.857030 -2908
   63 -685.694023     6
   64 -872.536530     5
   65 2.444502  7104
   66 -1559.572012     3
   67 -526.920848     0
   68 4682.696739 25634
   69 13761.218020 22064
   70 -495.900295     3
   71 663.733464 26647
   72 34045.897998 30568
   73 -414.574832     1
   74 5136.715975 23628
   75 274.253895  6257
   76 844.181854 19979
   77 -899.858695     9
   78 4908.824057 18258
   79 357.580813  7568
   80 18276.071057 27553
   81 3325.895137 17082
   82 -951.610891     2
   83 1775.500834 20949
   84 21395.186598 27106
   85 772.009875 18544
   86 1932.194081 11255
   87 17357.439793 28714
   88 196.017844 13149
   89 7162.864749 -3029
   90 -1081.769212     4
   91 2335.678231 15842
   92 2349.974533 11271
   93 5407.352904 20863
   94 19853.612860 28772
   95 -119.590933     5
   96 -32.759254     9
   97 -1538.672506     9
   98 411.122989 26222
   99 69.776550  6573
  100 10117.944364 27037
  101 875.751317  5828
  102 -1323.101840     9
  103 7534.489226 17746
  104 -747.207176     1
  105 45.656006  5314
  106 10484.626285 -3121
  107 9978.184446 28962
  108 -500.086691     1
  109 3326.874111 28513
  110 943.873070 17081
  111 9771.655380 -2851
  112 4275.903851 18467
  113 28024.947034 32528
  114 -779.869976     4
  115 -40.705224     9
  116 1376.890092 15984
  117 20942.921866 -3174
  118 -497.662861     8
  119 5261.823376 -2932
  120 8251.005394 -2959
  121 9362.762075 24028
  122 -1553.737247     1
  123 11748.892618 -2860
  124 17051.181478 27549
  125 13383.247844 -2858
  126 12252.048205 -3047
  127 2583.033775 31634
  128 -1681.436967     5
  129 6496.124299 13009
  130 -926.452406     9
  131 9967.125961 23283
  132 1017.145610 19384
  133 5952.737768 19765
  134 223.326364 19456
  135 11523.460200 -3258
  136 947.459416  6602
  137 2785.284695  9234
  138 7304.471835 18370
  139 1724.660555 11832
  140 21506.806624 28847
  141 1492.488002 11524
  142 17790.102990 30512
  143 -507.265823     7
  144 11371.753740 26094
  145 9476.723957 28238
  146 -733.728827     4
  147 14695.058420 28525
  148 -776.575996     4
  149 -1820.527290     7
  150 37.793019  5294
  151 5501.412348 15172
  152 -3270.738053     8
  153 9740.452262 26958
  154 6656.649346 -3076
  155 -633.085393     1
  156 6091.164184 24828
  157 -209.927228     7
  158 347.256331  5731
  159 -282.721391     1
  160 588.824242 20722
  161 1887.368187  8195
  162 36.084881  6887
  163 169.793985  8101
  164 1052.121086  7558
  165 -1913.732491     9
  166 -1164.066582     1
  167 599.379619 12462
  168 -1553.868736     9
  169 441.179447  6250
  170 9548.393023 22861
  171 7901.503765 18695
  172 19454.333951 29490
  173 -2070.833222     7
  174 -6.848148     1
  175 -3563.013066     8
  176 12941.135339 30213
  177 -743.131676     9
  178 -1386.567391     4
  179 405.215840 16841
  180 13076.749135 31142
  181 451.632258  8905
  182 14489.307969 23518
  183 7312.733624 31181
  184 -1141.587597     0
  185 2394.943893 11201
  186 -1802.333013     3
  187 -2666.273432     1
  188 900.671019  8731
  189 -3259.136714     0
  190 108.362195  5594
  191 16743.313191 25258
  192 7612.596034 13869
  193 2682.138147 16140
  194 -1250.024558     1
  195 -38.873504     4
  196 21230.816650 -3187
  197 2658.297734 12350
  198 11518.224232 29250
  199 -1084.978899     5
  200 1947.455543 21020
  201 763.408930 11709
  202 9341.956319 17541
  203 -2625.809263     3
  204 -364.080789     5
  205 21783.527057 25824
  206 -3684.624692     2
  207 7758.422804 15814
  208 6074.763261 25022
  209 -246.005310     5
  210 162.842865  5251
  211 390.788144  6080
  212 4037.165381 20517
  213 8651.930921 28377
  214 5483.478284 -3191
  215 -1888.067455     5
  216 -1924.561219     7
  217 901.223489  6281
  218 3399.234099 26838
  219 -1409.766298     3
  220 -332.725758     0
  221 3150.791570 17350
  222 1257.610950 14458
  223 -687.396961     5
  224 3422.104559 -3122
  225 5250.610537 26527
  226 9341.835115 20425
  227 9118.825014 -3204
  228 6309.202618 29261
  229 1371.219086 17613
  230 1122.496718 -3214
  231 3538.423200 30599
  232 4726.704065 27069
  233 69.994083  7552
  234 -889.867462     3
  235 4749.431921  9764
  236 -85.199694     2
  237 10539.639525 16817
  238 19566.110375 -2897
  239 2604.713053 13720
  240 -292.925696     4
  241 395.294809  5876
  242 9849.295962 -3192
  243 598.004819 26854
  244 17977.579443 24497
  245 -431.111238     1
  246 -1273.543349     2
  247 478.864965  5546
  248 17853.735004 27208
  249 -22.421531     3
  250 352.807557 12189
  251 31624.191824 -2797
  252 1465.570682 10355
  253 3272.612068 -3109
  254 8.958835  5080
  255 10410.171944 -2848
  256 17753.392199 28594
  257 4899.345943 27728
  258 -722.497983     1
  259 309.436967 17216
  260 103.921556  5214
  261 14997.055465 24666
  262 -220.863611     7
  263 27.596037  5074
  264 -62.038792     0
  265 -248.721371     6
  266 5826.510981 21029
  267 1392.008068 21240
  268 2271.865087 32269
  269 16934.585025 28404
  270 -2008.258841     7
  271 1052.431079  8066
  272 11894.561513 -3250
  273 239.960008  8236
  274 274.063324 13977
  275 -2005.146014     2
  276 4278.758118 30687
  277 598.896767 31575
  278 2387.585188 28229
  279 1915.380135 -2983
  280 -596.004156     2
  281 7158.174709 28859
  282 3520.911395 11530
  283 -844.666367     7
  284 7542.978813 15765
  285 6427.515061 20705
  286 9027.799246 29767
  287 4239.669265 19460
  288 16194.222809 22963
  289 12054.264635 21428
  290 -1592.762475     6
  291 26212.564098 31421
  292 7445.674924 26578
  293 1192.273291 15799
  294 734.279358  8784
  295 -2216.707637     8
  296 -618.828487     2
  297 3310.889252 -3018
  298 575.604308 23046
  299 4072.237110 19927
  300 4734.560003 24137
