300
    1 0.254244  5001
    2 6055.758545 21119
    3 12505.543995 27552
    4 27564.334459 -2979
    5 5125.293730 -3267
    6 5845.523775 22605
    7 -529.939587     0
    8 3973.465789 -2786
    9 -835.984589     9
   10 3408.999409 10019
   11 4053.499010 16402
   12 -201.406388     2
   13 3535.709645 12882
   14 5976.794153 25490
   15 4391.808059 10438
   16 2997.541808 23433
   17 -1457.322914     5
   18 2443.758659 17080
   19 2265.453374 11863
   20 16583.713671 28698
   21 -134.336750     1
   22 732.259933  6611
   23 7.649688  5525
   24 -721.141500     6
   25 -362.626989     8
   26 -293.512405     1
   27 3888.027745 25096
   28 -1500.119471     8
   29 -737.443462     7
   30 1001.317216 -3202
   31 7688.938423 29956
   32 4031.277628 23649
   33 -2308.046888     5
   34 5153.032777 19086
   35 -1067.705649     1
   36 582.093629  5763
   37 6987.820497 19573
   38 13911.403578 27063
   39 -409.019366     7
   40 9965.968223 23419
   41 4647.502511 26823
   42 -15.453073     2
   43 4446.251813 20275
   44 11403.639344 20882
   45 5740.689374 19868
   46 -971.911019     8
   47 -29.894718     7
   48 -1738.589087     1
   49 665.784638  7208
   50 -1093.604210     1
   51 -277.507541     2
   52 1253.315493 24961
   53 4746.901193 25395
   54 7688.491230 31497
   55 -519.639823     1
   56 553.815888 22654
   57 4448.032859  9613
   58 -383.387406     3
   59 5520.757436 19985
   60 1286.567330  7593
   61 7588.873775 15343
   62 25970.402159 -2908
   63 -1349.279314     6
   64 -353.790757     5
   65 601.245703  7104
   66 -1310.056950     3
   67 -1553.839709     0
   68 10150.014648 25634
   69 504.997488 22064
   70 -34.209978     3
   71 2890.580516 26647
   72 3006.164701 30568
   73 -367.952484     1
   74 7395.467061 23628
   75 886.747995  6257
   76 7395.687424 19979
   77 -3052.146797     9
   78 8599.854666 18258
   79 3179.560039  7568
   80 428.397175 27553
   81 1061.835499 17082
   82 -387.017944     2
   83 2519.981706 20949
   84 924.206341 27106
   85 4032.096562 18544
   86 2170.932351 11255
   87 4597.008112 28714
   88 6607.602051 13149
   89 11927.898896 -3029
   90 -1296.479031     4
   91 4770.780718 15842
   92 2442.461085 11271
   93 11074.321802 20863
   94 10765.807483 28772
   95 -164.849563     5
   96 -990.931726     9
   97 -778.589920     9
   98 13179.100032 26222
   99 86.191376  6573
  100 951.783137 27037
  101 49.868361  5828
  102 -367.425546     9
  103 3126.143491 17746
  104 -39.315218     1
  105 31.877381  5314
  106 5147.553646 -3121
  107 2751.138243 28962
  108 -146.794551     1
  109 2891.527299 28513
  110 1857.818557 17081
  111 1067.546941 -2851
  112 13065.146500 18467
  113 11147.167741 32528
  114 -1133.355201     4
  115 -2241.368183     9
  116 3250.031928 15984
  117 18926.685379 -3174
  118 -187.519607     8
  119 22428.418496 -2932
  120 17304.270793 -2959
  121 26659.915101 24028
  122 -1472.426990     1
  123 39924.782817 -2860
  124 6.790731 27549
  125 12018.263586 -2858
  126 8285.833585 -3047
  127 2817.677481 31634
  128 -318.077148     5
  129 6334.405314 13009
  130 -909.333856     9
  131 4098.715656 23283
  132 7956.203655 19384
  133 1234.780487 19765
  134 757.440212 19456
  135 15431.829331 -3258
  136 793.688886  6602
  137 2678.142649  9234
  138 1482.445939 18370
  139 3327.322647 11832
  140 5154.295752 28847
  141 4395.876299 11524
  142 27262.273429 30512
  143 -2168.265035     7
  144 1401.807611 26094
  145 8586.391579 28238
  146 -900.280738     4
  147 15636.642686 28525
  148 -90.839865     4
  149 -788.220427     7
  150 365.074397  5294
  151 6200.983203 15172
  152 -1035.682078     8
  153 2634.696739 26958
  154 15299.901719 -3076
  155 -1305.491385     1
  156 10342.449475 24828
  157 -5.070977     7
  158 632.657340  5731
  159 -470.977984     1
  160 3958.293588 20722
  161 579.728793  8195
  162 1007.375130  6887
  163 27.974224  8101
  164 184.060725  7558
  165 -2327.135200     9
  166 -624.257303     1
  167 3391.646708 12462
  168 -546.849475     9
  169 440.418150  6250
  170 19570.904808 22861
  171 5422.450317 18695
  172 17070.071166 29490
  173 -942.601574     7
  174 -1050.582466     1
  175 -394.488035     8
  176 13367.811148 30213
  177 -742.821177     9
  178 -278.109982     4
  179 11841.425616 16841
  180 1914.672447 31142
  181 2958.826472  8905
  182 3586.861457 23518
  183 29687.544962 31181
  184 -865.160813     0
  185 555.989745 11201
  186 -664.052667     3
  187 -661.469455     1
  188 1524.039675  8731
  189 -21.048721     0
  190 525.582907  5594
  191 8017.707683 25258
  192 1960.629565 13869
  193 1707.016435 16140
  194 -2366.186353     1
  195 -659.114024     4
  196 8855.006594 -3187
  197 1966.614594 12350
  198 29484.870346 29250
  199 -485.944316     5
  200 2612.736523 21020
  201 4449.282077 11709
  202 6999.165032 17541
  203 -1469.950226     3
  204 -1050.200785     5
  205 15812.849801 25824
  206 -221.594457     2
  207 325.820024 15814
  208 1000.985538 25022
  209 -2496.035511     5
  210 268.400367  5251
  211 77.204341  6080
  212 6640.312838 20517
  213 801.201971 28377
  214 11433.057453 -3191
  215 -2195.198831     5
  216 -315.972326     7
  217 797.475553  6281
  218 1352.807852 26838
  219 -562.928083     3
  220 -609.058752     0
  221 3415.910745 17350
  222 5300.154569 14458
  223 -806.804467     5
  224 7489.508146 -3122
  225 25689.722960 26527
  226 8236.620804 20425
  227 22476.546578 -3204
  228 986.436222 29261
  229 2124.517408 17613
  230 4762.946321 -3214
  231 3794.382180 30599
  232 3683.843773 27069
  233 1008.181309  7552
  234 -2395.280873     3
  235 760.275367  9764
  236 -180.666646     2
  237 2906.834166 16817
  238 13879.384354 -2897
  239 172.807974 13720
  240 -1194.718133     4
  241 767.412948  5876
  242 3478.959381 -3192
  243 7904.969403 26854
  244 532.160849 24497
  245 -1406.865996     1
  246 -101.376524     2
  247 36.201630  5546
  248 240.294967 27208
  249 -386.670093     3
  250 5985.161651 12189
  251 15770.982580 -2797
  252 3559.113933 10355
  253 12027.506084 -3109
  254 33.427626  5080
  255 17651.337607 -2848
  256 10150.235922 28594
  257 3828.882967 27728
  258 -557.184455     1
  259 3262.165075 17216
  260 96.938201  5214
  261 14749.442881 24666
  262 -1680.253015     7
  263 8.101590  5074
  264 -2594.593154     0
  265 -2160.630601     6
  266 9832.049404 21029
  267 11818.089385 21240
  268 34053.793686 32269
  269 9508.128781 28404
  270 -961.250654     7
  271 439.040333  8066
  272 7830.830441 -3250
  273 1371.071317  8236
  274 2376.834688 13977
  275 -586.276351     2
  276 17853.201814 30687
  277 8678.342665 31575
  278 2794.294385 28229
  279 10391.472566 -2983
  280 -25.355081     2
  281 9673.546901 28859
  282 1168.115925 11530
  283 -1094.374722     7
  284 3183.211990 15765
  285 12629.270196 20705
  286 2244.128048 29767
  287 10637.930691 19460
  288 9382.787343 22963
  289 4342.217557 21428
  290 -1640.990336     6
  291 3413.956806 31421
  292 14192.947130 26578
  293 1956.352246 15799
  294 115.436544  8784
  295 -580.413318     8
  296 -346.201239     2
  297 4933.058218 -3018
  298 7194.076675 23046
  299 1096.102996 19927
  300 6347.462554 24137
