300
    1 0.032581  5001
    2 3879.072231 21119
    3 23653.309013 27552
    4 21331.279140 -2979
    5 22001.731727 -3267
    6 4485.761512 22605
    7 -341.018175     0
    8 1681.761914 -2786
    9 -181.546115     9
   10 912.735286 10019
   11 3793.648907 16402
   12 -1304.646716     2
   13 2312.978922 12882
   14 2772.776040 25490
   15 1993.224081 10438
   16 5592.153359 23433
   17 -2193.995260     5
   18 6126.615371 17080
   19 1212.637835 11863
   20 7360.140616 28698
   21 -371.134737     1
   22 179.488984  6611
   23 44.152728  5525
   24 -1265.224879     6
   25 -179.384858     8
   26 -784.232297     1
   27 6178.479236 25096
   28 -2555.492427     8
   29 -552.502506     7
   30 3705.154844 -3202
   31 17601.477694 29956
   32 10353.279310 23649
   33 -317.619409     5
   34 3991.227351 19086
   35 -2668.046002     1
   36 38.576374  5763
   37 526.347524 19573
   38 7285.397899 27063
   39 -664.116398     7
   40 15116.208092 23419
   41 7805.615695 26823
   42 -1101.703065     2
   43 6126.682977 20275
   44 15068.826982 20882
   45 6169.025475 19868
   46 -2343.957383     8
   47 -2165.849898     7
   48 -508.490926     1
   49 236.720151  7208
   50 -915.460701     1
   51 -263.858608     2
   52 1933.271880 24961
   53 5150.029722 25395
   54 11561.849809 31497
   55 -324.020516     1
   56 7495.901139 22654
   57 3392.175194  9613
   58 -2963.578669     3
   59 445.072245 19985
   60 88.144806  7593
   61 2395.432842 15343
   62 18697.627139 -2908
   63 -364.641060     6
   64 -305.003542     5
   65 1179.558598  7104
   66 -326.230827     3
   67 -3153.571627     0
   68 5585.651486 25634
   69 679.328597 22064
   70 -516.096343     3
   71 11258.885699 26647
   72 17843.815239 30568
   73 -721.450853     1
   74 4304.744575 23628
   75 241.877673  6257
   76 1176.124389 19979
   77 -1623.007884     9
   78 562.089267 18258
   79 2628.862914  7568
   80 4455.810103 27553
   81 3610.213069 17082
   82 -374.154874     2
   83 4190.891850 20949
   84 7390.548710 27106
   85 2354.678913 18544
   86 5222.622160 11255
   87 7163.726031 28714
   88 4446.066205 13149
   89 25520.422657 -3029
   90 -500.317459     4
   91 1019.482240 15842
   92 1966.539529 11271
   93 8694.978723 20863
   94 2969.510623 28772
   95 -858.009358     5
   96 -348.928394     9
   97 -1083.242689     9
   98 12091.451729 26222
   99 573.581983  6573
  100 9714.822074 27037
  101 107.089621  5828
  102 -2501.539392     9
  103 7986.457105 17746
  104 -604.314759     1
  105 61.243043  5314
  106 9859.139028 -3121
  107 11369.586248 28962
  108 -119.111485     1
  109 44.488337 28513
  110 29.072186 17081
  111 10938.268434 -2851
  112 9373.257550 18467
  113 4180.573706 32528
  114 -1444.415949     4
  115 -1929.411308     9
  116 4493.808912 15984
  117 21.557159 -3174
  118 -724.035613     8
  119 2977.172407 -2932
  120 8507.657558 -2959
  121 1441.398286 24028
  122 -1046.376131     1
  123 13760.035082 -2860
  124 3848.520973 27549
  125 12909.510036 -2858
  126 7925.492632 -3047
  127 3178.765244 31634
  128 -1910.723445     5
  129 4988.856852 13009
  130 -599.384640     9
  131 4840.659490 23283
  132 724.492054 19384
  133 9261.659679 19765
  134 651.477615 19456
  135 5179.789602 -3258
  136 474.486212  6602
  137 582.348061  9234
  138 8976.625253 18370
  139 2716.485985 11832
  140 15466.825786 28847
  141 1542.637282 11524
  142 13637.088685 30512
  143 -861.880006     7
  144 1709.070698 26094
  145 12049.777840 28238
  146 -14.753624     4
  147 3682.706593 28525
  148 -745.973901     4
  149 -420.874248     7
  150 21.294892  5294
  151 4002.981063 15172
  152 -1256.001444     8
  153 1921.756782 26958
  154 20573.302909 -3076
  155 -574.963668     1
  156 452.621523 24828
  157 -1933.192440     7
  158 49.072480  5731
  159 -116.887495     1
  160 6646.751470 20722
  161 127.599208  8195
  162 1513.604643  6887
  163 1692.289114  8101
  164 1235.157669  7558
  165 -1464.808970     9
  166 -1729.695721     1
  167 1954.092776 12462
  168 -969.727136     9
  169 271.534221  6250
  170 1546.970390 22861
  171 5509.188998 18695
  172 11023.672698 29490
  173 -1645.006763     7
  174 -1932.998472     1
  175 -401.912888     8
  176 10741.532108 30213
  177 -636.686538     9
  178 -73.543575     4
  179 729.441901 16841
  180 25689.876503 31142
  181 592.497038  8905
  182 3501.698056 23518
  183 11148.039211 31181
  184 -205.660765     0
  185 7501.326105 11201
  186 -63.338044     3
  187 -2418.932867     1
  188 1317.067664  8731
  189 -440.776145     0
  190 26.784590  5594
  191 6315.242441 25258
  192 3244.255544 13869
  193 2014.508797 16140
  194 -2394.876255     1
  195 -637.846802     4
  196 14484.487423 -3187
  197 497.311740 12350
  198 7720.178801 29250
  199 -1284.870287     5
  200 636.153785 21020
  201 6022.313774 11709
  202 1391.343333 17541
  203 -109.740694     3
  204 -25.023547     5
  205 3964.719037 25824
  206 -533.527131     2
  207 5755.896447 15814
  208 7692.455124 25022
  209 -109.711422     5
  210 132.203421  5251
  211 505.382531  6080
  212 7818.493872 20517
  213 14663.391415 28377
  214 15531.851955 -3191
  215 -246.452697     5
  216 -706.588084     7
  217 215.632872  6281
  218 4411.188817 26838
  219 -2199.892766     3
  220 -381.853151     0
  221 1895.742208 17350
  222 1280.938071 14458
  223 -231.574936     5
  224 1999.254504 -3122
  225 17709.107911 26527
  226 9602.881776 20425
  227 1384.772651 -3204
  228 3527.256302 29261
  229 317.078309 17613
  230 6060.859396 -3214
  231 3138.522407 30599
  232 4611.041936 27069
  233 265.658148  7552
  234 -111.381085     3
  235 1692.627901  9764
  236 -913.753825     2
  237 2167.007826 16817
  238 8851.934384 -2897
  239 7198.848084 13720
  240 -2868.205983     4
  241 86.053032  5876
  242 8692.138246 -3192
  243 11480.922220 26854
  244 1979.144926 24497
  245 -851.324799     1
  246 -1009.482269     2
  247 180.847330  5546
  248 10018.542089 27208
  249 -260.851294     3
  250 2300.180229 12189
  251 8332.806781 -2797
  252 2284.219492 10355
  253 12055.745759 -3109
  254 7.900000  5080
  255 36091.576351 -2848
  256 8330.660024 28594
  257 5128.806295 27728
  258 -1882.966679     1
  259 3026.786373 17216
  260 104.259658  5214
  261 12039.206625 24666
  262 -852.459955     7
  263 7.079910  5074
  264 -1367.137636     0
  265 -517.754268     6
  266 3587.000155 21029
  267 10686.174513 21240
  268 19283.753210 32269
  269 1540.666925 28404
  270 -988.421257     7
  271 1574.588255  8066
  272 16212.700846 -3250
  273 614.015693  8236
  274 4094.834943 13977
  275 -422.969970     2
  276 17988.569177 30687
  277 12436.588028 31575
  278 10500.564697 28229
  279 18787.551988 -2983
  280 -290.215731     2
  281 7388.845137 28859
  282 578.394472 11530
  283 -336.530385     7
  284 5605.177889 15765
  285 4424.226966 20705
  286 6542.701951 29767
  287 6190.324063 19460
  288 2880.614196 22963
  289 1261.506388 21428
  290 -902.875092     6
  291 15199.724630 31421
  292 2750.599578 26578
  293 5040.309321 15799
  294 1833.526443  8784
  295 -866.249907     8
  296 -2682.585427     2
  297 5363.071327 -3018
  298 8563.631787 23046
  299 8531.628116 19927
  300 2406.965204 24137
