100
    1 0.452172     3
    2 6.118619    21
    3 5.185088    14
    4 2.833218    21
    5 0.365859     5
    6 3.710781     7
    7 3.155784     8
    8 0.261091    12
    9 6.414713    19
   10 5.765021    21
   11 0.317794     4
   12 10.477803    16
   13 0.829796     4
   14 6.333809    12
   15 0.566538    20
   16 2.485872    15
   17 2.684014    13
   18 7.580269    22
   19 1.566465     5
   20 17.245080    20
   21 2.910899     7
   22 3.575629    13
   23 2.412779     7
   24 9.064433    12
   25 4.543651    10
   26 2.135037    17
   27 8.767836    18
   28 2.875664    10
   29 17.032788    21
   30 4.237903    17
   31 5.586537    18
   32 1.635313    11
   33 1.007195     3
   34 6.280424     8
   35 19.476503    17
   36 1.461145     5
   37 0.395797    15
   38 0.404966     5
   39 6.470679    21
   40 5.291035    21
   41 2.533680     5
   42 0.054070    16
   43 5.539727    17
   44 1.129495     4
   45 0.240039    10
   46 2.843637    20
   47 5.880799    21
   48 0.629112     7
   49 0.286009    10
   50 4.427822    17
   51 0.984912     6
   52 0.586460     3
   53 13.072946    17
   54 4.861385    19
   55 2.801566     7
   56 4.769989    16
   57 1.596104    15
   58 1.044853     5
   59 2.147087     7
   60 12.454577    15
   61 0.258304     5
   62 13.564044    13
   63 5.839312    12
   64 0.915565     3
   65 2.011681     6
   66 0.589989     5
   67 2.105475    18
   68 2.699216    16
   69 0.740606     6
   70 2.716584    15
   71 3.821647     9
   72 0.646003    10
   73 1.176373     7
   74 7.943048    10
   75 11.066061    19
   76 23.445427    21
   77 3.101128     9
   78 14.072472    20
   79 0.419248    10
   80 1.673550    15
   81 0.963213     4
   82 5.583244    16
   83 5.642447    11
   84 0.266876     8
   85 1.166805     6
   86 11.458834    17
   87 22.471153    16
   88 9.497501    11
   89 17.259376    22
   90 9.675727    14
   91 0.460776     4
   92 1.944688    13
   93 0.916952     5
   94 1.110186    14
   95 4.631132    13
   96 0.623509     9
   97 11.240745    19
   98 0.491126     4
   99 8.458929    15
  100 8.204234    19
