300
    1 0.096568  5001
    2 1370.693875 21119
    3 3209.142026 27552
    4 12152.176395 -2979
    5 15096.718901 -3267
    6 8427.811534 22605
    7 -871.135748     0
    8 168.160321 -2786
    9 -521.809034     9
   10 4705.793273 10019
   11 4801.750069 16402
   12 -687.986325     2
   13 4889.853500 12882
   14 8515.710824 25490
   15 3024.395170 10438
   16 9751.592475 23433
   17 -461.867563     5
   18 3008.826928 17080
   19 9565.106509 11863
   20 173.606336 28698
   21 -948.266312     1
   22 154.354267  6611
   23 180.472093  5525
   24 -1751.778022     6
   25 -411.383417     8
   26 -129.664460     1
   27 5260.132988 25096
   28 -35.012240     8
   29 -115.380833     7
   30 15397.725701 -3202
   31 13013.965991 29956
   32 3476.479509 23649
   33 -276.791988     5
   34 3953.267469 19086
   35 -178.789022     1
   36 139.254371  5763
   37 9341.241566 19573
   38 15845.900588 27063
   39 -1002.596753     7
   40 12656.107190 23419
   41 26642.822413 26823
   42 -195.983014     2
   43 5621.633511 20275
   44 5774.982611 20882
   45 3777.288631 19868
   46 -753.120227     8
   47 -871.035456     7
   48 -787.244866     1
   49 289.579928  7208
   50 -334.994204     1
   51 -258.293663     2
   52 6558.841761 24961
   53 9113.922776 25395
   54 8436.148504 31497
   55 -1541.493399     1
   56 5012.010041 22654
   57 470.124643  9613
   58 -613.182232     3
   59 9351.715510 19985
   60 149.627830  7593
   61 5212.498076 15343
   62 6443.052218 -2908
   63 -429.233749     6
   64 -679.434259     5
   65 1806.038138  7104
   66 -2300.470284     3
   67 -736.337872     0
   68 2394.948482 25634
   69 10378.513979 22064
   70 -855.972811     3
   71 7975.096193 26647
   72 10839.248915 30568
   73 -2750.707049     1
   74 5752.596754 23628
   75 1189.627178  6257
   76 9062.361441 19979
   77 -1150.699969     9
   78 2484.044504 18258
   79 1196.143229  7568
   80 16086.232378 27553
   81 10416.557965 17082
   82 -1056.287616     2
   83 20961.142553 20949
   84 3655.542645 27106
   85 11305.539032 18544
   86 78.541075 11255
   87 3431.528453 28714
   88 8048.173084 13149
   89 820.101600 -3029
   90 -1018.483790     4
   91 13262.912913 15842
   92 5231.151854 11271
   93 3415.362198 20863
   94 2854.941298 28772
   95 -338.911384     5
   96 -1361.881895     9
   97 -812.762851     9
   98 753.641995 26222
   99 1617.127358  6573
  100 19702.204240 27037
  101 73.584304  5828
  102 -1422.602369     9
  103 2012.797371 17746
  104 -1184.693145     1
  105 108.882149  5314
  106 10728.840323 -3121
  107 7633.259433 28962
  108 -1553.077302     1
  109 13142.978806 28513
  110 7641.754613 17081
  111 7768.279935 -2851
  112 2646.582138 18467
  113 23202.613583 32528
  114 -1372.501858     4
  115 -1428.318561     9
  116 161.962335 15984
  117 4141.857363 -3174
  118 -1004.504287     8
  119 9329.050438 -2932
  120 5524.618643 -2959
  121 1045.282152 24028
  122 -245.991163     1
  123 27082.180778 -2860
  124 2182.746901 27549
  125 5739.680758 -2858
  126 7322.999921 -3047
  127 11366.519276 31634
  128 -1195.632341     5
  129 1508.645891 13009
  130 -388.189143     9
  131 23841.731333 23283
  132 5785.912837 19384
  133 7261.643330 19765
  134 3293.589201 19456
  135 10402.605529 -3258
  136 914.835630  6602
  137 246.677325  9234
  138 906.022098 18370
  139 2285.394994 11832
  140 13626.123966 28847
  141 1230.913738 11524
  142 1922.177957 30512
  143 -1458.393539     7
  144 12837.597523 26094
  145 5251.195299 28238
  146 -426.489906     4
  147 9868.173554 28525
  148 -5.012084     4
  149 -233.250201     7
  150 136.784736  5294
  151 1083.027019 15172
  152 -213.271489     8
  153 11041.266820 26958
  154 24350.549520 -3076
  155 -2865.973207     1
  156 20956.671774 24828
  157 -397.635228     7
  158 829.687483  5731
  159 -63.406428     1
  160 13418.076695 20722
  161 69.035456  8195
  162 2082.038146  6887
  163 1124.061068  8101
  164 3836.405895  7558
  165 -579.898265     9
  166 -1676.543416     1
  167 1687.690413 12462
  168 -320.222848     9
  169 541.626089  6250
  170 2484.490285 22861
  171 5606.360338 18695
  172 1533.441297 29490
  173 -1236.026862     7
  174 -558.843695     1
  175 -4332.963269     8
  176 414.932889 30213
  177 -2117.743729     9
  178 -482.300022     4
  179 1588.402701 16841
  180 19038.617630 31142
  181 1526.710856  8905
  182 1509.821958 23518
  183 33836.155084 31181
  184 -1338.327489     0
  185 2104.683673 11201
  186 -769.328477     3
  187 -1374.271148     1
  188 1116.702054  8731
  189 -2900.010218     0
  190 253.428203  5594
  191 11325.959471 25258
  192 2007.915038 13869
  193 3866.025366 16140
  194 -917.592016     1
  195 -1765.954058     4
  196 14642.850916 -3187
  197 5241.835759 12350
  198 2784.000039 29250
  199 -2782.625262     5
  200 4355.074943 21020
  201 1689.294177 11709
  202 3733.046258 17541
  203 -1195.857223     3
  204 -1421.508518     5
  205 1474.627566 25824
  206 -204.950269     2
  207 7612.364543 15814
  208 9943.951425 25022
  209 -259.039228     5
  210 20.016928  5251
  211 384.289085  6080
  212 3028.806470 20517
  213 2806.362613 28377
  214 10649.071171 -3191
  215 -763.141338     5
  216 -575.195108     7
  217 650.900811  6281
  218 3985.715267 26838
  219 -741.944685     3
  220 -2435.024503     0
  221 5888.607482 17350
  222 1873.945273 14458
  223 -306.772578     5
  224 7812.736519 -3122
  225 12667.755977 26527
  226 2159.952064 20425
  227 12222.324175 -3204
  228 5727.923095 29261
  229 3531.583155 17613
  230 15868.297042 -3214
  231 13138.553736 30599
  232 3015.769507 27069
  233 2271.624755  7552
  234 -1400.590987     3
  235 2400.104097  9764
  236 -658.295005     2
  237 3166.618813 16817
  238 10567.940285 -2897
  239 6831.012928 13720
  240 -617.328604     4
  241 747.359189  5876
  242 3601.118378 -3192
  243 14354.039595 26854
  244 8136.498547 24497
  245 -735.528105     1
  246 -1147.299379     2
  247 375.894903  5546
  248 10202.252276 27208
  249 -1133.010531     3
  250 712.152653 12189
  251 7622.706674 -2797
  252 2540.761948 10355
  253 10425.031254 -3109
  254 44.590373  5080
  255 24564.839909 -2848
  256 11750.217820 28594
  257 17345.291899 27728
  258 -3360.514010     1
  259 1461.538456 17216
  260 142.206425  5214
  261 3086.866943 24666
  262 -1416.414237     7
  263 26.833095  5074
  264 -229.911788     0
  265 -2597.143890     6
  266 2241.546793 21029
  267 10916.591258 21240
  268 23380.091793 32269
  269 3662.965202 28404
  270 -276.488561     7
  271 1642.371193  8066
  272 34552.515844 -3250
  273 27.799598  8236
  274 2089.761921 13977
  275 -915.251916     2
  276 5120.768046 30687
  277 695.770996 31575
  278 19231.205999 28229
  279 45.879510 -2983
  280 -1195.756781     2
  281 14073.157739 28859
  282 9636.057332 11530
  283 -86.160438     7
  284 1466.981070 15765
  285 4450.509893 20705
  286 16755.231427 29767
  287 16872.314623 19460
  288 2485.026010 22963
  289 340.567994 21428
  290 -2065.686428     6
  291 7365.568803 31421
  292 8690.786035 26578
  293 5558.341992 15799
  294 1835.038469  8784
  295 -2013.940181     8
  296 -714.686463     2
  297 25815.263129 -3018
  298 15385.549679 23046
  299 625.517096 19927
  300 1001.588054 24137
