100
    1 0.344574     3
    2 0.415073    21
    3 0.933291    14
    4 1.252394    21
    5 0.661374     5
    6 1.177464     7
    7 5.949931     8
    8 5.570306    12
    9 7.083248    19
   10 1.038756    21
   11 0.055973     4
   12 4.604675    16
   13 0.779955     4
   14 7.667478    12
   15 1.596167    20
   16 7.685404    15
   17 5.109409    13
   18 9.077507    22
   19 3.165763     5
   20 0.697799    20
   21 1.303021     7
   22 8.060778    13
   23 1.794493     7
   24 3.653197    12
   25 1.268361    10
   26 11.009281    17
   27 0.206776    18
   28 4.333410    10
   29 11.309365    21
   30 14.818353    17
   31 10.525687    18
   32 6.073260    11
   33 0.036312     3
   34 0.314744     8
   35 3.950877    17
   36 1.280550     5
   37 1.804783    15
   38 1.905436     5
   39 3.215718    21
   40 1.361493    21
   41 0.047872     5
   42 4.547538    16
   43 1.007956    17
   44 0.095729     4
   45 1.249397    10
   46 3.901915    20
   47 7.277354    21
   48 1.979098     7
   49 5.356233    10
   50 0.209851    17
   51 0.832576     6
   52 0.133283     3
   53 3.505978    17
   54 0.103126    19
   55 0.833893     7
   56 12.326171    16
   57 2.548045    15
   58 4.064400     5
   59 2.327083     7
   60 4.026916    15
   61 2.265735     5
   62 2.021729    13
   63 2.529155    12
   64 0.516720     3
   65 1.554675     6
   66 0.232817     5
   67 14.155038    18
   68 10.225188    16
   69 1.380429     6
   70 1.057049    15
   71 1.309174     9
   72 3.658275    10
   73 3.224047     7
   74 2.271126    10
   75 10.788102    19
   76 4.611980    21
   77 1.315992     9
   78 9.013074    20
   79 2.240706    10
   80 0.792953    15
   81 1.458367     4
   82 1.872528    16
   83 0.755491    11
   84 2.163090     8
   85 2.151685     6
   86 9.285456    17
   87 7.764728    16
   88 6.619652    11
   89 10.117921    22
   90 7.235889    14
   91 1.544788     4
   92 2.129852    13
   93 1.739661     5
   94 7.223706    14
   95 9.961315    13
   96 5.370685     9
   97 12.675674    19
   98 2.528954     4
   99 0.834074    15
  100 7.842551    19
