300
    1 0.416687  5001
    2 5236.288858 21119
    3 7072.959230 27552
    4 3997.929818 -2979
    5 38490.935521 -3267
    6 17607.359868 22605
    7 -407.506435     0
    8 2049.685739 -2786
    9 -731.476503     9
   10 5665.945334 10019
   11 14028.445414 16402
   12 -2343.953184     2
   13 3700.035580 12882
   14 16749.988410 25490
   15 960.110356 10438
   16 516.356781 23433
   17 -2268.958593     5
   18 9023.975934 17080
   19 2995.227259 11863
   20 15101.219999 28698
   21 -1042.782104     1
   22 56.554452  6611
   23 408.695502  5525
   24 -1319.850314     6
   25 -326.380786     8
   26 -735.392465     1
   27 22405.592893 25096
   28 -144.403134     8
   29 -1630.190411     7
   30 4836.997420 -3202
   31 21039.650414 29956
   32 11896.236483 23649
   33 -2598.605508     5
   34 3590.748712 19086
   35 -847.969140     1
   36 475.720526  5763
   37 2779.722757 19573
   38 13358.179504 27063
   39 -1134.972972     7
   40 3197.771561 23419
   41 5314.120886 26823
   42 -1420.953704     2
   43 12945.605855 20275
   44 508.558210 20882
   45 437.880758 19868
   46 -732.863581     8
   47 -108.504898     7
   48 -929.089050     1
   49 847.460915  7208
   50 -825.142704     1
   51 -1931.640165     2
   52 6228.370565 24961
   53 2138.043456 25395
   54 8538.210227 31497
   55 -576.988866     1
   56 12918.427521 22654
   57 9.790811  9613
   58 -413.411877     3
   59 1555.155737 19985
   60 1275.822355  7593
   61 559.024362 15343
   62 1697.876504 -2908
   63 -875.578631     6
   64 -36.049328     5
   65 710.190004  7104
   66 -536.498133     3
   67 -39.794137     0
   68 30311.639005 25634
   69 3442.200064 22064
   70 -843.985325     3
   71 6502.121425 26647
   72 3999.759173 30568
   73 -1523.033256     1
   74 1179.925080 23628
   75 95.352311  6257
   76 922.701876 19979
   77 -1997.591994     9
   78 2069.386503 18258
   79 1270.313483  7568
   80 2210.900903 27553
   81 6999.510040 17082
   82 -976.487451     2
   83 820.245278 20949
   84 4110.214677 27106
   85 4217.057167 18544
   86 1943.597654 11255
   87 11365.366306 28714
   88 1502.889710 13149
   89 23792.014092 -3029
   90 -966.126229     4
   91 4051.151195 15842
   92 3996.036464 11271
   93 12265.887914 20863
   94 530.380090 28772
   95 -903.053618     5
   96 -344.965770     9
   97 -460.150976     9
   98 4598.397276 26222
   99 1606.710788  6573
  100 4632.652069 27037
  101 396.004035  5828
  102 -1027.273127     9
  103 7915.312095 17746
  104 -456.261608     1
  105 78.405779  5314
  106 10009.918284 -3121
  107 11370.571680 28962
  108 -745.947002     1
  109 933.982746 28513
  110 1909.830359 17081
  111 16037.147098 -2851
  112 7311.169650 18467
  113 4685.383474 32528
  114 -1138.554052     4
  115 -42.891139     9
  116 247.285166 15984
  117 8404.139784 -3174
  118 -448.813073     8
  119 29009.024593 -2932
  120 916.745275 -2959
  121 3557.469506 24028
  122 -1278.544698     1
  123 4282.598612 -2860
  124 4073.818303 27549
  125 1563.107689 -2858
  126 4460.848837 -3047
  127 12899.910951 31634
  128 -1186.993002     5
  129 4697.751956 13009
  130 -204.760653     9
  131 10519.091267 23283
  132 5266.601909 19384
  133 8535.080479 19765
  134 8787.715768 19456
  135 22196.913125 -3258
  136 316.376282  6602
  137 2103.270146  9234
  138 7796.780394 18370
  139 8152.201757 11832
  140 4518.407193 28847
  141 5383.425250 11524
  142 11322.119161 30512
  143 -871.866090     7
  144 14375.645148 26094
  145 5330.816923 28238
  146 -1774.810140     4
  147 15135.227099 28525
  148 -1449.587799     4
  149 -374.938243     7
  150 96.414092  5294
  151 7034.868317 15172
  152 -1037.181315     8
  153 9914.173295 26958
  154 10392.469175 -3076
  155 -2294.830733     1
  156 8835.740071 24828
  157 -1487.780010     7
  158 342.403350  5731
  159 -921.518718     1
  160 3588.935688 20722
  161 261.246980  8195
  162 613.421196  6887
  163 1246.820096  8101
  164 648.017817  7558
  165 -419.331854     9
  166 -1662.839248     1
  167 1136.348954 12462
  168 -734.896587     9
  169 299.618858  6250
  170 5739.716500 22861
  171 6402.846574 18695
  172 5790.923265 29490
  173 -739.150327     7
  174 -895.216767     1
  175 -635.346684     8
  176 13829.588993 30213
  177 -976.456465     9
  178 -471.727910     4
  179 9476.560937 16841
  180 12925.990851 31142
  181 1315.822031  8905
  182 2012.160967 23518
  183 4529.941057 31181
  184 -19.815607     0
  185 584.640987 11201
  186 -1008.248436     3
  187 -824.337589     1
  188 1009.630150  8731
  189 -96.810334     0
  190 216.256069  5594
  191 2989.624549 25258
  192 969.906499 13869
  193 2844.520445 16140
  194 -83.040615     1
  195 -1163.220405     4
  196 3211.601728 -3187
  197 506.804044 12350
  198 563.537230 29250
  199 -335.499904     5
  200 3096.331088 21020
  201 340.018351 11709
  202 9983.999521 17541
  203 -1209.272084     3
  204 -699.272082     5
  205 959.392339 25824
  206 -330.439176     2
  207 1943.962598 15814
  208 1836.760541 25022
  209 -2572.066615     5
  210 117.824120  5251
  211 363.036200  6080
  212 14517.006203 20517
  213 9538.583339 28377
  214 5519.793638 -3191
  215 -3027.054236     5
  216 -235.064311     7
  217 69.344957  6281
  218 20802.787274 26838
  219 -458.577304     3
  220 -89.393583     0
  221 7411.142382 17350
  222 5555.366589 14458
  223 -758.177717     5
  224 15227.953640 -3122
  225 9884.346423 26527
  226 12985.920823 20425
  227 21888.219119 -3204
  228 18165.689942 29261
  229 5746.493580 17613
  230 9157.358999 -3214
  231 3253.368646 30599
  232 9580.839868 27069
  233 1979.452327  7552
  234 -872.132157     3
  235 4752.222040  9764
  236 -1191.544740     2
  237 4524.164222 16817
  238 7540.164677 -2897
  239 3029.703148 13720
  240 -550.744017     4
  241 1417.365541  5876
  242 15052.922802 -3192
  243 2393.073825 26854
  244 390.693240 24497
  245 -652.211365     1
  246 -3069.927847     2
  247 42.386766  5546
  248 11847.651525 27208
  249 -602.479780     3
  250 2857.851417 12189
  251 21835.758292 -2797
  252 3064.359072 10355
  253 7190.502378 -3109
  254 3.716625  5080
  255 31372.047948 -2848
  256 15880.307710 28594
  257 13105.299708 27728
  258 -763.503836     1
  259 5085.123816 17216
  260 155.848753  5214
  261 9994.331805 24666
  262 -1823.281881     7
  263 22.564136  5074
  264 -394.119185     0
  265 -857.165376     6
  266 7373.867730 21029
  267 4134.688206 21240
  268 9826.038521 32269
  269 6811.790320 28404
  270 -823.087515     7
  271 392.089861  8066
  272 6032.430130 -3250
  273 232.886073  8236
  274 765.678531 13977
  275 -1739.326221     2
  276 5789.989504 30687
  277 3079.574516 31575
  278 21670.530551 28229
  279 10977.471216 -2983
  280 -1472.965138     2
  281 16526.658156 28859
  282 4516.824549 11530
  283 -129.309841     7
  284 1999.611302 15765
  285 13664.254904 20705
  286 4674.681744 29767
  287 4625.812408 19460
  288 1419.711206 22963
  289 7969.440736 21428
  290 -154.405669     6
  291 6873.440058 31421
  292 9172.685778 26578
  293 4200.812149 15799
  294 371.311825  8784
  295 -158.366132     8
  296 -629.855079     2
  297 5057.967840 -3018
  298 6140.346424 23046
  299 6987.462924 19927
  300 15424.494313 24137
