300
    1 0.709383  5001
    2 2638.023591 21119
    3 10.557243 27552
    4 1081.511243 -2979
    5 14675.996973 -3267
    6 10800.761174 22605
    7 -956.142165     0
    8 15117.451436 -2786
    9 -466.396684     9
   10 2108.237728 10019
   11 14487.824564 16402
   12 -1875.198289     2
   13 368.749317 12882
   14 11320.956036 25490
   15 2072.498094 10438
   16 10337.773032 23433
   17 -1678.092818     5
   18 3591.941134 17080
   19 237.655898 11863
   20 1995.944725 28698
   21 -635.204327     1
   22 969.356282  6611
   23 447.016314  5525
   24 -2859.153167     6
   25 -1480.040783     8
   26 -1552.759847     1
   27 6292.047380 25096
   28 -2036.750500     8
   29 -2424.543248     7
   30 19659.942250 -3202
   31 9174.913512 29956
   32 737.075209 23649
   33 -1353.133449     5
   34 10072.562349 19086
   35 -1814.620140     1
   36 214.861537  5763
   37 11642.225460 19573
   38 198.995078 27063
   39 -684.177254     7
   40 8485.922193 23419
   41 6668.645903 26823
   42 -460.555097     2
   43 312.458449 20275
   44 4759.259422 20882
   45 636.898037 19868
   46 -1146.991727     8
   47 -565.112838     7
   48 -291.416584     1
   49 9.664369  7208
   50 -207.399351     1
   51 -733.051055     2
   52 2454.305541 24961
   53 5743.945402 25395
   54 14399.595733 31497
   55 -2343.428057     1
   56 1873.329561 22654
   57 768.943776  9613
   58 -767.909610     3
   59 5067.249631 19985
   60 578.282929  7593
   61 8669.692367 15343
   62 27788.378800 -2908
   63 -521.753385     6
   64 -3684.115058     5
   65 672.196844  7104
   66 -1206.280345     3
   67 -437.159504     0
   68 9683.999549 25634
   69 11703.757782 22064
   70 -104.491293     3
   71 12284.096304 26647
   72 10027.591364 30568
   73 -586.183921     1
   74 8705.949081 23628
   75 1510.306019  6257
   76 2635.938903 19979
   77 -668.297778     9
   78 839.172802 18258
   79 1851.726773  7568
   80 16480.331493 27553
   81 3864.980577 17082
   82 -614.861567     2
   83 6139.669065 20949
   84 273.163189 27106
   85 5352.596035 18544
   86 4193.107102 11255
   87 26006.730334 28714
   88 1091.065024 13149
   89 6198.703832 -3029
   90 -937.610091     4
   91 3741.376624 15842
   92 2811.052366 11271
   93 1344.508312 20863
   94 5682.248801 28772
   95 -165.744630     5
   96 -703.742392     9
   97 -164.837549     9
   98 17025.097488 26222
   99 324.296814  6573
  100 3184.320513 27037
  101 399.371798  5828
  102 -148.364993     9
  103 5491.783793 17746
  104 -867.299289     1
  105 143.272204  5314
  106 2000.476281 -3121
  107 20297.918502 28962
  108 -1333.547674     1
  109 9584.131790 28513
  110 5348.896985 17081
  111 25411.891758 -2851
  112 5617.025483 18467
  113 14943.215879 32528
  114 -176.644107     4
  115 -721.742417     9
  116 9665.046434 15984
  117 20724.390858 -3174
  118 -347.653122     8
  119 11684.513976 -2932
  120 201.228355 -2959
  121 8237.925611 24028
  122 -503.676845     1
  123 7882.252141 -2860
  124 5789.869252 27549
  125 25358.896797 -2858
  126 2945.591241 -3047
  127 4343.802958 31634
  128 -972.468052     5
  129 2083.208374 13009
  130 -1124.357364     9
  131 609.818785 23283
  132 5937.082282 19384
  133 8079.756201 19765
  134 17903.567973 19456
  135 3846.645093 -3258
  136 147.928678  6602
  137 3258.042010  9234
  138 7495.749772 18370
  139 9697.132090 11832
  140 24102.521752 28847
  141 3338.606072 11524
  142 7916.623559 30512
  143 -1516.975539     7
  144 15336.651487 26094
  145 4517.491282 28238
  146 -833.122077     4
  147 7572.003516 28525
  148 -1216.705003     4
  149 -1670.231947     7
  150 102.542616  5294
  151 1849.380418 15172
  152 -145.368359     8
  153 13600.736850 26958
  154 15369.123781 -3076
  155 -474.808570     1
  156 10850.969278 24828
  157 -690.874355     7
  158 478.688372  5731
  159 -1397.072192     1
  160 5852.256191 20722
  161 1008.876120  8195
  162 969.436329  6887
  163 1520.677793  8101
  164 178.313364  7558
  165 -1642.816589     9
  166 -3670.918139     1
  167 4123.122766 12462
  168 -470.290066     9
  169 962.141076  6250
  170 15721.005251 22861
  171 10596.930654 18695
  172 5759.906845 29490
  173 -834.208546     7
  174 -8.408882     1
  175 -1645.131020     8
  176 2580.270967 30213
  177 -684.997375     9
  178 -1170.710602     4
  179 1903.730838 16841
  180 5032.162552 31142
  181 4395.327006  8905
  182 2660.734524 23518
  183 12892.339761 31181
  184 -670.421123     0
  185 529.795718 11201
  186 -1411.968971     3
  187 -68.240070     1
  188 3507.620825  8731
  189 -1321.397246     0
  190 320.116052  5594
  191 333.950736 25258
  192 3631.228941 13869
  193 9476.093073 16140
  194 -2202.366781     1
  195 -37.056929     4
  196 1046.455343 -3187
  197 2456.003138 12350
  198 9459.805043 29250
  199 -390.584181     5
  200 12060.386156 21020
  201 2418.798673 11709
  202 2549.136523 17541
  203 -1035.483406     3
  204 -1488.913176     5
  205 2036.349517 25824
  206 -2367.152928     2
  207 435.254418 15814
  208 4486.303964 25022
  209 -267.606298     5
  210 232.907325  5251
  211 373.267460  6080
  212 5137.526246 20517
  213 1919.725448 28377
  214 4543.493631 -3191
  215 -1819.646110     5
  216 -280.223456     7
  217 322.028505  6281
  218 15846.694008 26838
  219 -668.985196     3
  220 -1511.974646     0
  221 330.637340 17350
  222 2531.217396 14458
  223 -1405.088968     5
  224 8918.478258 -3122
  225 5101.379363 26527
  226 6976.429389 20425
  227 23350.074409 -3204
  228 506.070656 29261
  229 2187.160095 17613
  230 5544.372605 -3214
  231 11376.878550 30599
  232 16437.444958 27069
  233 762.255925  7552
  234 -1520.415946     3
  235 1855.489365  9764
  236 -1066.985491     2
  237 1234.058730 16817
  238 1991.744195 -2897
  239 5643.737850 13720
  240 -102.871555     4
  241 612.446436  5876
  242 4373.862695 -3192
  243 7511.282097 26854
  244 8716.655897 24497
  245 -1261.421669     1
  246 -1569.567359     2
  247 705.924232  5546
  248 5025.017416 27208
  249 -76.736758     3
  250 4563.064912 12189
  251 27004.654353 -2797
  252 4252.016318 10355
  253 729.818590 -3109
  254 28.336260  5080
  255 4598.402553 -2848
  256 17927.918473 28594
  257 14256.273548 27728
  258 -2634.028709     1
  259 5324.868376 17216
  260 150.211286  5214
  261 5189.813526 24666
  262 -755.477159     7
  263 38.047069  5074
  264 -827.848818     0
  265 -81.274747     6
  266 2430.171627 21029
  267 4866.382379 21240
  268 2400.651954 32269
  269 5894.964376 28404
  270 -291.678706     7
  271 3398.006916  8066
  272 6579.100144 -3250
  273 1268.111800  8236
  274 5617.273412 13977
  275 -1389.930572     2
  276 13710.303072 30687
  277 19386.160301 31575
  278 8167.347783 28229
  279 30506.758686 -2983
  280 -519.737223     2
  281 7492.578052 28859
  282 1000.234240 11530
  283 -358.695995     7
  284 570.260455 15765
  285 26604.101211 20705
  286 728.781152 29767
  287 5361.988440 19460
  288 2472.762513 22963
  289 4147.757310 21428
  290 -2918.697019     6
  291 30680.064708 31421
  292 17585.601403 26578
  293 2277.754990 15799
  294 724.600616  8784
  295 -716.348952     8
  296 -1157.855039     2
  297 28193.259532 -3018
  298 99.523575 23046
  299 757.999570 19927
  300 955.578137 24137
