300
    1 0.389457  5001
    2 4252.885922 21119
    3 17166.852880 27552
    4 5737.548030 -2979
    5 23266.591828 -3267
    6 14444.523095 22605
    7 -608.577432     0
    8 2473.137732 -2786
    9 -2579.038967     9
   10 1572.028754 10019
   11 8154.350726 16402
   12 -294.752141     2
   13 7516.585573 12882
   14 328.239696 25490
   15 127.238727 10438
   16 3694.214646 23433
   17 -2019.176583     5
   18 1842.618329 17080
   19 1237.791258 11863
   20 1019.111223 28698
   21 -1541.186153     1
   22 280.772807  6611
   23 41.979855  5525
   24 -56.674115     6
   25 -583.267210     8
   26 -1113.542730     1
   27 7066.947606 25096
   28 -2763.392331     8
   29 -1168.789237     7
   30 9279.038995 -3202
   31 25925.699971 29956
   32 1563.239105 23649
   33 -1181.754350     5
   34 3213.998791 19086
   35 -268.689237     1
   36 398.497938  5763
   37 1231.326837 19573
   38 2069.340555 27063
   39 -330.011012     7
   40 6816.563154 23419
   41 3721.099019 26823
   42 -1541.711525     2
   43 364.838185 20275
   44 4939.566583 20882
   45 7622.217443 19868
   46 -79.994406     8
   47 -225.083773     7
   48 -922.579923     1
   49 1223.378178  7208
   50 -519.885994     1
   51 -80.311933     2
   52 17950.899602 24961
   53 7936.612566 25395
   54 5667.184788 31497
   55 -194.337494     1
   56 1256.157424 22654
   57 2754.560993  9613
   58 -1177.482250     3
   59 5483.472343 19985
   60 471.980490  7593
   61 1867.112700 15343
   62 12625.924308 -2908
   63 -59.499837     6
   64 -931.554667     5
   65 983.460512  7104
   66 -208.872624     3
   67 -1326.984614     0
   68 345.965326 25634
   69 11651.319629 22064
   70 -219.638425     3
   71 503.208514 26647
   72 12734.650799 30568
   73 -1194.618300     1
   74 2399.661092 23628
   75 492.053516  6257
   76 14139.294588 19979
   77 -1388.476386     9
   78 4721.174957 18258
   79 1219.548990  7568
   80 16144.804393 27553
   81 4380.106142 17082
   82 -463.131603     2
   83 2697.558556 20949
   84 1373.417250 27106
   85 9951.983242 18544
   86 1847.514660 11255
   87 26593.617118 28714
   88 8080.548857 13149
   89 27863.374374 -3029
   90 -673.201500     4
   91 18686.856038 15842
   92 1562.755133 11271
   93 9047.680393 20863
   94 8703.465866 28772
   95 -1876.969823     5
   96 -1302.572469     9
   97 -528.842652     9
   98 6691.470513 26222
   99 1348.909537  6573
  100 13409.126893 27037
  101 509.342657  5828
  102 -1507.480496     9
  103 8951.489292 17746
  104 -1595.345113     1
  105 120.141027  5314
  106 23293.643047 -3121
  107 13288.354838 28962
  108 -1114.416672     1
  109 3198.981142 28513
  110 9835.380748 17081
  111 17747.684871 -2851
  112 8328.100919 18467
  113 2078.886887 32528
  114 -2199.098850     4
  115 -1700.696534     9
  116 4635.833224 15984
  117 1744.462674 -3174
  118 -903.401320     8
  119 3583.759328 -2932
  120 9783.998632 -2959
  121 2173.305782 24028
  122 -108.952961     1
  123 8.032095 -2860
  124 885.003888 27549
  125 21985.075845 -2858
  126 14220.535610 -3047
  127 20944.244390 31634
  128 -622.928288     5
  129 6017.222661 13009
  130 -1132.886352     9
  131 10766.228244 23283
  132 3392.967162 19384
  133 8538.692666 19765
  134 2425.995395 19456
  135 11528.823782 -3258
  136 285.998662  6602
  137 1214.340517  9234
  138 10699.465247 18370
  139 1210.597654 11832
  140 16647.246063 28847
  141 2199.991064 11524
  142 5505.037885 30512
  143 -614.278410     7
  144 10541.409596 26094
  145 6787.572745 28238
  146 -871.090630     4
  147 16243.946982 28525
  148 -1688.754241     4
  149 -154.146861     7
  150 81.380798  5294
  151 2775.767463 15172
  152 -123.301000     8
  153 22558.770905 26958
  154 2065.070487 -3076
  155 -439.530267     1
  156 198.624063 24828
  157 -851.751610     7
  158 654.061247  5731
  159 -678.693296     1
  160 1151.378786 20722
  161 341.383706  8195
  162 401.334439  6887
  163 3981.834313  8101
  164 234.004355  7558
  165 -3111.593853     9
  166 -115.635382     1
  167 3539.989058 12462
  168 -146.350613     9
  169 197.644942  6250
  170 4292.754474 22861
  171 169.824726 18695
  172 8992.504251 29490
  173 -603.817703     7
  174 -604.440640     1
  175 -1215.494457     8
  176 1457.835465 30213
  177 -223.271438     9
  178 -2638.029827     4
  179 2121.643606 16841
  180 28392.953018 31142
  181 34.998115  8905
  182 5233.772977 23518
  183 1492.987098 31181
  184 -173.957632     0
  185 2038.868693 11201
  186 -996.417962     3
  187 -1887.245168     1
  188 2628.206879  8731
  189 -225.671240     0
  190 87.744892  5594
  191 11662.178240 25258
  192 3529.121804 13869
  193 3809.917949 16140
  194 -1222.733708     1
  195 -405.953190     4
  196 7119.690297 -3187
  197 5743.272055 12350
  198 303.598129 29250
  199 -1655.568869     5
  200 15304.326957 21020
  201 1761.674068 11709
  202 4718.647802 17541
  203 -885.777816     3
  204 -1316.102924     5
  205 7084.900776 25824
  206 -405.394614     2
  207 9653.096083 15814
  208 14627.587552 25022
  209 -3336.322120     5
  210 73.126939  5251
  211 380.755250  6080
  212 1756.496762 20517
  213 3461.892533 28377
  214 2445.845810 -3191
  215 -679.444195     5
  216 -712.818174     7
  217 460.468866  6281
  218 9700.556864 26838
  219 -1930.658126     3
  220 -842.260969     0
  221 10995.864818 17350
  222 7965.697888 14458
  223 -435.119962     5
  224 13102.720936 -3122
  225 2342.847536 26527
  226 13667.456597 20425
  227 9842.960246 -3204
  228 4132.983576 29261
  229 2467.861493 17613
  230 3172.114108 -3214
  231 15765.826971 30599
  232 11112.494987 27069
  233 697.802436  7552
  234 -1744.453454     3
  235 809.532434  9764
  236 -714.124435     2
  237 2225.021775 16817
  238 7062.284955 -2897
  239 3507.682894 13720
  240 -217.401455     4
  241 645.072730  5876
  242 9488.007718 -3192
  243 4558.919919 26854
  244 2072.434566 24497
  245 -752.320542     1
  246 -360.913706     2
  247 57.610390  5546
  248 8613.814077 27208
  249 -166.460952     3
  250 3098.093210 12189
  251 8398.379770 -2797
  252 413.943381 10355
  253 14872.467938 -3109
  254 52.412980  5080
  255 275.780510 -2848
  256 23913.536967 28594
  257 9870.697640 27728
  258 -1590.681413     1
  259 2828.905197 17216
  260 181.744859  5214
  261 7028.924543 24666
  262 -911.041375     7
  263 24.578161  5074
  264 -1920.329453     0
  265 -495.765073     6
  266 7741.418863 21029
  267 3432.886496 21240
  268 1285.126971 32269
  269 1328.953972 28404
  270 -1385.024849     7
  271 1038.214627  8066
  272 12316.385044 -3250
  273 509.855838  8236
  274 2699.646818 13977
  275 -24.024691     2
  276 11769.061694 30687
  277 1981.474212 31575
  278 5360.990822 28229
  279 34882.134866 -2983
  280 -273.022643     2
  281 6565.167807 28859
  282 2644.519940 11530
  283 -1993.214795     7
  284 2338.163663 15765
  285 5280.228409 20705
  286 14042.287292 29767
  287 17831.459072 19460
  288 5018.259332 22963
  289 10431.684064 21428
  290 -916.532757     6
  291 4512.470410 31421
  292 12539.618383 26578
  293 7522.385532 15799
  294 2207.614390  8784
  295 -513.930024     8
  296 -1300.063550     2
  297 16659.647785 -3018
  298 1529.148881 23046
  299 10936.902145 19927
  300 2053.133002 24137
