300
    1 0.728178  5001
    2 3755.710487 21119
    3 11130.867649 27552
    4 4600.962856 -2979
    5 19846.085421 -3267
    6 7613.739713 22605
    7 -1083.012311     0
    8 6148.772033 -2786
    9 -1764.071316     9
   10 1149.748040 10019
   11 101.565528 16402
   12 -524.401588     2
   13 372.469354 12882
   14 2569.289490 25490
   15 7394.536627 10438
   16 13805.425005 23433
   17 -215.973570     5
   18 1820.167197 17080
   19 2917.264207 11863
   20 10173.839351 28698
   21 -277.505537     1
   22 786.238955  6611
   23 25.005652  5525
   24 -378.674482     6
   25 -28.114990     8
   26 -901.550487     1
   27 973.060873 25096
   28 -1157.900786     8
   29 -936.004835     7
   30 287.636904 -3202
   31 1137.090310 29956
   32 1197.606272 23649
   33 -61.445481     5
   34 9089.515273 19086
   35 -1152.452055     1
   36 518.549386  5763
   37 142.521415 19573
   38 3201.114825 27063
   39 -895.171843     7
   40 15650.912118 23419
   41 14669.581947 26823
   42 -2190.635740     2
   43 1685.866701 20275
   44 2391.754744 20882
   45 12026.604188 19868
   46 -983.315956     8
   47 -126.154746     7
   48 -573.779415     1
   49 1079.183503  7208
   50 -72.558891     1
   51 -1494.354041     2
   52 4832.019909 24961
   53 10055.401929 25395
   54 27734.054540 31497
   55 -1108.778514     1
   56 2193.565390 22654
   57 19.729392  9613
   58 -249.866978     3
   59 6419.373226 19985
   60 714.286021  7593
   61 2494.602984 15343
   62 881.268265 -2908
   63 -1320.355011     6
   64 -850.375342     5
   65 1687.512682  7104
   66 -742.610710     3
   67 -1111.270949     0
   68 12642.629879 25634
   69 7054.626907 22064
   70 -406.688417     3
   71 16147.260078 26647
   72 7896.837084 30568
   73 -399.451149     1
   74 5569.232003 23628
   75 1649.670055  6257
   76 19584.459735 19979
   77 -308.088138     9
   78 2823.157807 18258
   79 1392.965052  7568
   80 12977.883748 27553
   81 3842.393958 17082
   82 -314.086039     2
   83 5736.460355 20949
   84 12169.131203 27106
   85 5519.975922 18544
   86 3626.217207 11255
   87 3026.565259 28714
   88 1777.823244 13149
   89 38341.340929 -3029
   90 -1772.714256     4
   91 3867.624843 15842
   92 3229.094148 11271
   93 2854.286830 20863
   94 43809.496597 28772
   95 -1280.062702     5
   96 -320.080643     9
   97 -373.850229     9
   98 11624.745113 26222
   99 301.894958  6573
  100 3257.510629 27037
  101 242.755503  5828
  102 -567.403438     9
  103 2112.331964 17746
  104 -183.549824     1
  105 232.855722  5314
  106 8333.799739 -3121
  107 11704.039308 28962
  108 -3073.433001     1
  109 4538.660882 28513
  110 4656.176883 17081
  111 26307.129822 -2851
  112 9117.578156 18467
  113 12370.688053 32528
  114 -2093.620056     4
  115 -983.560048     9
  116 5385.044014 15984
  117 634.392115 -3174
  118 -2142.967650     8
  119 18703.647726 -2932
  120 9110.514739 -2959
  121 1321.292479 24028
  122 -955.778276     1
  123 37648.823524 -2860
  124 1604.056931 27549
  125 19590.653791 -2858
  126 3094.723189 -3047
  127 5672.600737 31634
  128 -147.472351     5
  129 2393.648648 13009
  130 -591.585127     9
  131 2572.385334 23283
  132 12109.420865 19384
  133 6823.591603 19765
  134 3505.192675 19456
  135 3973.936637 -3258
  136 699.730219  6602
  137 189.892197  9234
  138 21341.058207 18370
  139 6367.017442 11832
  140 1693.271084 28847
  141 476.595210 11524
  142 34022.724267 30512
  143 -1588.541417     7
  144 6177.239573 26094
  145 7681.421996 28238
  146 -1525.675965     4
  147 4702.204607 28525
  148 -291.931624     4
  149 -547.956974     7
  150 86.110886  5294
  151 5706.880500 15172
  152 -2050.517839     8
  153 21002.015239 26958
  154 3520.511726 -3076
  155 -257.325060     1
  156 2541.405062 24828
  157 -114.125074     7
  158 509.044916  5731
  159 -922.427710     1
  160 7280.370626 20722
  161 709.355158  8195
  162 170.685287  6887
  163 1617.958462  8101
  164 424.383920  7558
  165 -3214.935221     9
  166 -1132.189998     1
  167 2788.514469 12462
  168 -28.015568     9
  169 131.760887  6250
  170 3440.058834 22861
  171 916.477811 18695
  172 526.106898 29490
  173 -481.139495     7
  174 -31.962738     1
  175 -1666.830315     8
  176 5464.751552 30213
  177 -1015.262229     9
  178 -2704.430915     4
  179 3421.718958 16841
  180 18105.858566 31142
  181 1808.112586  8905
  182 5304.820665 23518
  183 977.246975 31181
  184 -1723.193531     0
  185 9752.175306 11201
  186 -245.502033     3
  187 -927.450512     1
  188 0.803607  8731
  189 -260.281776     0
  190 161.599889  5594
  191 3734.510498 25258
  192 4028.417510 13869
  193 2328.860668 16140
  194 -297.039714     1
  195 -1181.486796     4
  196 10785.540064 -3187
  197 776.653785 12350
  198 24736.102306 29250
  199 -134.518382     5
  200 842.885121 21020
  201 368.566113 11709
  202 3036.881493 17541
  203 -86.918474     3
  204 -490.207665     5
  205 4252.914342 25824
  206 -472.874988     2
  207 3346.173887 15814
  208 13576.564003 25022
  209 -2279.874809     5
  210 88.703064  5251
  211 153.746466  6080
  212 2779.525671 20517
  213 1761.879674 28377
  214 292.822026 -3191
  215 -998.046480     5
  216 -1904.597893     7
  217 509.092735  6281
  218 1428.783121 26838
  219 -68.571123     3
  220 -466.532718     0
  221 458.743570 17350
  222 1404.686238 14458
  223 -1160.331222     5
  224 5267.444714 -3122
  225 3294.599397 26527
  226 782.111550 20425
  227 10273.900697 -3204
  228 9460.878212 29261
  229 563.992188 17613
  230 4239.308164 -3214
  231 2745.168742 30599
  232 2448.295587 27069
  233 279.077512  7552
  234 -1082.249508     3
  235 136.941075  9764
  236 -282.191294     2
  237 1282.205945 16817
  238 7925.163761 -2897
  239 6235.817159 13720
  240 -209.275797     4
  241 521.209680  5876
  242 14784.444191 -3192
  243 5858.609305 26854
  244 14328.117947 24497
  245 -422.449103     1
  246 -1920.830841     2
  247 98.236092  5546
  248 17776.074027 27208
  249 -246.456190     3
  250 1001.958257 12189
  251 29508.171024 -2797
  252 3571.342160 10355
  253 37396.278674 -3109
  254 18.007747  5080
  255 5767.774935 -2848
  256 12846.460549 28594
  257 6544.989857 27728
  258 -584.714342     1
  259 7111.493254 17216
  260 105.026206  5214
  261 4727.742324 24666
  262 -1603.851957     7
  263 28.396867  5074
  264 -534.403820     0
  265 -1060.932325     6
  266 3157.512584 21029
  267 4904.410511 21240
  268 1077.111587 32269
  269 5248.370270 28404
  270 -1025.474932     7
  271 1838.681244  8066
  272 33944.950655 -3250
  273 2277.943536  8236
  274 5082.429045 13977
  275 -809.908559     2
  276 15916.937678 30687
  277 6219.919035 31575
  278 16722.506590 28229
  279 16469.255406 -2983
  280 -633.401166     2
  281 17739.591330 28859
  282 637.702403 11530
  283 -1641.722834     7
  284 6953.702922 15765
  285 5575.676190 20705
  286 1180.207309 29767
  287 7149.955199 19460
  288 2318.557785 22963
  289 10340.785878 21428
  290 -1515.585165     6
  291 1378.121565 31421
  292 3375.257744 26578
  293 3685.620757 15799
  294 1441.781462  8784
  295 -532.707549     8
  296 -174.326699     2
  297 6804.324783 -3018
  298 102.421281 23046
  299 1393.980170 19927
  300 3212.896676 24137
