300
    1 0.014078  5001
    2 1625.522520 21119
    3 16254.120440 27552
    4 6210.785179 -2979
    5 10149.502326 -3267
    6 4299.435196 22605
    7 -721.428144     0
    8 3612.071784 -2786
    9 -546.388115     9
   10 2092.193325 10019
   11 1039.051535 16402
   12 -1636.660460     2
   13 1496.461215 12882
   14 11496.467047 25490
   15 74.213300 10438
   16 2365.934800 23433
   17 -371.550906     5
   18 1276.442489 17080
   19 1126.204050 11863
   20 9208.160296 28698
   21 -929.013058     1
   22 179.203691  6611
   23 143.142568  5525
   24 -471.261890     6
   25 -1165.269102     8
   26 -501.540980     1
   27 13903.854771 25096
   28 -620.773354     8
   29 -940.789222     7
   30 12211.783985 -3202
   31 8976.116461 29956
   32 6651.965362 23649
   33 -1316.260956     5
   34 4622.414779 19086
   35 -662.139326     1
   36 246.668853  5763
   37 3541.934076 19573
   38 19722.975262 27063
   39 -1298.075575     7
   40 8255.076895 23419
   41 18257.094360 26823
   42 -1534.735542     2
   43 665.187035 20275
   44 569.579370 20882
   45 6773.056043 19868
   46 -669.313121     8
   47 -367.365690     7
   48 -3330.358521     1
   49 543.085056  7208
   50 -95.938605     1
   51 -336.452574     2
   52 2292.805128 24961
   53 1688.003323 25395
   54 2357.673276 31497
   55 -662.624302     1
   56 2290.773162 22654
   57 1450.937884  9613
   58 -204.366544     3
   59 8367.100340 19985
   60 384.625095  7593
   61 2387.729023 15343
   62 3193.339921 -2908
   63 -149.612745     6
   64 -28.568159     5
   65 1553.297077  7104
   66 -2173.991958     3
   67 -890.870602     0
   68 13638.806075 25634
   69 6401.026055 22064
   70 -826.097257     3
   71 14873.772767 26647
   72 19670.915527 30568
   73 -725.005078     1
   74 5144.315546 23628
   75 13.622883  6257
   76 706.701514 19979
   77 -1481.601701     9
   78 3381.818519 18258
   79 1112.289710  7568
   80 2206.421965 27553
   81 1405.105833 17082
   82 -326.810486     2
   83 4521.152602 20949
   84 3085.488678 27106
   85 13460.371225 18544
   86 1930.734107 11255
   87 18038.923159 28714
   88 2741.220335 13149
   89 14217.110250 -3029
   90 -582.333640     4
   91 9935.934073 15842
   92 88.683885 11271
   93 3613.859668 20863
   94 8813.120946 28772
   95 -1140.872645     5
   96 -405.823922     9
   97 -2265.917648     9
   98 2157.349377 26222
   99 522.221789  6573
  100 6828.520717 27037
  101 621.925472  5828
  102 -457.395568     9
  103 1601.378840 17746
  104 -995.454203     1
  105 178.038791  5314
  106 11420.449132 -3121
  107 15494.637241 28962
  108 -154.385457     1
  109 11393.079247 28513
  110 4986.460525 17081
  111 3738.467401 -2851
  112 1858.517016 18467
  113 14315.673151 32528
  114 -63.887983     4
  115 -971.606306     9
  116 3320.434834 15984
  117 14673.584785 -3174
  118 -272.216654     8
  119 20050.131364 -2932
  120 11136.803327 -2959
  121 9251.386019 24028
  122 -1886.425977     1
  123 34722.009424 -2860
  124 17622.986730 27549
  125 224.017803 -2858
  126 5235.188872 -3047
  127 5235.208083 31634
  128 -1966.540857     5
  129 13.367266 13009
  130 -91.055845     9
  131 9149.692560 23283
  132 7481.624506 19384
  133 1371.599075 19765
  134 316.080665 19456
  135 8604.643885 -3258
  136 44.146216  6602
  137 1513.622089  9234
  138 7576.140971 18370
  139 1802.062251 11832
  140 925.314196 28847
  141 2926.208679 11524
  142 2453.616538 30512
  143 -147.313716     7
  144 13698.769125 26094
  145 25914.015690 28238
  146 -507.411675     4
  147 18051.363921 28525
  148 -47.612349     4
  149 -727.003171     7
  150 149.322505  5294
  151 6172.127748 15172
  152 -100.150124     8
  153 1927.055623 26958
  154 1613.559096 -3076
  155 -766.549569     1
  156 10276.763716 24828
  157 -2085.371637     7
  158 172.630254  5731
  159 -809.734733     1
  160 3388.485535 20722
  161 557.937745  8195
  162 303.087556  6887
  163 2252.986017  8101
  164 896.690122  7558
  165 -2061.241107     9
  166 -1679.224177     1
  167 803.058759 12462
  168 -2944.234942     9
  169 835.746509  6250
  170 10426.886706 22861
  171 2042.303937 18695
  172 5745.855767 29490
  173 -551.403582     7
  174 -363.415453     1
  175 -1252.984449     8
  176 7905.690704 30213
  177 -730.454913     9
  178 -402.086876     4
  179 8062.569575 16841
  180 4650.894111 31142
  181 467.903546  8905
  182 11711.314105 23518
  183 30543.000558 31181
  184 -540.407407     0
  185 464.895294 11201
  186 -425.101297     3
  187 -384.891841     1
  188 1783.434909  8731
  189 -632.399055     0
  190 32.277459  5594
  191 5650.354229 25258
  192 6162.448289 13869
  193 17944.651654 16140
  194 -347.552011     1
  195 -434.310130     4
  196 15886.766236 -3187
  197 2088.467771 12350
  198 12805.618978 29250
  199 -3672.643047     5
  200 8738.877820 21020
  201 2792.485426 11709
  202 2983.250626 17541
  203 -1423.236152     3
  204 -1758.210091     5
  205 11661.002051 25824
  206 -329.963600     2
  207 9605.338705 15814
  208 17371.895612 25022
  209 -1492.534354     5
  210 6.270732  5251
  211 186.508119  6080
  212 11186.909121 20517
  213 3780.745225 28377
  214 13054.636695 -3191
  215 -919.016311     5
  216 -149.356233     7
  217 366.657949  6281
  218 3904.798771 26838
  219 -3298.363661     3
  220 -914.051987     0
  221 9975.225589 17350
  222 2021.484037 14458
  223 -568.055195     5
  224 14713.993890 -3122
  225 10442.819138 26527
  226 2432.920753 20425
  227 14789.467489 -3204
  228 14769.981251 29261
  229 7849.137167 17613
  230 9831.778530 -3214
  231 14696.712816 30599
  232 3415.135659 27069
  233 1003.313783  7552
  234 -1165.888293     3
  235 2910.790510  9764
  236 -65.256291     2
  237 2035.149665 16817
  238 7168.031429 -2897
  239 4401.967609 13720
  240 -473.364611     4
  241 56.616623  5876
  242 7368.485695 -3192
  243 11890.919841 26854
  244 6622.316068 24497
  245 -1610.038558     1
  246 -1075.049319     2
  247 410.174522  5546
  248 1429.862670 27208
  249 -929.786908     3
  250 2187.371116 12189
  251 15028.495839 -2797
  252 3382.988903 10355
  253 13446.478401 -3109
  254 23.388467  5080
  255 20533.027883 -2848
  256 8879.801696 28594
  257 19376.823336 27728
  258 -1353.560031     1
  259 5168.089188 17216
  260 86.649239  5214
  261 20671.610153 24666
  262 -165.471815     7
  263 46.848546  5074
  264 -896.313956     0
  265 -822.786562     6
  266 1707.611530 21029
  267 8149.376187 21240
  268 7946.044961 32269
  269 6590.635083 28404
  270 -555.909132     7
  271 2147.297623  8066
  272 5563.627408 -3250
  273 1506.834190  8236
  274 1839.341111 13977
  275 -1757.423246     2
  276 12934.918087 30687
  277 1855.691333 31575
  278 5415.065855 28229
  279 9890.181788 -2983
  280 -1000.915152     2
  281 12515.915315 28859
  282 537.446059 11530
  283 -1417.174832     7
  284 2062.803212 15765
  285 12854.941384 20705
  286 10758.353884 29767
  287 14481.681284 19460
  288 1202.369391 22963
  289 10863.906717 21428
  290 -879.969828     6
  291 19968.761017 31421
  292 11453.927916 26578
  293 9134.791525 15799
  294 409.823031  8784
  295 -889.825918     8
  296 -755.271297     2
  297 2889.810452 -3018
  298 3124.299389 23046
  299 3334.834409 19927
  300 9092.384419 24137
