100
    1 1.015042     3
    2 7.855825    21
    3 4.322731    14
    4 1.561900    21
    5 1.854470     5
    6 3.277916     7
    7 4.902716     8
    8 2.738456    12
    9 4.889340    19
   10 8.689057    21
   11 1.027351     4
   12 1.076807    16
   13 0.238864     4
   14 7.096536    12
   15 5.698759    20
   16 0.977839    15
   17 3.652077    13
   18 15.255289    22
   19 0.752479     5
   20 0.719077    20
   21 1.260954     7
   22 0.555739    13
   23 4.169586     7
   24 4.011986    12
   25 2.038200    10
   26 10.522449    17
   27 15.376993    18
   28 10.214128    10
   29 7.277757    21
   30 1.676996    17
   31 0.469170    18
   32 5.247045    11
   33 0.361145     3
   34 0.766312     8
   35 8.848616    17
   36 2.147094     5
   37 9.002843    15
   38 0.544334     5
   39 5.475457    21
   40 8.171069    21
   41 0.235998     5
   42 3.528147    16
   43 2.356588    17
   44 1.388621     4
   45 1.165688    10
   46 0.182783    20
   47 4.259445    21
   48 3.564024     7
   49 5.081189    10
   50 0.535116    17
   51 1.692620     6
   52 0.396047     3
   53 10.077870    17
   54 0.078953    19
   55 1.360932     7
   56 2.273630    16
   57 0.240277    15
   58 0.716810     5
   59 0.440210     7
   60 9.362407    15
   61 1.045715     5
   62 2.012402    13
   63 5.544391    12
   64 0.553882     3
   65 0.285659     6
   66 0.391117     5
   67 2.550178    18
   68 2.202042    16
   69 3.143576     6
   70 11.193649    15
   71 1.040863     9
   72 2.922569    10
   73 0.413731     7
   74 3.936243    10
   75 2.711874    19
   76 8.296737    21
   77 4.360284     9
   78 5.296032    20
   79 5.271612    10
   80 3.035358    15
   81 0.402740     4
   82 7.209368    16
   83 2.909889    11
   84 0.355294     8
   85 0.098269     6
   86 10.154643    17
   87 2.874822    16
   88 0.958958    11
   89 7.969149    22
   90 2.926667    14
   91 0.660018     4
   92 4.499278    13
   93 0.185009     5
   94 6.613843    14
   95 0.517586    13
   96 3.414480     9
   97 1.929013    19
   98 1.622373     4
   99 11.375671    15
  100 6.554677    19
