100
    1 0.203026  5001
    2 6156.840399 21119
    3 9920.118987 27552
    4 6629.668070 -2979
    5 22314.383590 -3267
    6 5487.140316 22605
    7 -1145.012741     0
    8 3990.821589 -2786
    9 -1383.107496     9
   10 2214.954996 10019
   11 1159.007588 16402
   12 -232.728682     2
   13 1307.636964 12882
   14 2530.902973 25490
   15 1616.282642 10438
   16 279.949036 23433
   17 -265.261077     5
   18 10251.616314 17080
   19 1571.318409 11863
   20 976.847578 28698
   21 -486.548161     1
   22 113.186450  6611
   23 240.718038  5525
   24 -276.541035     6
   25 -215.828709     8
   26 -414.760582     1
   27 3137.189939 25096
   28 -713.141695     8
   29 -1740.899288     7
   30 5052.439748 -3202
   31 3144.698695 29956
   32 10324.822807 23649
   33 -740.166454     5
   34 11958.556926 19086
   35 -762.605728     1
   36 71.719231  5763
   37 27.272757 19573
   38 3632.114569 27063
   39 -1793.598154     7
   40 21780.899084 23419
   41 22762.240969 26823
   42 -756.112674     2
   43 4541.685642 20275
   44 5187.334916 20882
   45 6823.650159 19868
   46 -674.403980     8
   47 -1244.387685     7
   48 -1653.067863     1
   49 1195.518629  7208
   50 -464.476316     1
   51 -205.628043     2
   52 626.247412 24961
   53 1813.014143 25395
   54 18129.844684 31497
   55 -841.412885     1
   56 534.902944 22654
   57 1440.737525  9613
   58 -426.620894     3
   59 10183.115642 19985
   60 154.704709  7593
   61 3943.582741 15343
   62 12242.728982 -2908
   63 -1228.390573     6
   64 -45.686213     5
   65 533.261431  7104
   66 -1599.622873     3
   67 -3391.325603     0
   68 28558.301088 25634
   69 1981.447609 22064
   70 -1036.134274     3
   71 19800.525106 26647
   72 19819.944654 30568
   73 -760.982690     1
   74 1580.437137 23628
   75 854.012500  6257
   76 9752.016795 19979
   77 -194.754894     9
   78 1229.622578 18258
   79 667.087826  7568
   80 9616.581972 27553
   81 11820.907296 17082
   82 -951.357496     2
   83 10736.986839 20949
   84 11951.722151 27106
   85 6955.989870 18544
   86 305.036951 11255
   87 4523.168770 28714
   88 7436.000212 13149
   89 8021.791314 -3029
   90 -78.896660     4
   91 5096.223415 15842
   92 4995.534600 11271
   93 1898.930020 20863
   94 6630.973382 28772
   95 -420.167363     5
   96 -551.622206     9
   97 -1727.369184     9
   98 3545.631674 26222
   99 971.249649  6573
  100 18768.370550 27037
