300
    1 0.401559  5001
    2 1327.654817 21119
    3 17261.612694 27552
    4 6177.965281 -2979
    5 31420.407742 -3267
    6 6853.327006 22605
    7 -333.105773     0
    8 5754.727120 -2786
    9 -314.728777     9
   10 1531.383061 10019
   11 5004.033836 16402
   12 -584.818169     2
   13 1376.564413 12882
   14 4855.669083 25490
   15 736.496952 10438
   16 12360.374181 23433
   17 -1439.630521     5
   18 5891.793790 17080
   19 50.869073 11863
   20 20788.151823 28698
   21 -769.686071     1
   22 750.921724  6611
   23 107.846683  5525
   24 -1903.655618     6
   25 -1033.397324     8
   26 -1053.210269     1
   27 8211.214802 25096
   28 -4010.365916     8
   29 -2154.989868     7
   30 1447.514244 -3202
   31 12369.612022 29956
   32 987.544989 23649
   33 -305.273155     5
   34 6274.833880 19086
   35 -2202.558714     1
   36 790.371477  5763
   37 1302.860472 19573
   38 1920.970550 27063
   39 -954.384115     7
   40 11149.210643 23419
   41 3750.734633 26823
   42 -2211.064496     2
   43 9138.521730 20275
   44 5228.596103 20882
   45 242.411911 19868
   46 -1015.078917     8
   47 -1974.808183     7
   48 -1145.022476     1
   49 626.509996  7208
   50 -45.311361     1
   51 -89.637514     2
   52 2890.653041 24961
   53 2252.101002 25395
   54 8398.147736 31497
   55 -699.087542     1
   56 8363.979105 22654
   57 1309.264018  9613
   58 -3079.920798     3
   59 4777.704652 19985
   60 1116.110339  7593
   61 6181.294457 15343
   62 3362.883444 -2908
   63 -456.091188     6
   64 -1455.298692     5
   65 1126.621674  7104
   66 -345.588076     3
   67 -88.925263     0
   68 5545.149493 25634
   69 3986.736538 22064
   70 -2757.667181     3
   71 3270.817827 26647
   72 11146.975372 30568
   73 -631.826576     1
   74 12440.143205 23628
   75 666.871180  6257
   76 450.408589 19979
   77 -2361.742447     9
   78 9621.997704 18258
   79 779.471912  7568
   80 2962.216544 27553
   81 4824.501897 17082
   82 -604.610815     2
   83 12775.866186 20949
   84 3136.994414 27106
   85 2469.519341 18544
   86 2108.035499 11255
   87 9292.830570 28714
   88 487.287463 13149
   89 7180.342055 -3029
   90 -1051.762392     4
   91 87.762272 15842
   92 1027.269473 11271
   93 14932.828631 20863
   94 5683.130904 28772
   95 -988.540112     5
   96 -81.897567     9
   97 -2815.436991     9
   98 9585.002502 26222
   99 142.094354  6573
  100 13364.306346 27037
  101 317.331641  5828
  102 -596.858962     9
  103 2584.892544 17746
  104 -514.520765     1
  105 58.055779  5314
  106 2081.639534 -3121
  107 16778.290405 28962
  108 -533.534309     1
  109 3063.134104 28513
  110 4747.988869 17081
  111 33097.777920 -2851
  112 3072.246412 18467
  113 9090.316151 32528
  114 -44.199005     4
  115 -309.449164     9
  116 2117.565097 15984
  117 6162.126099 -3174
  118 -2365.610184     8
  119 22021.001622 -2932
  120 16436.259421 -2959
  121 1215.125841 24028
  122 -1899.111210     1
  123 12207.613536 -2860
  124 9914.718910 27549
  125 6346.627925 -2858
  126 14064.332899 -3047
  127 16789.389033 31634
  128 -1343.280716     5
  129 1950.381542 13009
  130 -1509.283055     9
  131 6823.007237 23283
  132 11315.744193 19384
  133 2306.348884 19765
  134 7505.313167 19456
  135 17933.744666 -3258
  136 256.311299  6602
  137 2399.109235  9234
  138 2233.927909 18370
  139 4777.471341 11832
  140 12357.829806 28847
  141 5633.709278 11524
  142 5388.117241 30512
  143 -3119.932914     7
  144 4200.036114 26094
  145 22266.746594 28238
  146 -928.141927     4
  147 11757.487142 28525
  148 -411.877161     4
  149 -216.073806     7
  150 13.499148  5294
  151 1987.731542 15172
  152 -1833.565864     8
  153 7182.966462 26958
  154 21072.560942 -3076
  155 -673.547084     1
  156 9806.851061 24828
  157 -356.173456     7
  158 26.612922  5731
  159 -1752.249056     1
  160 3008.381217 20722
  161 1284.022847  8195
  162 130.885593  6887
  163 1816.442618  8101
  164 591.950424  7558
  165 -3.457887     9
  166 -1108.943295     1
  167 1367.398432 12462
  168 -700.266787     9
  169 745.473102  6250
  170 8885.681843 22861
  171 3753.740262 18695
  172 4510.552602 29490
  173 -606.252880     7
  174 -837.664891     1
  175 -2902.313669     8
  176 7474.734171 30213
  177 -176.951023     9
  178 -1400.504226     4
  179 10294.843277 16841
  180 23188.966640 31142
  181 3298.003671  8905
  182 3962.897057 23518
  183 2331.885210 31181
  184 -71.551306     0
  185 1566.757338 11201
  186 -396.290006     3
  187 -425.837528     1
  188 215.860932  8731
  189 -1074.723388     0
  190 237.923116  5594
  191 1700.555728 25258
  192 332.174465 13869
  193 3972.457590 16140
  194 -1596.977247     1
  195 -1550.134946     4
  196 2912.792137 -3187
  197 1712.767640 12350
  198 13060.858864 29250
  199 -1948.747552     5
  200 15130.677407 21020
  201 118.487035 11709
  202 455.759441 17541
  203 -2836.614188     3
  204 -3969.054320     5
  205 9267.381928 25824
  206 -56.382260     2
  207 8474.470007 15814
  208 5170.956718 25022
  209 -486.026196     5
  210 69.218119  5251
  211 468.615291  6080
  212 1737.286060 20517
  213 4783.080578 28377
  214 6225.189738 -3191
  215 -183.606141     5
  216 -1644.629509     7
  217 416.238458  6281
  218 9327.635079 26838
  219 -521.005172     3
  220 -1178.813398     0
  221 2872.739771 17350
  222 7447.984673 14458
  223 -464.449998     5
  224 16280.965419 -3122
  225 11752.257207 26527
  226 2728.314357 20425
  227 913.725778 -3204
  228 7212.529027 29261
  229 10666.166753 17613
  230 1970.670015 -3214
  231 907.987837 30599
  232 9366.643075 27069
  233 1349.694511  7552
  234 -750.696105     3
  235 1816.412127  9764
  236 -8.168291     2
  237 6510.273022 16817
  238 14022.904382 -2897
  239 1679.901559 13720
  240 -2119.877121     4
  241 499.363182  5876
  242 19241.506270 -3192
  243 10761.716813 26854
  244 9806.007015 24497
  245 -1133.840513     1
  246 -902.806441     2
  247 149.535830  5546
  248 3706.534454 27208
  249 -141.447025     3
  250 834.818799 12189
  251 4277.081527 -2797
  252 2360.369044 10355
  253 28639.453178 -3109
  254 19.612917  5080
  255 42392.054873 -2848
  256 21631.857278 28594
  257 16742.056094 27728
  258 -1303.380501     1
  259 5154.378897 17216
  260 14.333373  5214
  261 14239.898079 24666
  262 -950.635212     7
  263 1.443168  5074
  264 -1900.555975     0
  265 -866.902351     6
  266 7942.149417 21029
  267 17428.736646 21240
  268 3343.603185 32269
  269 12256.814384 28404
  270 -966.139994     7
  271 90.031835  8066
  272 15494.928452 -3250
  273 2131.679476  8236
  274 1334.317830 13977
  275 -1545.187681     2
  276 138.397120 30687
  277 26842.546720 31575
  278 14397.336774 28229
  279 1672.058698 -2983
  280 -1114.396751     2
  281 18895.116212 28859
  282 3676.835347 11530
  283 -894.607622     7
  284 2041.700447 15765
  285 1169.663230 20705
  286 1131.335966 29767
  287 4448.839664 19460
  288 7891.214970 22963
  289 98.925043 21428
  290 -1357.353570     6
  291 2214.483189 31421
  292 3903.765652 26578
  293 7198.908223 15799
  294 4109.384550  8784
  295 -2504.334790     8
  296 -185.081304     2
  297 5202.675884 -3018
  298 1010.281314 23046
  299 11838.006547 19927
  300 9538.516306 24137
