300
    1 0.318697  5001
    2 3451.629776 21119
    3 540.296481 27552
    4 26653.731732 -2979
    5 13463.921430 -3267
    6 5435.265511 22605
    7 -179.984876     0
    8 5205.776142 -2786
    9 -557.349827     9
   10 1521.048349 10019
   11 395.947224 16402
   12 -1083.705757     2
   13 3921.126244 12882
   14 10038.418271 25490
   15 3195.396628 10438
   16 9614.015933 23433
   17 -1535.965111     5
   18 1904.807141 17080
   19 1622.529146 11863
   20 6109.051980 28698
   21 -9.747960     1
   22 1316.965871  6611
   23 180.048195  5525
   24 -187.787376     6
   25 -2351.750405     8
   26 -210.022638     1
   27 15664.552356 25096
   28 -5002.592724     8
   29 -2744.134679     7
   30 10397.169893 -3202
   31 10980.110129 29956
   32 8276.178860 23649
   33 -199.460997     5
   34 2156.264174 19086
   35 -614.380609     1
   36 210.169921  5763
   37 6060.125920 19573
   38 6211.945303 27063
   39 -1484.967703     7
   40 1479.055400 23419
   41 6035.939174 26823
   42 -166.008109     2
   43 3031.125704 20275
   44 8108.995186 20882
   45 5036.574266 19868
   46 -36.398025     8
   47 -37.279615     7
   48 -1226.288017     1
   49 776.810553  7208
   50 -211.160189     1
   51 -204.504284     2
   52 5430.495001 24961
   53 13901.938909 25395
   54 5495.587673 31497
   55 -172.717817     1
   56 887.020927 22654
   57 1864.780611  9613
   58 -453.807432     3
   59 2765.052820 19985
   60 655.507638  7593
   61 7531.594021 15343
   62 15129.723563 -2908
   63 -1664.969008     6
   64 -269.945333     5
   65 1248.319129  7104
   66 -1283.641708     3
   67 -735.727372     0
   68 3551.298266 25634
   69 268.862427 22064
   70 -369.879489     3
   71 3763.923217 26647
   72 3221.456894 30568
   73 -812.501915     1
   74 5862.938536 23628
   75 1226.879279  6257
   76 20395.265846 19979
   77 -244.008092     9
   78 561.399197 18258
   79 421.041803  7568
   80 254.615510 27553
   81 10972.713425 17082
   82 -1618.362980     2
   83 4988.353812 20949
   84 13654.253833 27106
   85 504.673565 18544
   86 1630.813398 11255
   87 18702.567541 28714
   88 5335.505084 13149
   89 10630.920083 -3029
   90 -820.728076     4
   91 8544.610432 15842
   92 1556.438385 11271
   93 14868.085598 20863
   94 9126.975564 28772
   95 -541.937614     5
   96 -656.669606     9
   97 -116.229855     9
   98 2162.161384 26222
   99 1166.881136  6573
  100 17091.074222 27037
  101 182.586935  5828
  102 -997.822759     9
  103 15097.337667 17746
  104 -312.648778     1
  105 177.233171  5314
  106 1051.493366 -3121
  107 5243.914535 28962
  108 -2029.281033     1
  109 8186.386159 28513
  110 465.060511 17081
  111 6862.771797 -2851
  112 11721.939875 18467
  113 12755.214792 32528
  114 -2310.302127     4
  115 -2869.436302     9
  116 642.149757 15984
  117 1022.402839 -3174
  118 -45.524270     8
  119 15487.588792 -2932
  120 4266.484891 -2959
  121 12928.420479 24028
  122 -316.930255     1
  123 10480.254710 -2860
  124 9157.553786 27549
  125 2407.456088 -2858
  126 5410.859431 -3047
  127 3055.638793 31634
  128 -466.686621     5
  129 3324.946972 13009
  130 -911.911113     9
  131 9749.397915 23283
  132 4232.015850 19384
  133 14205.431111 19765
  134 14845.594920 19456
  135 7324.540770 -3258
  136 1015.030893  6602
  137 474.956521  9234
  138 13365.200515 18370
  139 1116.408893 11832
  140 30416.442233 28847
  141 1485.111575 11524
  142 19642.858556 30512
  143 -2281.308391     7
  144 12350.703753 26094
  145 2459.651508 28238
  146 -1007.443626     4
  147 10766.675431 28525
  148 -1390.358323     4
  149 -1517.924745     7
  150 39.583835  5294
  151 7165.580926 15172
  152 -728.509236     8
  153 5627.077062 26958
  154 13120.692056 -3076
  155 -2167.101063     1
  156 6535.681798 24828
  157 -347.518468     7
  158 116.081631  5731
  159 -499.607509     1
  160 9913.042225 20722
  161 2136.620833  8195
  162 133.192196  6887
  163 1123.480791  8101
  164 443.560280  7558
  165 -275.723553     9
  166 -2000.756450     1
  167 3745.409359 12462
  168 -202.116376     9
  169 79.156496  6250
  170 585.113932 22861
  171 2774.082883 18695
  172 11074.863960 29490
  173 -878.884463     7
  174 -1926.634520     1
  175 -673.332355     8
  176 1331.330184 30213
  177 -1240.603723     9
  178 -1261.796339     4
  179 1424.888192 16841
  180 11988.045572 31142
  181 1619.756589  8905
  182 4752.276631 23518
  183 25696.732816 31181
  184 -2168.012319     0
  185 3895.277421 11201
  186 -720.833853     3
  187 -202.912494     1
  188 1626.198005  8731
  189 -894.118729     0
  190 415.952206  5594
  191 21560.687291 25258
  192 1982.594449 13869
  193 7362.271645 16140
  194 -3258.897286     1
  195 -946.311461     4
  196 19572.147815 -3187
  197 1990.400803 12350
  198 12211.506173 29250
  199 -1008.497572     5
  200 8345.553614 21020
  201 3153.342849 11709
  202 5266.554913 17541
  203 -29.795469     3
  204 -412.114590     5
  205 6896.596189 25824
  206 -1645.530231     2
  207 906.407862 15814
  208 6309.766821 25022
  209 -775.042381     5
  210 361.169627  5251
  211 120.715181  6080
  212 2202.288537 20517
  213 19502.831180 28377
  214 9419.718436 -3191
  215 -1032.727716     5
  216 -163.081287     7
  217 466.091413  6281
  218 14412.751241 26838
  219 -675.816383     3
  220 -1294.428891     0
  221 9270.909123 17350
  222 1341.835645 14458
  223 -487.778879     5
  224 6428.884376 -3122
  225 1002.350329 26527
  226 3264.785207 20425
  227 317.430915 -3204
  228 4148.608709 29261
  229 3701.384478 17613
  230 20642.690128 -3214
  231 5968.358707 30599
  232 1067.233391 27069
  233 1490.044104  7552
  234 -4083.866109     3
  235 1749.664560  9764
  236 -1318.638679     2
  237 5155.949820 16817
  238 45549.797266 -2897
  239 815.082092 13720
  240 -1181.026020     4
  241 265.365607  5876
  242 6357.092530 -3192
  243 14932.383125 26854
  244 4478.695719 24497
  245 -1360.160672     1
  246 -474.422273     2
  247 159.836428  5546
  248 6670.464123 27208
  249 -1431.387493     3
  250 969.310905 12189
  251 26630.957110 -2797
  252 2863.937180 10355
  253 5504.114310 -3109
  254 9.015416  5080
  255 8544.726202 -2848
  256 2833.269917 28594
  257 3383.832682 27728
  258 -1688.167451     1
  259 4548.706720 17216
  260 131.918011  5214
  261 485.562627 24666
  262 -661.833035     7
  263 0.891302  5074
  264 -371.703410     0
  265 -79.284215     6
  266 9784.100558 21029
  267 7336.082240 21240
  268 188.822142 32269
  269 21591.116943 28404
  270 -121.632027     7
  271 1119.888597  8066
  272 2788.566636 -3250
  273 1875.278366  8236
  274 597.967928 13977
  275 -892.779197     2
  276 7940.004162 30687
  277 15225.667166 31575
  278 7423.427080 28229
  279 3492.676791 -2983
  280 -479.978002     2
  281 10685.828873 28859
  282 3041.781882 11530
  283 -1759.221110     7
  284 5905.564154 15765
  285 7024.853376 20705
  286 1047.065872 29767
  287 4210.787786 19460
  288 4408.096427 22963
  289 7644.477502 21428
  290 -189.939547     6
  291 13143.373455 31421
  292 5647.530219 26578
  293 3941.906391 15799
  294 626.907143  8784
  295 -60.643351     8
  296 -633.236866     2
  297 12556.577814 -3018
  298 13257.410940 23046
  299 1190.705098 19927
  300 10334.616075 24137
