300
    1 0.462726  5001
    2 8901.002246 21119
    3 8924.820025 27552
    4 7398.942891 -2979
    5 16048.400114 -3267
    6 407.118359 22605
    7 -811.973664     0
    8 15888.168943 -2786
    9 -385.902025     9
   10 3172.443631 10019
   11 5487.624971 16402
   12 -373.735077     2
   13 143.968467 12882
   14 894.922299 25490
   15 921.148620 10438
   16 10597.214452 23433
   17 -1885.721380     5
   18 2946.822901 17080
   19 1060.718464 11863
   20 1101.837090 28698
   21 -796.574031     1
   22 865.292428  6611
   23 106.205228  5525
   24 -317.958192     6
   25 -238.330010     8
   26 -1498.094965     1
   27 17479.306378 25096
   28 -2609.868557     8
   29 -2513.883941     7
   30 17554.604467 -3202
   31 25474.443128 29956
   32 6781.731036 23649
   33 -1036.263207     5
   34 156.933620 19086
   35 -329.626685     1
   36 141.368662  5763
   37 2331.353111 19573
   38 24197.219076 27063
   39 -1378.965055     7
   40 5528.654974 23419
   41 14140.529465 26823
   42 -1092.253709     2
   43 8099.666672 20275
   44 13291.117570 20882
   45 1976.790906 19868
   46 -663.711210     8
   47 -2310.373091     7
   48 -3013.034350     1
   49 1152.477843  7208
   50 -127.438228     1
   51 -622.009028     2
   52 5801.790611 24961
   53 101.994132 25395
   54 21710.894634 31497
   55 -759.152639     1
   56 4736.930257 22654
   57 1416.444528  9613
   58 -682.037115     3
   59 11247.840675 19985
   60 1536.057764  7593
   61 1013.477617 15343
   62 2107.906910 -2908
   63 -152.452219     6
   64 -250.939436     5
   65 88.274724  7104
   66 -885.670998     3
   67 -992.329433     0
   68 15182.278855 25634
   69 5630.868811 22064
   70 -56.286287     3
   71 18009.522291 26647
   72 3219.167341 30568
   73 -603.152599     1
   74 4885.735706 23628
   75 750.170928  6257
   76 11170.389105 19979
   77 -509.510184     9
   78 9958.696941 18258
   79 595.789679  7568
   80 8848.393766 27553
   81 2708.407049 17082
   82 -195.109709     2
   83 1136.215030 20949
   84 8365.830413 27106
   85 10536.814358 18544
   86 2513.284686 11255
   87 10049.768004 28714
   88 3067.142671 13149
   89 1025.171003 -3029
   90 -1758.214977     4
   91 6563.463568 15842
   92 1298.066242 11271
   93 13112.253944 20863
   94 3237.365943 28772
   95 -137.593447     5
   96 -596.993348     9
   97 -587.093005     9
   98 4152.167889 26222
   99 478.170958  6573
  100 14821.348146 27037
  101 397.554868  5828
  102 -904.927547     9
  103 2174.751808 17746
  104 -2112.663440     1
  105 41.023191  5314
  106 18030.754586 -3121
  107 14295.556473 28962
  108 -837.263559     1
  109 18.806931 28513
  110 8393.542637 17081
  111 16992.521420 -2851
  112 335.384039 18467
  113 46500.864122 32528
  114 -400.724350     4
  115 -1680.429760     9
  116 545.677976 15984
  117 22718.089641 -3174
  118 -2916.791076     8
  119 921.839438 -2932
  120 3545.622587 -2959
  121 17131.636545 24028
  122 -59.975885     1
  123 13027.941372 -2860
  124 485.333593 27549
  125 1406.980803 -2858
  126 8244.525972 -3047
  127 3540.103889 31634
  128 -1425.075206     5
  129 2217.088409 13009
  130 -620.984598     9
  131 8441.413112 23283
  132 10958.180313 19384
  133 8281.292013 19765
  134 3198.122590 19456
  135 6241.683659 -3258
  136 715.162311  6602
  137 684.060040  9234
  138 13448.473104 18370
  139 3238.098703 11832
  140 17564.225916 28847
  141 2468.364815 11524
  142 5261.674443 30512
  143 -684.613516     7
  144 16779.285311 26094
  145 5853.186096 28238
  146 -1465.105071     4
  147 11481.627376 28525
  148 -936.254472     4
  149 -191.801516     7
  150 269.646521  5294
  151 3258.137340 15172
  152 -738.352315     8
  153 3883.875050 26958
  154 5619.951415 -3076
  155 -1307.493335     1
  156 4401.138853 24828
  157 -322.521048     7
  158 76.872019  5731
  159 -620.406858     1
  160 12220.469109 20722
  161 987.807058  8195
  162 216.983741  6887
  163 1566.460406  8101
  164 2486.806724  7558
  165 -388.109047     9
  166 -557.990086     1
  167 5939.197277 12462
  168 -450.537363     9
  169 276.991256  6250
  170 8431.675875 22861
  171 7722.018237 18695
  172 6017.847049 29490
  173 -1923.156967     7
  174 -1038.232908     1
  175 -397.923665     8
  176 11381.217918 30213
  177 -439.047123     9
  178 -3570.741414     4
  179 3536.613247 16841
  180 365.980942 31142
  181 4778.381104  8905
  182 3949.155567 23518
  183 6369.904515 31181
  184 -312.851481     0
  185 4723.747230 11201
  186 -734.294641     3
  187 -1019.437748     1
  188 2630.524103  8731
  189 -853.620007     0
  190 73.462272  5594
  191 1416.828968 25258
  192 841.809541 13869
  193 2079.347622 16140
  194 -1346.570353     1
  195 -2496.729339     4
  196 3319.621438 -3187
  197 1992.368672 12350
  198 7629.851637 29250
  199 -387.439665     5
  200 9401.443099 21020
  201 3257.064493 11709
  202 3690.187319 17541
  203 -1055.085887     3
  204 -397.575441     5
  205 9730.910266 25824
  206 -153.846652     2
  207 1482.586151 15814
  208 6415.669899 25022
  209 -2267.126670     5
  210 453.416266  5251
  211 225.739320  6080
  212 1804.052302 20517
  213 10937.149040 28377
  214 9383.093466 -3191
  215 -37.666576     5
  216 -1207.966256     7
  217 1061.312828  6281
  218 6620.820505 26838
  219 -610.094709     3
  220 -986.876745     0
  221 10706.471573 17350
  222 1233.029467 14458
  223 -21.395805     5
  224 7422.623689 -3122
  225 13331.141443 26527
  226 2993.853831 20425
  227 10360.681063 -3204
  228 3545.809148 29261
  229 2111.871761 17613
  230 3240.360716 -3214
  231 11798.828084 30599
  232 6693.847863 27069
  233 464.319064  7552
  234 -3408.509515     3
  235 3895.141307  9764
  236 -437.938290     2
  237 4640.837400 16817
  238 17789.906861 -2897
  239 153.942220 13720
  240 -2940.639330     4
  241 416.944229  5876
  242 9725.057627 -3192
  243 6874.495085 26854
  244 15624.264017 24497
  245 -1100.139441     1
  246 -2379.645698     2
  247 550.363246  5546
  248 16100.880621 27208
  249 -553.391208     3
  250 135.872523 12189
  251 4364.906872 -2797
  252 2468.538145 10355
  253 14047.196923 -3109
  254 22.737647  5080
  255 4358.457077 -2848
  256 24354.051147 28594
  257 6270.180606 27728
  258 -1040.202113     1
  259 925.840125 17216
  260 106.806336  5214
  261 1589.674485 24666
  262 -140.430257     7
  263 0.277592  5074
  264 -1067.070381     0
  265 -1448.509974     6
  266 421.460751 21029
  267 6676.949551 21240
  268 1483.617541 32269
  269 18264.704202 28404
  270 -378.508654     7
  271 1385.624005  8066
  272 7373.183826 -3250
  273 1770.125257  8236
  274 7380.206409 13977
  275 -1421.024992     2
  276 2836.199555 30687
  277 4894.155340 31575
  278 27117.752620 28229
  279 19589.555114 -2983
  280 -408.981881     2
  281 4298.746168 28859
  282 4172.890149 11530
  283 -929.326497     7
  284 5598.545036 15765
  285 5208.823001 20705
  286 10425.811515 29767
  287 2047.714549 19460
  288 3422.932980 22963
  289 11984.809664 21428
  290 -708.106998     6
  291 14210.584620 31421
  292 609.785703 26578
  293 7023.525705 15799
  294 954.637286  8784
  295 -1040.219387     8
  296 -3230.296498     2
  297 14895.693376 -3018
  298 7666.270280 23046
  299 1498.798187 19927
  300 14570.508965 24137
