300
    1 0.282316  5001
    2 8385.759430 21119
    3 1557.926351 27552
    4 16676.239413 -2979
    5 20212.783533 -3267
    6 12534.059785 22605
    7 -54.546141     0
    8 7346.387752 -2786
    9 -153.624644     9
   10 1173.384160 10019
   11 1815.924302 16402
   12 -251.266670     2
   13 108.201622 12882
   14 14304.387737 25490
   15 914.556475 10438
   16 13812.937572 23433
   17 -586.491028     5
   18 3000.038363 17080
   19 3784.470719 11863
   20 24345.509414 28698
   21 -741.949948     1
   22 299.365695  6611
   23 169.969196  5525
   24 -7.958213     6
   25 -586.743525     8
   26 -1583.006161     1
   27 3030.804533 25096
   28 -2230.446243     8
   29 -2510.044837     7
   30 1630.864918 -3202
   31 23293.599289 29956
   32 5460.863846 23649
   33 -774.324906     5
   34 2147.788788 19086
   35 -161.325730     1
   36 502.132831  5763
   37 4702.425507 19573
   38 2916.583504 27063
   39 -288.006349     7
   40 6464.626235 23419
   41 3712.326038 26823
   42 -283.661918     2
   43 33.940834 20275
   44 4283.284550 20882
   45 1326.567184 19868
   46 -1166.110428     8
   47 -2420.391121     7
   48 -146.783597     1
   49 3119.783019  7208
   50 -258.381425     1
   51 -1370.796312     2
   52 6357.524646 24961
   53 11655.446166 25395
   54 28499.684462 31497
   55 -1625.397454     1
   56 1156.897399 22654
   57 3525.660829  9613
   58 -1318.930056     3
   59 4855.254791 19985
   60 1950.275526  7593
   61 5342.462712 15343
   62 25945.892001 -2908
   63 -1133.976501     6
   64 -147.877956     5
   65 2219.411089  7104
   66 -975.545323     3
   67 -1748.922051     0
   68 12427.129828 25634
   69 6116.194732 22064
   70 -1176.434987     3
   71 29232.819266 26647
   72 4186.601219 30568
   73 -501.159410     1
   74 9415.702237 23628
   75 431.588239  6257
   76 1173.668048 19979
   77 -1697.710871     9
   78 1026.322095 18258
   79 652.239355  7568
   80 20069.198700 27553
   81 12521.685465 17082
   82 -850.064346     2
   83 4603.022589 20949
   84 20936.836879 27106
   85 7455.060101 18544
   86 4791.444782 11255
   87 16708.880289 28714
   88 9165.560997 13149
   89 11005.834845 -3029
   90 -1962.429733     4
   91 231.514388 15842
   92 1673.117840 11271
   93 11799.578592 20863
   94 20044.511888 28772
   95 -76.160382     5
   96 -972.920574     9
   97 -3869.687309     9
   98 2980.908711 26222
   99 88.785596  6573
  100 18200.920094 27037
  101 197.234251  5828
  102 -327.885826     9
  103 3227.861249 17746
  104 -1017.307790     1
  105 97.135672  5314
  106 25456.344257 -3121
  107 24833.973104 28962
  108 -1035.533050     1
  109 3233.076578 28513
  110 7865.386420 17081
  111 13614.120752 -2851
  112 2512.574406 18467
  113 9167.764207 32528
  114 -131.254680     4
  115 -791.316368     9
  116 2076.570168 15984
  117 738.882837 -3174
  118 -557.824836     8
  119 14642.814868 -2932
  120 4332.512141 -2959
  121 8705.979719 24028
  122 -1525.006606     1
  123 39453.807377 -2860
  124 3726.255962 27549
  125 5514.830548 -2858
  126 5456.740847 -3047
  127 21584.100221 31634
  128 -2037.414610     5
  129 4898.065081 13009
  130 -162.183226     9
  131 8846.043857 23283
  132 5402.440404 19384
  133 1559.397128 19765
  134 7136.960575 19456
  135 2434.054332 -3258
  136 206.310311  6602
  137 1935.375954  9234
  138 2871.139428 18370
  139 2674.374579 11832
  140 5579.667706 28847
  141 2101.624565 11524
  142 15940.681491 30512
  143 -1695.301549     7
  144 5066.139353 26094
  145 17840.614161 28238
  146 -176.861902     4
  147 10950.592129 28525
  148 -1059.820223     4
  149 -1741.318995     7
  150 74.758251  5294
  151 5414.309042 15172
  152 -834.145364     8
  153 6374.006468 26958
  154 11236.160968 -3076
  155 -1528.402828     1
  156 2286.891275 24828
  157 -1173.316386     7
  158 292.834285  5731
  159 -2038.645034     1
  160 4659.263560 20722
  161 2267.478247  8195
  162 514.592935  6887
  163 1519.471928  8101
  164 606.583056  7558
  165 -2243.091209     9
  166 -1848.220010     1
  167 4348.501544 12462
  168 -597.643217     9
  169 214.355073  6250
  170 5412.350261 22861
  171 10895.429082 18695
  172 19687.932459 29490
  173 -714.748350     7
  174 -1307.672840     1
  175 -2351.921015     8
  176 22467.959276 30213
  177 -298.058138     9
  178 -718.344311     4
  179 4739.763414 16841
  180 14732.171401 31142
  181 3154.564862  8905
  182 74.975721 23518
  183 4394.714279 31181
  184 -598.452006     0
  185 2189.611928 11201
  186 -299.972371     3
  187 -251.420036     1
  188 1750.642915  8731
  189 -1394.943761     0
  190 424.242737  5594
  191 17363.342122 25258
  192 2565.975127 13869
  193 6033.551585 16140
  194 -403.277665     1
  195 -763.089126     4
  196 12002.146808 -3187
  197 4348.577528 12350
  198 1107.067936 29250
  199 -753.370424     5
  200 4962.221091 21020
  201 4751.274174 11709
  202 7618.275580 17541
  203 -58.276448     3
  204 -382.112254     5
  205 7326.844639 25824
  206 -619.484076     2
  207 1054.331276 15814
  208 7697.941775 25022
  209 -1792.629957     5
  210 141.876363  5251
  211 456.556095  6080
  212 12067.390899 20517
  213 46.181296 28377
  214 18191.495286 -3191
  215 -1494.561113     5
  216 -1589.214958     7
  217 435.625570  6281
  218 21844.762962 26838
  219 -475.888336     3
  220 -5.211276     0
  221 2560.661819 17350
  222 611.639857 14458
  223 -1482.628789     5
  224 7410.503289 -3122
  225 3511.872217 26527
  226 14403.579977 20425
  227 2940.997124 -3204
  228 3505.584908 29261
  229 3858.127380 17613
  230 6387.776916 -3214
  231 21166.465085 30599
  232 18566.497601 27069
  233 89.149350  7552
  234 -424.278865     3
  235 514.561184  9764
  236 -213.549043     2
  237 2402.446315 16817
  238 15919.154517 -2897
  239 2662.778047 13720
  240 -1855.600036     4
  241 1469.041624  5876
  242 2510.155071 -3192
  243 7875.443259 26854
  244 2607.908680 24497
  245 -1300.230223     1
  246 -1799.190070     2
  247 26.101675  5546
  248 5395.337517 27208
  249 -409.310772     3
  250 1335.531507 12189
  251 2119.042357 -2797
  252 1906.792689 10355
  253 21946.979036 -3109
  254 10.327375  5080
  255 11782.048599 -2848
  256 21507.649792 28594
  257 759.274031 27728
  258 -355.656666     1
  259 1950.701852 17216
  260 152.424084  5214
  261 3196.545414 24666
  262 -960.269622     7
  263 11.105517  5074
  264 -1138.374246     0
  265 -541.449089     6
  266 2786.145115 21029
  267 4865.987427 21240
  268 23.421471 32269
  269 3928.827232 28404
  270 -1371.853222     7
  271 1154.014671  8066
  272 32407.117026 -3250
  273 3680.584505  8236
  274 4065.028880 13977
  275 -309.335790     2
  276 3467.536125 30687
  277 25999.341598 31575
  278 16301.442022 28229
  279 3313.468796 -2983
  280 -237.961734     2
  281 7112.129434 28859
  282 822.713644 11530
  283 -202.701008     7
  284 132.762884 15765
  285 8433.475014 20705
  286 5056.609161 29767
  287 304.689404 19460
  288 30.361349 22963
  289 9846.039423 21428
  290 -2444.866433     6
  291 8156.213546 31421
  292 4405.975678 26578
  293 6164.010982 15799
  294 3229.443679  8784
  295 -795.672908     8
  296 -371.006541     2
  297 1752.572254 -3018
  298 8608.467722 23046
  299 7522.275104 19927
  300 1132.306853 24137
