300
    1 0.259385  5001
    2 8585.455326 21119
    3 4093.548384 27552
    4 20404.201853 -2979
    5 13629.638089 -3267
    6 2147.735461 22605
    7 -1850.747397     0
    8 30634.445810 -2786
    9 -177.432113     9
   10 3761.267462 10019
   11 3725.470970 16402
   12 -280.963880     2
   13 2854.264948 12882
   14 15969.208190 25490
   15 2371.060495 10438
   16 9874.655720 23433
   17 -2005.735791     5
   18 7291.324669 17080
   19 6181.711666 11863
   20 5515.487159 28698
   21 -653.201539     1
   22 986.793720  6611
   23 28.083383  5525
   24 -336.618506     6
   25 -1227.688791     8
   26 -799.013256     1
   27 12686.971929 25096
   28 -1809.655722     8
   29 -3077.064535     7
   30 10012.333684 -3202
   31 5461.980161 29956
   32 7818.298301 23649
   33 -469.886513     5
   34 3721.413426 19086
   35 -994.613745     1
   36 27.044380  5763
   37 1207.494298 19573
   38 390.777619 27063
   39 -794.408781     7
   40 7046.259380 23419
   41 11281.145678 26823
   42 -1002.317719     2
   43 9.443214 20275
   44 8223.456478 20882
   45 10601.509901 19868
   46 -297.197574     8
   47 -1538.094535     7
   48 -642.873159     1
   49 245.828706  7208
   50 -1926.378587     1
   51 -595.843009     2
   52 18917.508914 24961
   53 8505.411011 25395
   54 22419.023334 31497
   55 -1593.264077     1
   56 4795.293734 22654
   57 90.829475  9613
   58 -828.166511     3
   59 5306.338940 19985
   60 3081.441050  7593
   61 2105.704835 15343
   62 3875.669748 -2908
   63 -1152.862379     6
   64 -454.174585     5
   65 1684.185651  7104
   66 -522.386785     3
   67 -1454.868394     0
   68 13607.920215 25634
   69 14852.641184 22064
   70 -376.644375     3
   71 9166.587754 26647
   72 5732.191035 30568
   73 -504.906565     1
   74 4854.119556 23628
   75 677.181710  6257
   76 1756.031061 19979
   77 -1094.569848     9
   78 4224.580085 18258
   79 1886.856783  7568
   80 8138.149096 27553
   81 185.302593 17082
   82 -587.416056     2
   83 8020.635622 20949
   84 24554.021315 27106
   85 3339.770711 18544
   86 2008.077641 11255
   87 6483.467372 28714
   88 4008.519769 13149
   89 10014.024938 -3029
   90 -1227.616290     4
   91 2626.003442 15842
   92 435.976702 11271
   93 9446.669443 20863
   94 7091.687580 28772
   95 -676.329822     5
   96 -308.819014     9
   97 -52.570312     9
   98 13652.851483 26222
   99 1217.535313  6573
  100 3717.254580 27037
  101 1.720168  5828
  102 -848.489616     9
  103 2434.699524 17746
  104 -302.461811     1
  105 26.505034  5314
  106 237.437062 -3121
  107 7492.333606 28962
  108 -202.224720     1
  109 568.766280 28513
  110 7433.352804 17081
  111 13362.208491 -2851
  112 1450.979037 18467
  113 11376.430655 32528
  114 -377.951931     4
  115 -313.402261     9
  116 11676.234585 15984
  117 1547.080405 -3174
  118 -513.562995     8
  119 17023.298982 -2932
  120 18272.057169 -2959
  121 8726.050208 24028
  122 -221.738059     1
  123 2957.463575 -2860
  124 12739.333355 27549
  125 12285.597461 -2858
  126 11298.894366 -3047
  127 20493.586852 31634
  128 -1111.396755     5
  129 4362.511334 13009
  130 -98.237991     9
  131 11271.607048 23283
  132 86.765720 19384
  133 5678.291259 19765
  134 9435.899135 19456
  135 12004.497004 -3258
  136 350.831165  6602
  137 1335.775097  9234
  138 697.879121 18370
  139 7548.986089 11832
  140 7850.029207 28847
  141 502.614184 11524
  142 5347.767262 30512
  143 -1708.487760     7
  144 8409.012358 26094
  145 15419.361768 28238
  146 -2.129263     4
  147 9093.996665 28525
  148 -815.344231     4
  149 -361.668093     7
  150 102.613680  5294
  151 5159.129481 15172
  152 -154.424377     8
  153 7699.136621 26958
  154 15284.442220 -3076
  155 -1235.817982     1
  156 1834.732811 24828
  157 -661.659747     7
  158 317.559034  5731
  159 -879.897931     1
  160 3152.858609 20722
  161 4127.983765  8195
  162 992.357204  6887
  163 1127.896057  8101
  164 562.236202  7558
  165 -1516.251483     9
  166 -1892.472131     1
  167 41.804608 12462
  168 -456.647884     9
  169 306.811799  6250
  170 13028.928140 22861
  171 3602.399519 18695
  172 31320.257600 29490
  173 -1528.793361     7
  174 -975.009567     1
  175 -471.806294     8
  176 8351.499841 30213
  177 -4.878519     9
  178 -652.422426     4
  179 1564.419968 16841
  180 16482.367211 31142
  181 1732.632762  8905
  182 8868.887689 23518
  183 3969.466925 31181
  184 -1189.127271     0
  185 5081.535170 11201
  186 -117.506153     3
  187 -2109.935014     1
  188 296.219670  8731
  189 -660.454994     0
  190 28.662904  5594
  191 6833.165724 25258
  192 13597.293618 13869
  193 4671.904524 16140
  194 -340.552697     1
  195 -1131.538713     4
  196 757.022628 -3187
  197 415.424687 12350
  198 964.697470 29250
  199 -3068.251657     5
  200 6090.353496 21020
  201 4692.322577 11709
  202 2941.648348 17541
  203 -1145.313933     3
  204 -710.701347     5
  205 15470.247428 25824
  206 -95.992812     2
  207 3925.924914 15814
  208 4453.302850 25022
  209 -1924.786511     5
  210 111.001194  5251
  211 954.036418  6080
  212 1565.044036 20517
  213 10388.910239 28377
  214 14953.043564 -3191
  215 -196.275114     5
  216 -194.446108     7
  217 224.965953  6281
  218 9364.146666 26838
  219 -520.523570     3
  220 -143.289492     0
  221 3953.201207 17350
  222 3681.067408 14458
  223 -1023.529745     5
  224 7476.696325 -3122
  225 2685.291336 26527
  226 3417.871671 20425
  227 10593.857603 -3204
  228 21836.018456 29261
  229 4386.011017 17613
  230 1017.639894 -3214
  231 451.658639 30599
  232 20908.846183 27069
  233 755.692349  7552
  234 -314.449726     3
  235 228.728289  9764
  236 -2174.544756     2
  237 2319.545452 16817
  238 24290.662551 -2897
  239 1545.073526 13720
  240 -699.364351     4
  241 385.298790  5876
  242 29314.938686 -3192
  243 5771.210720 26854
  244 12263.977175 24497
  245 -41.832002     1
  246 -747.525731     2
  247 112.880396  5546
  248 12881.656791 27208
  249 -697.205487     3
  250 2012.192282 12189
  251 229.314780 -2797
  252 1822.995692 10355
  253 4819.245195 -3109
  254 84.827193  5080
  255 5344.324587 -2848
  256 9403.224691 28594
  257 5212.877182 27728
  258 -1787.061842     1
  259 1406.301825 17216
  260 131.378419  5214
  261 1670.669244 24666
  262 -5.078610     7
  263 11.840889  5074
  264 -226.091672     0
  265 -20.345552     6
  266 8448.621634 21029
  267 1537.253085 21240
  268 12941.724711 32269
  269 1536.817882 28404
  270 -2270.987465     7
  271 2174.037203  8066
  272 29876.334162 -3250
  273 480.929971  8236
  274 9396.963906 13977
  275 -372.554781     2
  276 1280.636092 30687
  277 13205.217478 31575
  278 1097.652806 28229
  279 3114.055052 -2983
  280 -205.304820     2
  281 12387.412929 28859
  282 6659.347023 11530
  283 -2322.246735     7
  284 741.263650 15765
  285 3274.228607 20705
  286 3115.197194 29767
  287 8130.392294 19460
  288 2983.695562 22963
  289 5578.380501 21428
  290 -277.707327     6
  291 7842.415780 31421
  292 12490.235469 26578
  293 6831.979011 15799
  294 1758.471478  8784
  295 -733.285321     8
  296 -1748.442847     2
  297 16596.032312 -3018
  298 5750.999451 23046
  299 3662.005359 19927
  300 20300.359160 24137
