300
    1 0.750639  5001
    2 1958.327062 21119
    3 584.529381 27552
    4 5394.674457 -2979
    5 3254.379653 -3267
    6 6168.153946 22605
    7 -875.058377     0
    8 16775.412591 -2786
    9 -876.901043     9
   10 4233.985968 10019
   11 1705.730778 16402
   12 -1163.240024     2
   13 4824.666197 12882
   14 2597.179748 25490
   15 3848.048396 10438
   16 3162.675476 23433
   17 -636.128839     5
   18 4638.815722 17080
   19 1745.121743 11863
   20 5518.441599 28698
   21 -1127.091968     1
   22 249.460189  6611
   23 5.380673  5525
   24 -1678.863334     6
   25 -808.183476     8
   26 -677.173213     1
   27 9600.631755 25096
   28 -192.137849     8
   29 -2025.419538     7
   30 7921.677883 -3202
   31 8762.659553 29956
   32 8331.602784 23649
   33 -751.172092     5
   34 5442.649538 19086
   35 -422.830960     1
   36 208.738653  5763
   37 6648.299171 19573
   38 574.888468 27063
   39 -1373.395793     7
   40 12163.955322 23419
   41 2309.721716 26823
   42 -1439.717136     2
   43 4603.354140 20275
   44 3671.822456 20882
   45 1499.383810 19868
   46 -214.363754     8
   47 -3327.454606     7
   48 -677.620549     1
   49 157.619035  7208
   50 -432.027719     1
   51 -1230.361215     2
   52 10111.689749 24961
   53 3801.360140 25395
   54 2821.301131 31497
   55 -975.138474     1
   56 22897.268870 22654
   57 1105.405958  9613
   58 -208.637804     3
   59 16327.972233 19985
   60 1354.517017  7593
   61 767.931806 15343
   62 21935.243665 -2908
   63 -3735.479849     6
   64 -1114.219921     5
   65 570.973250  7104
   66 -118.988611     3
   67 -681.196828     0
   68 3192.713477 25634
   69 1656.843887 22064
   70 -870.356359     3
   71 3560.618933 26647
   72 24586.371091 30568
   73 -54.494199     1
   74 1587.840406 23628
   75 206.857054  6257
   76 7160.929299 19979
   77 -2460.409843     9
   78 4714.316950 18258
   79 1497.873573  7568
   80 16201.883809 27553
   81 8601.057476 17082
   82 -61.628239     2
   83 3055.762417 20949
   84 5705.822297 27106
   85 2599.107768 18544
   86 2277.554069 11255
   87 15111.942076 28714
   88 1542.868754 13149
   89 12003.940986 -3029
   90 -773.008179     4
   91 851.778457 15842
   92 810.277967 11271
   93 2254.810300 20863
   94 9792.858307 28772
   95 -458.118924     5
   96 -1119.022373     9
   97 -2052.525387     9
   98 1718.322083 26222
   99 228.699144  6573
  100 9699.537659 27037
  101 142.473175  5828
  102 -480.058178     9
  103 7484.074472 17746
  104 -2963.919256     1
  105 179.238373  5314
  106 8679.349257 -3121
  107 2120.639884 28962
  108 -309.869864     1
  109 16905.016007 28513
  110 10765.334918 17081
  111 2403.785883 -2851
  112 869.646091 18467
  113 2573.490966 32528
  114 -1333.816841     4
  115 -47.160277     9
  116 5025.999607 15984
  117 3025.731846 -3174
  118 -1584.134737     8
  119 6530.841751 -2932
  120 247.830985 -2959
  121 5768.004648 24028
  122 -2862.284653     1
  123 3266.608043 -2860
  124 1721.578224 27549
  125 557.554072 -2858
  126 7572.936349 -3047
  127 13014.994109 31634
  128 -2062.517317     5
  129 1920.981030 13009
  130 -775.463589     9
  131 1855.285713 23283
  132 13478.222145 19384
  133 5302.735000 19765
  134 3446.145357 19456
  135 5144.843604 -3258
  136 495.334225  6602
  137 3259.544595  9234
  138 8228.675404 18370
  139 2436.876541 11832
  140 8029.592845 28847
  141 7287.853712 11524
  142 1281.295005 30512
  143 -578.121523     7
  144 5295.345764 26094
  145 11704.629059 28238
  146 -262.917376     4
  147 1658.420742 28525
  148 -319.151794     4
  149 -738.618162     7
  150 121.167655  5294
  151 2110.069191 15172
  152 -1309.085038     8
  153 16466.320500 26958
  154 8649.342770 -3076
  155 -975.940614     1
  156 11238.453038 24828
  157 -2056.478007     7
  158 509.800273  5731
  159 -1461.579580     1
  160 8203.244481 20722
  161 824.312184  8195
  162 1181.373620  6887
  163 1019.478024  8101
  164 99.707835  7558
  165 -1589.284351     9
  166 -2365.594660     1
  167 804.751712 12462
  168 -1291.305680     9
  169 680.351556  6250
  170 33841.359322 22861
  171 3461.720295 18695
  172 22794.872922 29490
  173 -1562.971045     7
  174 -1099.021915     1
  175 -2361.890365     8
  176 8752.765140 30213
  177 -1798.770888     9
  178 -1675.272479     4
  179 6106.974671 16841
  180 13563.963571 31142
  181 59.394458  8905
  182 14593.674393 23518
  183 5565.351610 31181
  184 -773.416282     0
  185 4752.316460 11201
  186 -1409.032173     3
  187 -1825.580440     1
  188 3163.135454  8731
  189 -2855.921221     0
  190 125.237747  5594
  191 2860.916052 25258
  192 5683.134767 13869
  193 2794.696066 16140
  194 -1069.723790     1
  195 -423.337738     4
  196 24483.760888 -3187
  197 3761.125979 12350
  198 15343.359570 29250
  199 -2190.947442     5
  200 11592.800263 21020
  201 4557.262135 11709
  202 4958.819814 17541
  203 -397.244817     3
  204 -4218.185280     5
  205 1462.785792 25824
  206 -3572.061477     2
  207 7883.626710 15814
  208 8873.277287 25022
  209 -1205.603450     5
  210 93.746227  5251
  211 115.256906  6080
  212 4421.615307 20517
  213 1926.869338 28377
  214 10713.185139 -3191
  215 -1102.250482     5
  216 -1454.791723     7
  217 381.479580  6281
  218 6997.251101 26838
  219 -1258.437907     3
  220 -114.624070     0
  221 6760.988144 17350
  222 5762.502727 14458
  223 -469.853420     5
  224 10255.535004 -3122
  225 20930.860878 26527
  226 595.390103 20425
  227 12476.254390 -3204
  228 9219.965163 29261
  229 1245.805059 17613
  230 3685.115723 -3214
  231 27600.569341 30599
  232 6893.687272 27069
  233 1240.418016  7552
  234 -1571.728827     3
  235 2664.599151  9764
  236 -183.671508     2
  237 2142.864398 16817
  238 19938.807437 -2897
  239 1878.791489 13720
  240 -1069.350485     4
  241 1096.175180  5876
  242 9749.211092 -3192
  243 4138.800326 26854
  244 22523.749954 24497
  245 -2184.505885     1
  246 -460.025319     2
  247 46.542818  5546
  248 7319.014315 27208
  249 -869.746712     3
  250 3028.426950 12189
  251 5995.093206 -2797
  252 3187.767661 10355
  253 19005.723317 -3109
  254 4.748980  5080
  255 21075.865013 -2848
  256 7463.454383 28594
  257 11823.722332 27728
  258 -638.550673     1
  259 3604.371477 17216
  260 79.960556  5214
  261 4484.517543 24666
  262 -527.114278     7
  263 10.118866  5074
  264 -342.725690     0
  265 -1708.281483     6
  266 3937.737663 21029
  267 3845.339007 21240
  268 5264.663914 32269
  269 3229.323561 28404
  270 -562.696159     7
  271 467.136803  8066
  272 10543.466778 -3250
  273 827.095815  8236
  274 6646.029505 13977
  275 -560.053875     2
  276 845.945340 30687
  277 22158.338059 31575
  278 25391.763514 28229
  279 11566.832135 -2983
  280 -1601.736364     2
  281 20389.162481 28859
  282 8112.844635 11530
  283 -917.140216     7
  284 1196.466106 15765
  285 5571.447676 20705
  286 6391.973212 29767
  287 18820.654737 19460
  288 653.589350 22963
  289 10793.694584 21428
  290 -1539.948251     6
  291 14593.234213 31421
  292 10358.720053 26578
  293 2955.179300 15799
  294 2257.381633  8784
  295 -1637.453799     8
  296 -1529.208659     2
  297 17659.294815 -3018
  298 5685.987676 23046
  299 7595.841745 19927
  300 5825.452545 24137
