300
    1 0.353561  5001
    2 10414.208099 21119
    3 11860.513155 27552
    4 20392.953999 -2979
    5 1267.642063 -3267
    6 4233.757007 22605
    7 -2214.316388     0
    8 10986.233226 -2786
    9 -404.312004     9
   10 4306.390915 10019
   11 498.434061 16402
   12 -821.943885     2
   13 817.817361 12882
   14 5082.801066 25490
   15 2527.626955 10438
   16 8062.458625 23433
   17 -1511.833523     5
   18 753.077742 17080
   19 4931.186902 11863
   20 8282.644242 28698
   21 -245.726653     1
   22 166.534079  6611
   23 59.973080  5525
   24 -899.049397     6
   25 -525.603416     8
   26 -602.219280     1
   27 3086.221906 25096
   28 -891.610958     8
   29 -2246.482363     7
   30 18983.519870 -3202
   31 11757.688691 29956
   32 6259.031977 23649
   33 -2421.810065     5
   34 2929.010242 19086
   35 -2799.733889     1
   36 398.592513  5763
   37 2250.198829 19573
   38 2097.249840 27063
   39 -1105.525881     7
   40 3184.094425 23419
   41 14042.249923 26823
   42 -669.435460     2
   43 17697.216901 20275
   44 5602.001726 20882
   45 20385.455406 19868
   46 -550.923078     8
   47 -975.039219     7
   48 -1326.168031     1
   49 2850.625189  7208
   50 -315.541615     1
   51 -1152.440254     2
   52 4153.195606 24961
   53 12322.306575 25395
   54 12806.406366 31497
   55 -1826.970118     1
   56 950.772021 22654
   57 744.346306  9613
   58 -217.767974     3
   59 8207.489406 19985
   60 316.085439  7593
   61 3919.101607 15343
   62 15746.092345 -2908
   63 -459.643018     6
   64 -1536.985132     5
   65 69.079342  7104
   66 -191.315016     3
   67 -955.855587     0
   68 3809.077835 25634
   69 11843.102858 22064
   70 -1012.743684     3
   71 2504.946125 26647
   72 10344.424885 30568
   73 -937.825469     1
   74 10431.806126 23628
   75 622.132779  6257
   76 263.036815 19979
   77 -1603.422616     9
   78 3022.661225 18258
   79 1756.247985  7568
   80 18938.739657 27553
   81 472.905719 17082
   82 -206.447702     2
   83 3696.979997 20949
   84 15698.921686 27106
   85 2937.865794 18544
   86 3728.210840 11255
   87 3330.790043 28714
   88 4831.671858 13149
   89 7378.104569 -3029
   90 -1439.243537     4
   91 4036.337029 15842
   92 315.911083 11271
   93 54.539632 20863
   94 17454.849542 28772
   95 -642.558198     5
   96 -79.017787     9
   97 -384.271487     9
   98 1562.563912 26222
   99 330.693507  6573
  100 3594.156719 27037
  101 565.814739  5828
  102 -46.887491     9
  103 1512.848522 17746
  104 -2527.713471     1
  105 142.670787  5314
  106 15989.462969 -3121
  107 23722.507064 28962
  108 -513.247500     1
  109 6905.823742 28513
  110 4556.682871 17081
  111 4295.537646 -2851
  112 2792.819132 18467
  113 7504.492797 32528
  114 -2948.123055     4
  115 -220.407327     9
  116 8314.754792 15984
  117 5235.316691 -3174
  118 -774.366783     8
  119 14964.055627 -2932
  120 9734.287242 -2959
  121 88.522124 24028
  122 -1103.751192     1
  123 7072.480256 -2860
  124 8781.665832 27549
  125 16227.655039 -2858
  126 11504.529974 -3047
  127 1020.212318 31634
  128 -1434.836025     5
  129 6334.867717 13009
  130 -1288.397979     9
  131 2048.206481 23283
  132 11968.327285 19384
  133 5389.840991 19765
  134 5466.867552 19456
  135 8256.489985 -3258
  136 1690.061456  6602
  137 115.413821  9234
  138 14917.325462 18370
  139 192.879606 11832
  140 6267.092897 28847
  141 613.433859 11524
  142 25124.874656 30512
  143 -1282.798427     7
  144 19118.695626 26094
  145 8405.723201 28238
  146 -469.907832     4
  147 1982.130192 28525
  148 -523.703896     4
  149 -685.247415     7
  150 26.437887  5294
  151 2115.486694 15172
  152 -468.955441     8
  153 2041.080940 26958
  154 6034.482908 -3076
  155 -1091.302082     1
  156 57.295291 24828
  157 -296.687530     7
  158 181.760508  5731
  159 -912.670931     1
  160 4514.467847 20722
  161 2101.307779  8195
  162 673.711702  6887
  163 2189.125061  8101
  164 2899.573195  7558
  165 -282.667255     9
  166 -297.527607     1
  167 4881.366907 12462
  168 -870.014641     9
  169 601.569695  6250
  170 5796.425976 22861
  171 1187.252879 18695
  172 6446.234417 29490
  173 -2442.067940     7
  174 -37.896190     1
  175 -2977.743274     8
  176 3770.008142 30213
  177 -2894.041376     9
  178 -1611.971797     4
  179 9996.252054 16841
  180 4217.068639 31142
  181 114.782306  8905
  182 9018.351606 23518
  183 13498.670277 31181
  184 -860.277675     0
  185 2078.161641 11201
  186 -1134.181751     3
  187 -149.782239     1
  188 1755.332775  8731
  189 -2658.599021     0
  190 129.425271  5594
  191 23327.998187 25258
  192 1778.129805 13869
  193 1439.920513 16140
  194 -2015.197877     1
  195 -1096.294762     4
  196 18403.629268 -3187
  197 1421.719546 12350
  198 4054.553871 29250
  199 -147.728814     5
  200 4313.322576 21020
  201 3732.889511 11709
  202 381.266246 17541
  203 -1463.085304     3
  204 -474.729721     5
  205 5445.327411 25824
  206 -1737.985040     2
  207 2493.980624 15814
  208 12246.109377 25022
  209 -1495.410710     5
  210 57.043328  5251
  211 204.423351  6080
  212 4411.057511 20517
  213 18911.667435 28377
  214 23621.301548 -3191
  215 -2109.767589     5
  216 -1066.976873     7
  217 632.097207  6281
  218 15869.605965 26838
  219 -1528.725666     3
  220 -99.615298     0
  221 10711.129039 17350
  222 5110.757710 14458
  223 -686.597686     5
  224 28727.316073 -3122
  225 3759.976510 26527
  226 19056.271295 20425
  227 28928.893878 -3204
  228 23338.937459 29261
  229 1726.472418 17613
  230 3022.366666 -3214
  231 3977.259856 30599
  232 3821.340724 27069
  233 789.888739  7552
  234 -1576.967906     3
  235 1623.898238  9764
  236 -455.808832     2
  237 212.612042 16817
  238 2829.170252 -2897
  239 4571.294587 13720
  240 -562.462598     4
  241 284.150391  5876
  242 10054.125143 -3192
  243 1320.719947 26854
  244 4123.525700 24497
  245 -1091.824009     1
  246 -1485.044779     2
  247 145.020467  5546
  248 9381.613909 27208
  249 -176.243475     3
  250 1316.325807 12189
  251 12017.996235 -2797
  252 2498.595359 10355
  253 32414.081177 -3109
  254 33.469032  5080
  255 5610.701453 -2848
  256 6907.002507 28594
  257 9972.710759 27728
  258 -1965.107864     1
  259 5222.327937 17216
  260 18.109358  5214
  261 9905.108006 24666
  262 -475.700719     7
  263 25.023640  5074
  264 -433.398225     0
  265 -40.093637     6
  266 4130.057797 21029
  267 3580.531754 21240
  268 17210.305027 32269
  269 6208.520798 28404
  270 -2689.767312     7
  271 847.636955  8066
  272 23957.811957 -3250
  273 564.817521  8236
  274 7283.764024 13977
  275 -279.897388     2
  276 475.478503 30687
  277 11634.208521 31575
  278 23410.041022 28229
  279 13921.600021 -2983
  280 -216.742553     2
  281 1277.846978 28859
  282 2147.488191 11530
  283 -10.852762     7
  284 10886.831397 15765
  285 5788.024993 20705
  286 22996.684338 29767
  287 7628.298507 19460
  288 2959.229561 22963
  289 1448.104841 21428
  290 -108.846538     6
  291 3785.260203 31421
  292 9818.946038 26578
  293 4826.187742 15799
  294 1402.452871  8784
  295 -2502.420133     8
  296 -2388.785302     2
  297 15390.201302 -3018
  298 15023.675336 23046
  299 6193.797192 19927
  300 5787.572898 24137
