100
    1 0.077935     3
    2 2.402769    21
    3 1.166651    14
    4 4.558422    21
    5 1.617711     5
    6 2.005752     7
    7 1.208555     8
    8 0.894089    12
    9 4.546708    19
   10 2.719927    21
   11 0.018713     4
   12 3.355435    16
   13 0.006631     4
   14 1.716926    12
   15 1.612197    20
   16 7.218606    15
   17 0.569697    13
   18 0.261275    22
   19 2.033755     5
   20 15.490548    20
   21 0.560188     7
   22 1.320075    13
   23 2.398409     7
   24 0.134513    12
   25 2.852664    10
   26 4.136673    17
   27 13.366509    18
   28 0.450329    10
   29 5.864776    21
   30 3.913288    17
   31 7.292670    18
   32 0.323240    11
   33 0.087259     3
   34 2.593683     8
   35 0.572091    17
   36 0.997930     5
   37 4.982732    15
   38 0.545756     5
   39 12.849298    21
   40 3.308425    21
   41 0.741188     5
   42 5.242347    16
   43 5.102855    17
   44 0.348538     4
   45 0.399508    10
   46 0.319736    20
   47 0.014403    21
   48 2.666835     7
   49 4.936289    10
   50 13.926921    17
   51 0.792840     6
   52 0.472308     3
   53 1.310838    17
   54 2.204818    19
   55 3.199411     7
   56 7.438587    16
   57 1.212956    15
   58 0.953035     5
   59 2.290108     7
   60 1.873692    15
   61 1.930487     5
   62 5.183934    13
   63 3.905284    12
   64 0.785772     3
   65 0.104234     6
   66 0.198813     5
   67 7.207344    18
   68 5.889718    16
   69 2.591964     6
   70 0.245929    15
   71 1.975892     9
   72 5.839262    10
   73 0.031501     7
   74 1.198375    10
   75 9.514848    19
   76 1.974536    21
   77 7.796022     9
   78 4.898530    20
   79 2.660965    10
   80 6.177810    15
   81 1.709230     4
   82 3.004421    16
   83 1.554137    11
   84 0.931110     8
   85 2.893919     6
   86 7.680034    17
   87 0.094410    16
   88 5.634878    11
   89 15.040974    22
   90 10.856480    14
   91 0.405851     4
   92 5.033561    13
   93 0.523719     5
   94 3.467198    14
   95 2.012884    13
   96 2.512305     9
   97 6.332807    19
   98 0.315660     4
   99 1.746246    15
  100 5.834335    19
