300
    1 0.185586  5001
    2 142.134206 21119
    3 13510.097611 27552
    4 27750.494486 -2979
    5 9171.493911 -3267
    6 10382.121093 22605
    7 -1648.705524     0
    8 8360.974343 -2786
    9 -1722.732303     9
   10 1071.968222 10019
   11 4513.492145 16402
   12 -1568.450158     2
   13 7034.588023 12882
   14 1933.409373 25490
   15 4084.724935 10438
   16 11191.796709 23433
   17 -1640.501678     5
   18 4870.407628 17080
   19 4317.878725 11863
   20 17612.508769 28698
   21 -1083.110179     1
   22 648.194745  6611
   23 318.670747  5525
   24 -353.544682     6
   25 -1628.119581     8
   26 -1590.939414     1
   27 9183.756080 25096
   28 -920.920752     8
   29 -1655.342247     7
   30 1595.015413 -3202
   31 6635.162977 29956
   32 4922.719786 23649
   33 -531.555277     5
   34 7309.149404 19086
   35 -2411.564745     1
   36 622.841678  5763
   37 5511.667853 19573
   38 14859.970247 27063
   39 -731.677767     7
   40 6993.302557 23419
   41 10668.856857 26823
   42 -563.408399     2
   43 10782.744615 20275
   44 6826.313988 20882
   45 8789.652989 19868
   46 -82.679793     8
   47 -976.352064     7
   48 -1008.633856     1
   49 1260.018289  7208
   50 -274.947404     1
   51 -1367.103250     2
   52 7039.462098 24961
   53 4892.226351 25395
   54 5765.026281 31497
   55 -2542.975064     1
   56 2802.310140 22654
   57 1188.557849  9613
   58 -603.313702     3
   59 1170.095975 19985
   60 484.123017  7593
   61 8691.250730 15343
   62 12709.152544 -2908
   63 -479.865954     6
   64 -445.879797     5
   65 1461.127354  7104
   66 -108.391618     3
   67 -976.315449     0
   68 7472.894603 25634
   69 10362.070414 22064
   70 -514.404346     3
   71 3590.371346 26647
   72 7431.538865 30568
   73 -850.331307     1
   74 6150.854911 23628
   75 1163.747772  6257
   76 226.232588 19979
   77 -650.180568     9
   78 3486.035886 18258
   79 419.546579  7568
   80 6988.848502 27553
   81 9215.853806 17082
   82 -248.525158     2
   83 7848.474586 20949
   84 11967.345767 27106
   85 11033.963533 18544
   86 1271.751185 11255
   87 5280.531620 28714
   88 1902.948383 13149
   89 17844.977992 -3029
   90 -1080.574439     4
   91 3159.476317 15842
   92 82.825675 11271
   93 7571.855020 20863
   94 10346.416958 28772
   95 -1763.789698     5
   96 -408.230252     9
   97 -2184.766669     9
   98 7088.072876 26222
   99 164.308218  6573
  100 2395.892240 27037
  101 736.365458  5828
  102 -36.734863     9
  103 4700.096532 17746
  104 -2022.334122     1
  105 30.678971  5314
  106 4027.608599 -3121
  107 7600.001342 28962
  108 -442.556589     1
  109 11562.657654 28513
  110 6034.184535 17081
  111 35109.150184 -2851
  112 209.250885 18467
  113 6771.389823 32528
  114 -632.210076     4
  115 -673.613680     9
  116 4163.867011 15984
  117 2970.653330 -3174
  118 -529.995787     8
  119 14570.731736 -2932
  120 13441.426904 -2959
  121 18333.150208 24028
  122 -542.985449     1
  123 22715.425751 -2860
  124 7319.398156 27549
  125 16974.937385 -2858
  126 7570.723446 -3047
  127 21853.162441 31634
  128 -16.494079     5
  129 3079.718130 13009
  130 -951.120799     9
  131 13810.199445 23283
  132 4808.927344 19384
  133 532.199324 19765
  134 542.894248 19456
  135 13902.471411 -3258
  136 748.708251  6602
  137 2994.511585  9234
  138 1903.459437 18370
  139 1974.981956 11832
  140 10260.489177 28847
  141 3999.265539 11524
  142 12137.478549 30512
  143 -1901.283777     7
  144 3503.559238 26094
  145 11094.797177 28238
  146 -893.558254     4
  147 22097.504855 28525
  148 -347.105796     4
  149 -347.480424     7
  150 68.332883  5294
  151 5674.734641 15172
  152 -772.171956     8
  153 18655.171639 26958
  154 652.971836 -3076
  155 -841.209404     1
  156 5677.164673 24828
  157 -330.864711     7
  158 157.928899  5731
  159 -215.374999     1
  160 1761.504731 20722
  161 1087.624261  8195
  162 775.797380  6887
  163 105.649035  8101
  164 253.148518  7558
  165 -1679.057111     9
  166 -1181.162698     1
  167 6812.498501 12462
  168 -963.037050     9
  169 91.525803  6250
  170 2486.267164 22861
  171 12108.565663 18695
  172 771.140977 29490
  173 -3630.238865     7
  174 -2539.629608     1
  175 -339.646993     8
  176 18991.322282 30213
  177 -923.757725     9
  178 -266.484857     4
  179 2309.994723 16841
  180 1315.763824 31142
  181 1327.849375  8905
  182 13831.196139 23518
  183 2628.916223 31181
  184 -473.620883     0
  185 996.519887 11201
  186 -911.551351     3
  187 -723.759767     1
  188 1949.945221  8731
  189 -2432.278908     0
  190 77.957703  5594
  191 4785.503690 25258
  192 1756.145721 13869
  193 2419.242929 16140
  194 -1126.499900     1
  195 -2343.105406     4
  196 16024.833505 -3187
  197 3085.527339 12350
  198 12159.548729 29250
  199 -2270.018607     5
  200 2306.248208 21020
  201 1461.624936 11709
  202 4859.029653 17541
  203 -1297.514771     3
  204 -1458.522028     5
  205 702.588119 25824
  206 -973.634458     2
  207 5953.099794 15814
  208 7684.612623 25022
  209 -1199.680250     5
  210 58.922501  5251
  211 63.806187  6080
  212 1544.280114 20517
  213 4743.626034 28377
  214 5655.356866 -3191
  215 -2635.220040     5
  216 -258.998969     7
  217 622.482595  6281
  218 13604.468249 26838
  219 -1008.457560     3
  220 -1755.924407     0
  221 2530.590659 17350
  222 3811.421153 14458
  223 -1136.897789     5
  224 21199.994682 -3122
  225 17318.329866 26527
  226 5357.800961 20425
  227 16058.466399 -3204
  228 2140.013174 29261
  229 6048.152678 17613
  230 9908.951173 -3214
  231 25730.078810 30599
  232 8097.463897 27069
  233 690.661263  7552
  234 -970.381859     3
  235 1083.689028  9764
  236 -784.788238     2
  237 8711.683595 16817
  238 6562.379858 -2897
  239 3018.919030 13720
  240 -1505.955445     4
  241 353.962316  5876
  242 3501.861688 -3192
  243 3978.731920 26854
  244 7532.591606 24497
  245 -341.143587     1
  246 -401.517012     2
  247 550.079629  5546
  248 1147.756886 27208
  249 -370.233457     3
  250 3957.819160 12189
  251 14328.449192 -2797
  252 1107.476762 10355
  253 15695.474023 -3109
  254 7.014319  5080
  255 16561.801234 -2848
  256 12569.677181 28594
  257 1798.809276 27728
  258 -835.416176     1
  259 7078.112975 17216
  260 109.214988  5214
  261 12206.270973 24666
  262 -1384.723519     7
  263 52.161430  5074
  264 -522.220119     0
  265 -839.663081     6
  266 10443.780809 21029
  267 6965.002152 21240
  268 7229.303318 32269
  269 15145.846895 28404
  270 -2935.616695     7
  271 604.311502  8066
  272 7623.777707 -3250
  273 862.405307  8236
  274 4813.633546 13977
  275 -1636.296376     2
  276 21352.206490 30687
  277 22809.024720 31575
  278 5422.260068 28229
  279 17371.260272 -2983
  280 -637.881412     2
  281 9386.849275 28859
  282 776.214694 11530
  283 -1616.947371     7
  284 856.270361 15765
  285 84.057957 20705
  286 7197.543822 29767
  287 2089.099977 19460
  288 16168.447636 22963
  289 4397.825758 21428
  290 -2693.632434     6
  291 12659.779078 31421
  292 8021.982501 26578
  293 7613.608364 15799
  294 1718.171171  8784
  295 -6.592746     8
  296 -2697.524326     2
  297 24211.976560 -3018
  298 17284.871199 23046
  299 3382.736114 19927
  300 6812.410319 24137
