300
    1 0.093852  5001
    2 4221.942956 21119
    3 4147.661248 27552
    4 1782.712832 -2979
    5 34601.653621 -3267
    6 2027.622299 22605
    7 -218.951118     0
    8 27076.492269 -2786
    9 -1065.419771     9
   10 543.389257 10019
   11 6329.779775 16402
   12 -2136.312245     2
   13 2059.015837 12882
   14 2823.918006 25490
   15 3258.855679 10438
   16 1948.374601 23433
   17 -435.229996     5
   18 6402.216560 17080
   19 4113.323041 11863
   20 15813.161327 28698
   21 -936.750784     1
   22 104.148671  6611
   23 166.518289  5525
   24 -1351.824207     6
   25 -2033.643256     8
   26 -1676.760089     1
   27 3040.195531 25096
   28 -1455.986652     8
   29 -2059.786858     7
   30 13476.842524 -3202
   31 13432.308212 29956
   32 4846.406599 23649
   33 -1801.989205     5
   34 7680.228222 19086
   35 -2676.533631     1
   36 555.241506  5763
   37 13828.734377 19573
   38 6304.443018 27063
   39 -992.260379     7
   40 7032.438110 23419
   41 4626.788526 26823
   42 -1254.418540     2
   43 2585.884351 20275
   44 430.081636 20882
   45 6113.164569 19868
   46 -177.133552     8
   47 -1696.128546     7
   48 -1042.338772     1
   49 1011.840811  7208
   50 -1292.475172     1
   51 -2419.830619     2
   52 15175.884590 24961
   53 8641.844302 25395
   54 5798.182606 31497
   55 -1388.434298     1
   56 15957.276517 22654
   57 2454.497055  9613
   58 -1910.840543     3
   59 3226.173683 19985
   60 312.737604  7593
   61 868.335030 15343
   62 666.626356 -2908
   63 -1352.379740     6
   64 -2288.732499     5
   65 2205.139724  7104
   66 -356.979397     3
   67 -3551.221581     0
   68 2412.624102 25634
   69 1191.622835 22064
   70 -1209.422571     3
   71 9938.375973 26647
   72 3002.827362 30568
   73 -80.637164     1
   74 6178.766744 23628
   75 206.820724  6257
   76 1972.717987 19979
   77 -123.343486     9
   78 4248.275516 18258
   79 1316.987120  7568
   80 16318.909016 27553
   81 3053.835057 17082
   82 -174.530740     2
   83 15283.553000 20949
   84 11260.310092 27106
   85 3558.971449 18544
   86 5088.877699 11255
   87 762.147014 28714
   88 817.137223 13149
   89 18767.270703 -3029
   90 -2417.101615     4
   91 5420.560193 15842
   92 1281.735575 11271
   93 997.329706 20863
   94 25280.968325 28772
   95 -728.727607     5
   96 -998.187364     9
   97 -1404.305687     9
   98 2392.440534 26222
   99 839.977987  6573
  100 5104.155207 27037
  101 260.687580  5828
  102 -388.593243     9
  103 4158.532734 17746
  104 -172.074610     1
  105 16.885570  5314
  106 1290.394232 -3121
  107 7003.691640 28962
  108 -2686.714742     1
  109 22069.767893 28513
  110 6997.273700 17081
  111 5649.864772 -2851
  112 10205.631401 18467
  113 15773.326401 32528
  114 -2137.130345     4
  115 -1402.282377     9
  116 10751.071253 15984
  117 165.928702 -3174
  118 -1771.937779     8
  119 12789.312523 -2932
  120 445.858141 -2959
  121 236.577951 24028
  122 -1687.306357     1
  123 25048.748303 -2860
  124 19683.587146 27549
  125 448.309650 -2858
  126 10462.158280 -3047
  127 5072.242761 31634
  128 -2269.242099     5
  129 6136.920118 13009
  130 -2022.288577     9
  131 8184.837546 23283
  132 16589.200813 19384
  133 3378.529882 19765
  134 17289.347734 19456
  135 44513.178714 -3258
  136 687.989367  6602
  137 2714.273741  9234
  138 11476.031970 18370
  139 935.437103 11832
  140 799.212332 28847
  141 1763.573874 11524
  142 1943.440341 30512
  143 -104.839846     7
  144 16692.940930 26094
  145 8470.164588 28238
  146 -27.588227     4
  147 245.948324 28525
  148 -1263.011182     4
  149 -1656.688583     7
  150 275.202270  5294
  151 7333.873213 15172
  152 -1742.209109     8
  153 3738.085758 26958
  154 20440.958737 -3076
  155 -594.778151     1
  156 29387.704114 24828
  157 -1224.204475     7
  158 202.253589  5731
  159 -349.654448     1
  160 16730.467728 20722
  161 23.839512  8195
  162 157.319015  6887
  163 2073.475139  8101
  164 19.116700  7558
  165 -1195.680390     9
  166 -3569.238028     1
  167 2510.447583 12462
  168 -2302.460710     9
  169 91.822928  6250
  170 13519.814729 22861
  171 2374.092572 18695
  172 11186.952464 29490
  173 -841.542652     7
  174 -677.368470     1
  175 -1491.351763     8
  176 8653.457773 30213
  177 -1226.059016     9
  178 -2100.576802     4
  179 449.522903 16841
  180 1889.229437 31142
  181 1581.843310  8905
  182 4811.817467 23518
  183 21645.960163 31181
  184 -482.439621     0
  185 2243.556031 11201
  186 -1094.728630     3
  187 -557.836765     1
  188 522.417021  8731
  189 -2.845433     0
  190 101.741124  5594
  191 12221.290415 25258
  192 6839.673416 13869
  193 563.219685 16140
  194 -200.135539     1
  195 -1440.653137     4
  196 1730.726382 -3187
  197 3213.904467 12350
  198 7786.296572 29250
  199 -1734.581427     5
  200 1582.327399 21020
  201 1787.182686 11709
  202 5284.614841 17541
  203 -1078.165531     3
  204 -665.520990     5
  205 17673.002324 25824
  206 -592.996312     2
  207 3338.621749 15814
  208 11719.205400 25022
  209 -1974.235135     5
  210 32.101848  5251
  211 865.228713  6080
  212 8469.955764 20517
  213 4406.177555 28377
  214 3208.778510 -3191
  215 -662.293848     5
  216 -1188.498781     7
  217 245.641259  6281
  218 6731.662137 26838
  219 -638.722148     3
  220 -58.422448     0
  221 9211.982260 17350
  222 7807.014082 14458
  223 -680.479473     5
  224 7618.809741 -3122
  225 9533.726010 26527
  226 11.421790 20425
  227 6036.072792 -3204
  228 11574.554027 29261
  229 3896.888196 17613
  230 12313.117602 -3214
  231 14959.534404 30599
  232 1527.831900 27069
  233 731.720377  7552
  234 -960.878795     3
  235 2995.863379  9764
  236 -984.501359     2
  237 1527.846569 16817
  238 8249.464506 -2897
  239 1876.031822 13720
  240 -1447.823432     4
  241 428.453906  5876
  242 5909.655077 -3192
  243 6001.954826 26854
  244 12518.856414 24497
  245 -1083.448626     1
  246 -818.982048     2
  247 415.665517  5546
  248 16918.803191 27208
  249 -816.893761     3
  250 4112.519059 12189
  251 9540.134860 -2797
  252 1556.681600 10355
  253 19063.233751 -3109
  254 48.057340  5080
  255 13872.526241 -2848
  256 2745.563825 28594
  257 1202.239988 27728
  258 -465.755556     1
  259 2559.322360 17216
  260 147.386574  5214
  261 1816.873037 24666
  262 -541.302235     7
  263 10.726611  5074
  264 -1701.862867     0
  265 -237.385758     6
  266 1780.880602 21029
  267 907.920861 21240
  268 9622.467559 32269
  269 5337.302110 28404
  270 -460.222741     7
  271 3414.903008  8066
  272 22193.536101 -3250
  273 1597.845063  8236
  274 1278.517463 13977
  275 -1097.302211     2
  276 25983.978324 30687
  277 5442.445850 31575
  278 8111.729170 28229
  279 16944.997162 -2983
  280 -49.448671     2
  281 2740.162863 28859
  282 2800.186700 11530
  283 -119.424099     7
  284 5779.056894 15765
  285 5775.677339 20705
  286 19230.926946 29767
  287 19570.924058 19460
  288 16083.716562 22963
  289 2884.164966 21428
  290 -1475.654361     6
  291 3478.749448 31421
  292 478.002198 26578
  293 728.252239 15799
  294 1305.026309  8784
  295 -101.714970     8
  296 -3056.255340     2
  297 35696.955268 -3018
  298 11488.275676 23046
  299 103.896620 19927
  300 13456.870407 24137
