300
    1 0.573589  5001
    2 4892.962847 21119
    3 2702.326328 27552
    4 19539.518282 -2979
    5 20673.090799 -3267
    6 5870.494273 22605
    7 -125.151963     0
    8 5630.558092 -2786
    9 -642.221104     9
   10 297.220387 10019
   11 3335.716520 16402
   12 -1712.248363     2
   13 3921.266720 12882
   14 5633.291562 25490
   15 2769.031662 10438
   16 556.116466 23433
   17 -2741.098143     5
   18 6448.793336 17080
   19 5409.092797 11863
   20 10022.249059 28698
   21 -657.843415     1
   22 298.305982  6611
   23 206.679345  5525
   24 -1936.071538     6
   25 -177.996801     8
   26 -392.950418     1
   27 11769.690596 25096
   28 -233.975868     8
   29 -990.155959     7
   30 2096.238264 -3202
   31 7166.995388 29956
   32 3452.126487 23649
   33 -541.177192     5
   34 2636.802962 19086
   35 -3974.179547     1
   36 182.172713  5763
   37 2416.989777 19573
   38 997.463517 27063
   39 -1623.576220     7
   40 11224.059123 23419
   41 5019.990511 26823
   42 -1038.489422     2
   43 813.618607 20275
   44 6781.389263 20882
   45 155.801003 19868
   46 -883.566703     8
   47 -736.655730     7
   48 -1793.442221     1
   49 1082.457131  7208
   50 -948.047586     1
   51 -1179.561460     2
   52 9959.455681 24961
   53 1337.822922 25395
   54 703.749531 31497
   55 -604.109226     1
   56 9007.143703 22654
   57 1806.739072  9613
   58 -619.208559     3
   59 9189.630125 19985
   60 2264.059817  7593
   61 835.955503 15343
   62 9802.969119 -2908
   63 -2401.703096     6
   64 -354.755412     5
   65 843.955724  7104
   66 -348.653256     3
   67 -651.834626     0
   68 19289.351629 25634
   69 3214.864735 22064
   70 -818.423638     3
   71 11636.445690 26647
   72 2211.650473 30568
   73 -939.341083     1
   74 79.586944 23628
   75 1058.156214  6257
   76 4172.185811 19979
   77 -940.347757     9
   78 7930.727057 18258
   79 1534.889142  7568
   80 20735.480695 27553
   81 988.376474 17082
   82 -525.032245     2
   83 1886.543038 20949
   84 18733.994916 27106
   85 5429.648858 18544
   86 2471.373629 11255
   87 4794.329821 28714
   88 7466.266710 13149
   89 8372.505975 -3029
   90 -70.094900     4
   91 4587.707302 15842
   92 740.112629 11271
   93 5871.507314 20863
   94 13623.320964 28772
   95 -166.857564     5
   96 -345.567935     9
   97 -869.937461     9
   98 13372.351808 26222
   99 269.347702  6573
  100 15281.413248 27037
  101 464.005097  5828
  102 -224.072603     9
  103 14187.329422 17746
  104 -22.363208     1
  105 149.437768  5314
  106 26374.983904 -3121
  107 9602.611052 28962
  108 -1931.381283     1
  109 2701.102940 28513
  110 1682.069582 17081
  111 22947.205356 -2851
  112 1504.139587 18467
  113 5631.971432 32528
  114 -612.135839     4
  115 -241.468209     9
  116 2521.195156 15984
  117 986.168040 -3174
  118 -1305.168138     8
  119 7951.897410 -2932
  120 4121.266935 -2959
  121 12926.420287 24028
  122 -1302.786513     1
  123 16799.318858 -2860
  124 4901.145247 27549
  125 28471.625206 -2858
  126 26823.494445 -3047
  127 4671.348724 31634
  128 -574.425375     5
  129 415.090306 13009
  130 -1517.892421     9
  131 4561.343019 23283
  132 1181.787353 19384
  133 1332.619671 19765
  134 2329.412411 19456
  135 37519.000887 -3258
  136 1584.590240  6602
  137 768.695811  9234
  138 558.914768 18370
  139 3515.348549 11832
  140 10138.177260 28847
  141 1009.890020 11524
  142 21703.339278 30512
  143 -60.725611     7
  144 8773.280630 26094
  145 3405.311932 28238
  146 -1046.936687     4
  147 24429.076377 28525
  148 -1713.601807     4
  149 -1339.059388     7
  150 159.877966  5294
  151 3700.189982 15172
  152 -1006.004768     8
  153 3020.141055 26958
  154 17972.767841 -3076
  155 -1180.163105     1
  156 2701.078328 24828
  157 -2178.142668     7
  158 219.765017  5731
  159 -1476.448438     1
  160 13549.122454 20722
  161 856.547031  8195
  162 219.452736  6887
  163 1123.572143  8101
  164 733.912067  7558
  165 -1483.990488     9
  166 -382.628332     1
  167 3370.820146 12462
  168 -83.241353     9
  169 12.163582  6250
  170 4154.473432 22861
  171 15067.261748 18695
  172 5889.308910 29490
  173 -281.564857     7
  174 -248.093673     1
  175 -2689.483682     8
  176 2147.920096 30213
  177 -59.781307     9
  178 -99.541657     4
  179 1964.016307 16841
  180 22180.330818 31142
  181 1642.650115  8905
  182 4518.130400 23518
  183 19891.219743 31181
  184 -451.370452     0
  185 1305.408706 11201
  186 -589.183965     3
  187 -14.013020     1
  188 3853.620321  8731
  189 -1292.498320     0
  190 294.967308  5594
  191 14930.844875 25258
  192 3486.003047 13869
  193 1700.741027 16140
  194 -48.512570     1
  195 -1457.660155     4
  196 30939.762188 -3187
  197 1936.840891 12350
  198 8134.324935 29250
  199 -1913.012194     5
  200 9473.332767 21020
  201 1252.426687 11709
  202 6841.742565 17541
  203 -2880.064570     3
  204 -1632.117375     5
  205 9196.452187 25824
  206 -607.477095     2
  207 2579.251482 15814
  208 7138.112240 25022
  209 -337.582380     5
  210 226.202569  5251
  211 193.117365  6080
  212 1661.969358 20517
  213 14016.233023 28377
  214 12068.292699 -3191
  215 -1555.607229     5
  216 -1022.404053     7
  217 606.483931  6281
  218 23194.256920 26838
  219 -1065.276925     3
  220 -188.466182     0
  221 666.470890 17350
  222 2007.518150 14458
  223 -566.712663     5
  224 14645.418527 -3122
  225 6353.112575 26527
  226 10787.739980 20425
  227 16561.613106 -3204
  228 27515.658313 29261
  229 7530.492676 17613
  230 6790.774999 -3214
  231 4438.469842 30599
  232 5241.648879 27069
  233 1232.034264  7552
  234 -1663.398674     3
  235 18.260542  9764
  236 -980.957795     2
  237 3316.297018 16817
  238 9656.702903 -2897
  239 11292.736730 13720
  240 -800.220211     4
  241 11.995268  5876
  242 15440.348861 -3192
  243 6671.873566 26854
  244 9226.639082 24497
  245 -1204.094356     1
  246 -1291.662212     2
  247 187.212865  5546
  248 3496.501327 27208
  249 -362.865315     3
  250 4052.705088 12189
  251 12247.352835 -2797
  252 4119.979577 10355
  253 5666.910723 -3109
  254 33.205887  5080
  255 2753.593150 -2848
  256 7213.230033 28594
  257 13214.724563 27728
  258 -512.311083     1
  259 10664.812474 17216
  260 59.021652  5214
  261 4806.832054 24666
  262 -390.184385     7
  263 24.764118  5074
  264 -276.250419     0
  265 -171.622592     6
  266 4565.922518 21029
  267 10721.709064 21240
  268 5319.918545 32269
  269 10464.594371 28404
  270 -1200.321493     7
  271 1195.444307  8066
  272 20680.666586 -3250
  273 1853.937699  8236
  274 2081.552335 13977
  275 -2588.814110     2
  276 2293.303597 30687
  277 7020.625931 31575
  278 1238.684100 28229
  279 12041.497846 -2983
  280 -538.232105     2
  281 12573.583708 28859
  282 2409.435240 11530
  283 -180.294380     7
  284 5731.873386 15765
  285 10582.319262 20705
  286 4590.328245 29767
  287 4245.268080 19460
  288 7508.426040 22963
  289 14806.758476 21428
  290 -2252.350162     6
  291 7840.695209 31421
  292 13633.111472 26578
  293 4324.677867 15799
  294 945.398316  8784
  295 -205.080542     8
  296 -1014.916686     2
  297 1312.997931 -3018
  298 2054.670550 23046
  299 13686.769795 19927
  300 6820.138344 24137
