300
    1 0.108316  5001
    2 3006.761633 21119
    3 17549.653046 27552
    4 1750.310918 -2979
    5 30631.973899 -3267
    6 14638.239917 22605
    7 -1877.580216     0
    8 11670.952368 -2786
    9 -588.439384     9
   10 2673.555340 10019
   11 2504.453803 16402
   12 -1996.895355     2
   13 4047.681068 12882
   14 7543.910331 25490
   15 138.022737 10438
   16 10219.931776 23433
   17 -1568.906862     5
   18 1630.680660 17080
   19 1626.823343 11863
   20 13246.791586 28698
   21 -1111.913550     1
   22 127.435215  6611
   23 376.553113  5525
   24 -1101.428114     6
   25 -91.586441     8
   26 -1810.591214     1
   27 9097.227171 25096
   28 -1539.577492     8
   29 -840.136760     7
   30 2831.235744 -3202
   31 20469.420501 29956
   32 11271.999629 23649
   33 -1429.002520     5
   34 10904.510593 19086
   35 -85.361447     1
   36 154.082084  5763
   37 1293.338259 19573
   38 1678.151850 27063
   39 -1154.771995     7
   40 10821.962048 23419
   41 4521.891514 26823
   42 -2914.995859     2
   43 2654.069822 20275
   44 4151.321035 20882
   45 4397.835463 19868
   46 -657.661278     8
   47 -1146.551727     7
   48 -607.409632     1
   49 524.480610  7208
   50 -646.572140     1
   51 -211.026526     2
   52 932.006545 24961
   53 9506.253646 25395
   54 17481.100654 31497
   55 -586.880180     1
   56 2572.334108 22654
   57 1937.221714  9613
   58 -22.795817     3
   59 14578.801362 19985
   60 1298.481108  7593
   61 1936.541102 15343
   62 13687.551723 -2908
   63 -323.604973     6
   64 -340.870029     5
   65 797.594394  7104
   66 -835.775781     3
   67 -1236.609381     0
   68 339.339949 25634
   69 5533.192895 22064
   70 -1212.705094     3
   71 3272.239722 26647
   72 11649.250555 30568
   73 -166.884695     1
   74 9327.619728 23628
   75 32.561468  6257
   76 11714.011789 19979
   77 -1892.720676     9
   78 6177.959237 18258
   79 1706.407914  7568
   80 22023.881133 27553
   81 12938.543927 17082
   82 -538.023463     2
   83 9971.714261 20949
   84 5384.997553 27106
   85 4027.808603 18544
   86 835.964034 11255
   87 5968.832014 28714
   88 1337.110086 13149
   89 6027.172748 -3029
   90 -2300.106732     4
   91 529.610648 15842
   92 1366.723258 11271
   93 601.956949 20863
   94 4009.009971 28772
   95 -476.742474     5
   96 -843.136665     9
   97 -1022.923784     9
   98 14700.114431 26222
   99 99.139269  6573
  100 10417.951949 27037
  101 869.219393  5828
  102 -562.987342     9
  103 13955.992064 17746
  104 -744.689464     1
  105 170.152061  5314
  106 9464.496797 -3121
  107 6860.811153 28962
  108 -539.662079     1
  109 6294.637269 28513
  110 6581.819705 17081
  111 14490.419614 -2851
  112 14330.616873 18467
  113 2829.313163 32528
  114 -651.346266     4
  115 -629.586660     9
  116 41.239884 15984
  117 18321.783683 -3174
  118 -316.251376     8
  119 4980.473161 -2932
  120 15596.852658 -2959
  121 3940.587247 24028
  122 -1763.514737     1
  123 12020.960391 -2860
  124 11430.529214 27549
  125 4919.271832 -2858
  126 18144.743624 -3047
  127 17945.831252 31634
  128 -574.910648     5
  129 2211.521269 13009
  130 -127.527724     9
  131 706.158914 23283
  132 1942.494799 19384
  133 2021.222450 19765
  134 5085.483063 19456
  135 1027.400342 -3258
  136 1038.965997  6602
  137 1549.349730  9234
  138 5174.776572 18370
  139 94.159953 11832
  140 12726.492090 28847
  141 4576.891042 11524
  142 14635.848235 30512
  143 -267.468640     7
  144 7741.177761 26094
  145 10435.753459 28238
  146 -25.608532     4
  147 3088.687591 28525
  148 -131.196663     4
  149 -148.644222     7
  150 350.240143  5294
  151 5803.757147 15172
  152 -1472.497960     8
  153 2968.708886 26958
  154 2361.486921 -3076
  155 -1231.989605     1
  156 14278.287582 24828
  157 -1861.591683     7
  158 416.449728  5731
  159 -1971.856777     1
  160 16219.660076 20722
  161 2608.453625  8195
  162 71.607635  6887
  163 2773.153452  8101
  164 1115.649535  7558
  165 -1653.309230     9
  166 -744.231388     1
  167 1909.974679 12462
  168 -1305.208306     9
  169 25.342051  6250
  170 240.868824 22861
  171 1513.471816 18695
  172 4106.923957 29490
  173 -2030.815970     7
  174 -1608.882644     1
  175 -1748.544651     8
  176 2639.560312 30213
  177 -222.642597     9
  178 -872.518560     4
  179 6329.997280 16841
  180 281.333795 31142
  181 4064.808155  8905
  182 13116.669687 23518
  183 16192.055247 31181
  184 -839.785804     0
  185 1867.623247 11201
  186 -251.224824     3
  187 -1040.790499     1
  188 1277.162758  8731
  189 -1132.249189     0
  190 517.828259  5594
  191 6451.579330 25258
  192 3585.768349 13869
  193 2190.737029 16140
  194 -3503.137924     1
  195 -258.522043     4
  196 6582.456009 -3187
  197 2457.896916 12350
  198 8413.915812 29250
  199 -1845.255925     5
  200 7981.998060 21020
  201 3974.173419 11709
  202 3137.300325 17541
  203 -1084.239479     3
  204 -374.217167     5
  205 8907.805905 25824
  206 -1115.065224     2
  207 4090.428518 15814
  208 18275.075587 25022
  209 -405.523587     5
  210 105.495038  5251
  211 987.000130  6080
  212 2596.078468 20517
  213 2141.430677 28377
  214 12680.289623 -3191
  215 -1272.405984     5
  216 -367.552229     7
  217 488.626333  6281
  218 12426.106757 26838
  219 -878.145336     3
  220 -1309.923953     0
  221 3599.314713 17350
  222 1570.457372 14458
  223 -683.364680     5
  224 4071.375751 -3122
  225 2899.432239 26527
  226 4366.753482 20425
  227 2906.598300 -3204
  228 21457.555275 29261
  229 431.246775 17613
  230 19022.893826 -3214
  231 2227.060111 30599
  232 10301.729998 27069
  233 1425.558544  7552
  234 -2244.886101     3
  235 1706.464384  9764
  236 -990.431828     2
  237 1825.825693 16817
  238 27440.993663 -2897
  239 1719.790304 13720
  240 -697.259070     4
  241 24.315143  5876
  242 10625.978540 -3192
  243 27917.075912 26854
  244 8269.476564 24497
  245 -901.137457     1
  246 -218.608524     2
  247 462.578285  5546
  248 3671.050997 27208
  249 -561.388978     3
  250 495.440914 12189
  251 17559.438283 -2797
  252 533.270333 10355
  253 9369.701182 -3109
  254 17.241879  5080
  255 5220.735074 -2848
  256 16005.155278 28594
  257 4578.189454 27728
  258 -1053.304477     1
  259 209.913297 17216
  260 76.488400  5214
  261 13799.042001 24666
  262 -18.342393     7
  263 3.907419  5074
  264 -79.005964     0
  265 -286.067869     6
  266 7835.752974 21029
  267 4248.585626 21240
  268 6885.646186 32269
  269 1899.218455 28404
  270 -2192.569977     7
  271 785.676184  8066
  272 8781.036210 -3250
  273 1036.812915  8236
  274 995.912347 13977
  275 -3296.946913     2
  276 7653.250186 30687
  277 15596.315161 31575
  278 1118.672632 28229
  279 8775.604281 -2983
  280 -1856.655522     2
  281 5086.108886 28859
  282 1761.047576 11530
  283 -109.445961     7
  284 8138.208032 15765
  285 5435.085887 20705
  286 12691.333229 29767
  287 5575.238200 19460
  288 2576.900391 22963
  289 3406.766081 21428
  290 -554.675291     6
  291 9645.060472 31421
  292 6636.010818 26578
  293 137.631591 15799
  294 1197.544481  8784
  295 -2188.600273     8
  296 -1134.672543     2
  297 10025.420363 -3018
  298 16972.002357 23046
  299 4687.850879 19927
  300 4121.889461 24137
