300
    1 0.968326  5001
    2 16801.770420 21119
    3 2171.228247 27552
    4 31517.615587 -2979
    5 5070.073296 -3267
    6 20893.070852 22605
    7 -2181.425791     0
    8 17433.049589 -2786
    9 -8.440079     9
   10 3484.560280 10019
   11 1474.538571 16402
   12 -720.108393     2
   13 723.861927 12882
   14 605.524301 25490
   15 1909.149099 10438
   16 6776.750002 23433
   17 -359.230084     5
   18 8721.073245 17080
   19 689.076562 11863
   20 34524.085829 28698
   21 -349.406392     1
   22 418.398471  6611
   23 203.461230  5525
   24 -133.517179     6
   25 -509.754582     8
   26 -1294.593555     1
   27 10343.231575 25096
   28 -2090.730211     8
   29 -386.974654     7
   30 21823.520020 -3202
   31 19929.291316 29956
   32 5115.889985 23649
   33 -2882.375674     5
   34 1464.628151 19086
   35 -4306.273324     1
   36 272.079009  5763
   37 10520.006269 19573
   38 7555.163976 27063
   39 -1393.309451     7
   40 14940.793290 23419
   41 8746.005850 26823
   42 -1931.092592     2
   43 5934.233399 20275
   44 3254.901385 20882
   45 1549.100205 19868
   46 -1204.509596     8
   47 -132.770785     7
   48 -237.684336     1
   49 399.515914  7208
   50 -865.489084     1
   51 -210.270431     2
   52 11992.091115 24961
   53 7202.921552 25395
   54 9939.658812 31497
   55 -1145.251943     1
   56 2616.718938 22654
   57 3130.615940  9613
   58 -1395.729828     3
   59 8047.546291 19985
   60 194.979479  7593
   61 3004.769586 15343
   62 1420.641221 -2908
   63 -1021.020064     6
   64 -570.521208     5
   65 552.321238  7104
   66 -1274.219538     3
   67 -502.789776     0
   68 2078.864189 25634
   69 9434.538581 22064
   70 -631.973137     3
   71 23801.625983 26647
   72 2997.622403 30568
   73 -959.205112     1
   74 8878.915713 23628
   75 1533.673853  6257
   76 6147.797072 19979
   77 -347.025338     9
   78 5111.921080 18258
   79 1023.372211  7568
   80 12267.411612 27553
   81 2963.562579 17082
   82 -694.867218     2
   83 1945.132993 20949
   84 10571.767978 27106
   85 1059.065956 18544
   86 1130.672505 11255
   87 22704.273045 28714
   88 1780.385307 13149
   89 34657.494672 -3029
   90 -401.506933     4
   91 4318.177421 15842
   92 295.839328 11271
   93 2001.994007 20863
   94 4036.634279 28772
   95 -1558.142226     5
   96 -1014.668942     9
   97 -465.217327     9
   98 3282.777627 26222
   99 286.278412  6573
  100 7829.617947 27037
  101 405.832202  5828
  102 -945.955662     9
  103 726.950738 17746
  104 -1854.950921     1
  105 36.836173  5314
  106 8244.896550 -3121
  107 12472.158659 28962
  108 -44.498927     1
  109 10592.285993 28513
  110 635.600262 17081
  111 3344.836291 -2851
  112 1796.968858 18467
  113 8819.644825 32528
  114 -477.006141     4
  115 -78.304222     9
  116 2358.301381 15984
  117 4168.422874 -3174
  118 -605.595677     8
  119 148.398944 -2932
  120 8714.721243 -2959
  121 5562.275367 24028
  122 -1763.599883     1
  123 19847.604989 -2860
  124 13645.617681 27549
  125 1804.292330 -2858
  126 19559.165135 -3047
  127 22072.290312 31634
  128 -287.312084     5
  129 9550.989418 13009
  130 -1372.642555     9
  131 2696.552465 23283
  132 16289.018743 19384
  133 8536.820087 19765
  134 10507.019858 19456
  135 1200.027731 -3258
  136 1209.046914  6602
  137 2182.304914  9234
  138 6764.506757 18370
  139 2802.834865 11832
  140 16226.587324 28847
  141 2659.298340 11524
  142 7508.787728 30512
  143 -687.830889     7
  144 5495.436665 26094
  145 18824.806177 28238
  146 -161.494301     4
  147 1578.624742 28525
  148 -545.366102     4
  149 -1309.927404     7
  150 53.560373  5294
  151 3905.513706 15172
  152 -473.979259     8
  153 4764.014906 26958
  154 3667.041672 -3076
  155 -1253.882370     1
  156 10573.462459 24828
  157 -185.308067     7
  158 827.918383  5731
  159 -1761.200915     1
  160 4408.142819 20722
  161 829.043500  8195
  162 392.437483  6887
  163 3144.825742  8101
  164 1178.387713  7558
  165 -2319.110332     9
  166 -1880.057718     1
  167 1175.119234 12462
  168 -137.027712     9
  169 680.198116  6250
  170 12892.228940 22861
  171 5884.928908 18695
  172 4625.381152 29490
  173 -858.075420     7
  174 -1412.149753     1
  175 -1241.275144     8
  176 1484.594234 30213
  177 -30.315255     9
  178 -548.372906     4
  179 5773.946984 16841
  180 6507.489838 31142
  181 907.708169  8905
  182 3013.272394 23518
  183 5177.659625 31181
  184 -2059.015362     0
  185 3650.947564 11201
  186 -429.208414     3
  187 -137.322860     1
  188 5271.606399  8731
  189 -2062.270262     0
  190 4.540581  5594
  191 4219.285742 25258
  192 2331.419627 13869
  193 3433.775952 16140
  194 -3200.233748     1
  195 -977.797918     4
  196 14569.158148 -3187
  197 3913.571015 12350
  198 20578.642209 29250
  199 -1478.104921     5
  200 1657.178694 21020
  201 6681.168281 11709
  202 2037.939159 17541
  203 -187.062372     3
  204 -598.134576     5
  205 15429.936783 25824
  206 -782.506257     2
  207 4820.776484 15814
  208 3615.738640 25022
  209 -1035.476521     5
  210 161.948214  5251
  211 210.315333  6080
  212 2483.291229 20517
  213 11629.173446 28377
  214 28066.425932 -3191
  215 -2663.125890     5
  216 -491.156675     7
  217 2.814067  6281
  218 1389.040955 26838
  219 -2691.615118     3
  220 -324.797035     0
  221 11982.599677 17350
  222 10315.058964 14458
  223 -281.441555     5
  224 6701.640924 -3122
  225 5306.167762 26527
  226 15252.823338 20425
  227 10580.834969 -3204
  228 14436.040917 29261
  229 4443.889674 17613
  230 5263.035739 -3214
  231 8860.588684 30599
  232 2437.237577 27069
  233 629.647172  7552
  234 -1362.060018     3
  235 4339.015314  9764
  236 -877.865055     2
  237 6223.131379 16817
  238 6776.001548 -2897
  239 4215.119554 13720
  240 -1894.397676     4
  241 472.994220  5876
  242 5898.646838 -3192
  243 2617.482908 26854
  244 11441.500551 24497
  245 -181.571901     1
  246 -1245.612433     2
  247 618.135906  5546
  248 11302.374641 27208
  249 -135.841963     3
  250 567.867168 12189
  251 7882.523518 -2797
  252 3247.324347 10355
  253 5717.437053 -3109
  254 8.862805  5080
  255 19193.555308 -2848
  256 12234.501645 28594
  257 1493.457830 27728
  258 -3874.452062     1
  259 1595.169456 17216
  260 30.478131  5214
  261 8026.822311 24666
  262 -39.029606     7
  263 36.909779  5074
  264 -328.332276     0
  265 -709.696071     6
  266 4803.954252 21029
  267 1422.407376 21240
  268 11069.731707 32269
  269 15694.032322 28404
  270 -2021.053212     7
  271 260.778677  8066
  272 5713.915517 -3250
  273 341.888083  8236
  274 3396.458194 13977
  275 -739.080756     2
  276 5856.961065 30687
  277 8660.364912 31575
  278 6996.601685 28229
  279 12794.832766 -2983
  280 -1232.891495     2
  281 14142.316598 28859
  282 1984.609004 11530
  283 -1998.340747     7
  284 335.235578 15765
  285 1451.484475 20705
  286 35118.875127 29767
  287 2099.993884 19460
  288 3232.348964 22963
  289 6188.496251 21428
  290 -2007.066032     6
  291 7909.158316 31421
  292 14568.811917 26578
  293 2109.591080 15799
  294 750.249815  8784
  295 -1471.316398     8
  296 -73.192671     2
  297 34067.177425 -3018
  298 8722.187661 23046
  299 2507.264238 19927
  300 6555.915874 24137
