300
    1 0.612689  5001
    2 7245.765042 21119
    3 14221.084110 27552
    4 31137.074182 -2979
    5 50.479063 -3267
    6 5713.975350 22605
    7 -536.113101     0
    8 28447.784368 -2786
    9 -260.361822     9
   10 57.747797 10019
   11 3755.837275 16402
   12 -170.340467     2
   13 2730.719965 12882
   14 13994.873553 25490
   15 2215.052055 10438
   16 7679.470648 23433
   17 -1624.407684     5
   18 9013.084013 17080
   19 3502.495876 11863
   20 13634.999165 28698
   21 -1251.630499     1
   22 54.838215  6611
   23 145.176436  5525
   24 -1086.961591     6
   25 -146.771140     8
   26 -964.316138     1
   27 2153.465347 25096
   28 -894.457552     8
   29 -1220.962024     7
   30 8373.223790 -3202
   31 26177.467172 29956
   32 3958.451492 23649
   33 -946.481657     5
   34 11831.444183 19086
   35 -196.579438     1
   36 47.565887  5763
   37 1201.717940 19573
   38 9536.458361 27063
   39 -1195.105199     7
   40 11899.734328 23419
   41 8071.993972 26823
   42 -29.893467     2
   43 6865.280722 20275
   44 2737.728951 20882
   45 1226.894104 19868
   46 -1201.373230     8
   47 -2772.154430     7
   48 -550.694770     1
   49 316.745469  7208
   50 -1414.976975     1
   51 -14.630776     2
   52 2598.748077 24961
   53 8253.703491 25395
   54 9723.788007 31497
   55 -1415.663972     1
   56 13974.988767 22654
   57 4644.464442  9613
   58 -467.062118     3
   59 763.782771 19985
   60 506.981027  7593
   61 1003.798506 15343
   62 20495.034325 -2908
   63 -643.534990     6
   64 -656.229126     5
   65 1444.241865  7104
   66 -532.009883     3
   67 -99.552689     0
   68 4790.236080 25634
   69 8116.097849 22064
   70 -1336.253731     3
   71 6848.822070 26647
   72 2713.606145 30568
   73 -149.408980     1
   74 17640.635951 23628
   75 343.736075  6257
   76 11312.349604 19979
   77 -433.546392     9
   78 387.384377 18258
   79 1491.761736  7568
   80 19153.056933 27553
   81 2018.503861 17082
   82 -74.715752     2
   83 667.737305 20949
   84 4321.393222 27106
   85 2540.575793 18544
   86 6067.118931 11255
   87 205.551007 28714
   88 5369.496964 13149
   89 2446.107078 -3029
   90 -297.115345     4
   91 944.288709 15842
   92 456.822835 11271
   93 454.894847 20863
   94 5872.976217 28772
   95 -808.795612     5
   96 -1236.057408     9
   97 -284.767387     9
   98 11700.305896 26222
   99 1329.388343  6573
  100 13380.133990 27037
  101 59.434366  5828
  102 -98.412684     9
  103 8732.367809 17746
  104 -804.470472     1
  105 109.881916  5314
  106 1305.874160 -3121
  107 3865.204859 28962
  108 -1479.162561     1
  109 23106.702382 28513
  110 11742.023770 17081
  111 1509.282792 -2851
  112 9152.853572 18467
  113 4938.013377 32528
  114 -559.254307     4
  115 -556.198503     9
  116 395.177919 15984
  117 3994.542290 -3174
  118 -1975.844345     8
  119 24320.031032 -2932
  120 6250.079976 -2959
  121 5547.200961 24028
  122 -3073.867358     1
  123 2154.197489 -2860
  124 1033.868115 27549
  125 48617.228147 -2858
  126 26341.573525 -3047
  127 8715.815802 31634
  128 -327.878989     5
  129 123.322016 13009
  130 -754.711303     9
  131 7390.070145 23283
  132 9166.120575 19384
  133 13390.555913 19765
  134 4972.971795 19456
  135 16250.250601 -3258
  136 842.563814  6602
  137 548.990856  9234
  138 5034.340779 18370
  139 676.495644 11832
  140 14177.359458 28847
  141 7613.566694 11524
  142 2316.123354 30512
  143 -1642.154530     7
  144 9178.342396 26094
  145 3155.463252 28238
  146 -844.983049     4
  147 21952.020384 28525
  148 -497.431269     4
  149 -382.368041     7
  150 36.169840  5294
  151 111.133349 15172
  152 -537.938666     8
  153 10722.791079 26958
  154 25003.618730 -3076
  155 -2551.429678     1
  156 8887.630081 24828
  157 -2551.020066     7
  158 470.026249  5731
  159 -527.271340     1
  160 3299.344614 20722
  161 1290.549328  8195
  162 86.234493  6887
  163 3344.306606  8101
  164 601.649574  7558
  165 -1029.532429     9
  166 -2910.874155     1
  167 9240.875104 12462
  168 -72.834128     9
  169 280.933010  6250
  170 14666.968734 22861
  171 10637.515639 18695
  172 16821.803975 29490
  173 -535.975244     7
  174 -937.087025     1
  175 -351.025921     8
  176 24001.279822 30213
  177 -2378.392662     9
  178 -1788.227182     4
  179 4885.525598 16841
  180 9512.379318 31142
  181 1302.421002  8905
  182 2331.198486 23518
  183 15884.730406 31181
  184 -23.676145     0
  185 1584.324925 11201
  186 -1253.785820     3
  187 -414.003233     1
  188 1524.405287  8731
  189 -951.069183     0
  190 57.490727  5594
  191 5100.818101 25258
  192 1707.970404 13869
  193 9933.165870 16140
  194 -485.748897     1
  195 -1529.519327     4
  196 21034.669476 -3187
  197 2021.996287 12350
  198 11098.065106 29250
  199 -265.295004     5
  200 4845.861386 21020
  201 3334.099452 11709
  202 7082.095269 17541
  203 -1240.342719     3
  204 -174.475830     5
  205 5168.896458 25824
  206 -1133.220160     2
  207 5912.443537 15814
  208 16616.521747 25022
  209 -2880.976936     5
  210 100.766101  5251
  211 650.061830  6080
  212 5332.983030 20517
  213 3676.234738 28377
  214 11025.183582 -3191
  215 -2414.364466     5
  216 -243.252859     7
  217 476.566772  6281
  218 5051.319786 26838
  219 -640.731334     3
  220 -580.488457     0
  221 10032.871370 17350
  222 3005.966021 14458
  223 -647.127687     5
  224 6885.418634 -3122
  225 18992.958485 26527
  226 1322.946616 20425
  227 14893.032621 -3204
  228 4843.546984 29261
  229 1757.108278 17613
  230 1702.046375 -3214
  231 4468.822706 30599
  232 11637.734317 27069
  233 2553.774659  7552
  234 -45.878865     3
  235 2265.616844  9764
  236 -132.733548     2
  237 2736.525027 16817
  238 11000.274297 -2897
  239 2567.937708 13720
  240 -650.406165     4
  241 1107.562097  5876
  242 9070.689631 -3192
  243 5423.419066 26854
  244 10112.900067 24497
  245 -517.798669     1
  246 -1289.137749     2
  247 27.304211  5546
  248 17462.803323 27208
  249 -631.761048     3
  250 2370.506086 12189
  251 18422.877076 -2797
  252 371.772329 10355
  253 18519.274127 -3109
  254 19.140092  5080
  255 11200.250058 -2848
  256 9698.721599 28594
  257 16408.879593 27728
  258 -31.322420     1
  259 3868.270866 17216
  260 143.108217  5214
  261 15353.065978 24666
  262 -929.131419     7
  263 31.724168  5074
  264 -399.534324     0
  265 -668.730748     6
  266 8506.616836 21029
  267 7676.608206 21240
  268 874.510501 32269
  269 4723.998386 28404
  270 -504.460485     7
  271 2650.008996  8066
  272 21996.818788 -3250
  273 308.100999  8236
  274 2255.414546 13977
  275 -1203.633805     2
  276 21309.131124 30687
  277 1620.351033 31575
  278 4157.830146 28229
  279 10712.980076 -2983
  280 -1798.457475     2
  281 11188.237221 28859
  282 1297.197501 11530
  283 -579.862939     7
  284 7125.137900 15765
  285 4810.466837 20705
  286 5062.443486 29767
  287 2272.803107 19460
  288 5515.583074 22963
  289 7195.907973 21428
  290 -394.041537     6
  291 12814.174989 31421
  292 11560.686716 26578
  293 12555.094407 15799
  294 1035.178869  8784
  295 -1492.341701     8
  296 -876.228014     2
  297 3045.098567 -3018
  298 6750.103141 23046
  299 13694.819461 19927
  300 6851.131235 24137
