300
    1 0.948841  5001
    2 7068.094073 21119
    3 23076.514331 27552
    4 7663.187341 -2979
    5 18450.260241 -3267
    6 2083.609269 22605
    7 -81.821113     0
    8 13843.638545 -2786
    9 -297.895915     9
   10 2162.193140 10019
   11 7988.197120 16402
   12 -901.296040     2
   13 7293.505596 12882
   14 20135.898452 25490
   15 3659.346905 10438
   16 3383.722341 23433
   17 -641.761350     5
   18 285.638509 17080
   19 4006.872278 11863
   20 1426.019055 28698
   21 -66.830707     1
   22 302.987037  6611
   23 232.309436  5525
   24 -242.315821     6
   25 -151.883512     8
   26 -324.592041     1
   27 14946.312089 25096
   28 -4114.768878     8
   29 -2575.748426     7
   30 13689.578483 -3202
   31 5221.308664 29956
   32 10964.217562 23649
   33 -1781.277620     5
   34 5851.082679 19086
   35 -723.426716     1
   36 288.876325  5763
   37 4214.347197 19573
   38 12748.258567 27063
   39 -2244.812151     7
   40 2725.439599 23419
   41 63.053719 26823
   42 -62.162306     2
   43 1345.726090 20275
   44 2277.784121 20882
   45 6525.720412 19868
   46 -769.239054     8
   47 -1801.842486     7
   48 -756.123210     1
   49 934.211188  7208
   50 -297.783492     1
   51 -267.300951     2
   52 5699.160820 24961
   53 2723.303278 25395
   54 7474.099997 31497
   55 -2544.954707     1
   56 3145.579420 22654
   57 749.153034  9613
   58 -939.213683     3
   59 9767.472158 19985
   60 560.426860  7593
   61 620.251563 15343
   62 33358.822319 -2908
   63 -865.279834     6
   64 -947.967548     5
   65 405.945007  7104
   66 -723.313419     3
   67 -2505.006327     0
   68 5738.543302 25634
   69 3918.668670 22064
   70 -237.028793     3
   71 1777.337559 26647
   72 9315.887158 30568
   73 -1505.004930     1
   74 14232.341782 23628
   75 547.194250  6257
   76 4025.786685 19979
   77 -253.043250     9
   78 10225.512575 18258
   79 632.847082  7568
   80 7212.040120 27553
   81 4967.247258 17082
   82 -1549.272887     2
   83 2938.185504 20949
   84 7656.878014 27106
   85 1412.987325 18544
   86 9338.182377 11255
   87 2124.232894 28714
   88 1910.857288 13149
   89 11675.089600 -3029
   90 -182.806240     4
   91 7362.566887 15842
   92 4309.964572 11271
   93 6525.051614 20863
   94 6121.908848 28772
   95 -209.319959     5
   96 -1279.531605     9
   97 -1826.603619     9
   98 8453.137160 26222
   99 1601.166612  6573
  100 1702.618538 27037
  101 18.702017  5828
  102 -790.028798     9
  103 2327.791897 17746
  104 -946.149010     1
  105 114.473890  5314
  106 14820.926566 -3121
  107 15746.753737 28962
  108 -881.462515     1
  109 14011.984938 28513
  110 9593.902198 17081
  111 1549.720925 -2851
  112 8343.164591 18467
  113 17438.006974 32528
  114 -886.218892     4
  115 -668.767262     9
  116 2833.069696 15984
  117 4766.938612 -3174
  118 -345.806587     8
  119 14888.615110 -2932
  120 9329.741322 -2959
  121 8078.565482 24028
  122 -996.922126     1
  123 11775.763744 -2860
  124 55.824353 27549
  125 8740.840751 -2858
  126 8407.143856 -3047
  127 7426.738846 31634
  128 -1764.632409     5
  129 1803.448073 13009
  130 -2443.216711     9
  131 5176.373056 23283
  132 12867.256351 19384
  133 2770.914143 19765
  134 7403.322334 19456
  135 1514.509945 -3258
  136 700.092690  6602
  137 1328.705421  9234
  138 9176.683797 18370
  139 5607.200946 11832
  140 10921.640581 28847
  141 2725.050319 11524
  142 3667.520988 30512
  143 -922.773151     7
  144 11295.662625 26094
  145 13632.544642 28238
  146 -1543.905626     4
  147 19561.740900 28525
  148 -792.075760     4
  149 -770.312521     7
  150 205.240429  5294
  151 6186.569945 15172
  152 -1371.622989     8
  153 1201.466911 26958
  154 4996.489204 -3076
  155 -1803.661447     1
  156 7483.537943 24828
  157 -1582.912419     7
  158 499.255557  5731
  159 -395.730889     1
  160 5579.806937 20722
  161 2044.159009  8195
  162 835.154375  6887
  163 659.222161  8101
  164 493.839244  7558
  165 -64.491273     9
  166 -4973.152989     1
  167 72.171781 12462
  168 -686.710201     9
  169 1061.411165  6250
  170 7988.569315 22861
  171 3349.210556 18695
  172 3866.207323 29490
  173 -482.583698     7
  174 -570.362948     1
  175 -391.917901     8
  176 1490.664256 30213
  177 -1098.092050     9
  178 -1913.820833     4
  179 1334.023478 16841
  180 4346.849356 31142
  181 587.141961  8905
  182 2815.221031 23518
  183 15114.915406 31181
  184 -155.513883     0
  185 5300.231564 11201
  186 -883.619004     3
  187 -659.376375     1
  188 2867.629826  8731
  189 -648.599514     0
  190 344.524178  5594
  191 18103.055058 25258
  192 6212.467266 13869
  193 9841.593776 16140
  194 -3454.635444     1
  195 -582.302977     4
  196 4919.924783 -3187
  197 1135.625653 12350
  198 9774.051295 29250
  199 -344.249002     5
  200 14146.644861 21020
  201 3323.416808 11709
  202 5501.677467 17541
  203 -674.465811     3
  204 -267.097765     5
  205 4944.345901 25824
  206 -159.076821     2
  207 2098.602027 15814
  208 1423.688751 25022
  209 -1983.783001     5
  210 73.029340  5251
  211 590.135159  6080
  212 3789.511874 20517
  213 7812.682909 28377
  214 11123.762802 -3191
  215 -2063.648321     5
  216 -243.879104     7
  217 722.357109  6281
  218 9292.231486 26838
  219 -904.304506     3
  220 -333.040085     0
  221 6784.212859 17350
  222 6109.831577 14458
  223 -799.265801     5
  224 1548.574514 -3122
  225 10397.066118 26527
  226 10263.659496 20425
  227 19400.286134 -3204
  228 10887.025555 29261
  229 6487.320964 17613
  230 4039.408031 -3214
  231 10869.185523 30599
  232 11135.955945 27069
  233 358.981950  7552
  234 -777.807044     3
  235 3241.610571  9764
  236 -837.474193     2
  237 5961.043624 16817
  238 12420.723083 -2897
  239 3371.635709 13720
  240 -464.354629     4
  241 471.211293  5876
  242 11858.615687 -3192
  243 11349.154797 26854
  244 5046.962595 24497
  245 -176.763531     1
  246 -520.036657     2
  247 220.903449  5546
  248 6563.540833 27208
  249 -1455.247050     3
  250 5156.856859 12189
  251 5995.324098 -2797
  252 1893.698954 10355
  253 9756.561924 -3109
  254 16.062166  5080
  255 26417.062539 -2848
  256 23116.259780 28594
  257 9839.717083 27728
  258 -615.751498     1
  259 4116.246781 17216
  260 193.249963  5214
  261 19902.421135 24666
  262 -783.838893     7
  263 13.265019  5074
  264 -2106.918403     0
  265 -44.334332     6
  266 9059.870586 21029
  267 12210.227366 21240
  268 23791.678395 32269
  269 11076.885968 28404
  270 -1004.641099     7
  271 804.207161  8066
  272 1520.142307 -3250
  273 103.550031  8236
  274 1205.592924 13977
  275 -654.369840     2
  276 16056.633073 30687
  277 22549.882305 31575
  278 8649.380321 28229
  279 1166.914287 -2983
  280 -466.580068     2
  281 12040.976139 28859
  282 5494.140797 11530
  283 -2356.380493     7
  284 574.918437 15765
  285 1265.384507 20705
  286 1303.327291 29767
  287 7583.957493 19460
  288 2936.906594 22963
  289 3615.799094 21428
  290 -503.000939     6
  291 8462.432467 31421
  292 13210.145909 26578
  293 7486.636028 15799
  294 658.235688  8784
  295 -643.462949     8
  296 -1652.433719     2
  297 15528.398572 -3018
  298 5669.380126 23046
  299 12868.912703 19927
  300 1926.316459 24137
