300
    1 0.440144  5001
    2 10224.621435 21119
    3 13666.850704 27552
    4 20502.184727 -2979
    5 9490.915816 -3267
    6 3874.743034 22605
    7 -531.705385     0
    8 28786.859481 -2786
    9 -546.110185     9
   10 3651.116050 10019
   11 6557.707264 16402
   12 -1841.081539     2
   13 6624.533682 12882
   14 10208.889591 25490
   15 954.464563 10438
   16 6832.001525 23433
   17 -3346.565112     5
   18 6165.813235 17080
   19 3235.468916 11863
   20 282.958813 28698
   21 -289.841607     1
   22 401.194587  6611
   23 9.481840  5525
   24 -1282.349146     6
   25 -845.775811     8
   26 -1222.032540     1
   27 5152.556412 25096
   28 -2704.185538     8
   29 -679.470358     7
   30 14689.030888 -3202
   31 21430.204176 29956
   32 9720.448672 23649
   33 -500.677953     5
   34 2398.854390 19086
   35 -2732.656049     1
   36 98.535151  5763
   37 12775.110636 19573
   38 9762.724164 27063
   39 -1932.732845     7
   40 2858.833465 23419
   41 1092.200532 26823
   42 -1776.993491     2
   43 4989.065328 20275
   44 5826.562384 20882
   45 1179.785106 19868
   46 -93.034017     8
   47 -529.532457     7
   48 -1079.195832     1
   49 281.435755  7208
   50 -675.450469     1
   51 -882.564277     2
   52 575.027052 24961
   53 17721.235525 25395
   54 4067.609220 31497
   55 -587.701567     1
   56 21770.346085 22654
   57 975.493000  9613
   58 -584.019710     3
   59 3522.782163 19985
   60 353.317412  7593
   61 3344.396758 15343
   62 5228.940410 -2908
   63 -409.560825     6
   64 -1114.004308     5
   65 845.674847  7104
   66 -1251.667027     3
   67 -2274.695052     0
   68 385.862847 25634
   69 978.730958 22064
   70 -259.120771     3
   71 19133.071014 26647
   72 5853.809067 30568
   73 -1182.399268     1
   74 12666.596723 23628
   75 271.159857  6257
   76 11881.213363 19979
   77 -1750.225092     9
   78 6338.614589 18258
   79 70.771013  7568
   80 11145.460141 27553
   81 11271.340137 17082
   82 -438.926292     2
   83 7505.599727 20949
   84 390.000250 27106
   85 1226.084576 18544
   86 2238.560411 11255
   87 1978.788505 28714
   88 577.762670 13149
   89 13684.529414 -3029
   90 -1805.539273     4
   91 5271.442205 15842
   92 4559.346240 11271
   93 2566.670517 20863
   94 2258.900273 28772
   95 -458.564156     5
   96 -479.808281     9
   97 -846.887402     9
   98 10111.126875 26222
   99 48.070584  6573
  100 1475.745338 27037
  101 1056.679838  5828
  102 -660.584055     9
  103 6229.405119 17746
  104 -358.882756     1
  105 208.932788  5314
  106 17121.504790 -3121
  107 3475.449796 28962
  108 -2417.955244     1
  109 8437.956055 28513
  110 4762.886099 17081
  111 9546.671070 -2851
  112 10142.087241 18467
  113 7436.090291 32528
  114 -1051.327506     4
  115 -268.467221     9
  116 4292.951287 15984
  117 21522.822180 -3174
  118 -303.567809     8
  119 41925.166790 -2932
  120 11134.406677 -2959
  121 9870.800428 24028
  122 -337.961232     1
  123 15695.407128 -2860
  124 4871.515601 27549
  125 4346.009088 -2858
  126 21766.903269 -3047
  127 9246.673736 31634
  128 -1039.426515     5
  129 470.632530 13009
  130 -950.699628     9
  131 481.057126 23283
  132 1540.027536 19384
  133 6663.588575 19765
  134 668.541476 19456
  135 11209.595779 -3258
  136 375.715742  6602
  137 1279.318451  9234
  138 2620.648872 18370
  139 1832.576911 11832
  140 2565.253442 28847
  141 4289.459731 11524
  142 6401.162761 30512
  143 -2787.375686     7
  144 6498.444274 26094
  145 6984.686305 28238
  146 -139.291365     4
  147 13815.156882 28525
  148 -871.023719     4
  149 -401.186632     7
  150 53.317131  5294
  151 2434.830803 15172
  152 -170.546736     8
  153 1731.764477 26958
  154 7838.783481 -3076
  155 -56.845875     1
  156 4598.504339 24828
  157 -337.097382     7
  158 736.421543  5731
  159 -919.845393     1
  160 7249.327603 20722
  161 908.993523  8195
  162 1712.651076  6887
  163 595.583198  8101
  164 651.467528  7558
  165 -2837.739902     9
  166 -320.728149     1
  167 5873.655421 12462
  168 -1870.002383     9
  169 740.989456  6250
  170 13266.360781 22861
  171 6235.081847 18695
  172 15203.648765 29490
  173 -164.554492     7
  174 -1896.934571     1
  175 -69.426359     8
  176 12902.175845 30213
  177 -835.991869     9
  178 -53.546926     4
  179 842.141555 16841
  180 6249.746140 31142
  181 3042.542096  8905
  182 10631.137756 23518
  183 5666.512808 31181
  184 -1184.923190     0
  185 2554.573356 11201
  186 -682.792478     3
  187 -460.252405     1
  188 3599.786742  8731
  189 -80.944354     0
  190 19.821862  5594
  191 12663.179844 25258
  192 2579.963507 13869
  193 603.869069 16140
  194 -1400.679954     1
  195 -613.899301     4
  196 14028.655763 -3187
  197 3069.358313 12350
  198 17041.848623 29250
  199 -661.784442     5
  200 1614.543251 21020
  201 1501.750441 11709
  202 4568.873526 17541
  203 -134.982422     3
  204 -27.251976     5
  205 6882.948731 25824
  206 -128.474219     2
  207 2221.534845 15814
  208 6476.451048 25022
  209 -181.399067     5
  210 180.614791  5251
  211 442.990312  6080
  212 4772.108604 20517
  213 17834.517082 28377
  214 6401.377566 -3191
  215 -961.403005     5
  216 -17.951251     7
  217 226.950912  6281
  218 24265.446327 26838
  219 -409.181921     3
  220 -24.608620     0
  221 3434.833359 17350
  222 1683.532059 14458
  223 -865.379108     5
  224 7244.031694 -3122
  225 10596.050598 26527
  226 10329.658256 20425
  227 8333.799254 -3204
  228 9049.373745 29261
  229 4411.440682 17613
  230 31790.315140 -3214
  231 12733.294317 30599
  232 45.312659 27069
  233 2990.223045  7552
  234 -391.136919     3
  235 1929.994401  9764
  236 -124.934155     2
  237 4275.592041 16817
  238 7483.447850 -2897
  239 1804.866791 13720
  240 -436.204964     4
  241 416.656526  5876
  242 27342.457259 -3192
  243 2023.266794 26854
  244 3465.843385 24497
  245 -1746.334418     1
  246 -1440.770052     2
  247 46.042823  5546
  248 12306.558600 27208
  249 -647.257847     3
  250 2890.394663 12189
  251 3088.673101 -2797
  252 4109.870947 10355
  253 7268.366481 -3109
  254 37.054072  5080
  255 3712.663727 -2848
  256 9491.396572 28594
  257 27619.505489 27728
  258 -1295.157102     1
  259 8621.830416 17216
  260 17.227144  5214
  261 604.599405 24666
  262 -1141.305604     7
  263 18.742321  5074
  264 -1075.607864     0
  265 -535.683903     6
  266 4767.022408 21029
  267 1564.723578 21240
  268 32638.520336 32269
  269 1323.410501 28404
  270 -329.097273     7
  271 2313.993978  8066
  272 9043.024300 -3250
  273 150.227070  8236
  274 5599.088731 13977
  275 -1268.087330     2
  276 7480.164239 30687
  277 8230.949432 31575
  278 3768.953945 28229
  279 662.355930 -2983
  280 -2399.790703     2
  281 16324.466911 28859
  282 1282.185878 11530
  283 -134.004237     7
  284 329.028656 15765
  285 1931.563146 20705
  286 13524.513823 29767
  287 3976.724652 19460
  288 10323.471047 22963
  289 7878.749870 21428
  290 -463.476512     6
  291 9185.182919 31421
  292 1239.796971 26578
  293 558.273198 15799
  294 3600.455366  8784
  295 -624.663030     8
  296 -1417.371716     2
  297 25408.980628 -3018
  298 5794.974810 23046
  299 5593.666076 19927
  300 8065.316967 24137
