300
    1 0.513963  5001
    2 4155.825646 21119
    3 10237.667698 27552
    4 21614.927661 -2979
    5 2345.521941 -3267
    6 10183.634446 22605
    7 -776.124780     0
    8 8082.751358 -2786
    9 -1559.859216     9
   10 1608.914103 10019
   11 7515.491296 16402
   12 -1079.766433     2
   13 3420.618135 12882
   14 3997.481875 25490
   15 1860.772033 10438
   16 16587.097003 23433
   17 -597.661251     5
   18 277.129469 17080
   19 1943.913806 11863
   20 1905.463423 28698
   21 -996.134620     1
   22 1135.991871  6611
   23 480.903496  5525
   24 -783.248017     6
   25 -98.724581     8
   26 -709.821546     1
   27 2916.545136 25096
   28 -1120.238365     8
   29 -1411.929343     7
   30 12908.731387 -3202
   31 7466.513895 29956
   32 17465.259010 23649
   33 -392.673883     5
   34 115.487006 19086
   35 -415.068813     1
   36 235.081233  5763
   37 3656.964270 19573
   38 4262.245490 27063
   39 -291.011873     7
   40 3635.344254 23419
   41 1070.995693 26823
   42 -231.905432     2
   43 5492.185898 20275
   44 9405.517497 20882
   45 10136.229540 19868
   46 -2024.544575     8
   47 -43.430072     7
   48 -622.080094     1
   49 201.394844  7208
   50 -1253.298195     1
   51 -922.027194     2
   52 8999.025028 24961
   53 13285.065622 25395
   54 286.898809 31497
   55 -662.968398     1
   56 5149.885660 22654
   57 1301.791183  9613
   58 -687.889796     3
   59 15987.420412 19985
   60 1035.127617  7593
   61 6175.122889 15343
   62 32747.561401 -2908
   63 -25.499913     6
   64 -2198.567162     5
   65 995.262701  7104
   66 -687.695261     3
   67 -243.195291     0
   68 5529.719575 25634
   69 7955.707597 22064
   70 -658.582483     3
   71 14898.802088 26647
   72 10265.099519 30568
   73 -1452.159062     1
   74 698.802625 23628
   75 420.893098  6257
   76 2122.628745 19979
   77 -162.401486     9
   78 6827.477938 18258
   79 51.336119  7568
   80 5230.553028 27553
   81 8191.453661 17082
   82 -1488.560733     2
   83 7358.990912 20949
   84 13142.285193 27106
   85 777.865446 18544
   86 652.302755 11255
   87 15598.042104 28714
   88 1603.991661 13149
   89 10118.176100 -3029
   90 -1726.610512     4
   91 3670.734892 15842
   92 5336.373961 11271
   93 9100.032901 20863
   94 1874.766157 28772
   95 -573.744991     5
   96 -1503.897044     9
   97 -704.823848     9
   98 2221.066097 26222
   99 1407.038801  6573
  100 2726.660664 27037
  101 353.058959  5828
  102 -158.457170     9
  103 7488.666110 17746
  104 -2340.197200     1
  105 111.063177  5314
  106 31574.461501 -3121
  107 12016.945439 28962
  108 -59.600809     1
  109 4775.147349 28513
  110 2424.135565 17081
  111 8352.666515 -2851
  112 4411.288185 18467
  113 5097.638382 32528
  114 -1847.196955     4
  115 -415.991484     9
  116 5196.051299 15984
  117 4308.037084 -3174
  118 -1659.903887     8
  119 6167.785257 -2932
  120 1123.427799 -2959
  121 1390.394521 24028
  122 -1064.696393     1
  123 10399.372136 -2860
  124 4882.883234 27549
  125 2094.920773 -2858
  126 2631.087514 -3047
  127 22870.041643 31634
  128 -438.271231     5
  129 3413.635463 13009
  130 -392.098419     9
  131 11052.767992 23283
  132 7819.306165 19384
  133 4009.733671 19765
  134 5276.547258 19456
  135 17927.898307 -3258
  136 83.612298  6602
  137 1681.092240  9234
  138 7172.857511 18370
  139 2848.438624 11832
  140 19236.533386 28847
  141 3312.665735 11524
  142 5954.722089 30512
  143 -2349.206890     7
  144 308.416507 26094
  145 15152.786207 28238
  146 -936.100692     4
  147 838.263742 28525
  148 -1821.692888     4
  149 -712.607644     7
  150 30.088714  5294
  151 11250.818027 15172
  152 -518.861282     8
  153 5430.732022 26958
  154 7987.469306 -3076
  155 -666.194181     1
  156 15061.628058 24828
  157 -1748.705269     7
  158 40.593796  5731
  159 -63.222720     1
  160 4698.354293 20722
  161 343.195606  8195
  162 159.339175  6887
  163 1036.399884  8101
  164 720.386812  7558
  165 -1511.937101     9
  166 -326.449380     1
  167 291.760956 12462
  168 -782.792682     9
  169 60.963736  6250
  170 13700.427690 22861
  171 4672.734234 18695
  172 8804.732280 29490
  173 -1712.416933     7
  174 -1006.863692     1
  175 -2918.171309     8
  176 3702.417199 30213
  177 -84.267406     9
  178 -1022.320858     4
  179 4161.018600 16841
  180 4920.124895 31142
  181 879.260270  8905
  182 7594.360223 23518
  183 1475.781541 31181
  184 -1737.094045     0
  185 1410.105495 11201
  186 -721.479780     3
  187 -980.870241     1
  188 1137.352176  8731
  189 -1859.000589     0
  190 490.649371  5594
  191 20855.573696 25258
  192 1588.417052 13869
  193 9798.990262 16140
  194 -1995.550887     1
  195 -478.215017     4
  196 22430.445159 -3187
  197 169.794350 12350
  198 5666.276897 29250
  199 -1110.096342     5
  200 7154.349061 21020
  201 4985.423492 11709
  202 4933.801280 17541
  203 -1083.631290     3
  204 -2024.488961     5
  205 17654.344461 25824
  206 -877.055318     2
  207 5233.104148 15814
  208 4088.390454 25022
  209 -1509.592097     5
  210 63.382858  5251
  211 531.517166  6080
  212 6936.301202 20517
  213 6062.484641 28377
  214 30530.384914 -3191
  215 -27.014323     5
  216 -298.056832     7
  217 673.003266  6281
  218 18379.626886 26838
  219 -1114.067483     3
  220 -759.278978     0
  221 7696.818574 17350
  222 2527.709420 14458
  223 -113.898735     5
  224 9340.965740 -3122
  225 18982.696370 26527
  226 7911.793850 20425
  227 11854.932153 -3204
  228 11941.665535 29261
  229 2031.134991 17613
  230 17965.921147 -3214
  231 15242.533551 30599
  232 33302.764407 27069
  233 689.602714  7552
  234 -225.981622     3
  235 2740.414850  9764
  236 -723.592786     2
  237 2850.319799 16817
  238 14754.163406 -2897
  239 10839.630571 13720
  240 -478.242581     4
  241 539.086611  5876
  242 6758.118822 -3192
  243 9182.363415 26854
  244 5114.242879 24497
  245 -396.315246     1
  246 -1043.747022     2
  247 454.653858  5546
  248 3688.486465 27208
  249 -810.892798     3
  250 1286.311803 12189
  251 6727.373031 -2797
  252 473.229008 10355
  253 5075.211932 -3109
  254 34.689939  5080
  255 29258.663299 -2848
  256 3307.929072 28594
  257 6187.992822 27728
  258 -983.621059     1
  259 658.454830 17216
  260 177.049071  5214
  261 11370.583181 24666
  262 -2223.178610     7
  263 37.701238  5074
  264 -190.455210     0
  265 -633.694540     6
  266 8301.081314 21029
  267 5718.985319 21240
  268 20459.846305 32269
  269 5892.560855 28404
  270 -109.669332     7
  271 1399.749624  8066
  272 35674.331283 -3250
  273 371.624856  8236
  274 674.038258 13977
  275 -1612.558421     2
  276 13900.487728 30687
  277 27477.242042 31575
  278 9986.277245 28229
  279 9989.437993 -2983
  280 -150.248054     2
  281 9.173894 28859
  282 5458.440021 11530
  283 -1147.960873     7
  284 3436.664674 15765
  285 13830.322269 20705
  286 3380.725298 29767
  287 7738.715005 19460
  288 3397.391733 22963
  289 3869.383993 21428
  290 -1760.866702     6
  291 10286.869281 31421
  292 3484.278929 26578
  293 4938.840879 15799
  294 382.597487  8784
  295 -627.577855     8
  296 -940.400478     2
  297 8510.806394 -3018
  298 4713.117911 23046
  299 1109.989927 19927
  300 417.848398 24137
