300
    1 0.368906  5001
    2 14272.784630 21119
    3 6489.886343 27552
    4 5955.938923 -2979
    5 41096.923984 -3267
    6 4090.168164 22605
    7 -1230.112206     0
    8 25007.879354 -2786
    9 -783.554187     9
   10 2561.310455 10019
   11 2545.912846 16402
   12 -982.690671     2
   13 1159.146029 12882
   14 6703.436550 25490
   15 1372.344329 10438
   16 6358.034959 23433
   17 -1784.438573     5
   18 8113.889296 17080
   19 2589.259977 11863
   20 10217.760142 28698
   21 -223.577389     1
   22 186.554868  6611
   23 237.522661  5525
   24 -2418.758873     6
   25 -565.680281     8
   26 -819.228565     1
   27 2125.274205 25096
   28 -1073.103598     8
   29 -841.217370     7
   30 11490.524554 -3202
   31 10978.488564 29956
   32 4207.142342 23649
   33 -1166.771170     5
   34 468.296528 19086
   35 -811.995177     1
   36 161.927555  5763
   37 1922.595510 19573
   38 11542.453843 27063
   39 -3016.823818     7
   40 11084.521560 23419
   41 14681.470159 26823
   42 -441.984696     2
   43 6090.336810 20275
   44 2316.763919 20882
   45 5749.728215 19868
   46 -1838.129278     8
   47 -1057.701166     7
   48 -681.982942     1
   49 1112.366503  7208
   50 -184.215161     1
   51 -741.570819     2
   52 1200.743321 24961
   53 704.980080 25395
   54 23261.213157 31497
   55 -2514.513010     1
   56 9501.863489 22654
   57 129.371812  9613
   58 -1494.702108     3
   59 4511.015193 19985
   60 1163.099080  7593
   61 5932.106257 15343
   62 10516.507827 -2908
   63 -2020.057585     6
   64 -146.650468     5
   65 939.517996  7104
   66 -830.719159     3
   67 -1143.073604     0
   68 6978.701189 25634
   69 12083.430759 22064
   70 -690.905977     3
   71 14871.781216 26647
   72 13379.115932 30568
   73 -515.603959     1
   74 2954.848038 23628
   75 510.727342  6257
   76 8579.742327 19979
   77 -290.595216     9
   78 1961.651487 18258
   79 1716.833584  7568
   80 13840.729940 27553
   81 6345.278200 17082
   82 -847.449120     2
   83 8251.273423 20949
   84 9711.296777 27106
   85 3915.389402 18544
   86 1985.978032 11255
   87 13345.169786 28714
   88 933.225677 13149
   89 9778.044968 -3029
   90 -2014.488038     4
   91 4227.052776 15842
   92 2928.498135 11271
   93 11721.268738 20863
   94 1769.883233 28772
   95 -331.022101     5
   96 -521.084179     9
   97 -417.472271     9
   98 3535.682433 26222
   99 447.798630  6573
  100 145.128125 27037
  101 315.887803  5828
  102 -695.165705     9
  103 9224.566727 17746
  104 -871.990798     1
  105 69.273481  5314
  106 12705.316315 -3121
  107 12847.956582 28962
  108 -1172.766308     1
  109 14826.944490 28513
  110 940.421918 17081
  111 9540.734980 -2851
  112 4703.549441 18467
  113 5302.281952 32528
  114 -517.314121     4
  115 -87.383740     9
  116 581.649096 15984
  117 12919.500354 -3174
  118 -1168.041096     8
  119 27734.386271 -2932
  120 3454.326009 -2959
  121 13845.723642 24028
  122 -1150.520390     1
  123 23052.553487 -2860
  124 10132.575008 27549
  125 3153.744070 -2858
  126 22089.167881 -3047
  127 15577.321452 31634
  128 -1619.923859     5
  129 5735.693015 13009
  130 -382.405218     9
  131 11082.505557 23283
  132 1582.276099 19384
  133 7650.872101 19765
  134 5718.911842 19456
  135 27329.997086 -3258
  136 432.391681  6602
  137 1315.136630  9234
  138 5026.297178 18370
  139 1590.423670 11832
  140 10503.976099 28847
  141 4826.850421 11524
  142 6254.073678 30512
  143 -1207.434176     7
  144 11656.054746 26094
  145 18485.291372 28238
  146 -151.152036     4
  147 4596.679247 28525
  148 -726.302400     4
  149 -1531.830427     7
  150 119.908856  5294
  151 9504.281599 15172
  152 -245.551940     8
  153 9299.258539 26958
  154 10148.304425 -3076
  155 -1915.980481     1
  156 6995.722669 24828
  157 -438.345950     7
  158 239.606385  5731
  159 -634.220624     1
  160 5225.856431 20722
  161 167.669614  8195
  162 280.338284  6887
  163 1605.831687  8101
  164 983.245855  7558
  165 -1549.475249     9
  166 -751.653117     1
  167 737.167193 12462
  168 -354.311246     9
  169 535.509298  6250
  170 10259.246574 22861
  171 1571.389493 18695
  172 5635.462027 29490
  173 -2729.992823     7
  174 -1017.337082     1
  175 -458.093974     8
  176 2191.777475 30213
  177 -15.375629     9
  178 -1778.475578     4
  179 4308.081022 16841
  180 2571.742585 31142
  181 3998.921165  8905
  182 1644.392696 23518
  183 17762.112205 31181
  184 -3334.445588     0
  185 2859.652422 11201
  186 -819.624750     3
  187 -272.087288     1
  188 164.019381  8731
  189 -627.253687     0
  190 11.734230  5594
  191 1769.079682 25258
  192 6176.333629 13869
  193 347.533927 16140
  194 -1152.921514     1
  195 -83.784724     4
  196 12583.908396 -3187
  197 650.533831 12350
  198 15453.608630 29250
  199 -25.845660     5
  200 3117.699445 21020
  201 1961.211493 11709
  202 4831.378355 17541
  203 -1255.532735     3
  204 -152.380409     5
  205 6474.188693 25824
  206 -183.345572     2
  207 1474.406603 15814
  208 1925.309755 25022
  209 -1062.124609     5
  210 1.232925  5251
  211 11.196709  6080
  212 9452.232094 20517
  213 3570.296618 28377
  214 2414.613838 -3191
  215 -1702.290066     5
  216 -121.691027     7
  217 1007.916090  6281
  218 9421.717780 26838
  219 -644.804040     3
  220 -124.299812     0
  221 2967.517254 17350
  222 1413.131387 14458
  223 -1047.640675     5
  224 17033.761339 -3122
  225 1269.277471 26527
  226 3676.186321 20425
  227 5412.576767 -3204
  228 5189.069654 29261
  229 2632.837490 17613
  230 15887.827158 -3214
  231 8900.654009 30599
  232 45.221499 27069
  233 364.544779  7552
  234 -394.048279     3
  235 1130.227749  9764
  236 -112.483669     2
  237 958.911168 16817
  238 48731.334325 -2897
  239 2528.711148 13720
  240 -2201.909928     4
  241 5.209867  5876
  242 10372.565733 -3192
  243 8959.893256 26854
  244 16555.179576 24497
  245 -443.999384     1
  246 -1113.996946     2
  247 173.246730  5546
  248 265.642281 27208
  249 -1190.829672     3
  250 1642.234313 12189
  251 11578.815681 -2797
  252 5940.305909 10355
  253 10068.815575 -3109
  254 91.987429  5080
  255 3002.490272 -2848
  256 18484.197340 28594
  257 12012.346760 27728
  258 -584.311971     1
  259 3826.248790 17216
  260 14.608322  5214
  261 5735.549576 24666
  262 -817.141824     7
  263 0.537170  5074
  264 -936.176535     0
  265 -303.674545     6
  266 11206.098321 21029
  267 3925.834629 21240
  268 38382.741651 32269
  269 17274.348738 28404
  270 -2434.070739     7
  271 1126.430566  8066
  272 3123.981426 -3250
  273 1192.052774  8236
  274 120.985136 13977
  275 -959.272344     2
  276 28424.247054 30687
  277 1839.762445 31575
  278 11829.577318 28229
  279 801.600312 -2983
  280 -1066.994394     2
  281 3622.980285 28859
  282 2729.402662 11530
  283 -225.685009     7
  284 3959.316975 15765
  285 1114.549987 20705
  286 15077.058537 29767
  287 6309.146301 19460
  288 20872.766642 22963
  289 11091.669954 21428
  290 -3169.681711     6
  291 7458.348586 31421
  292 3038.852419 26578
  293 1496.567017 15799
  294 729.338900  8784
  295 -3676.237847     8
  296 -122.668799     2
  297 6684.883472 -3018
  298 8295.202451 23046
  299 19562.393911 19927
  300 5329.236065 24137
