100
    1 0.104411     3
    2 1.959206    21
    3 0.562503    14
    4 6.366992    21
    5 0.119524     5
    6 2.344986     7
    7 1.606186     8
    8 4.870592    12
    9 7.213431    19
   10 1.550443    21
   11 0.528400     4
   12 6.983557    16
   13 1.547130     4
   14 1.532955    12
   15 9.307614    20
   16 7.450801    15
   17 12.744417    13
   18 7.421268    22
   19 3.089103     5
   20 8.460196    20
   21 0.075376     7
   22 1.864456    13
   23 1.222742     7
   24 1.596140    12
   25 1.335617    10
   26 2.318539    17
   27 9.759100    18
   28 8.297842    10
   29 3.372441    21
   30 5.064986    17
   31 2.995844    18
   32 2.846580    11
   33 0.178687     3
   34 2.722121     8
   35 10.233840    17
   36 2.871195     5
   37 0.019944    15
   38 3.193421     5
   39 1.049701    21
   40 21.627513    21
   41 0.760683     5
   42 7.419945    16
   43 12.396379    17
   44 0.444794     4
   45 3.764698    10
   46 5.582193    20
   47 21.214024    21
   48 1.706853     7
   49 0.682481    10
   50 9.316276    17
   51 0.042574     6
   52 0.181919     3
   53 4.280316    17
   54 12.294320    19
   55 4.272948     7
   56 2.410182    16
   57 5.017175    15
   58 1.195141     5
   59 5.002414     7
   60 2.373890    15
   61 0.822630     5
   62 1.588797    13
   63 6.156988    12
   64 1.338509     3
   65 0.641418     6
   66 0.204382     5
   67 8.152920    18
   68 1.396220    16
   69 2.168769     6
   70 3.765743    15
   71 2.892723     9
   72 1.622826    10
   73 0.378880     7
   74 1.208662    10
   75 10.175242    19
   76 18.296147    21
   77 3.944219     9
   78 1.024857    20
   79 1.902822    10
   80 10.969405    15
   81 0.009513     4
   82 2.592569    16
   83 1.289065    11
   84 0.521907     8
   85 1.322671     6
   86 4.505871    17
   87 6.497056    16
   88 4.124297    11
   89 19.564358    22
   90 1.615487    14
   91 0.291386     4
   92 1.145181    13
   93 0.073036     5
   94 3.703677    14
   95 8.582898    13
   96 1.843951     9
   97 1.517755    19
   98 0.686132     4
   99 6.729923    15
  100 4.662437    19
