300
    1 0.314128  5001
    2 1181.189982 21119
    3 5803.631696 27552
    4 9676.806266 -2979
    5 16900.927905 -3267
    6 12354.216116 22605
    7 -1400.038215     0
    8 612.218088 -2786
    9 -1540.187948     9
   10 1615.610350 10019
   11 2803.379179 16402
   12 -541.950353     2
   13 8547.353059 12882
   14 11916.860384 25490
   15 1131.243649 10438
   16 873.075320 23433
   17 -407.174634     5
   18 6670.082724 17080
   19 1408.312131 11863
   20 31415.179811 28698
   21 -115.270274     1
   22 939.885288  6611
   23 249.722326  5525
   24 -2358.163639     6
   25 -323.332329     8
   26 -37.102830     1
   27 3636.693970 25096
   28 -2035.530244     8
   29 -340.399142     7
   30 440.149242 -3202
   31 20383.550618 29956
   32 16921.877362 23649
   33 -775.819398     5
   34 2815.866051 19086
   35 -1222.944525     1
   36 17.978286  5763
   37 10701.782180 19573
   38 14954.616539 27063
   39 -1472.654035     7
   40 9690.313801 23419
   41 3271.096283 26823
   42 -1772.069750     2
   43 7429.068126 20275
   44 2014.390686 20882
   45 1261.607235 19868
   46 -468.812375     8
   47 -1676.841822     7
   48 -1789.645629     1
   49 936.655666  7208
   50 -1508.014339     1
   51 -1415.211701     2
   52 11773.826585 24961
   53 13956.452796 25395
   54 3676.163025 31497
   55 -376.613933     1
   56 8703.798622 22654
   57 2198.361382  9613
   58 -1919.379578     3
   59 5109.643775 19985
   60 705.722497  7593
   61 162.094451 15343
   62 189.135478 -2908
   63 -486.738493     6
   64 -810.847291     5
   65 381.238005  7104
   66 -866.669579     3
   67 -700.780962     0
   68 12173.600198 25634
   69 1749.167141 22064
   70 -1150.099129     3
   71 11815.229577 26647
   72 3595.830969 30568
   73 -3548.619422     1
   74 7034.962994 23628
   75 35.750707  6257
   76 3311.698322 19979
   77 -463.497053     9
   78 1639.063244 18258
   79 825.012829  7568
   80 1094.696038 27553
   81 10773.023214 17082
   82 -1193.578829     2
   83 6083.509002 20949
   84 11773.175934 27106
   85 16120.313281 18544
   86 1522.138499 11255
   87 17508.840946 28714
   88 4208.305597 13149
   89 10615.036130 -3029
   90 -1082.865502     4
   91 3575.149564 15842
   92 8356.738690 11271
   93 4113.611478 20863
   94 7755.103762 28772
   95 -1557.760951     5
   96 -808.632760     9
   97 -203.773562     9
   98 2755.756840 26222
   99 496.271946  6573
  100 6705.035094 27037
  101 88.654621  5828
  102 -89.632720     9
  103 1230.415241 17746
  104 -425.254722     1
  105 123.070106  5314
  106 19021.393232 -3121
  107 18357.718710 28962
  108 -3.842719     1
  109 15691.763380 28513
  110 7813.126151 17081
  111 22131.080928 -2851
  112 2783.118752 18467
  113 27713.251335 32528
  114 -620.117313     4
  115 -586.119873     9
  116 5327.514581 15984
  117 1662.337561 -3174
  118 -1358.693984     8
  119 28023.290329 -2932
  120 22339.248771 -2959
  121 3988.621110 24028
  122 -537.177768     1
  123 3677.012684 -2860
  124 12330.417281 27549
  125 12605.592893 -2858
  126 31846.369317 -3047
  127 321.318212 31634
  128 -1838.537401     5
  129 193.230134 13009
  130 -315.348602     9
  131 795.477906 23283
  132 14731.225574 19384
  133 2144.670119 19765
  134 8955.150324 19456
  135 8192.361813 -3258
  136 632.944545  6602
  137 582.489876  9234
  138 937.337639 18370
  139 2106.084036 11832
  140 5441.179809 28847
  141 3468.974397 11524
  142 26761.825236 30512
  143 -996.996598     7
  144 14849.601762 26094
  145 35030.048025 28238
  146 -69.659233     4
  147 4214.518241 28525
  148 -1099.656033     4
  149 -1016.222576     7
  150 80.945743  5294
  151 2400.950664 15172
  152 -4760.640083     8
  153 9828.865052 26958
  154 8045.485472 -3076
  155 -547.100403     1
  156 6637.483257 24828
  157 -314.576431     7
  158 235.391987  5731
  159 -927.600865     1
  160 6214.045920 20722
  161 1948.436489  8195
  162 61.729060  6887
  163 1970.897441  8101
  164 775.360630  7558
  165 -1542.652725     9
  166 -1663.306393     1
  167 5603.267367 12462
  168 -119.965725     9
  169 328.329996  6250
  170 5396.668802 22861
  171 3735.784057 18695
  172 17269.936256 29490
  173 -527.402625     7
  174 -389.226463     1
  175 -2891.598328     8
  176 10325.938711 30213
  177 -1444.066591     9
  178 -1198.296136     4
  179 5963.853081 16841
  180 14186.131260 31142
  181 339.475933  8905
  182 5431.926149 23518
  183 15442.387821 31181
  184 -1600.062446     0
  185 2683.878996 11201
  186 -320.162148     3
  187 -1856.602084     1
  188 637.491130  8731
  189 -875.978464     0
  190 358.056617  5594
  191 2210.325674 25258
  192 4444.884533 13869
  193 6149.845281 16140
  194 -91.139900     1
  195 -329.318003     4
  196 2246.023013 -3187
  197 1266.745702 12350
  198 719.265700 29250
  199 -127.466880     5
  200 6037.777536 21020
  201 2111.425991 11709
  202 1777.824883 17541
  203 -684.096834     3
  204 -69.630130     5
  205 413.182936 25824
  206 -844.804399     2
  207 1924.849550 15814
  208 22010.163013 25022
  209 -630.863069     5
  210 123.725435  5251
  211 242.030794  6080
  212 7440.005858 20517
  213 7834.007805 28377
  214 5804.129827 -3191
  215 -1014.528722     5
  216 -184.993191     7
  217 99.403610  6281
  218 5416.753853 26838
  219 -17.241213     3
  220 -1047.441362     0
  221 623.772013 17350
  222 3695.990112 14458
  223 -1222.328149     5
  224 9360.791725 -3122
  225 3984.547080 26527
  226 5639.729749 20425
  227 1285.538957 -3204
  228 9429.859515 29261
  229 5979.421845 17613
  230 7435.291855 -3214
  231 2068.531581 30599
  232 3005.093626 27069
  233 1629.201365  7552
  234 -459.392210     3
  235 1416.285139  9764
  236 -277.846942     2
  237 6075.471713 16817
  238 6893.139799 -2897
  239 6583.931564 13720
  240 -1820.073182     4
  241 194.743516  5876
  242 11249.492157 -3192
  243 12149.791909 26854
  244 178.941266 24497
  245 -752.932019     1
  246 -2981.519887     2
  247 449.993031  5546
  248 13601.857756 27208
  249 -107.520813     3
  250 2248.953546 12189
  251 4566.216012 -2797
  252 2383.890728 10355
  253 2533.316425 -3109
  254 44.633391  5080
  255 1360.126058 -2848
  256 19481.875475 28594
  257 3218.316388 27728
  258 -2557.000434     1
  259 2939.208599 17216
  260 1.408862  5214
  261 7992.350752 24666
  262 -593.944042     7
  263 16.621355  5074
  264 -1778.648412     0
  265 -484.548312     6
  266 250.960326 21029
  267 7215.311274 21240
  268 22594.664257 32269
  269 4524.609020 28404
  270 -86.893958     7
  271 1301.543916  8066
  272 2084.460816 -3250
  273 2089.894020  8236
  274 93.394607 13977
  275 -1262.790207     2
  276 723.786080 30687
  277 4231.802194 31575
  278 9696.126678 28229
  279 1011.313480 -2983
  280 -3913.065016     2
  281 7253.830462 28859
  282 2039.617116 11530
  283 -470.333810     7
  284 2653.348860 15765
  285 13425.355330 20705
  286 16116.690709 29767
  287 9811.313982 19460
  288 2227.864242 22963
  289 5172.794381 21428
  290 -860.310338     6
  291 2156.939572 31421
  292 4967.195749 26578
  293 8038.603468 15799
  294 1107.795376  8784
  295 -502.109649     8
  296 -552.673552     2
  297 25653.598888 -3018
  298 644.847892 23046
  299 8388.622192 19927
  300 5016.297310 24137
