300
    1 0.340926  5001
    2 530.824100 21119
    3 8134.580955 27552
    4 2050.841511 -2979
    5 16314.794971 -3267
    6 8602.736212 22605
    7 -527.481332     0
    8 13561.464318 -2786
    9 -82.958139     9
   10 2921.142329 10019
   11 6458.936295 16402
   12 -2230.378115     2
   13 1173.461100 12882
   14 3242.513834 25490
   15 189.040980 10438
   16 3293.930836 23433
   17 -879.279320     5
   18 7060.512853 17080
   19 2893.237603 11863
   20 2197.577537 28698
   21 -1294.861930     1
   22 406.206531  6611
   23 114.946651  5525
   24 -1310.798144     6
   25 -1973.254220     8
   26 -2116.949690     1
   27 337.108175 25096
   28 -157.670171     8
   29 -896.538591     7
   30 9221.416537 -3202
   31 4858.281537 29956
   32 15192.595305 23649
   33 -757.700007     5
   34 11220.793730 19086
   35 -2918.681467     1
   36 122.637228  5763
   37 2037.574549 19573
   38 4254.459532 27063
   39 -888.395495     7
   40 4093.318507 23419
   41 2395.825524 26823
   42 -1106.240761     2
   43 9912.655893 20275
   44 10044.729093 20882
   45 11034.742149 19868
   46 -760.757058     8
   47 -131.468857     7
   48 -1046.387490     1
   49 1110.328396  7208
   50 -788.311842     1
   51 -1456.651262     2
   52 2367.575969 24961
   53 5709.745340 25395
   54 9342.803852 31497
   55 -1921.759875     1
   56 9789.819442 22654
   57 3682.241773  9613
   58 -579.943055     3
   59 4884.011758 19985
   60 768.847961  7593
   61 7913.872260 15343
   62 3215.277717 -2908
   63 -352.678574     6
   64 -884.916355     5
   65 475.950409  7104
   66 -768.673154     3
   67 -2663.208587     0
   68 255.261579 25634
   69 6973.892235 22064
   70 -962.758628     3
   71 3020.541206 26647
   72 6383.550593 30568
   73 -484.641908     1
   74 6957.858874 23628
   75 886.146483  6257
   76 1868.287693 19979
   77 -1270.837701     9
   78 7113.812789 18258
   79 743.438896  7568
   80 8041.479512 27553
   81 1468.133950 17082
   82 -497.921963     2
   83 2844.776923 20949
   84 12216.767963 27106
   85 7460.982207 18544
   86 3646.474970 11255
   87 6692.547703 28714
   88 4368.754329 13149
   89 12591.764499 -3029
   90 -686.513726     4
   91 734.663376 15842
   92 1959.574775 11271
   93 8980.658221 20863
   94 3780.024105 28772
   95 -271.547974     5
   96 -1004.865774     9
   97 -3265.885758     9
   98 2012.659108 26222
   99 438.661243  6573
  100 18031.359940 27037
  101 415.034496  5828
  102 -404.760213     9
  103 9306.991797 17746
  104 -237.013059     1
  105 125.757784  5314
  106 20258.989625 -3121
  107 11517.253659 28962
  108 -1027.904002     1
  109 3301.944903 28513
  110 1530.407628 17081
  111 15720.053558 -2851
  112 3907.996449 18467
  113 2583.167144 32528
  114 -383.002428     4
  115 -1082.679842     9
  116 3065.771297 15984
  117 2178.105521 -3174
  118 -683.976763     8
  119 26089.815898 -2932
  120 14640.537329 -2959
  121 8002.951764 24028
  122 -1181.846535     1
  123 33870.163363 -2860
  124 1233.865141 27549
  125 6553.659920 -2858
  126 9498.074003 -3047
  127 4494.711997 31634
  128 -1040.561690     5
  129 7009.824832 13009
  130 -163.629038     9
  131 7758.587444 23283
  132 9473.660116 19384
  133 10334.257381 19765
  134 2675.455828 19456
  135 12231.861111 -3258
  136 318.721111  6602
  137 2168.973346  9234
  138 4290.518083 18370
  139 510.591523 11832
  140 6060.111687 28847
  141 1931.843033 11524
  142 7299.900592 30512
  143 -1383.002837     7
  144 1512.579685 26094
  145 3470.395213 28238
  146 -602.373139     4
  147 4552.382071 28525
  148 -1104.479519     4
  149 -2227.274697     7
  150 7.822436  5294
  151 2761.404227 15172
  152 -466.481218     8
  153 3889.231543 26958
  154 11575.508456 -3076
  155 -354.800314     1
  156 7482.061402 24828
  157 -1082.993565     7
  158 457.189223  5731
  159 -2755.407170     1
  160 3582.815246 20722
  161 192.178478  8195
  162 1587.604879  6887
  163 2295.669945  8101
  164 2293.726109  7558
  165 -3142.460112     9
  166 -1245.668433     1
  167 1275.340664 12462
  168 -1440.358276     9
  169 101.445924  6250
  170 4563.283702 22861
  171 9638.542720 18695
  172 12023.742901 29490
  173 -1131.157793     7
  174 -581.439140     1
  175 -156.748823     8
  176 2658.670461 30213
  177 -1848.421095     9
  178 -1185.288241     4
  179 6470.393745 16841
  180 9970.072783 31142
  181 3676.238551  8905
  182 2355.945321 23518
  183 12354.195072 31181
  184 -1133.472608     0
  185 4324.955443 11201
  186 -715.019806     3
  187 -2530.184393     1
  188 1384.141802  8731
  189 -1150.073362     0
  190 286.606194  5594
  191 11068.750358 25258
  192 1291.646741 13869
  193 11303.173284 16140
  194 -2317.061838     1
  195 -1141.677125     4
  196 7073.426774 -3187
  197 214.124674 12350
  198 545.014687 29250
  199 -1449.905149     5
  200 4219.525825 21020
  201 3428.207776 11709
  202 10545.271401 17541
  203 -338.777790     3
  204 -1283.164199     5
  205 3849.384219 25824
  206 -303.628768     2
  207 2518.554731 15814
  208 1162.603437 25022
  209 -1202.192095     5
  210 110.283668  5251
  211 200.155588  6080
  212 9852.734816 20517
  213 9649.343184 28377
  214 15006.534971 -3191
  215 -147.789591     5
  216 -2082.961825     7
  217 1616.210400  6281
  218 10843.706777 26838
  219 -2903.361729     3
  220 -1711.537348     0
  221 161.135229 17350
  222 4590.723800 14458
  223 -272.667749     5
  224 17158.171116 -3122
  225 4126.003839 26527
  226 34.292331 20425
  227 6425.042745 -3204
  228 3152.168728 29261
  229 3491.389075 17613
  230 33351.753813 -3214
  231 30227.935234 30599
  232 19951.380535 27069
  233 1572.961791  7552
  234 -942.185162     3
  235 2651.331228  9764
  236 -1999.215730     2
  237 3234.170468 16817
  238 30795.630003 -2897
  239 1097.573997 13720
  240 -2638.193860     4
  241 197.291672  5876
  242 4854.720644 -3192
  243 7319.816274 26854
  244 2626.675374 24497
  245 -873.976360     1
  246 -1944.120987     2
  247 316.058395  5546
  248 2821.431086 27208
  249 -437.376975     3
  250 5729.605609 12189
  251 45530.256319 -2797
  252 8388.172684 10355
  253 12108.767829 -3109
  254 78.242285  5080
  255 3040.948560 -2848
  256 9314.175305 28594
  257 7438.947802 27728
  258 -95.012188     1
  259 1398.424241 17216
  260 19.621492  5214
  261 14335.345410 24666
  262 -380.274106     7
  263 34.394776  5074
  264 -276.922412     0
  265 -399.312979     6
  266 15851.949955 21029
  267 19595.556739 21240
  268 8146.874347 32269
  269 1912.403444 28404
  270 -1880.641484     7
  271 1678.335611  8066
  272 16819.678825 -3250
  273 225.168099  8236
  274 141.845927 13977
  275 -778.423940     2
  276 19050.183159 30687
  277 23564.135092 31575
  278 12074.512193 28229
  279 3807.883855 -2983
  280 -1166.579347     2
  281 6274.512210 28859
  282 3737.952853 11530
  283 -385.878385     7
  284 368.679599 15765
  285 4007.438141 20705
  286 14076.173401 29767
  287 12960.722970 19460
  288 17865.209458 22963
  289 8198.982034 21428
  290 -276.266188     6
  291 7334.652279 31421
  292 20732.756123 26578
  293 1510.837317 15799
  294 3830.364919  8784
  295 -535.456812     8
  296 -2776.030439     2
  297 12563.475832 -3018
  298 2459.973029 23046
  299 3082.446565 19927
  300 908.663255 24137
