300
    1 0.377401  5001
    2 1291.469220 21119
    3 16774.708440 27552
    4 5903.798146 -2979
    5 1208.808102 -3267
    6 9979.198276 22605
    7 -344.789478     0
    8 29409.612187 -2786
    9 -544.663361     9
   10 1537.023001 10019
   11 3983.793178 16402
   12 -2432.825044     2
   13 298.355257 12882
   14 3156.371799 25490
   15 2088.400150 10438
   16 330.681432 23433
   17 -1041.096024     5
   18 7083.454198 17080
   19 9590.207099 11863
   20 17898.375166 28698
   21 -2440.595791     1
   22 407.723522  6611
   23 172.035445  5525
   24 -898.834222     6
   25 -981.705161     8
   26 -290.601017     1
   27 23202.634005 25096
   28 -218.468650     8
   29 -3027.087088     7
   30 23535.153317 -3202
   31 15197.529094 29956
   32 5239.618291 23649
   33 -1052.563431     5
   34 3125.622879 19086
   35 -319.600126     1
   36 430.635626  5763
   37 572.891920 19573
   38 1335.704545 27063
   39 -4338.950101     7
   40 17987.113924 23419
   41 10646.674321 26823
   42 -720.705550     2
   43 4949.186083 20275
   44 6219.167829 20882
   45 4127.975473 19868
   46 -1435.725363     8
   47 -751.044973     7
   48 -220.052944     1
   49 1540.674447  7208
   50 -367.014533     1
   51 -235.201782     2
   52 63.452853 24961
   53 18548.842238 25395
   54 5952.204281 31497
   55 -915.842914     1
   56 5939.031217 22654
   57 1668.894943  9613
   58 -432.425270     3
   59 1045.039039 19985
   60 1616.890806  7593
   61 735.838154 15343
   62 21235.308023 -2908
   63 -351.993522     6
   64 -758.880251     5
   65 667.677700  7104
   66 -83.055292     3
   67 -160.043032     0
   68 3887.872551 25634
   69 4006.193666 22064
   70 -559.438775     3
   71 3802.767925 26647
   72 18730.171082 30568
   73 -683.112926     1
   74 11042.919461 23628
   75 31.455289  6257
   76 383.472599 19979
   77 -1339.100969     9
   78 178.798812 18258
   79 2434.499241  7568
   80 13239.761627 27553
   81 8466.456869 17082
   82 -1081.623523     2
   83 4536.092701 20949
   84 3313.646616 27106
   85 5336.925852 18544
   86 878.519581 11255
   87 2895.376129 28714
   88 4942.028376 13149
   89 233.212688 -3029
   90 -433.000787     4
   91 380.422276 15842
   92 427.503973 11271
   93 4788.393767 20863
   94 1981.317851 28772
   95 -25.758560     5
   96 -1509.009401     9
   97 -669.671733     9
   98 5536.607744 26222
   99 1169.913707  6573
  100 2199.522714 27037
  101 123.240351  5828
  102 -39.549171     9
  103 7848.604441 17746
  104 -763.452043     1
  105 63.571281  5314
  106 18209.356184 -3121
  107 1689.827596 28962
  108 -245.200159     1
  109 3381.885260 28513
  110 3935.139197 17081
  111 2013.133872 -2851
  112 11459.719388 18467
  113 6825.919614 32528
  114 -153.734565     4
  115 -1401.703911     9
  116 6988.523317 15984
  117 7972.896327 -3174
  118 -446.855739     8
  119 21336.380810 -2932
  120 30892.851944 -2959
  121 20703.568224 24028
  122 -630.379324     1
  123 34181.522744 -2860
  124 5534.848800 27549
  125 5296.004168 -2858
  126 19157.829231 -3047
  127 6791.227692 31634
  128 -441.113828     5
  129 2171.982013 13009
  130 -829.904392     9
  131 7277.242004 23283
  132 16050.204144 19384
  133 11877.954999 19765
  134 2221.844604 19456
  135 44544.977449 -3258
  136 473.680503  6602
  137 221.309899  9234
  138 8339.292341 18370
  139 2558.514690 11832
  140 10281.445022 28847
  141 3665.428398 11524
  142 14249.548052 30512
  143 -1311.997937     7
  144 20301.970065 26094
  145 14562.866554 28238
  146 -40.332272     4
  147 33471.639743 28525
  148 -247.931649     4
  149 -664.897941     7
  150 22.031146  5294
  151 4084.231196 15172
  152 -748.407435     8
  153 2911.177117 26958
  154 15317.005545 -3076
  155 -204.787594     1
  156 6551.915418 24828
  157 -297.045596     7
  158 209.564143  5731
  159 -364.150793     1
  160 8237.598078 20722
  161 305.886809  8195
  162 79.914095  6887
  163 2174.274241  8101
  164 1506.649577  7558
  165 -2754.660992     9
  166 -242.552449     1
  167 10798.665918 12462
  168 -1523.049523     9
  169 806.175879  6250
  170 12105.296961 22861
  171 6672.803577 18695
  172 8456.551474 29490
  173 -490.728954     7
  174 -2257.720583     1
  175 -286.444743     8
  176 4206.451516 30213
  177 -760.383493     9
  178 -1609.945962     4
  179 6959.188192 16841
  180 1873.466400 31142
  181 3308.459916  8905
  182 11521.011845 23518
  183 10383.035298 31181
  184 -2869.342354     0
  185 2730.913387 11201
  186 -737.059907     3
  187 -63.335294     1
  188 635.330977  8731
  189 -1630.132967     0
  190 152.822607  5594
  191 1508.251124 25258
  192 2768.475398 13869
  193 5557.463414 16140
  194 -13.626931     1
  195 -1754.850178     4
  196 3427.753192 -3187
  197 859.836525 12350
  198 19693.440758 29250
  199 -1765.492673     5
  200 7214.297991 21020
  201 3851.371676 11709
  202 3624.112929 17541
  203 -104.818237     3
  204 -508.276358     5
  205 1212.930490 25824
  206 -821.179666     2
  207 1709.089762 15814
  208 4151.156353 25022
  209 -984.104260     5
  210 58.226769  5251
  211 101.496226  6080
  212 9057.467308 20517
  213 18228.251269 28377
  214 8426.966860 -3191
  215 -39.350533     5
  216 -420.545211     7
  217 71.991423  6281
  218 11983.713741 26838
  219 -3271.458105     3
  220 -2525.540237     0
  221 9010.117149 17350
  222 2335.479958 14458
  223 -684.100706     5
  224 29478.252285 -3122
  225 8076.686630 26527
  226 3676.139334 20425
  227 4710.331027 -3204
  228 5346.834424 29261
  229 3137.606066 17613
  230 2180.208812 -3214
  231 4269.088991 30599
  232 18642.204523 27069
  233 600.821548  7552
  234 -1246.220741     3
  235 127.059321  9764
  236 -52.444634     2
  237 4856.586096 16817
  238 22744.946166 -2897
  239 5865.412207 13720
  240 -1516.392575     4
  241 426.840900  5876
  242 126.931281 -3192
  243 10244.221381 26854
  244 1483.022158 24497
  245 -363.251676     1
  246 -1235.541776     2
  247 103.869728  5546
  248 3115.812674 27208
  249 -256.474817     3
  250 3982.608016 12189
  251 17212.237404 -2797
  252 316.205804 10355
  253 2625.687362 -3109
  254 23.179055  5080
  255 16202.006496 -2848
  256 23005.535370 28594
  257 6704.520674 27728
  258 -1937.427126     1
  259 8456.438029 17216
  260 32.797614  5214
  261 8800.948770 24666
  262 -6.446966     7
  263 31.420660  5074
  264 -918.945779     0
  265 -702.808926     6
  266 8736.300640 21029
  267 4751.528041 21240
  268 4359.989480 32269
  269 775.474220 28404
  270 -915.913623     7
  271 3181.636555  8066
  272 142.394737 -3250
  273 2034.596849  8236
  274 3827.586464 13977
  275 -486.441228     2
  276 18946.115393 30687
  277 6669.623839 31575
  278 4757.631799 28229
  279 26507.503152 -2983
  280 -504.142728     2
  281 9782.765206 28859
  282 39.055296 11530
  283 -754.624425     7
  284 4347.865752 15765
  285 7674.958550 20705
  286 13144.437285 29767
  287 3560.068342 19460
  288 2317.390812 22963
  289 4611.755731 21428
  290 -710.641284     6
  291 26640.624499 31421
  292 837.324252 26578
  293 10468.919078 15799
  294 2373.162156  8784
  295 -511.866191     8
  296 -2707.550382     2
  297 10075.624703 -3018
  298 10039.932909 23046
  299 2687.041154 19927
  300 9665.647188 24137
