300
    1 0.325829  5001
    2 3142.916907 21119
    3 2984.204257 27552
    4 8394.078250 -2979
    5 5662.041957 -3267
    6 3472.134876 22605
    7 -1226.605370     0
    8 4598.074617 -2786
    9 -117.789895     9
   10 2786.918788 10019
   11 3717.431178 16402
   12 -1003.700439     2
   13 5200.039701 12882
   14 12280.096473 25490
   15 1260.524240 10438
   16 9343.268942 23433
   17 -2152.266534     5
   18 814.740021 17080
   19 7500.090759 11863
   20 18067.762241 28698
   21 -1242.444997     1
   22 253.523148  6611
   23 292.852602  5525
   24 -1409.963937     6
   25 -1258.796824     8
   26 -1154.000907     1
   27 9375.258141 25096
   28 -389.210097     8
   29 -111.897393     7
   30 2613.424137 -3202
   31 14180.057329 29956
   32 2941.011851 23649
   33 -381.539840     5
   34 3152.167450 19086
   35 -1306.391289     1
   36 412.291026  5763
   37 10633.738776 19573
   38 19574.436890 27063
   39 -2004.120478     7
   40 5388.155625 23419
   41 21503.681824 26823
   42 -2727.675772     2
   43 8706.753244 20275
   44 3453.087472 20882
   45 8198.182382 19868
   46 -715.581315     8
   47 -165.151404     7
   48 -97.386067     1
   49 957.895902  7208
   50 -1333.871958     1
   51 -2076.380633     2
   52 5532.688858 24961
   53 9797.481060 25395
   54 360.228842 31497
   55 -1122.184155     1
   56 2653.590368 22654
   57 1414.166938  9613
   58 -653.095561     3
   59 6440.185318 19985
   60 1932.031381  7593
   61 1026.909492 15343
   62 3298.223128 -2908
   63 -1055.102245     6
   64 -274.482151     5
   65 1958.192387  7104
   66 -1127.771574     3
   67 -716.256960     0
   68 17132.130309 25634
   69 4771.965898 22064
   70 -1162.194370     3
   71 10787.202138 26647
   72 5207.676391 30568
   73 -69.350933     1
   74 17098.623812 23628
   75 205.871292  6257
   76 4425.141207 19979
   77 -1621.144968     9
   78 3041.812847 18258
   79 773.082295  7568
   80 3526.107685 27553
   81 8203.070322 17082
   82 -680.418728     2
   83 1915.253394 20949
   84 6126.499476 27106
   85 1296.266159 18544
   86 2113.558601 11255
   87 3291.220743 28714
   88 5678.374404 13149
   89 14144.383551 -3029
   90 -860.817507     4
   91 7412.028291 15842
   92 4278.827041 11271
   93 1024.240397 20863
   94 9120.717526 28772
   95 -1410.528975     5
   96 -376.123127     9
   97 -24.543319     9
   98 7190.104652 26222
   99 154.148790  6573
  100 1008.453025 27037
  101 297.527633  5828
  102 -910.166340     9
  103 1569.050264 17746
  104 -8.658961     1
  105 42.881575  5314
  106 9365.943805 -3121
  107 18798.196400 28962
  108 -461.132094     1
  109 1686.180369 28513
  110 6302.523356 17081
  111 6597.758478 -2851
  112 2514.230085 18467
  113 7691.506543 32528
  114 -451.600654     4
  115 -1808.761282     9
  116 10750.396686 15984
  117 1121.222147 -3174
  118 -294.851785     8
  119 15887.483854 -2932
  120 24989.096603 -2959
  121 7272.282354 24028
  122 -2302.236621     1
  123 7927.729738 -2860
  124 3790.353831 27549
  125 26579.512336 -2858
  126 12320.569783 -3047
  127 1034.005113 31634
  128 -456.664019     5
  129 3938.253069 13009
  130 -70.400325     9
  131 11150.592254 23283
  132 2785.626906 19384
  133 4109.714074 19765
  134 2558.117385 19456
  135 11821.562667 -3258
  136 1375.965705  6602
  137 759.097191  9234
  138 4629.369982 18370
  139 33.277911 11832
  140 7771.143115 28847
  141 4920.834431 11524
  142 854.113288 30512
  143 -721.768035     7
  144 8401.907051 26094
  145 513.117600 28238
  146 -1480.483448     4
  147 7442.161853 28525
  148 -954.189225     4
  149 -46.396394     7
  150 136.492782  5294
  151 5784.491015 15172
  152 -1629.169001     8
  153 13915.508260 26958
  154 4665.655061 -3076
  155 -959.258715     1
  156 2980.710996 24828
  157 -463.356806     7
  158 21.177111  5731
  159 -1104.927561     1
  160 3145.540104 20722
  161 207.191951  8195
  162 1024.759024  6887
  163 1058.918845  8101
  164 170.289979  7558
  165 -620.637735     9
  166 -1556.841599     1
  167 2782.398332 12462
  168 -470.038627     9
  169 143.296170  6250
  170 9358.548431 22861
  171 13360.205405 18695
  172 13000.304333 29490
  173 -645.349657     7
  174 -196.642321     1
  175 -880.119326     8
  176 3108.448299 30213
  177 -896.064649     9
  178 -2356.652793     4
  179 1237.898327 16841
  180 3266.402502 31142
  181 1740.812490  8905
  182 1417.987709 23518
  183 16679.431922 31181
  184 -527.666975     0
  185 5527.494718 11201
  186 -520.953616     3
  187 -93.839307     1
  188 2025.007496  8731
  189 -205.449199     0
  190 29.953649  5594
  191 13413.877923 25258
  192 4379.010668 13869
  193 1012.279578 16140
  194 -1418.424483     1
  195 -304.486055     4
  196 4245.622781 -3187
  197 4626.869371 12350
  198 6901.945952 29250
  199 -81.390999     5
  200 11271.116694 21020
  201 612.773232 11709
  202 7310.337560 17541
  203 -1980.648638     3
  204 -886.097425     5
  205 8860.562661 25824
  206 -2191.461630     2
  207 10439.723618 15814
  208 4322.389678 25022
  209 -1429.863086     5
  210 103.782347  5251
  211 973.408821  6080
  212 3634.139023 20517
  213 4547.011541 28377
  214 5418.819767 -3191
  215 -2819.947841     5
  216 -140.651905     7
  217 462.652302  6281
  218 857.171789 26838
  219 -992.788657     3
  220 -137.849145     0
  221 1520.544482 17350
  222 12309.055761 14458
  223 -1075.090171     5
  224 8555.303023 -3122
  225 4726.596386 26527
  226 10700.955974 20425
  227 9058.401337 -3204
  228 4414.416459 29261
  229 1005.619994 17613
  230 5487.645667 -3214
  231 12561.993159 30599
  232 74.826948 27069
  233 1174.945725  7552
  234 -242.269772     3
  235 2733.591065  9764
  236 -410.354495     2
  237 546.803489 16817
  238 22236.279457 -2897
  239 2874.131376 13720
  240 -305.621946     4
  241 591.760495  5876
  242 5576.310522 -3192
  243 10432.332678 26854
  244 344.305361 24497
  245 -1303.683915     1
  246 -2779.577198     2
  247 390.632671  5546
  248 12917.399633 27208
  249 -432.807134     3
  250 5549.203795 12189
  251 8494.144697 -2797
  252 2394.423765 10355
  253 22089.018892 -3109
  254 65.197433  5080
  255 36966.488604 -2848
  256 9767.582375 28594
  257 22348.254185 27728
  258 -447.433180     1
  259 4748.504337 17216
  260 265.815709  5214
  261 12240.723067 24666
  262 -890.730652     7
  263 22.825946  5074
  264 -1294.884485     0
  265 -68.970127     6
  266 18976.434688 21029
  267 14056.600388 21240
  268 6492.457650 32269
  269 9169.868846 28404
  270 -3.602270     7
  271 125.558929  8066
  272 3065.790897 -3250
  273 1553.297504  8236
  274 4805.863175 13977
  275 -692.825683     2
  276 17116.480106 30687
  277 627.541589 31575
  278 7900.447734 28229
  279 31050.928818 -2983
  280 -67.126193     2
  281 5911.753602 28859
  282 2100.863450 11530
  283 -243.384562     7
  284 3426.170769 15765
  285 6411.233834 20705
  286 6437.550215 29767
  287 3618.653788 19460
  288 10630.030777 22963
  289 5996.016643 21428
  290 -13.474259     6
  291 1221.960208 31421
  292 23251.362395 26578
  293 3728.581048 15799
  294 1247.785253  8784
  295 -2317.725544     8
  296 -2190.126810     2
  297 4481.209171 -3018
  298 316.397473 23046
  299 10513.670902 19927
  300 296.114635 24137
