300
    1 0.147201  5001
    2 5377.766969 21119
    3 6672.730613 27552
    4 8679.901153 -2979
    5 24118.864038 -3267
    6 6272.161974 22605
    7 -443.772632     0
    8 9160.972019 -2786
    9 -184.775957     9
   10 2209.608036 10019
   11 6413.599283 16402
   12 -107.909222     2
   13 965.108298 12882
   14 3244.130238 25490
   15 1525.605317 10438
   16 2301.427189 23433
   17 -2406.903465     5
   18 2955.075026 17080
   19 4300.396583 11863
   20 4618.516204 28698
   21 -1994.902590     1
   22 307.965438  6611
   23 183.564711  5525
   24 -2397.030584     6
   25 -184.476236     8
   26 -2296.219529     1
   27 5068.854009 25096
   28 -1159.904525     8
   29 -942.072767     7
   30 1792.031044 -3202
   31 672.600995 29956
   32 1546.895430 23649
   33 -435.044112     5
   34 2884.559484 19086
   35 -772.697639     1
   36 81.347351  5763
   37 4363.231446 19573
   38 17137.506569 27063
   39 -401.146573     7
   40 3652.283094 23419
   41 838.642242 26823
   42 -639.507197     2
   43 6188.197228 20275
   44 9256.207715 20882
   45 4384.461647 19868
   46 -1150.521788     8
   47 -797.157532     7
   48 -1581.946032     1
   49 422.409223  7208
   50 -1117.476361     1
   51 -2331.701282     2
   52 3461.558286 24961
   53 22766.898242 25395
   54 8967.707029 31497
   55 -293.316060     1
   56 8102.758347 22654
   57 1513.834366  9613
   58 -573.004393     3
   59 6298.639447 19985
   60 545.534351  7593
   61 5985.082832 15343
   62 31087.195078 -2908
   63 -1505.806095     6
   64 -350.608594     5
   65 392.832384  7104
   66 -15.327288     3
   67 -509.756849     0
   68 1390.544737 25634
   69 7731.970365 22064
   70 -855.115240     3
   71 2962.252395 26647
   72 23797.201531 30568
   73 -565.963099     1
   74 468.058806 23628
   75 1008.455464  6257
   76 918.229507 19979
   77 -1898.579687     9
   78 7141.310066 18258
   79 120.292482  7568
   80 19467.791434 27553
   81 3848.451463 17082
   82 -794.911383     2
   83 11739.334636 20949
   84 2399.550469 27106
   85 793.630871 18544
   86 13.738646 11255
   87 16187.645991 28714
   88 1539.995587 13149
   89 13161.795201 -3029
   90 -992.877910     4
   91 2974.647545 15842
   92 4005.431246 11271
   93 4566.880663 20863
   94 5798.559426 28772
   95 -277.735091     5
   96 -89.904058     9
   97 -314.070975     9
   98 3743.646626 26222
   99 1434.292686  6573
  100 6738.435614 27037
  101 64.375912  5828
  102 -813.075653     9
  103 3816.487026 17746
  104 -1289.224272     1
  105 62.589076  5314
  106 6847.613815 -3121
  107 3742.681872 28962
  108 -1634.101755     1
  109 7217.143065 28513
  110 4838.566719 17081
  111 9938.208322 -2851
  112 2382.322544 18467
  113 6128.406659 32528
  114 -1043.034300     4
  115 -531.712568     9
  116 408.533362 15984
  117 3709.805278 -3174
  118 -981.710193     8
  119 13903.237853 -2932
  120 1536.872137 -2959
  121 17808.851860 24028
  122 -326.033380     1
  123 3114.216199 -2860
  124 29537.273209 27549
  125 2534.039865 -2858
  126 16502.053845 -3047
  127 11487.602603 31634
  128 -1816.693861     5
  129 5410.167319 13009
  130 -969.923864     9
  131 884.607654 23283
  132 6029.278872 19384
  133 5063.655097 19765
  134 2201.232971 19456
  135 8797.705191 -3258
  136 292.455274  6602
  137 2420.482394  9234
  138 2597.629376 18370
  139 3550.319090 11832
  140 18156.094076 28847
  141 982.769765 11524
  142 2455.201554 30512
  143 -2250.406374     7
  144 11780.841420 26094
  145 13087.039045 28238
  146 -111.088741     4
  147 30907.141572 28525
  148 -788.555239     4
  149 -275.142278     7
  150 33.212960  5294
  151 3080.048924 15172
  152 -672.684622     8
  153 2200.880803 26958
  154 13451.973122 -3076
  155 -1577.530660     1
  156 6361.533769 24828
  157 -1763.859350     7
  158 888.985937  5731
  159 -1376.936469     1
  160 259.515365 20722
  161 3097.142466  8195
  162 1128.921309  6887
  163 1137.820026  8101
  164 316.644456  7558
  165 -990.088353     9
  166 -1560.043354     1
  167 3006.309193 12462
  168 -781.947044     9
  169 754.211476  6250
  170 8383.212672 22861
  171 4515.041221 18695
  172 2010.856999 29490
  173 -187.022397     7
  174 -987.261858     1
  175 -2808.080780     8
  176 6693.033073 30213
  177 -265.790530     9
  178 -518.618257     4
  179 809.859195 16841
  180 11446.467265 31142
  181 1064.870147  8905
  182 3384.812671 23518
  183 11639.685227 31181
  184 -765.430253     0
  185 2590.003464 11201
  186 -1721.087168     3
  187 -2072.962439     1
  188 652.135909  8731
  189 -764.066647     0
  190 2.572182  5594
  191 163.227909 25258
  192 7045.460419 13869
  193 2227.345057 16140
  194 -2091.299179     1
  195 -558.420681     4
  196 13245.366857 -3187
  197 2615.089997 12350
  198 432.399043 29250
  199 -1179.755892     5
  200 1025.924015 21020
  201 3066.098770 11709
  202 2231.960498 17541
  203 -1177.144766     3
  204 -1038.732029     5
  205 2736.134903 25824
  206 -1272.632780     2
  207 10180.627601 15814
  208 12016.097125 25022
  209 -1133.634237     5
  210 3.278373  5251
  211 494.921664  6080
  212 6457.128349 20517
  213 11043.618601 28377
  214 5033.837162 -3191
  215 -656.780568     5
  216 -902.211197     7
  217 483.378358  6281
  218 14304.785245 26838
  219 -1048.884633     3
  220 -488.140087     0
  221 407.102173 17350
  222 2223.629881 14458
  223 -46.527208     5
  224 20524.134363 -3122
  225 10772.398265 26527
  226 4974.749232 20425
  227 7338.466514 -3204
  228 9387.392413 29261
  229 7657.631160 17613
  230 657.701354 -3214
  231 9689.611053 30599
  232 9721.946048 27069
  233 1986.776773  7552
  234 -1690.922613     3
  235 2246.647009  9764
  236 -69.374646     2
  237 2083.897782 16817
  238 30674.537246 -2897
  239 4049.328933 13720
  240 -234.925306     4
  241 759.010775  5876
  242 8769.651017 -3192
  243 7579.088353 26854
  244 8762.450738 24497
  245 -738.217039     1
  246 -2803.127664     2
  247 83.556519  5546
  248 26167.119018 27208
  249 -1028.250436     3
  250 1443.133691 12189
  251 30904.638410 -2797
  252 2513.038205 10355
  253 11864.720408 -3109
  254 73.953771  5080
  255 16816.046312 -2848
  256 16060.605601 28594
  257 21263.997361 27728
  258 -381.809239     1
  259 4214.431265 17216
  260 42.375496  5214
  261 11446.672447 24666
  262 -551.903620     7
  263 20.515588  5074
  264 -785.466701     0
  265 -1214.104387     6
  266 9771.917332 21029
  267 7586.584102 21240
  268 22177.150953 32269
  269 432.499230 28404
  270 -597.223380     7
  271 1995.429825  8066
  272 1826.168543 -3250
  273 2698.970233  8236
  274 6295.642039 13977
  275 -490.667907     2
  276 11928.043285 30687
  277 11754.793866 31575
  278 5229.867583 28229
  279 23160.496929 -2983
  280 -145.384676     2
  281 1005.800716 28859
  282 1700.268677 11530
  283 -41.561477     7
  284 10673.899575 15765
  285 3935.583446 20705
  286 2275.436334 29767
  287 1817.374443 19460
  288 4001.142932 22963
  289 4692.277932 21428
  290 -85.399359     6
  291 10052.309464 31421
  292 23364.236927 26578
  293 4010.963491 15799
  294 2792.752204  8784
  295 -1556.194380     8
  296 -804.233765     2
  297 6489.402266 -3018
  298 11879.760864 23046
  299 3051.010938 19927
  300 1225.370540 24137
