300
    1 0.083051  5001
    2 7215.201690 21119
    3 8455.273756 27552
    4 2058.593907 -2979
    5 5045.091444 -3267
    6 8532.211659 22605
    7 -501.516861     0
    8 7240.637698 -2786
    9 -87.554442     9
   10 473.198827 10019
   11 2803.031578 16402
   12 -848.057416     2
   13 5205.047859 12882
   14 334.469462 25490
   15 2196.438717 10438
   16 2798.771244 23433
   17 -312.042184     5
   18 3706.325413 17080
   19 2486.851017 11863
   20 12122.656110 28698
   21 -244.346426     1
   22 532.758530  6611
   23 701.368594  5525
   24 -318.413843     6
   25 -18.985836     8
   26 -211.502864     1
   27 5913.372040 25096
   28 -1935.808629     8
   29 -785.828460     7
   30 23679.713986 -3202
   31 13078.309727 29956
   32 1903.946114 23649
   33 -2426.452829     5
   34 4041.115114 19086
   35 -1645.917140     1
   36 577.604954  5763
   37 12537.438250 19573
   38 23829.448439 27063
   39 -461.561745     7
   40 2064.185163 23419
   41 2688.260702 26823
   42 -431.192859     2
   43 14723.990284 20275
   44 9954.316846 20882
   45 10736.859622 19868
   46 -414.751428     8
   47 -1626.541603     7
   48 -1367.392756     1
   49 971.497532  7208
   50 -1330.669342     1
   51 -481.955716     2
   52 14341.863219 24961
   53 10498.957023 25395
   54 9765.234637 31497
   55 -804.273730     1
   56 1788.914055 22654
   57 1092.016210  9613
   58 -1387.577368     3
   59 14001.262595 19985
   60 332.929876  7593
   61 3584.193461 15343
   62 6165.406637 -2908
   63 -1149.908139     6
   64 -695.528162     5
   65 260.410030  7104
   66 -879.079685     3
   67 -1009.047056     0
   68 5895.447615 25634
   69 1858.291837 22064
   70 -349.924128     3
   71 4646.631539 26647
   72 10840.652172 30568
   73 -735.918464     1
   74 6956.404916 23628
   75 94.401398  6257
   76 9960.520705 19979
   77 -1628.369615     9
   78 5086.171963 18258
   79 1392.576735  7568
   80 6394.336693 27553
   81 8472.819385 17082
   82 -405.773117     2
   83 6189.757143 20949
   84 10933.901567 27106
   85 12212.412365 18544
   86 711.926437 11255
   87 3658.345524 28714
   88 1647.459681 13149
   89 11876.166635 -3029
   90 -641.940692     4
   91 8297.823233 15842
   92 302.409114 11271
   93 7382.762296 20863
   94 5373.397147 28772
   95 -205.630489     5
   96 -340.019776     9
   97 -2888.093220     9
   98 7340.139158 26222
   99 831.149403  6573
  100 9546.262636 27037
  101 528.711506  5828
  102 -224.705005     9
  103 5673.604151 17746
  104 -399.606274     1
  105 202.443881  5314
  106 16563.857313 -3121
  107 3978.915889 28962
  108 -264.122908     1
  109 2463.837605 28513
  110 4583.515858 17081
  111 4473.062424 -2851
  112 5786.695880 18467
  113 9907.735142 32528
  114 -83.913315     4
  115 -756.631468     9
  116 6753.903750 15984
  117 25190.520020 -3174
  118 -2130.557132     8
  119 33.889712 -2932
  120 13198.049371 -2959
  121 6095.436950 24028
  122 -619.706696     1
  123 22599.055747 -2860
  124 35326.583758 27549
  125 10300.798619 -2858
  126 24294.071568 -3047
  127 806.174965 31634
  128 -1399.233786     5
  129 149.523747 13009
  130 -306.685673     9
  131 346.873891 23283
  132 1316.479907 19384
  133 3392.322141 19765
  134 598.585997 19456
  135 2179.654156 -3258
  136 524.702387  6602
  137 286.559107  9234
  138 9346.107443 18370
  139 2785.521762 11832
  140 5033.984122 28847
  141 869.205251 11524
  142 19130.453024 30512
  143 -921.443316     7
  144 2745.673187 26094
  145 14329.486605 28238
  146 -17.935590     4
  147 6145.765274 28525
  148 -1571.178571     4
  149 -1776.384800     7
  150 179.811480  5294
  151 1010.160761 15172
  152 -1551.756403     8
  153 7720.275016 26958
  154 6140.852108 -3076
  155 -1655.164125     1
  156 3264.777071 24828
  157 -529.153097     7
  158 404.859011  5731
  159 -503.568329     1
  160 4005.488740 20722
  161 2591.241242  8195
  162 100.562169  6887
  163 1459.650548  8101
  164 1476.131911  7558
  165 -2086.812664     9
  166 -1106.784430     1
  167 4042.289626 12462
  168 -760.987399     9
  169 496.310153  6250
  170 7220.420261 22861
  171 2766.057058 18695
  172 1858.616128 29490
  173 -2152.098732     7
  174 -120.239279     1
  175 -2947.968215     8
  176 9093.027774 30213
  177 -1277.566375     9
  178 -719.207086     4
  179 2492.457131 16841
  180 9873.750749 31142
  181 1143.871978  8905
  182 12830.203782 23518
  183 12498.960823 31181
  184 -900.673508     0
  185 205.887391 11201
  186 -852.985992     3
  187 -1178.625141     1
  188 96.634483  8731
  189 -2346.450717     0
  190 221.063782  5594
  191 1612.692173 25258
  192 9668.009298 13869
  193 5024.396248 16140
  194 -1100.507646     1
  195 -612.853643     4
  196 3240.930835 -3187
  197 4660.221456 12350
  198 17686.456182 29250
  199 -384.859914     5
  200 4965.548083 21020
  201 2077.132442 11709
  202 9245.129459 17541
  203 -2008.932192     3
  204 -406.212909     5
  205 4517.734152 25824
  206 -131.235590     2
  207 2908.249642 15814
  208 10127.242030 25022
  209 -801.839414     5
  210 171.848838  5251
  211 522.267740  6080
  212 1379.195571 20517
  213 2255.020594 28377
  214 15917.527130 -3191
  215 -667.505405     5
  216 -1005.272236     7
  217 1172.555587  6281
  218 11046.596732 26838
  219 -405.131706     3
  220 -742.327371     0
  221 14511.971892 17350
  222 5080.021306 14458
  223 -454.761166     5
  224 7494.694314 -3122
  225 2916.700208 26527
  226 4958.808435 20425
  227 5899.538336 -3204
  228 25075.703474 29261
  229 5917.477506 17613
  230 12511.992402 -3214
  231 2791.300364 30599
  232 6967.832741 27069
  233 1297.825201  7552
  234 -691.109768     3
  235 249.447565  9764
  236 -1714.257318     2
  237 1775.683676 16817
  238 8594.233944 -2897
  239 3379.875837 13720
  240 -89.569887     4
  241 69.685463  5876
  242 34399.018587 -3192
  243 12413.037811 26854
  244 3212.834283 24497
  245 -339.411307     1
  246 -340.790502     2
  247 261.486577  5546
  248 17446.096174 27208
  249 -80.589502     3
  250 354.944818 12189
  251 7964.668903 -2797
  252 162.968584 10355
  253 24816.960087 -3109
  254 1.136694  5080
  255 9905.849460 -2848
  256 1242.589035 28594
  257 1013.426487 27728
  258 -150.567849     1
  259 5681.706115 17216
  260 152.857961  5214
  261 12921.920056 24666
  262 -2249.737154     7
  263 17.649314  5074
  264 -759.335326     0
  265 -613.612419     6
  266 13373.594776 21029
  267 11370.807052 21240
  268 2096.957678 32269
  269 10607.757255 28404
  270 -91.419443     7
  271 1427.462823  8066
  272 3223.949295 -3250
  273 1128.406456  8236
  274 2451.572707 13977
  275 -926.510464     2
  276 15137.147052 30687
  277 13058.719966 31575
  278 9405.321326 28229
  279 31582.743048 -2983
  280 -105.468593     2
  281 13613.928796 28859
  282 792.944407 11530
  283 -2512.813243     7
  284 1282.216265 15765
  285 801.005178 20705
  286 7816.933127 29767
  287 9382.787079 19460
  288 4764.980024 22963
  289 1442.720468 21428
  290 -2402.247646     6
  291 10049.335615 31421
  292 6525.760424 26578
  293 3343.100085 15799
  294 535.910901  8784
  295 -2153.265625     8
  296 -2418.831522     2
  297 2280.684920 -3018
  298 1843.967666 23046
  299 129.447238 19927
  300 3134.882359 24137
