300
    1 0.420909  5001
    2 13913.665072 21119
    3 8275.464388 27552
    4 9705.638507 -2979
    5 3848.983190 -3267
    6 7093.315016 22605
    7 -745.048723     0
    8 1466.701155 -2786
    9 -903.397237     9
   10 3146.613943 10019
   11 3054.814248 16402
   12 -221.659515     2
   13 518.399162 12882
   14 244.526240 25490
   15 895.224607 10438
   16 14557.934443 23433
   17 -2381.931703     5
   18 7804.644920 17080
   19 1524.966471 11863
   20 1580.119911 28698
   21 -620.035064     1
   22 1042.162579  6611
   23 9.178406  5525
   24 -441.490737     6
   25 -562.223159     8
   26 -407.156193     1
   27 616.231156 25096
   28 -1386.928650     8
   29 -250.556474     7
   30 9956.075606 -3202
   31 8280.812028 29956
   32 10619.988557 23649
   33 -123.020872     5
   34 3358.304775 19086
   35 -2554.055832     1
   36 444.114326  5763
   37 1775.132680 19573
   38 12182.308132 27063
   39 -16.836019     7
   40 1038.936539 23419
   41 4446.076070 26823
   42 -2417.482582     2
   43 2025.901061 20275
   44 6271.507876 20882
   45 6568.517766 19868
   46 -2344.090272     8
   47 -686.057870     7
   48 -1363.055931     1
   49 2385.436788  7208
   50 -119.734709     1
   51 -486.046010     2
   52 11558.543062 24961
   53 5030.066886 25395
   54 12045.428140 31497
   55 -1082.159333     1
   56 2845.037550 22654
   57 1598.143691  9613
   58 -1350.823853     3
   59 6990.171024 19985
   60 112.470486  7593
   61 8638.700150 15343
   62 48607.965092 -2908
   63 -928.177701     6
   64 -1261.158107     5
   65 609.603067  7104
   66 -1416.160560     3
   67 -1792.568862     0
   68 9163.910743 25634
   69 14699.962605 22064
   70 -82.534450     3
   71 678.123252 26647
   72 1669.857746 30568
   73 -516.599169     1
   74 3363.472009 23628
   75 886.298664  6257
   76 2004.740052 19979
   77 -1617.013011     9
   78 9542.499438 18258
   79 1580.291349  7568
   80 11582.862658 27553
   81 1152.252085 17082
   82 -603.541313     2
   83 7512.458019 20949
   84 12190.967253 27106
   85 9155.357161 18544
   86 2001.864050 11255
   87 18305.726286 28714
   88 4015.815385 13149
   89 11312.706753 -3029
   90 -1096.561982     4
   91 41.156730 15842
   92 286.832404 11271
   93 3882.064651 20863
   94 7482.759472 28772
   95 -268.213271     5
   96 -602.447412     9
   97 -2534.182507     9
   98 4165.379660 26222
   99 629.734889  6573
  100 5528.444262 27037
  101 709.289607  5828
  102 -505.075631     9
  103 5128.799206 17746
  104 -687.333633     1
  105 175.084735  5314
  106 9435.239682 -3121
  107 12944.558815 28962
  108 -296.973017     1
  109 10872.665529 28513
  110 6322.001396 17081
  111 4874.542520 -2851
  112 2865.106798 18467
  113 2958.313565 32528
  114 -313.129049     4
  115 -1666.504659     9
  116 8507.087869 15984
  117 28415.839890 -3174
  118 -95.386210     8
  119 18925.305494 -2932
  120 12437.986012 -2959
  121 2857.855939 24028
  122 -886.338825     1
  123 13594.374589 -2860
  124 11563.504000 27549
  125 9971.176645 -2858
  126 16192.744648 -3047
  127 11700.798596 31634
  128 -43.026489     5
  129 2157.715075 13009
  130 -838.392295     9
  131 4648.493938 23283
  132 5382.654392 19384
  133 13657.657733 19765
  134 6876.756291 19456
  135 12989.506201 -3258
  136 786.289514  6602
  137 159.749559  9234
  138 1653.010173 18370
  139 1242.707157 11832
  140 7780.326439 28847
  141 3041.780167 11524
  142 4658.032376 30512
  143 -2574.224427     7
  144 1171.907107 26094
  145 8029.997117 28238
  146 -1283.275966     4
  147 19157.391037 28525
  148 -814.090790     4
  149 -1371.024878     7
  150 226.888043  5294
  151 2840.579087 15172
  152 -775.230912     8
  153 10965.242968 26958
  154 1262.195062 -3076
  155 -670.667058     1
  156 9866.985067 24828
  157 -1474.528652     7
  158 295.660138  5731
  159 -1284.241587     1
  160 2220.223110 20722
  161 1241.586918  8195
  162 848.664750  6887
  163 3212.890753  8101
  164 541.463472  7558
  165 -1999.441998     9
  166 -936.855203     1
  167 222.597525 12462
  168 -64.290445     9
  169 1140.936177  6250
  170 968.294690 22861
  171 4227.311555 18695
  172 5211.828725 29490
  173 -2173.880222     7
  174 -210.766554     1
  175 -599.779445     8
  176 25355.427817 30213
  177 -410.225220     9
  178 -874.772051     4
  179 2578.479941 16841
  180 16568.567754 31142
  181 678.521289  8905
  182 5061.968998 23518
  183 18347.600040 31181
  184 -1846.067458     0
  185 686.645588 11201
  186 -257.346469     3
  187 -639.272936     1
  188 1014.850437  8731
  189 -659.381470     0
  190 329.573800  5594
  191 17774.423147 25258
  192 2153.101745 13869
  193 5138.836676 16140
  194 -2131.736798     1
  195 -642.446377     4
  196 13136.064885 -3187
  197 7479.644157 12350
  198 13503.711952 29250
  199 -807.286117     5
  200 12003.237299 21020
  201 3414.224627 11709
  202 2944.717284 17541
  203 -1432.002644     3
  204 -2712.198462     5
  205 11846.560846 25824
  206 -470.810046     2
  207 518.733900 15814
  208 4396.114685 25022
  209 -1678.341486     5
  210 158.202868  5251
  211 92.568693  6080
  212 5075.364767 20517
  213 7860.733089 28377
  214 16404.805738 -3191
  215 -1239.113548     5
  216 -378.240355     7
  217 1676.683030  6281
  218 13398.497170 26838
  219 -17.811306     3
  220 -2049.929492     0
  221 2484.477975 17350
  222 6749.710341 14458
  223 -2315.091317     5
  224 5493.836089 -3122
  225 5305.658997 26527
  226 1511.718245 20425
  227 6162.571937 -3204
  228 13336.630921 29261
  229 4414.469276 17613
  230 1334.814647 -3214
  231 9004.759957 30599
  232 4415.348873 27069
  233 797.949903  7552
  234 -103.781985     3
  235 3669.727226  9764
  236 -139.422086     2
  237 558.030042 16817
  238 653.806424 -2897
  239 4348.969917 13720
  240 -14.861153     4
  241 372.066873  5876
  242 9296.382976 -3192
  243 9162.778420 26854
  244 2363.080784 24497
  245 -1176.760076     1
  246 -251.534942     2
  247 124.303751  5546
  248 15338.558482 27208
  249 -1187.511369     3
  250 394.421159 12189
  251 5078.932631 -2797
  252 587.243418 10355
  253 4220.056740 -3109
  254 10.612873  5080
  255 23791.466705 -2848
  256 1374.177881 28594
  257 5268.816953 27728
  258 -583.044582     1
  259 8555.056248 17216
  260 96.320785  5214
  261 9820.500933 24666
  262 -297.456961     7
  263 26.809261  5074
  264 -856.243541     0
  265 -1367.114639     6
  266 428.127834 21029
  267 2861.214392 21240
  268 5355.016231 32269
  269 18149.484375 28404
  270 -1906.713055     7
  271 327.456905  8066
  272 28740.069261 -3250
  273 1002.854700  8236
  274 3345.921641 13977
  275 -1304.961606     2
  276 10957.902367 30687
  277 2174.881393 31575
  278 3254.024059 28229
  279 18120.737091 -2983
  280 -1315.149862     2
  281 18464.446034 28859
  282 374.219075 11530
  283 -712.831741     7
  284 6298.593232 15765
  285 2699.817438 20705
  286 5656.853304 29767
  287 1789.891609 19460
  288 2413.339022 22963
  289 6612.172620 21428
  290 -1178.485347     6
  291 29281.329267 31421
  292 1050.740996 26578
  293 6213.747035 15799
  294 1124.407549  8784
  295 -889.193909     8
  296 -1042.041813     2
  297 831.217583 -3018
  298 1149.299026 23046
  299 4664.502485 19927
  300 6934.459466 24137
