300
    1 0.563917  5001
    2 22099.991925 21119
    3 14690.570463 27552
    4 2091.933599 -2979
    5 12793.030858 -3267
    6 13545.999918 22605
    7 -533.370859     0
    8 32973.634399 -2786
    9 -532.361281     9
   10 18.043032 10019
   11 8524.158093 16402
   12 -405.359872     2
   13 2720.022247 12882
   14 9786.723344 25490
   15 2505.563381 10438
   16 3253.441802 23433
   17 -3367.775299     5
   18 2446.381670 17080
   19 4859.797273 11863
   20 3503.360171 28698
   21 -802.134304     1
   22 1461.690152  6611
   23 96.439969  5525
   24 -704.236229     6
   25 -307.264071     8
   26 -958.105931     1
   27 9739.333268 25096
   28 -1431.925084     8
   29 -3817.101538     7
   30 13707.754702 -3202
   31 23228.156564 29956
   32 13220.204465 23649
   33 -2462.240325     5
   34 1280.239297 19086
   35 -1613.791561     1
   36 235.178100  5763
   37 17332.792680 19573
   38 8712.252336 27063
   39 -1336.532802     7
   40 4506.069907 23419
   41 13752.379132 26823
   42 -1353.194674     2
   43 11054.728212 20275
   44 316.803814 20882
   45 9763.432480 19868
   46 -1608.060228     8
   47 -679.152170     7
   48 -1877.430078     1
   49 759.355417  7208
   50 -654.400692     1
   51 -3165.880048     2
   52 3056.772841 24961
   53 21147.327055 25395
   54 3857.630653 31497
   55 -103.571470     1
   56 2749.683093 22654
   57 3707.220407  9613
   58 -389.397334     3
   59 2272.494411 19985
   60 866.277481  7593
   61 2545.326334 15343
   62 4949.696532 -2908
   63 -1939.803455     6
   64 -76.603278     5
   65 1324.469085  7104
   66 -1583.266683     3
   67 -504.395299     0
   68 1639.630608 25634
   69 5203.111252 22064
   70 -2902.687722     3
   71 7753.789667 26647
   72 2238.026344 30568
   73 -723.702933     1
   74 3925.731450 23628
   75 1015.776235  6257
   76 5372.318877 19979
   77 -2577.646211     9
   78 3025.873149 18258
   79 1234.412297  7568
   80 14642.954074 27553
   81 5055.604289 17082
   82 -375.927753     2
   83 3782.341859 20949
   84 235.417013 27106
   85 3809.944547 18544
   86 4488.667245 11255
   87 10010.444422 28714
   88 9805.063549 13149
   89 20717.493490 -3029
   90 -3253.301366     4
   91 3859.811415 15842
   92 4943.081616 11271
   93 11713.412203 20863
   94 14049.781335 28772
   95 -1389.260729     5
   96 -99.953083     9
   97 -701.391622     9
   98 5458.550567 26222
   99 361.405440  6573
  100 12101.063915 27037
  101 328.296166  5828
  102 -45.230913     9
  103 12589.214397 17746
  104 -1334.470961     1
  105 50.375293  5314
  106 21235.426124 -3121
  107 2144.650427 28962
  108 -818.393311     1
  109 7694.902160 28513
  110 3962.563711 17081
  111 14324.436907 -2851
  112 6000.412778 18467
  113 15799.355748 32528
  114 -448.798744     4
  115 -2909.175528     9
  116 4864.879339 15984
  117 5199.390606 -3174
  118 -2166.113781     8
  119 6183.222002 -2932
  120 32728.906171 -2959
  121 7472.378594 24028
  122 -1910.746908     1
  123 20769.768668 -2860
  124 14111.694990 27549
  125 17223.010451 -2858
  126 13922.295945 -3047
  127 19108.231996 31634
  128 -256.221306     5
  129 1130.723387 13009
  130 -646.178307     9
  131 2041.869845 23283
  132 899.543752 19384
  133 11838.616027 19765
  134 14247.155032 19456
  135 1392.206570 -3258
  136 585.817717  6602
  137 1742.319404  9234
  138 9580.943962 18370
  139 4017.740851 11832
  140 5706.275833 28847
  141 5607.907844 11524
  142 1732.624603 30512
  143 -940.826827     7
  144 6084.720298 26094
  145 17517.223672 28238
  146 -483.884781     4
  147 15036.944590 28525
  148 -255.007966     4
  149 -320.245776     7
  150 31.848777  5294
  151 723.490201 15172
  152 -1568.436642     8
  153 14792.908701 26958
  154 23520.254978 -3076
  155 -2018.039924     1
  156 8600.643586 24828
  157 -1381.289758     7
  158 479.933451  5731
  159 -1071.486588     1
  160 4058.881086 20722
  161 2272.782943  8195
  162 809.938157  6887
  163 1419.711020  8101
  164 1682.758460  7558
  165 -755.521903     9
  166 -1888.369846     1
  167 720.702020 12462
  168 -898.907543     9
  169 179.708872  6250
  170 14096.213009 22861
  171 8269.023631 18695
  172 15325.806728 29490
  173 -33.398089     7
  174 -392.499927     1
  175 -3163.677289     8
  176 14461.280334 30213
  177 -287.311034     9
  178 -3139.350242     4
  179 4263.247969 16841
  180 8691.080221 31142
  181 1211.997882  8905
  182 461.866489 23518
  183 15194.161671 31181
  184 -371.906604     0
  185 1404.988692 11201
  186 -192.702151     3
  187 -446.429833     1
  188 4301.854701  8731
  189 -56.284028     0
  190 116.390117  5594
  191 1615.792599 25258
  192 766.564004 13869
  193 5558.200391 16140
  194 -846.208890     1
  195 -2481.867520     4
  196 22347.014032 -3187
  197 5224.029581 12350
  198 12466.528355 29250
  199 -1314.174548     5
  200 11824.099371 21020
  201 2038.704110 11709
  202 545.660400 17541
  203 -433.965775     3
  204 -4056.645515     5
  205 5089.360260 25824
  206 -1862.019633     2
  207 1561.116327 15814
  208 7792.115917 25022
  209 -133.712943     5
  210 27.254235  5251
  211 343.704203  6080
  212 6773.636475 20517
  213 1884.626716 28377
  214 2374.287281 -3191
  215 -1498.432881     5
  216 -1145.565235     7
  217 51.614771  6281
  218 13427.448579 26838
  219 -823.289834     3
  220 -690.697295     0
  221 2281.957248 17350
  222 2649.744292 14458
  223 -317.666469     5
  224 10498.414685 -3122
  225 8213.416340 26527
  226 6500.305816 20425
  227 18232.575295 -3204
  228 4148.712861 29261
  229 12313.614480 17613
  230 16193.887684 -3214
  231 3131.873666 30599
  232 11845.062083 27069
  233 765.726121  7552
  234 -959.294981     3
  235 43.409545  9764
  236 -1444.755300     2
  237 6462.035740 16817
  238 9917.324892 -2897
  239 6167.983575 13720
  240 -2389.412859     4
  241 997.255305  5876
  242 8602.158940 -3192
  243 2839.810020 26854
  244 3821.973662 24497
  245 -105.933987     1
  246 -2070.501885     2
  247 523.101581  5546
  248 4542.697642 27208
  249 -2786.867835     3
  250 4968.183478 12189
  251 19620.904981 -2797
  252 4528.040357 10355
  253 14192.025493 -3109
  254 48.591266  5080
  255 6040.956619 -2848
  256 712.416981 28594
  257 18484.410209 27728
  258 -1215.623533     1
  259 3549.016033 17216
  260 42.671929  5214
  261 18280.269884 24666
  262 -126.382699     7
  263 50.337973  5074
  264 -1807.930075     0
  265 -427.259935     6
  266 1715.348039 21029
  267 125.290690 21240
  268 9358.807337 32269
  269 7472.016548 28404
  270 -171.697135     7
  271 772.950154  8066
  272 4674.029975 -3250
  273 2018.615131  8236
  274 1808.887656 13977
  275 -1980.575984     2
  276 2908.095146 30687
  277 11664.538546 31575
  278 6519.883739 28229
  279 4923.354641 -2983
  280 -1102.076773     2
  281 7209.829303 28859
  282 27.451136 11530
  283 -727.159856     7
  284 7421.748196 15765
  285 4661.488380 20705
  286 1624.550681 29767
  287 4437.603228 19460
  288 26101.065999 22963
  289 5232.110169 21428
  290 -2067.697319     6
  291 4855.307292 31421
  292 10049.024358 26578
  293 2545.215486 15799
  294 2793.029402  8784
  295 -718.863633     8
  296 -915.390391     2
  297 13240.316539 -3018
  298 4223.438884 23046
  299 625.354315 19927
  300 4252.119708 24137
