300
    1 0.246420  5001
    2 5028.774573 21119
    3 10324.885009 27552
    4 11674.134368 -2979
    5 5226.787603 -3267
    6 1573.925571 22605
    7 -913.897456     0
    8 6077.455032 -2786
    9 -2285.339250     9
   10 2548.196195 10019
   11 15273.759338 16402
   12 -1013.426796     2
   13 4386.012861 12882
   14 5672.960550 25490
   15 1352.421028 10438
   16 21485.576535 23433
   17 -553.608133     5
   18 2863.279132 17080
   19 1498.054541 11863
   20 3316.698009 28698
   21 -524.777550     1
   22 996.549766  6611
   23 50.536327  5525
   24 -254.210488     6
   25 -2360.135200     8
   26 -2175.451064     1
   27 5098.069496 25096
   28 -4293.964285     8
   29 -2757.094401     7
   30 26958.543511 -3202
   31 16886.335298 29956
   32 12696.062949 23649
   33 -666.915045     5
   34 2769.342949 19086
   35 -1879.555301     1
   36 277.188599  5763
   37 6706.273361 19573
   38 9427.566240 27063
   39 -2118.328807     7
   40 7079.721464 23419
   41 3261.630238 26823
   42 -1619.714944     2
   43 4544.122240 20275
   44 2486.439090 20882
   45 3414.096788 19868
   46 -2223.657717     8
   47 -101.175832     7
   48 -1368.346526     1
   49 1553.021747  7208
   50 -478.709186     1
   51 -136.517154     2
   52 11611.653255 24961
   53 825.519202 25395
   54 3366.263303 31497
   55 -346.010812     1
   56 9791.716849 22654
   57 221.371883  9613
   58 -666.226668     3
   59 5617.300582 19985
   60 1166.916211  7593
   61 7918.595350 15343
   62 18106.345358 -2908
   63 -69.033493     6
   64 -885.606276     5
   65 1736.185620  7104
   66 -99.436367     3
   67 -733.418325     0
   68 896.615795 25634
   69 1974.835123 22064
   70 -240.430173     3
   71 7226.982736 26647
   72 4638.954710 30568
   73 -508.882860     1
   74 2321.239463 23628
   75 809.597265  6257
   76 7273.291137 19979
   77 -1405.791049     9
   78 3456.058629 18258
   79 575.142497  7568
   80 16594.649582 27553
   81 4608.293275 17082
   82 -1756.245372     2
   83 8379.907834 20949
   84 4303.744026 27106
   85 2288.675505 18544
   86 1052.791830 11255
   87 3531.692488 28714
   88 6929.523755 13149
   89 9847.770966 -3029
   90 -1009.905337     4
   91 96.319167 15842
   92 3799.221324 11271
   93 2633.290116 20863
   94 459.381976 28772
   95 -957.078590     5
   96 -16.149360     9
   97 -184.314235     9
   98 6912.409260 26222
   99 1142.994737  6573
  100 9678.004213 27037
  101 286.893542  5828
  102 -510.233877     9
  103 2442.516573 17746
  104 -1055.813036     1
  105 220.373751  5314
  106 6916.545637 -3121
  107 18338.182293 28962
  108 -3938.228668     1
  109 21586.640000 28513
  110 4338.691380 17081
  111 32912.062554 -2851
  112 2307.698462 18467
  113 7358.240921 32528
  114 -33.743181     4
  115 -1130.779914     9
  116 6163.157868 15984
  117 3485.179481 -3174
  118 -2137.590092     8
  119 5951.834318 -2932
  120 7981.553157 -2959
  121 6388.923344 24028
  122 -142.422222     1
  123 1388.026323 -2860
  124 161.512235 27549
  125 7332.383616 -2858
  126 11359.594044 -3047
  127 3263.959201 31634
  128 -322.480326     5
  129 2396.857159 13009
  130 -1012.202469     9
  131 4082.761970 23283
  132 6865.733434 19384
  133 6660.081776 19765
  134 3821.206175 19456
  135 18086.144329 -3258
  136 279.525275  6602
  137 4022.680272  9234
  138 924.420025 18370
  139 5595.052972 11832
  140 11665.231915 28847
  141 3243.304586 11524
  142 11878.617009 30512
  143 -574.037679     7
  144 1751.931273 26094
  145 18533.676097 28238
  146 -1096.699812     4
  147 13137.273279 28525
  148 -145.227276     4
  149 -2926.403244     7
  150 97.779134  5294
  151 1079.235014 15172
  152 -282.137046     8
  153 7404.364604 26958
  154 9180.485438 -3076
  155 -2363.658752     1
  156 16338.242301 24828
  157 -883.268285     7
  158 709.519164  5731
  159 -896.363440     1
  160 19138.833455 20722
  161 1998.723519  8195
  162 688.849050  6887
  163 48.260116  8101
  164 759.118603  7558
  165 -1460.515230     9
  166 -2086.600402     1
  167 1453.463684 12462
  168 -1054.894163     9
  169 990.124343  6250
  170 16224.051319 22861
  171 2268.348005 18695
  172 4595.912560 29490
  173 -267.978555     7
  174 -1015.417291     1
  175 -36.388161     8
  176 2983.893403 30213
  177 -1276.620402     9
  178 -843.921753     4
  179 3228.462887 16841
  180 40266.666751 31142
  181 2983.182632  8905
  182 7196.188384 23518
  183 10300.822677 31181
  184 -2836.201713     0
  185 2051.027768 11201
  186 -1052.501841     3
  187 -1369.329296     1
  188 2386.005123  8731
  189 -562.438227     0
  190 30.051268  5594
  191 11371.182959 25258
  192 1387.546814 13869
  193 1082.663513 16140
  194 -1215.520063     1
  195 -2537.145428     4
  196 10175.441323 -3187
  197 5693.613150 12350
  198 20623.769572 29250
  199 -1321.041169     5
  200 13119.548238 21020
  201 2787.229620 11709
  202 4159.808869 17541
  203 -35.271864     3
  204 -2062.368384     5
  205 13610.618140 25824
  206 -577.966792     2
  207 3195.473273 15814
  208 1740.238857 25022
  209 -1466.124329     5
  210 7.941079  5251
  211 138.012797  6080
  212 5040.573517 20517
  213 6783.536910 28377
  214 29148.826341 -3191
  215 -1466.138735     5
  216 -852.637013     7
  217 1005.128577  6281
  218 7740.237099 26838
  219 -900.888759     3
  220 -727.982089     0
  221 5015.703996 17350
  222 10512.958383 14458
  223 -1479.353478     5
  224 10195.783719 -3122
  225 25693.933371 26527
  226 10583.099561 20425
  227 31147.644268 -3204
  228 5276.677027 29261
  229 6862.553862 17613
  230 3873.832018 -3214
  231 9076.547887 30599
  232 21634.290148 27069
  233 892.307941  7552
  234 -1138.343004     3
  235 2056.589775  9764
  236 -1247.494367     2
  237 3817.172639 16817
  238 8389.067859 -2897
  239 841.061886 13720
  240 -957.137821     4
  241 499.183182  5876
  242 6350.362215 -3192
  243 20113.638469 26854
  244 4811.332468 24497
  245 -173.823266     1
  246 -69.048417     2
  247 144.667982  5546
  248 6915.644953 27208
  249 -1039.475784     3
  250 2266.207721 12189
  251 2089.939722 -2797
  252 6793.261519 10355
  253 16071.087673 -3109
  254 92.341767  5080
  255 13174.186476 -2848
  256 490.543435 28594
  257 19496.261247 27728
  258 -2106.321366     1
  259 11518.195813 17216
  260 34.761324  5214
  261 3977.461708 24666
  262 -822.271379     7
  263 8.770494  5074
  264 -249.059129     0
  265 -628.365954     6
  266 12388.944435 21029
  267 10173.034734 21240
  268 14231.037899 32269
  269 3717.454379 28404
  270 -3218.499631     7
  271 1496.682417  8066
  272 4661.993101 -3250
  273 609.722081  8236
  274 1127.056038 13977
  275 -1655.729806     2
  276 3461.925046 30687
  277 6102.759879 31575
  278 11394.756654 28229
  279 6341.872493 -2983
  280 -1789.846780     2
  281 11482.549843 28859
  282 2521.696950 11530
  283 -588.537587     7
  284 11690.816212 15765
  285 14019.875756 20705
  286 9663.314877 29767
  287 7349.865974 19460
  288 341.489608 22963
  289 17759.559816 21428
  290 -1474.465710     6
  291 16169.894063 31421
  292 5237.467082 26578
  293 311.543166 15799
  294 3746.806272  8784
  295 -1772.044528     8
  296 -2155.875985     2
  297 4712.465912 -3018
  298 1466.339150 23046
  299 5018.885207 19927
  300 8369.088744 24137
