300
    1 0.626095  5001
    2 4126.957448 21119
    3 9468.160054 27552
    4 1691.843910 -2979
    5 521.775413 -3267
    6 8091.548048 22605
    7 -32.930057     0
    8 10038.921693 -2786
    9 -1347.657447     9
   10 1958.770025 10019
   11 11575.653667 16402
   12 -1261.359260     2
   13 7561.591438 12882
   14 6191.371560 25490
   15 2243.560470 10438
   16 874.720316 23433
   17 -808.721408     5
   18 876.464156 17080
   19 2068.431635 11863
   20 9694.377347 28698
   21 -395.378397     1
   22 646.589505  6611
   23 280.866519  5525
   24 -1472.644263     6
   25 -413.542573     8
   26 -1089.456796     1
   27 4049.444429 25096
   28 -355.760522     8
   29 -485.912941     7
   30 3321.934197 -3202
   31 2741.485169 29956
   32 2215.386148 23649
   33 -121.042209     5
   34 5813.756589 19086
   35 -1501.970064     1
   36 87.256657  5763
   37 583.861030 19573
   38 4437.222824 27063
   39 -463.016500     7
   40 7542.221662 23419
   41 5480.192313 26823
   42 -648.329369     2
   43 8686.817363 20275
   44 5282.993765 20882
   45 1663.639536 19868
   46 -1247.744977     8
   47 -1237.540682     7
   48 -1051.010209     1
   49 31.089415  7208
   50 -653.371187     1
   51 -484.155238     2
   52 4711.638048 24961
   53 17166.476831 25395
   54 20250.399324 31497
   55 -2161.408411     1
   56 5688.533684 22654
   57 127.844049  9613
   58 -828.712551     3
   59 5246.859003 19985
   60 1869.032759  7593
   61 4100.867968 15343
   62 4457.412164 -2908
   63 -2301.738718     6
   64 -1350.460279     5
   65 982.592513  7104
   66 -707.963167     3
   67 -701.189249     0
   68 1914.532955 25634
   69 6349.618304 22064
   70 -1250.306635     3
   71 12254.165069 26647
   72 11340.126633 30568
   73 -1668.437260     1
   74 6754.468396 23628
   75 22.267954  6257
   76 4977.692863 19979
   77 -2082.459691     9
   78 406.177274 18258
   79 879.867778  7568
   80 12349.253395 27553
   81 6708.809704 17082
   82 -1576.998139     2
   83 4956.908190 20949
   84 6437.864870 27106
   85 1969.341127 18544
   86 2546.577530 11255
   87 1687.259204 28714
   88 2988.856126 13149
   89 2054.600971 -3029
   90 -2789.673550     4
   91 2779.133721 15842
   92 689.607509 11271
   93 3196.830775 20863
   94 15019.232850 28772
   95 -1112.260239     5
   96 -444.412465     9
   97 -1471.253118     9
   98 9803.514493 26222
   99 156.393286  6573
  100 5760.029113 27037
  101 351.070390  5828
  102 -196.867090     9
  103 8804.221407 17746
  104 -3416.216866     1
  105 68.630572  5314
  106 1567.731883 -3121
  107 27410.999752 28962
  108 -1187.709850     1
  109 12936.223179 28513
  110 7259.664909 17081
  111 19965.275855 -2851
  112 5537.113658 18467
  113 19338.624906 32528
  114 -26.094703     4
  115 -459.950964     9
  116 5494.977638 15984
  117 22310.533052 -3174
  118 -908.309024     8
  119 1581.853106 -2932
  120 5505.466938 -2959
  121 6096.342369 24028
  122 -2420.156415     1
  123 297.266473 -2860
  124 24102.677922 27549
  125 45555.451105 -2858
  126 3691.123728 -3047
  127 14438.721356 31634
  128 -572.026062     5
  129 2182.203968 13009
  130 -430.387600     9
  131 15196.043006 23283
  132 2250.589645 19384
  133 12131.664464 19765
  134 7195.442403 19456
  135 5691.774675 -3258
  136 211.801403  6602
  137 182.484355  9234
  138 5768.648408 18370
  139 1312.309043 11832
  140 626.816310 28847
  141 1448.013612 11524
  142 17392.098631 30512
  143 -39.947532     7
  144 6618.434679 26094
  145 9022.001805 28238
  146 -187.125264     4
  147 7870.422116 28525
  148 -460.606510     4
  149 -132.153099     7
  150 26.043833  5294
  151 4726.357577 15172
  152 -2422.412548     8
  153 6791.950033 26958
  154 17573.109305 -3076
  155 -845.314330     1
  156 2216.985741 24828
  157 -408.923253     7
  158 4.756305  5731
  159 -536.695942     1
  160 11554.170606 20722
  161 81.020142  8195
  162 828.412797  6887
  163 103.550799  8101
  164 954.667436  7558
  165 -784.876942     9
  166 -2131.113823     1
  167 1461.105108 12462
  168 -852.165691     9
  169 108.376919  6250
  170 21543.906192 22861
  171 3557.312002 18695
  172 11151.473860 29490
  173 -1200.774871     7
  174 -794.236672     1
  175 -741.554578     8
  176 16032.528593 30213
  177 -831.485513     9
  178 -844.453879     4
  179 4051.521335 16841
  180 7303.610908 31142
  181 393.820122  8905
  182 3127.733027 23518
  183 11295.938603 31181
  184 -2009.652552     0
  185 5811.155832 11201
  186 -337.200807     3
  187 -2471.137245     1
  188 1546.449815  8731
  189 -446.521647     0
  190 196.305100  5594
  191 14672.449543 25258
  192 99.710785 13869
  193 4560.811121 16140
  194 -150.684123     1
  195 -2148.979367     4
  196 19331.172940 -3187
  197 1861.787390 12350
  198 12261.242662 29250
  199 -1766.170075     5
  200 4271.801238 21020
  201 1628.478177 11709
  202 8377.926743 17541
  203 -569.924156     3
  204 -2089.768182     5
  205 4682.807061 25824
  206 -999.029949     2
  207 235.575173 15814
  208 8681.920374 25022
  209 -3135.428728     5
  210 160.893155  5251
  211 46.831383  6080
  212 4561.602298 20517
  213 3468.376104 28377
  214 11420.857672 -3191
  215 -1156.550962     5
  216 -682.987757     7
  217 1032.093528  6281
  218 6933.959399 26838
  219 -494.025698     3
  220 -14.626796     0
  221 938.493712 17350
  222 5135.185139 14458
  223 -784.495231     5
  224 21794.183558 -3122
  225 19982.962755 26527
  226 4666.731602 20425
  227 2359.321611 -3204
  228 3274.125993 29261
  229 4905.325367 17613
  230 15780.524130 -3214
  231 11709.520274 30599
  232 2761.405544 27069
  233 803.864782  7552
  234 -108.129991     3
  235 526.647916  9764
  236 -912.346607     2
  237 10837.329845 16817
  238 30674.564457 -2897
  239 704.907533 13720
  240 -38.470411     4
  241 98.440634  5876
  242 1856.605443 -3192
  243 17872.348466 26854
  244 11875.460588 24497
  245 -1693.855339     1
  246 -765.375163     2
  247 275.368948  5546
  248 7927.994378 27208
  249 -1266.524698     3
  250 4551.989999 12189
  251 42707.807287 -2797
  252 46.817454 10355
  253 5223.030848 -3109
  254 83.602452  5080
  255 2318.997092 -2848
  256 713.044342 28594
  257 25640.252897 27728
  258 -1335.964847     1
  259 9607.652572 17216
  260 110.798710  5214
  261 8761.155556 24666
  262 -813.217233     7
  263 78.507412  5074
  264 -165.854535     0
  265 -1229.835813     6
  266 6995.932622 21029
  267 4457.748718 21240
  268 7657.175564 32269
  269 25406.628316 28404
  270 -702.716009     7
  271 2238.785233  8066
  272 27489.583737 -3250
  273 78.609879  8236
  274 7895.558533 13977
  275 -162.757279     2
  276 9919.343132 30687
  277 2556.057013 31575
  278 24480.147063 28229
  279 5919.212011 -2983
  280 -479.996646     2
  281 1201.384618 28859
  282 1273.812112 11530
  283 -376.981811     7
  284 3759.778140 15765
  285 7211.720612 20705
  286 10604.376107 29767
  287 1756.152871 19460
  288 5139.493282 22963
  289 7846.123200 21428
  290 -221.630422     6
  291 3316.199513 31421
  292 16242.309007 26578
  293 2213.583212 15799
  294 4386.638483  8784
  295 -3668.949693     8
  296 -1253.860527     2
  297 7668.432706 -3018
  298 9388.756847 23046
  299 3826.590372 19927
  300 7566.885633 24137
