300
    1 0.713074  5001
    2 8.955872 21119
    3 9744.858419 27552
    4 2097.937448 -2979
    5 1736.438719 -3267
    6 13118.773555 22605
    7 -1524.313875     0
    8 12408.422282 -2786
    9 -588.972198     9
   10 342.375160 10019
   11 6831.436394 16402
   12 -1455.062017     2
   13 4490.504480 12882
   14 7873.021555 25490
   15 3787.835339 10438
   16 912.204404 23433
   17 -442.255705     5
   18 9640.962573 17080
   19 4020.058773 11863
   20 6143.098524 28698
   21 -817.568597     1
   22 24.603549  6611
   23 233.484951  5525
   24 -972.433598     6
   25 -322.828646     8
   26 -49.472634     1
   27 7322.197833 25096
   28 -50.559553     8
   29 -1178.423958     7
   30 22610.994402 -3202
   31 6745.120669 29956
   32 1491.377894 23649
   33 -1473.697117     5
   34 530.881417 19086
   35 -551.891102     1
   36 630.057058  5763
   37 4102.204061 19573
   38 969.278717 27063
   39 -2829.320452     7
   40 6248.269805 23419
   41 10287.645469 26823
   42 -1264.771936     2
   43 906.776385 20275
   44 2447.062255 20882
   45 10338.926119 19868
   46 -687.064907     8
   47 -944.385985     7
   48 -1138.953623     1
   49 134.623031  7208
   50 -538.056588     1
   51 -1479.655563     2
   52 9818.778795 24961
   53 3576.392052 25395
   54 3827.010092 31497
   55 -1219.890700     1
   56 619.007750 22654
   57 2290.521855  9613
   58 -1689.102536     3
   59 7677.860948 19985
   60 2361.060580  7593
   61 19.439467 15343
   62 2071.416508 -2908
   63 -284.830547     6
   64 -2333.138448     5
   65 753.223563  7104
   66 -397.586911     3
   67 -2599.255950     0
   68 22585.068961 25634
   69 7514.728698 22064
   70 -1509.126550     3
   71 14395.740583 26647
   72 14370.408234 30568
   73 -1905.941325     1
   74 33.999267 23628
   75 444.553722  6257
   76 3886.282776 19979
   77 -398.311860     9
   78 2570.867597 18258
   79 936.541820  7568
   80 24657.541901 27553
   81 4022.182444 17082
   82 -643.112984     2
   83 13999.941615 20949
   84 5367.016700 27106
   85 1652.511204 18544
   86 2233.427365 11255
   87 2786.076209 28714
   88 549.012042 13149
   89 33099.335970 -3029
   90 -383.629875     4
   91 3731.249665 15842
   92 703.726516 11271
   93 842.432340 20863
   94 21745.748241 28772
   95 -48.813223     5
   96 -180.821700     9
   97 -439.983376     9
   98 21028.209069 26222
   99 215.502478  6573
  100 1091.539467 27037
  101 1016.736050  5828
  102 -404.888504     9
  103 6952.062821 17746
  104 -737.030499     1
  105 157.877834  5314
  106 12961.182288 -3121
  107 14163.092889 28962
  108 -718.511836     1
  109 13606.291116 28513
  110 5346.202817 17081
  111 7226.006070 -2851
  112 3355.486597 18467
  113 31402.395133 32528
  114 -332.496052     4
  115 -897.023749     9
  116 3672.530334 15984
  117 5629.549299 -3174
  118 -96.708421     8
  119 12651.255533 -2932
  120 831.915374 -2959
  121 236.068272 24028
  122 -1763.110016     1
  123 3560.190339 -2860
  124 13977.190371 27549
  125 758.010463 -2858
  126 12250.244046 -3047
  127 7291.800620 31634
  128 -777.961384     5
  129 3016.841672 13009
  130 -2553.862542     9
  131 18191.529024 23283
  132 2837.457657 19384
  133 4100.895567 19765
  134 5167.685739 19456
  135 17045.841528 -3258
  136 240.426528  6602
  137 3176.211441  9234
  138 2759.157655 18370
  139 3154.607416 11832
  140 12680.277258 28847
  141 1750.481435 11524
  142 24852.366207 30512
  143 -278.042190     7
  144 2783.723456 26094
  145 9200.615279 28238
  146 -1283.445847     4
  147 20482.901029 28525
  148 -1780.772260     4
  149 -419.548141     7
  150 14.400085  5294
  151 1107.934972 15172
  152 -167.274862     8
  153 6304.336546 26958
  154 3905.658429 -3076
  155 -1308.292369     1
  156 7770.961390 24828
  157 -511.543653     7
  158 110.003316  5731
  159 -707.313388     1
  160 5936.357894 20722
  161 2446.082990  8195
  162 422.175395  6887
  163 841.298515  8101
  164 1271.108342  7558
  165 -2515.650507     9
  166 -365.019221     1
  167 5725.057816 12462
  168 -998.909577     9
  169 269.472884  6250
  170 5899.860724 22861
  171 9757.315464 18695
  172 770.183884 29490
  173 -765.718393     7
  174 -657.795376     1
  175 -373.718509     8
  176 3461.627052 30213
  177 -2755.642536     9
  178 -616.508578     4
  179 4253.653875 16841
  180 14953.390262 31142
  181 487.932774  8905
  182 8922.465919 23518
  183 289.200516 31181
  184 -1160.166483     0
  185 424.725499 11201
  186 -1068.245908     3
  187 -733.676974     1
  188 163.115173  8731
  189 -2304.457328     0
  190 375.462372  5594
  191 13567.666138 25258
  192 3496.333908 13869
  193 1546.716022 16140
  194 -204.455622     1
  195 -38.872394     4
  196 16564.669350 -3187
  197 6114.013048 12350
  198 7080.099998 29250
  199 -2273.610351     5
  200 2889.116952 21020
  201 2868.831658 11709
  202 8177.612236 17541
  203 -1068.779647     3
  204 -1229.816851     5
  205 4783.995641 25824
  206 -1182.117191     2
  207 4962.172070 15814
  208 9165.962219 25022
  209 -1350.823080     5
  210 126.960311  5251
  211 219.762126  6080
  212 11362.805356 20517
  213 13849.718699 28377
  214 21004.555064 -3191
  215 -1845.471778     5
  216 -333.728083     7
  217 383.679527  6281
  218 407.896840 26838
  219 -164.325189     3
  220 -657.125017     0
  221 5205.337961 17350
  222 6890.477048 14458
  223 -990.013971     5
  224 4510.514178 -3122
  225 8074.573280 26527
  226 10942.260336 20425
  227 7335.550575 -3204
  228 3010.554466 29261
  229 7419.637037 17613
  230 7825.859595 -3214
  231 14604.466640 30599
  232 621.406983 27069
  233 2145.281971  7552
  234 -2889.460293     3
  235 1886.418884  9764
  236 -1113.992621     2
  237 2756.609360 16817
  238 6414.475815 -2897
  239 27.089810 13720
  240 -113.951444     4
  241 75.717496  5876
  242 6198.485707 -3192
  243 7391.875547 26854
  244 7379.132689 24497
  245 -380.333519     1
  246 -2766.359561     2
  247 71.719692  5546
  248 402.919813 27208
  249 -1463.966864     3
  250 27.422231 12189
  251 7507.535867 -2797
  252 2062.507669 10355
  253 43.813231 -3109
  254 73.878225  5080
  255 15482.755979 -2848
  256 12166.216802 28594
  257 1560.636536 27728
  258 -410.552297     1
  259 6939.402695 17216
  260 68.194857  5214
  261 13008.098673 24666
  262 -268.995862     7
  263 36.273508  5074
  264 -1113.316343     0
  265 -419.145000     6
  266 17100.156952 21029
  267 12295.386284 21240
  268 5590.022564 32269
  269 19927.369544 28404
  270 -48.967306     7
  271 2147.198210  8066
  272 9967.218947 -3250
  273 1727.067609  8236
  274 1723.710754 13977
  275 -1552.092602     2
  276 12523.759572 30687
  277 11696.268363 31575
  278 21925.122374 28229
  279 15970.727755 -2983
  280 -252.448336     2
  281 18247.025985 28859
  282 214.220051 11530
  283 -263.171499     7
  284 5466.806290 15765
  285 7317.458971 20705
  286 18631.622696 29767
  287 7806.208195 19460
  288 4741.982607 22963
  289 14208.312770 21428
  290 -1803.773530     6
  291 722.537750 31421
  292 13832.088278 26578
  293 51.840329 15799
  294 3368.936716  8784
  295 -403.591047     8
  296 -343.273653     2
  297 2066.743533 -3018
  298 669.523942 23046
  299 3928.059510 19927
  300 10886.209081 24137
