300
    1 0.231626  5001
    2 11207.456603 21119
    3 17897.306197 27552
    4 10364.424384 -2979
    5 8747.187942 -3267
    6 4035.588203 22605
    7 -1386.397183     0
    8 29331.897134 -2786
    9 -1602.947727     9
   10 5147.565112 10019
   11 1169.389348 16402
   12 -112.510107     2
   13 4874.000375 12882
   14 16024.231968 25490
   15 4399.990989 10438
   16 4871.527643 23433
   17 -513.372248     5
   18 1679.816743 17080
   19 98.667319 11863
   20 4545.574452 28698
   21 -1078.332581     1
   22 104.036321  6611
   23 110.754989  5525
   24 -2503.923574     6
   25 -1361.454175     8
   26 -532.995989     1
   27 29121.949825 25096
   28 -424.733270     8
   29 -152.833506     7
   30 30555.604555 -3202
   31 8943.822614 29956
   32 8618.207607 23649
   33 -440.143572     5
   34 2875.167285 19086
   35 -434.020962     1
   36 12.114484  5763
   37 10006.234797 19573
   38 11784.228672 27063
   39 -755.796430     7
   40 6491.938052 23419
   41 13446.389137 26823
   42 -610.458453     2
   43 9413.489340 20275
   44 1589.859504 20882
   45 4951.961132 19868
   46 -1228.336802     8
   47 -414.679534     7
   48 -1634.878563     1
   49 467.766666  7208
   50 -381.900645     1
   51 -584.758679     2
   52 7269.660713 24961
   53 12012.006974 25395
   54 3478.438831 31497
   55 -1137.412619     1
   56 7769.077937 22654
   57 582.857142  9613
   58 -405.099668     3
   59 9818.755761 19985
   60 702.053225  7593
   61 4763.018966 15343
   62 15658.235778 -2908
   63 -231.107590     6
   64 -2830.575426     5
   65 1208.444555  7104
   66 -710.507853     3
   67 -1217.936410     0
   68 4815.797284 25634
   69 12986.233260 22064
   70 -284.106782     3
   71 10904.914025 26647
   72 15843.334642 30568
   73 -1890.587470     1
   74 3625.412641 23628
   75 1068.047892  6257
   76 6936.693411 19979
   77 -770.683130     9
   78 4507.258126 18258
   79 1713.259079  7568
   80 627.211936 27553
   81 4359.234620 17082
   82 -729.860687     2
   83 507.347580 20949
   84 1965.551053 27106
   85 9805.801886 18544
   86 2124.102244 11255
   87 10924.684845 28714
   88 4345.190184 13149
   89 26830.570755 -3029
   90 -98.312860     4
   91 5991.024408 15842
   92 1946.113054 11271
   93 2252.835403 20863
   94 6285.270502 28772
   95 -57.618680     5
   96 -114.939023     9
   97 -1019.799189     9
   98 9916.723294 26222
   99 39.492751  6573
  100 1093.194085 27037
  101 209.673656  5828
  102 -640.740119     9
  103 3124.769362 17746
  104 -986.112589     1
  105 273.592176  5314
  106 10729.920057 -3121
  107 10935.564494 28962
  108 -1093.083547     1
  109 5269.874577 28513
  110 9748.772044 17081
  111 5276.094262 -2851
  112 3417.050678 18467
  113 9863.774610 32528
  114 -1245.456379     4
  115 -523.938429     9
  116 3198.676127 15984
  117 11278.180857 -3174
  118 -1363.682977     8
  119 21906.772778 -2932
  120 8316.011487 -2959
  121 9554.938267 24028
  122 -558.752377     1
  123 10678.764238 -2860
  124 9899.005485 27549
  125 1682.708813 -2858
  126 5105.144410 -3047
  127 15005.505536 31634
  128 -1269.960801     5
  129 4938.538999 13009
  130 -760.494059     9
  131 2105.488143 23283
  132 2419.958183 19384
  133 6888.306084 19765
  134 6800.646372 19456
  135 17649.292983 -3258
  136 1037.191765  6602
  137 714.020998  9234
  138 3238.816680 18370
  139 1444.646914 11832
  140 9599.777244 28847
  141 5461.727027 11524
  142 1242.497977 30512
  143 -994.678849     7
  144 6076.090836 26094
  145 2847.296913 28238
  146 -367.202704     4
  147 4850.195555 28525
  148 -847.586294     4
  149 -710.314485     7
  150 108.084025  5294
  151 443.107216 15172
  152 -369.357744     8
  153 6439.363026 26958
  154 11866.249550 -3076
  155 -2304.583536     1
  156 8720.234139 24828
  157 -569.299175     7
  158 369.878045  5731
  159 -542.188952     1
  160 8570.425776 20722
  161 2395.428319  8195
  162 349.276088  6887
  163 864.094070  8101
  164 1492.620147  7558
  165 -406.114305     9
  166 -2458.770135     1
  167 379.946388 12462
  168 -1346.795305     9
  169 822.539780  6250
  170 1271.650373 22861
  171 3326.085269 18695
  172 4815.212081 29490
  173 -885.876513     7
  174 -1302.658900     1
  175 -294.067867     8
  176 3095.230901 30213
  177 -242.534237     9
  178 -356.007798     4
  179 5032.362462 16841
  180 22815.730418 31142
  181 341.285745  8905
  182 4533.751862 23518
  183 1235.420794 31181
  184 -103.674910     0
  185 3886.643985 11201
  186 -144.053155     3
  187 -274.695130     1
  188 1600.957403  8731
  189 -307.867620     0
  190 493.806604  5594
  191 10079.635241 25258
  192 58.583681 13869
  193 3305.276239 16140
  194 -3336.432964     1
  195 -369.056871     4
  196 12816.974786 -3187
  197 8142.816760 12350
  198 14383.410998 29250
  199 -2640.744231     5
  200 8968.589312 21020
  201 2849.790147 11709
  202 2485.178186 17541
  203 -350.582707     3
  204 -1964.051094     5
  205 1089.524683 25824
  206 -4049.988092     2
  207 8016.444492 15814
  208 9403.937662 25022
  209 -1158.272941     5
  210 21.628597  5251
  211 704.806914  6080
  212 9534.033064 20517
  213 10712.844123 28377
  214 112.879075 -3191
  215 -309.439798     5
  216 -62.653916     7
  217 1218.534061  6281
  218 8509.759632 26838
  219 -2874.219680     3
  220 -1247.018429     0
  221 8571.931807 17350
  222 3309.466434 14458
  223 -684.707770     5
  224 4022.564886 -3122
  225 498.931257 26527
  226 6568.123996 20425
  227 6893.874812 -3204
  228 17691.214337 29261
  229 2073.099453 17613
  230 11294.005165 -3214
  231 8804.385633 30599
  232 2284.229293 27069
  233 819.924469  7552
  234 -1876.828076     3
  235 1802.925009  9764
  236 -31.338724     2
  237 2630.564951 16817
  238 17062.623095 -2897
  239 6167.235230 13720
  240 -2651.843607     4
  241 79.962671  5876
  242 2650.577469 -3192
  243 5227.581809 26854
  244 17968.893713 24497
  245 -1404.397269     1
  246 -1159.571816     2
  247 53.482060  5546
  248 923.801268 27208
  249 -748.865121     3
  250 1141.801998 12189
  251 8051.861208 -2797
  252 237.201679 10355
  253 9565.566297 -3109
  254 59.694642  5080
  255 4971.543639 -2848
  256 8650.901602 28594
  257 2921.240481 27728
  258 -1580.300001     1
  259 5576.475001 17216
  260 132.392093  5214
  261 8317.380728 24666
  262 -45.624071     7
  263 17.756572  5074
  264 -1433.615363     0
  265 -153.546196     6
  266 6656.399407 21029
  267 1517.492761 21240
  268 7740.775652 32269
  269 1822.382876 28404
  270 -2720.954539     7
  271 199.910995  8066
  272 6176.810157 -3250
  273 504.376652  8236
  274 620.136546 13977
  275 -1934.772469     2
  276 19201.873714 30687
  277 8127.371045 31575
  278 1328.836450 28229
  279 7058.648657 -2983
  280 -325.404155     2
  281 7320.621979 28859
  282 120.164221 11530
  283 -1476.865909     7
  284 8583.160904 15765
  285 3077.596099 20705
  286 22466.821279 29767
  287 6855.763259 19460
  288 439.149031 22963
  289 979.876669 21428
  290 -1932.011567     6
  291 2286.723228 31421
  292 8588.969119 26578
  293 4679.476264 15799
  294 1190.995640  8784
  295 -1107.489645     8
  296 -1133.023264     2
  297 29902.045764 -3018
  298 1743.819834 23046
  299 2434.429722 19927
  300 12679.852917 24137
