300
    1 0.202738  5001
    2 5125.329940 21119
    3 15890.249544 27552
    4 27303.241188 -2979
    5 9294.636844 -3267
    6 1180.644664 22605
    7 -1224.745758     0
    8 22200.386434 -2786
    9 -1102.737875     9
   10 3247.135159 10019
   11 2692.494514 16402
   12 -2144.594639     2
   13 2316.382907 12882
   14 15769.061338 25490
   15 1578.951414 10438
   16 8915.698661 23433
   17 -2413.462328     5
   18 900.764321 17080
   19 488.256982 11863
   20 9534.538144 28698
   21 -481.617469     1
   22 1354.944943  6611
   23 230.106993  5525
   24 -1520.012486     6
   25 -769.609671     8
   26 -572.300873     1
   27 144.496600 25096
   28 -1851.724877     8
   29 -985.716872     7
   30 8929.154299 -3202
   31 5349.088142 29956
   32 13829.252436 23649
   33 -588.267047     5
   34 7615.387586 19086
   35 -2695.351303     1
   36 387.591199  5763
   37 4636.045864 19573
   38 5897.012942 27063
   39 -1213.867137     7
   40 3067.803635 23419
   41 6687.621182 26823
   42 -33.582381     2
   43 9334.109112 20275
   44 1422.240221 20882
   45 11479.694243 19868
   46 -1602.103335     8
   47 -1694.779093     7
   48 -507.291608     1
   49 270.312528  7208
   50 -1091.490189     1
   51 -928.645218     2
   52 13755.762137 24961
   53 8164.196862 25395
   54 6471.314701 31497
   55 -1378.682727     1
   56 1035.900400 22654
   57 2368.921810  9613
   58 -38.502831     3
   59 9212.399989 19985
   60 341.459010  7593
   61 2631.550635 15343
   62 34163.752930 -2908
   63 -654.356717     6
   64 -1089.756564     5
   65 450.564429  7104
   66 -848.803619     3
   67 -716.269747     0
   68 6012.017821 25634
   69 115.920292 22064
   70 -614.944705     3
   71 4572.996798 26647
   72 9464.215814 30568
   73 -7.201187     1
   74 13670.591633 23628
   75 435.671920  6257
   76 4822.216514 19979
   77 -274.313394     9
   78 2232.205871 18258
   79 505.822842  7568
   80 105.553972 27553
   81 5350.452727 17082
   82 -717.689853     2
   83 5437.485677 20949
   84 8766.016740 27106
   85 1591.902750 18544
   86 7587.431828 11255
   87 10851.894794 28714
   88 5960.788987 13149
   89 20510.298372 -3029
   90 -284.459940     4
   91 146.548930 15842
   92 440.526389 11271
   93 1489.667189 20863
   94 8251.046985 28772
   95 -794.316246     5
   96 -984.566616     9
   97 -994.498681     9
   98 3709.178856 26222
   99 526.735285  6573
  100 1977.310865 27037
  101 875.845567  5828
  102 -211.073220     9
  103 1347.535308 17746
  104 -1092.751551     1
  105 37.641972  5314
  106 16184.697640 -3121
  107 11753.939079 28962
  108 -1864.900762     1
  109 11281.934024 28513
  110 2317.487473 17081
  111 13401.239175 -2851
  112 163.877642 18467
  113 14001.010820 32528
  114 -252.948433     4
  115 -1022.186049     9
  116 3340.592317 15984
  117 6234.635622 -3174
  118 -1468.363728     8
  119 20109.736228 -2932
  120 24869.678297 -2959
  121 19219.638041 24028
  122 -202.812253     1
  123 29915.865476 -2860
  124 14406.119925 27549
  125 4682.756732 -2858
  126 23180.429723 -3047
  127 6177.809671 31634
  128 -516.060549     5
  129 6024.501060 13009
  130 -234.011088     9
  131 6916.024348 23283
  132 206.311249 19384
  133 7917.766144 19765
  134 1774.999534 19456
  135 10813.178062 -3258
  136 797.826940  6602
  137 1475.799430  9234
  138 10146.891011 18370
  139 1131.039237 11832
  140 405.536828 28847
  141 468.769518 11524
  142 4359.525348 30512
  143 -24.458222     7
  144 2236.219652 26094
  145 18548.975911 28238
  146 -373.190263     4
  147 7805.831370 28525
  148 -1028.960371     4
  149 -399.497250     7
  150 69.248465  5294
  151 2390.066820 15172
  152 -897.036484     8
  153 9788.497470 26958
  154 9926.460508 -3076
  155 -1396.026422     1
  156 817.501197 24828
  157 -1752.069121     7
  158 311.493281  5731
  159 -747.663480     1
  160 13385.536781 20722
  161 869.280100  8195
  162 354.501240  6887
  163 354.655018  8101
  164 751.031459  7558
  165 -1417.403737     9
  166 -99.657510     1
  167 432.005231 12462
  168 -505.450010     9
  169 997.992189  6250
  170 8422.516332 22861
  171 3094.824541 18695
  172 3712.097859 29490
  173 -2380.416169     7
  174 -1574.517471     1
  175 -790.984766     8
  176 3182.398374 30213
  177 -2756.722917     9
  178 -3559.211103     4
  179 1518.024620 16841
  180 7520.145708 31142
  181 2554.059540  8905
  182 787.482225 23518
  183 19720.672623 31181
  184 -4063.255693     0
  185 4852.473791 11201
  186 -110.237901     3
  187 -317.160781     1
  188 1732.193689  8731
  189 -213.606050     0
  190 46.452222  5594
  191 6160.448232 25258
  192 5383.095740 13869
  193 3725.594057 16140
  194 -322.053251     1
  195 -2696.540746     4
  196 13933.912762 -3187
  197 1154.047415 12350
  198 14873.544835 29250
  199 -611.189031     5
  200 3109.649313 21020
  201 1314.188460 11709
  202 3552.937228 17541
  203 -732.579967     3
  204 -810.568356     5
  205 2363.229074 25824
  206 -88.772419     2
  207 10897.171326 15814
  208 9278.961108 25022
  209 -764.193854     5
  210 196.975274  5251
  211 548.251789  6080
  212 3039.290969 20517
  213 12267.661406 28377
  214 3603.860357 -3191
  215 -3099.394498     5
  216 -873.992069     7
  217 875.758306  6281
  218 4680.857023 26838
  219 -320.654784     3
  220 -1400.719194     0
  221 1886.132140 17350
  222 3786.311052 14458
  223 -536.226415     5
  224 3590.782091 -3122
  225 1086.122934 26527
  226 10909.915657 20425
  227 11365.895393 -3204
  228 12939.087266 29261
  229 9351.504440 17613
  230 7062.648002 -3214
  231 13100.411018 30599
  232 3428.159152 27069
  233 399.318762  7552
  234 -135.932471     3
  235 1686.589136  9764
  236 -1302.434228     2
  237 2689.805138 16817
  238 12741.163976 -2897
  239 1266.031457 13720
  240 -17.385731     4
  241 809.053567  5876
  242 24252.001643 -3192
  243 6814.763170 26854
  244 11732.663820 24497
  245 -281.403616     1
  246 -619.053895     2
  247 328.677712  5546
  248 1388.293362 27208
  249 -187.490338     3
  250 1762.241024 12189
  251 4302.704293 -2797
  252 904.950157 10355
  253 16101.499202 -3109
  254 34.965241  5080
  255 31897.861350 -2848
  256 5850.559364 28594
  257 27524.929354 27728
  258 -3096.977793     1
  259 1734.754461 17216
  260 181.868748  5214
  261 1077.396588 24666
  262 -209.053995     7
  263 58.657318  5074
  264 -142.734740     0
  265 -390.769364     6
  266 6034.937624 21029
  267 11461.617272 21240
  268 35499.239963 32269
  269 10709.482019 28404
  270 -1270.000748     7
  271 365.344491  8066
  272 6463.510056 -3250
  273 424.317022  8236
  274 37.218551 13977
  275 -2197.629672     2
  276 2963.072569 30687
  277 14157.636075 31575
  278 10662.515217 28229
  279 2325.190362 -2983
  280 -1646.639567     2
  281 5830.139967 28859
  282 1369.111801 11530
  283 -190.614999     7
  284 3638.241318 15765
  285 8839.794245 20705
  286 6040.446085 29767
  287 4828.556137 19460
  288 3286.844268 22963
  289 5127.604671 21428
  290 -101.963865     6
  291 16338.450546 31421
  292 11973.552623 26578
  293 6766.238095 15799
  294 1722.881073  8784
  295 -467.464872     8
  296 -259.260063     2
  297 119.790174 -3018
  298 9576.854866 23046
  299 13007.814133 19927
  300 4957.498670 24137
