300
    1 0.067518  5001
    2 6177.854163 21119
    3 9518.066173 27552
    4 19219.193253 -2979
    5 7982.353525 -3267
    6 17335.671974 22605
    7 -256.421192     0
    8 6565.731930 -2786
    9 -668.412625     9
   10 100.637286 10019
   11 4255.419967 16402
   12 -805.082429     2
   13 3765.410971 12882
   14 2317.111484 25490
   15 795.028607 10438
   16 10920.919045 23433
   17 -885.970295     5
   18 5963.267395 17080
   19 3396.567321 11863
   20 4917.734620 28698
   21 -1486.240659     1
   22 487.201911  6611
   23 203.660506  5525
   24 -51.533781     6
   25 -380.685523     8
   26 -3549.805504     1
   27 3067.972932 25096
   28 -591.041544     8
   29 -655.586001     7
   30 18644.646397 -3202
   31 5278.111126 29956
   32 2718.383805 23649
   33 -533.137659     5
   34 2796.201979 19086
   35 -647.452696     1
   36 33.717060  5763
   37 6354.759651 19573
   38 13703.087938 27063
   39 -1549.875528     7
   40 4829.877228 23419
   41 686.995865 26823
   42 -2057.381077     2
   43 6108.887949 20275
   44 5630.907123 20882
   45 9910.656756 19868
   46 -544.629685     8
   47 -573.261811     7
   48 -2519.446565     1
   49 180.430239  7208
   50 -434.456862     1
   51 -761.737827     2
   52 119.975236 24961
   53 11348.633711 25395
   54 20563.404464 31497
   55 -1220.855066     1
   56 4778.012290 22654
   57 647.262732  9613
   58 -756.443606     3
   59 2898.160880 19985
   60 693.297266  7593
   61 5449.410257 15343
   62 15432.655643 -2908
   63 -1232.978056     6
   64 -64.779453     5
   65 453.168906  7104
   66 -728.697119     3
   67 -401.422633     0
   68 14155.772100 25634
   69 4947.008364 22064
   70 -827.981120     3
   71 13307.794640 26647
   72 16913.874695 30568
   73 -719.683332     1
   74 1334.484738 23628
   75 449.584343  6257
   76 6010.504184 19979
   77 -749.885437     9
   78 262.860181 18258
   79 118.861521  7568
   80 11565.749189 27553
   81 6534.170921 17082
   82 -1521.244449     2
   83 3832.937707 20949
   84 3027.246700 27106
   85 10554.070439 18544
   86 3493.709933 11255
   87 12630.328987 28714
   88 589.029037 13149
   89 20980.620470 -3029
   90 -387.053768     4
   91 1124.635483 15842
   92 1313.870515 11271
   93 6069.282429 20863
   94 6573.617062 28772
   95 -832.449216     5
   96 -559.168557     9
   97 -2026.716036     9
   98 8915.342010 26222
   99 307.437536  6573
  100 17680.460288 27037
  101 242.896027  5828
  102 -251.126778     9
  103 905.505574 17746
  104 -984.159037     1
  105 349.323425  5314
  106 15690.556411 -3121
  107 6020.693356 28962
  108 -678.512022     1
  109 1560.164078 28513
  110 10099.955369 17081
  111 17422.128551 -2851
  112 4819.779445 18467
  113 14636.985920 32528
  114 -2409.241777     4
  115 -2590.735336     9
  116 4003.726334 15984
  117 22626.496178 -3174
  118 -864.170592     8
  119 4288.957782 -2932
  120 18278.841808 -2959
  121 5583.923562 24028
  122 -493.208193     1
  123 7863.341429 -2860
  124 4984.907060 27549
  125 6294.740310 -2858
  126 22077.232851 -3047
  127 20844.603271 31634
  128 -574.708948     5
  129 288.021395 13009
  130 -577.383389     9
  131 18505.240057 23283
  132 16594.245399 19384
  133 2041.950847 19765
  134 16282.133924 19456
  135 15298.693299 -3258
  136 562.635987  6602
  137 1627.649983  9234
  138 4355.899211 18370
  139 7719.606867 11832
  140 7747.971675 28847
  141 1103.272004 11524
  142 8130.361824 30512
  143 -589.095521     7
  144 1348.213360 26094
  145 26986.592545 28238
  146 -275.905296     4
  147 5036.016235 28525
  148 -455.895859     4
  149 -701.812538     7
  150 221.522439  5294
  151 769.222788 15172
  152 -3732.316572     8
  153 49.187034 26958
  154 2518.061277 -3076
  155 -35.194554     1
  156 1211.769324 24828
  157 -366.364897     7
  158 693.176044  5731
  159 -1200.282530     1
  160 4433.473486 20722
  161 961.708260  8195
  162 1267.948773  6887
  163 1106.783641  8101
  164 1210.788732  7558
  165 -1443.210941     9
  166 -2966.475959     1
  167 3793.694823 12462
  168 -265.000512     9
  169 34.849815  6250
  170 1489.243347 22861
  171 1735.166230 18695
  172 12152.857186 29490
  173 -294.864972     7
  174 -2591.844962     1
  175 -1618.952900     8
  176 11624.426045 30213
  177 -959.216526     9
  178 -3106.339867     4
  179 3154.753206 16841
  180 15220.269256 31142
  181 730.184780  8905
  182 8204.184159 23518
  183 1165.304709 31181
  184 -1143.050181     0
  185 5041.065599 11201
  186 -1302.522752     3
  187 -1302.259120     1
  188 107.133442  8731
  189 -2739.018440     0
  190 127.720629  5594
  191 4746.848334 25258
  192 5427.992772 13869
  193 3284.230855 16140
  194 -2372.946981     1
  195 -1407.292384     4
  196 8569.478726 -3187
  197 147.907089 12350
  198 788.078360 29250
  199 -884.495155     5
  200 6292.450236 21020
  201 2670.533614 11709
  202 242.312775 17541
  203 -1341.183479     3
  204 -383.317357     5
  205 8453.075668 25824
  206 -771.776284     2
  207 4259.555744 15814
  208 16596.614096 25022
  209 -1154.568967     5
  210 36.795838  5251
  211 1073.135535  6080
  212 1853.683881 20517
  213 10797.934966 28377
  214 3061.596296 -3191
  215 -1170.166147     5
  216 -287.029403     7
  217 395.831173  6281
  218 6180.646065 26838
  219 -745.345869     3
  220 -1345.464161     0
  221 3283.288403 17350
  222 1819.221606 14458
  223 -259.038671     5
  224 18030.089491 -3122
  225 16467.566811 26527
  226 5649.300078 20425
  227 1701.569609 -3204
  228 4473.786055 29261
  229 3741.349745 17613
  230 2075.850938 -3214
  231 7194.558810 30599
  232 8384.947347 27069
  233 580.688233  7552
  234 -443.600620     3
  235 1180.537154  9764
  236 -389.672736     2
  237 9710.525681 16817
  238 4428.867811 -2897
  239 2546.712456 13720
  240 -34.851493     4
  241 115.854615  5876
  242 9586.744720 -3192
  243 2262.243423 26854
  244 5445.138839 24497
  245 -372.085916     1
  246 -332.878949     2
  247 178.398330  5546
  248 7139.346164 27208
  249 -36.978560     3
  250 7856.733287 12189
  251 42114.898597 -2797
  252 674.773637 10355
  253 24429.521179 -3109
  254 19.287568  5080
  255 29284.522650 -2848
  256 3962.485842 28594
  257 10516.475242 27728
  258 -934.729656     1
  259 2251.310792 17216
  260 26.489052  5214
  261 3778.472932 24666
  262 -1196.052361     7
  263 58.911901  5074
  264 -1237.685307     0
  265 -124.710634     6
  266 3798.978228 21029
  267 4421.422292 21240
  268 10088.679045 32269
  269 12121.608777 28404
  270 -847.173006     7
  271 1610.877606  8066
  272 10846.336831 -3250
  273 988.398811  8236
  274 3994.570622 13977
  275 -2404.175862     2
  276 8451.407049 30687
  277 22498.644236 31575
  278 33168.225133 28229
  279 25480.280183 -2983
  280 -862.286544     2
  281 12623.651371 28859
  282 5503.785463 11530
  283 -368.403323     7
  284 1267.023873 15765
  285 6808.302774 20705
  286 7163.536515 29767
  287 9286.517882 19460
  288 16339.155256 22963
  289 12034.139632 21428
  290 -557.189758     6
  291 13776.184431 31421
  292 1054.965860 26578
  293 2687.263600 15799
  294 1439.113029  8784
  295 -1449.645869     8
  296 -1085.335439     2
  297 601.231613 -3018
  298 228.361467 23046
  299 6224.547341 19927
  300 3541.011487 24137
