300
    1 0.238293  5001
    2 15463.797377 21119
    3 12175.035087 27552
    4 25341.869327 -2979
    5 18382.183219 -3267
    6 6601.424944 22605
    7 -169.975720     0
    8 1335.250625 -2786
    9 -745.294327     9
   10 1186.201476 10019
   11 9213.938616 16402
   12 -687.948597     2
   13 6044.400746 12882
   14 1694.265902 25490
   15 3086.290816 10438
   16 1566.874695 23433
   17 -1829.751068     5
   18 7405.205278 17080
   19 1349.081547 11863
   20 2554.211497 28698
   21 -499.022860     1
   22 868.882525  6611
   23 300.314914  5525
   24 -371.605920     6
   25 -754.092398     8
   26 -176.858041     1
   27 14352.849347 25096
   28 -2575.853030     8
   29 -1266.521283     7
   30 8157.474472 -3202
   31 13794.259323 29956
   32 14507.358334 23649
   33 -31.312484     5
   34 1481.919285 19086
   35 -2295.753118     1
   36 429.623182  5763
   37 4861.081703 19573
   38 18491.230415 27063
   39 -1888.083571     7
   40 19477.965630 23419
   41 3308.477263 26823
   42 -1997.602096     2
   43 6758.658202 20275
   44 3132.863625 20882
   45 1666.094760 19868
   46 -2258.084176     8
   47 -758.690428     7
   48 -1403.425710     1
   49 63.601698  7208
   50 -439.710687     1
   51 -1038.430613     2
   52 2948.168313 24961
   53 7558.421438 25395
   54 27011.661133 31497
   55 -43.996716     1
   56 1078.718135 22654
   57 856.600098  9613
   58 -1545.489043     3
   59 12712.056956 19985
   60 1956.652438  7593
   61 790.099715 15343
   62 6152.369231 -2908
   63 -147.950142     6
   64 -147.688461     5
   65 2081.164374  7104
   66 -665.199025     3
   67 -951.963171     0
   68 7132.439998 25634
   69 2278.216813 22064
   70 -257.495376     3
   71 17547.258840 26647
   72 23340.496954 30568
   73 -834.443530     1
   74 4336.173894 23628
   75 481.131290  6257
   76 352.984578 19979
   77 -488.793117     9
   78 5770.898270 18258
   79 1279.847573  7568
   80 13751.776452 27553
   81 5810.338067 17082
   82 -1177.017563     2
   83 6876.281134 20949
   84 9467.630551 27106
   85 11636.072420 18544
   86 4249.436829 11255
   87 1682.406867 28714
   88 4667.782299 13149
   89 9687.093959 -3029
   90 -447.534655     4
   91 237.445774 15842
   92 1636.305009 11271
   93 3248.928356 20863
   94 14913.046555 28772
   95 -376.866521     5
   96 -53.979094     9
   97 -2723.592899     9
   98 16013.022770 26222
   99 174.075385  6573
  100 21918.805337 27037
  101 27.995404  5828
  102 -454.478102     9
  103 316.958910 17746
  104 -2392.278626     1
  105 35.715793  5314
  106 15655.572864 -3121
  107 4251.728422 28962
  108 -2547.254546     1
  109 599.948373 28513
  110 181.401417 17081
  111 59071.007445 -2851
  112 9820.111587 18467
  113 7140.005265 32528
  114 -202.819020     4
  115 -113.455136     9
  116 117.804920 15984
  117 858.863277 -3174
  118 -642.874435     8
  119 3659.375294 -2932
  120 8479.916739 -2959
  121 5166.503155 24028
  122 -109.379901     1
  123 3023.930164 -2860
  124 8056.538152 27549
  125 2590.658324 -2858
  126 20021.036450 -3047
  127 12712.970383 31634
  128 -86.493932     5
  129 5929.318020 13009
  130 -916.525715     9
  131 10868.328530 23283
  132 12789.136065 19384
  133 6514.588988 19765
  134 8273.943480 19456
  135 7430.092971 -3258
  136 1201.371809  6602
  137 553.717089  9234
  138 4698.784690 18370
  139 5876.607616 11832
  140 6246.554657 28847
  141 3137.558535 11524
  142 17285.859687 30512
  143 -1936.536237     7
  144 2434.683656 26094
  145 5817.242737 28238
  146 -1106.357377     4
  147 5743.377011 28525
  148 -829.964953     4
  149 -507.336230     7
  150 59.975678  5294
  151 3874.853225 15172
  152 -1581.291440     8
  153 11170.982938 26958
  154 986.767968 -3076
  155 -1760.305713     1
  156 10281.020233 24828
  157 -1561.242789     7
  158 587.826361  5731
  159 -348.617871     1
  160 847.133847 20722
  161 804.409328  8195
  162 1363.375369  6887
  163 1009.636457  8101
  164 1114.466633  7558
  165 -1658.192179     9
  166 -2850.643179     1
  167 3832.586934 12462
  168 -1365.313035     9
  169 143.101389  6250
  170 3387.603312 22861
  171 2635.454826 18695
  172 8926.838452 29490
  173 -159.109940     7
  174 -1015.611236     1
  175 -1528.906478     8
  176 10106.103727 30213
  177 -567.232331     9
  178 -1588.514866     4
  179 1958.496769 16841
  180 994.040319 31142
  181 2432.390251  8905
  182 25501.866197 23518
  183 181.345054 31181
  184 -1039.553213     0
  185 2618.978791 11201
  186 -9.473695     3
  187 -324.482736     1
  188 742.836691  8731
  189 -439.378197     0
  190 47.036136  5594
  191 14227.943055 25258
  192 6048.785002 13869
  193 6558.799227 16140
  194 -354.163005     1
  195 -252.757604     4
  196 11643.531415 -3187
  197 2900.539201 12350
  198 3902.646382 29250
  199 -1573.242406     5
  200 9834.068083 21020
  201 2749.005710 11709
  202 1695.592655 17541
  203 -2072.050946     3
  204 -1130.357068     5
  205 6570.782069 25824
  206 -1008.781733     2
  207 1972.599223 15814
  208 10357.549747 25022
  209 -836.982331     5
  210 54.665440  5251
  211 174.954108  6080
  212 6682.599431 20517
  213 4017.999371 28377
  214 13671.184279 -3191
  215 -2508.545293     5
  216 -1892.734537     7
  217 566.997234  6281
  218 4049.651197 26838
  219 -841.343795     3
  220 -1422.625476     0
  221 4698.360829 17350
  222 1132.839696 14458
  223 -23.021516     5
  224 6248.243160 -3122
  225 1776.136192 26527
  226 6451.033546 20425
  227 12411.603121 -3204
  228 10123.826767 29261
  229 1206.521471 17613
  230 1153.582579 -3214
  231 2053.507382 30599
  232 8809.445156 27069
  233 517.772397  7552
  234 -1141.781754     3
  235 2816.786911  9764
  236 -843.688998     2
  237 1260.105792 16817
  238 3033.380399 -2897
  239 798.437737 13720
  240 -1225.507557     4
  241 916.106881  5876
  242 10608.828557 -3192
  243 10690.128651 26854
  244 6424.431772 24497
  245 -447.429766     1
  246 -2359.976145     2
  247 213.980035  5546
  248 3945.452818 27208
  249 -290.489804     3
  250 2518.805482 12189
  251 33393.972738 -2797
  252 5913.231304 10355
  253 7250.009946 -3109
  254 57.556471  5080
  255 19097.478096 -2848
  256 13229.211468 28594
  257 1693.146080 27728
  258 -2666.293442     1
  259 3849.519968 17216
  260 48.762391  5214
  261 18017.838461 24666
  262 -304.189147     7
  263 11.181750  5074
  264 -1147.652665     0
  265 -685.711196     6
  266 14640.439796 21029
  267 9311.452266 21240
  268 19538.021207 32269
  269 16514.099899 28404
  270 -67.255307     7
  271 184.863084  8066
  272 8164.471734 -3250
  273 186.367144  8236
  274 6403.068092 13977
  275 -954.083132     2
  276 27082.395917 30687
  277 2244.958682 31575
  278 534.225226 28229
  279 1658.202440 -2983
  280 -38.230410     2
  281 4501.871159 28859
  282 886.187278 11530
  283 -150.917523     7
  284 5612.945991 15765
  285 15386.215700 20705
  286 8961.193892 29767
  287 8115.273067 19460
  288 229.671180 22963
  289 6207.638258 21428
  290 -155.623807     6
  291 8812.772521 31421
  292 4528.468887 26578
  293 1224.615400 15799
  294 550.549141  8784
  295 -1238.838936     8
  296 -181.588806     2
  297 8333.124265 -3018
  298 22386.812659 23046
  299 9611.539954 19927
  300 10174.247880 24137
