300
    1 0.611785  5001
    2 3221.664324 21119
    3 11833.335750 27552
    4 25683.543050 -2979
    5 2040.968973 -3267
    6 11753.279215 22605
    7 -1088.259224     0
    8 6728.074300 -2786
    9 -1981.537400     9
   10 514.367304 10019
   11 2898.443409 16402
   12 -642.987373     2
   13 1588.650191 12882
   14 10917.634147 25490
   15 79.936986 10438
   16 2216.717460 23433
   17 -58.183707     5
   18 833.418293 17080
   19 1187.794371 11863
   20 19326.708646 28698
   21 -1372.450215     1
   22 124.670068  6611
   23 22.841751  5525
   24 -126.336717     6
   25 -650.923926     8
   26 -958.534613     1
   27 19597.087215 25096
   28 -100.848256     8
   29 -1790.361681     7
   30 24170.450106 -3202
   31 22336.638700 29956
   32 5924.840195 23649
   33 -495.211076     5
   34 724.306273 19086
   35 -1531.338672     1
   36 14.168757  5763
   37 2494.965213 19573
   38 3872.975942 27063
   39 -857.950971     7
   40 6138.821975 23419
   41 12872.387439 26823
   42 -328.697256     2
   43 4956.368749 20275
   44 5495.418298 20882
   45 2562.430703 19868
   46 -492.878678     8
   47 -1402.587686     7
   48 -46.932720     1
   49 824.771943  7208
   50 -238.791497     1
   51 -861.804288     2
   52 13771.411397 24961
   53 8562.535555 25395
   54 6535.012447 31497
   55 -744.800818     1
   56 1295.003299 22654
   57 3480.531468  9613
   58 -540.088669     3
   59 77.942870 19985
   60 193.566205  7593
   61 936.236036 15343
   62 7325.744983 -2908
   63 -874.487411     6
   64 -382.914426     5
   65 443.114561  7104
   66 -850.171391     3
   67 -1542.375129     0
   68 513.703108 25634
   69 1331.291802 22064
   70 -773.969452     3
   71 579.884401 26647
   72 26018.912411 30568
   73 -1502.338241     1
   74 4669.502822 23628
   75 1067.094723  6257
   76 1339.690771 19979
   77 -1287.743136     9
   78 3024.696075 18258
   79 225.981257  7568
   80 3778.332914 27553
   81 13260.778956 17082
   82 -1076.362360     2
   83 3451.658067 20949
   84 2728.630335 27106
   85 2598.231502 18544
   86 278.601889 11255
   87 6616.871774 28714
   88 185.729628 13149
   89 6336.580188 -3029
   90 -1647.757516     4
   91 2496.543579 15842
   92 2878.632003 11271
   93 12757.301115 20863
   94 289.743498 28772
   95 -320.257108     5
   96 -349.722321     9
   97 -1104.058710     9
   98 4174.742625 26222
   99 1708.447574  6573
  100 18164.030105 27037
  101 464.045997  5828
  102 -648.100674     9
  103 2710.926852 17746
  104 -2473.283094     1
  105 37.477371  5314
  106 10540.064030 -3121
  107 13365.351683 28962
  108 -1590.749739     1
  109 11294.034346 28513
  110 4524.177542 17081
  111 5964.044586 -2851
  112 5573.890009 18467
  113 6229.569731 32528
  114 -2352.060739     4
  115 -147.589751     9
  116 7036.933078 15984
  117 3372.912920 -3174
  118 -918.982220     8
  119 17941.928818 -2932
  120 12493.158189 -2959
  121 3474.575192 24028
  122 -1070.978149     1
  123 15157.034198 -2860
  124 8738.503817 27549
  125 11265.866058 -2858
  126 13538.897186 -3047
  127 13592.288788 31634
  128 -295.881208     5
  129 2003.541226 13009
  130 -305.049988     9
  131 1489.622412 23283
  132 3564.451934 19384
  133 8097.850934 19765
  134 13424.583375 19456
  135 1084.919500 -3258
  136 1472.294160  6602
  137 839.547012  9234
  138 3070.580573 18370
  139 6106.335538 11832
  140 14965.395382 28847
  141 2853.046897 11524
  142 13945.767685 30512
  143 -396.551082     7
  144 4529.197825 26094
  145 14826.081148 28238
  146 -135.085113     4
  147 5375.520703 28525
  148 -1237.460777     4
  149 -694.183607     7
  150 303.504431  5294
  151 2223.912336 15172
  152 -3.291124     8
  153 2903.297504 26958
  154 3450.588621 -3076
  155 -668.091498     1
  156 10850.842036 24828
  157 -2731.733054     7
  158 470.176263  5731
  159 -848.666010     1
  160 3556.503963 20722
  161 751.471774  8195
  162 716.006911  6887
  163 2350.423516  8101
  164 8.035667  7558
  165 -1492.746410     9
  166 -664.297699     1
  167 8467.306752 12462
  168 -2031.948805     9
  169 884.542340  6250
  170 24572.188666 22861
  171 3624.066352 18695
  172 1556.952433 29490
  173 -1193.289475     7
  174 -525.531399     1
  175 -674.237360     8
  176 4502.764013 30213
  177 -1638.806121     9
  178 -3203.741277     4
  179 17.784781 16841
  180 10173.396078 31142
  181 2760.671710  8905
  182 8082.633468 23518
  183 8842.316129 31181
  184 -1349.411684     0
  185 529.742545 11201
  186 -374.101778     3
  187 -228.649341     1
  188 1521.431543  8731
  189 -195.671304     0
  190 508.204873  5594
  191 5818.927668 25258
  192 1541.317456 13869
  193 12338.349730 16140
  194 -1395.627622     1
  195 -707.234208     4
  196 6945.852450 -3187
  197 1605.990013 12350
  198 7248.247524 29250
  199 -3148.016955     5
  200 643.358071 21020
  201 1297.397854 11709
  202 6640.489383 17541
  203 -400.915728     3
  204 -215.951115     5
  205 2747.575212 25824
  206 -25.514181     2
  207 1026.905098 15814
  208 9332.609059 25022
  209 -863.554596     5
  210 157.105475  5251
  211 412.451070  6080
  212 69.870850 20517
  213 13032.180135 28377
  214 96.859380 -3191
  215 -966.976312     5
  216 -952.855629     7
  217 207.150270  6281
  218 4214.063966 26838
  219 -2960.837461     3
  220 -3165.751746     0
  221 1329.813319 17350
  222 400.313006 14458
  223 -346.793748     5
  224 16686.624978 -3122
  225 7428.038160 26527
  226 1410.411367 20425
  227 5640.627832 -3204
  228 7224.293325 29261
  229 3813.241313 17613
  230 7994.064103 -3214
  231 26431.184376 30599
  232 9786.402183 27069
  233 1706.627458  7552
  234 -3218.093995     3
  235 147.701828  9764
  236 -1390.853529     2
  237 1089.349297 16817
  238 14623.653200 -2897
  239 813.279599 13720
  240 -2365.962696     4
  241 4.295238  5876
  242 6851.607037 -3192
  243 2980.437746 26854
  244 5449.843022 24497
  245 -308.303055     1
  246 -1832.173955     2
  247 204.786110  5546
  248 16425.786359 27208
  249 -953.074589     3
  250 4248.562433 12189
  251 2422.520124 -2797
  252 2590.798015 10355
  253 7321.187915 -3109
  254 24.998138  5080
  255 7369.832185 -2848
  256 11360.469893 28594
  257 12738.295457 27728
  258 -1450.496300     1
  259 5729.259297 17216
  260 2.746474  5214
  261 9715.347453 24666
  262 -320.633524     7
  263 18.228987  5074
  264 -2239.802866     0
  265 -99.366813     6
  266 9509.871982 21029
  267 10780.538371 21240
  268 8783.448029 32269
  269 7481.691535 28404
  270 -498.260189     7
  271 2311.330900  8066
  272 13114.493949 -3250
  273 106.265452  8236
  274 1123.463742 13977
  275 -655.548784     2
  276 5148.956445 30687
  277 4711.694106 31575
  278 13453.558449 28229
  279 8374.690984 -2983
  280 -18.301916     2
  281 4916.697045 28859
  282 7131.063828 11530
  283 -1011.917173     7
  284 11544.013568 15765
  285 13354.762049 20705
  286 34242.855518 29767
  287 6002.637563 19460
  288 15413.286834 22963
  289 9924.030868 21428
  290 -1600.259677     6
  291 23830.934855 31421
  292 1112.669271 26578
  293 2345.636866 15799
  294 1369.104973  8784
  295 -1150.817755     8
  296 -712.468594     2
  297 12637.840778 -3018
  298 942.370050 23046
  299 1221.092945 19927
  300 302.254240 24137
