300
    1 0.437150  5001
    2 3479.688975 21119
    3 318.776274 27552
    4 29671.673457 -2979
    5 7303.360876 -3267
    6 3740.892488 22605
    7 -495.197929     0
    8 5405.737639 -2786
    9 -1406.161615     9
   10 2990.330173 10019
   11 2130.679840 16402
   12 -121.852630     2
   13 6478.246631 12882
   14 3799.623670 25490
   15 1836.775153 10438
   16 173.804319 23433
   17 -553.521608     5
   18 6474.349307 17080
   19 3245.945299 11863
   20 11244.575362 28698
   21 -451.808300     1
   22 139.576955  6611
   23 279.245326  5525
   24 -652.456173     6
   25 -360.925652     8
   26 -387.370821     1
   27 1448.311031 25096
   28 -1211.128201     8
   29 -1812.924139     7
   30 1867.696505 -3202
   31 8140.805974 29956
   32 9409.905775 23649
   33 -1751.491083     5
   34 11627.126196 19086
   35 -334.899457     1
   36 384.859361  5763
   37 9057.706948 19573
   38 3121.009847 27063
   39 -1406.389362     7
   40 7368.359993 23419
   41 5262.746219 26823
   42 -2773.707043     2
   43 5357.218628 20275
   44 22980.078302 20882
   45 3620.932147 19868
   46 -25.409764     8
   47 -635.488639     7
   48 -885.912356     1
   49 951.538014  7208
   50 -411.685925     1
   51 -685.503732     2
   52 1632.961756 24961
   53 995.699989 25395
   54 4677.562421 31497
   55 -2641.413477     1
   56 9092.439337 22654
   57 1280.643570  9613
   58 -1857.161300     3
   59 481.969969 19985
   60 68.036069  7593
   61 8004.207039 15343
   62 15515.745166 -2908
   63 -978.739917     6
   64 -102.992943     5
   65 278.682415  7104
   66 -115.432971     3
   67 -1123.578641     0
   68 12680.049441 25634
   69 2131.578960 22064
   70 -216.558808     3
   71 13448.655797 26647
   72 24060.678951 30568
   73 -2029.368074     1
   74 3799.035228 23628
   75 1226.559843  6257
   76 11240.251078 19979
   77 -1011.482845     9
   78 12738.582307 18258
   79 997.778398  7568
   80 9896.565853 27553
   81 7069.391950 17082
   82 -152.740949     2
   83 3593.685190 20949
   84 11792.318665 27106
   85 6935.191617 18544
   86 609.195388 11255
   87 1194.227374 28714
   88 1782.274692 13149
   89 6289.582972 -3029
   90 -1173.601509     4
   91 3603.804721 15842
   92 2599.207405 11271
   93 1380.876529 20863
   94 13098.984635 28772
   95 -1689.324669     5
   96 -764.212933     9
   97 -3199.333330     9
   98 22333.833837 26222
   99 303.480579  6573
  100 725.441690 27037
  101 181.176270  5828
  102 -1006.029527     9
  103 2995.863390 17746
  104 -2099.276708     1
  105 72.408940  5314
  106 20153.031901 -3121
  107 25.136388 28962
  108 -217.486698     1
  109 4778.754128 28513
  110 4268.965526 17081
  111 12571.751517 -2851
  112 872.957819 18467
  113 15119.388228 32528
  114 -18.229141     4
  115 -238.479671     9
  116 2721.196059 15984
  117 41579.547617 -3174
  118 -128.805005     8
  119 15770.641016 -2932
  120 3281.599473 -2959
  121 22685.242770 24028
  122 -625.622146     1
  123 15157.372641 -2860
  124 5788.877747 27549
  125 24459.026477 -2858
  126 21661.732961 -3047
  127 11368.685627 31634
  128 -121.576887     5
  129 4158.112525 13009
  130 -256.532934     9
  131 901.069458 23283
  132 19144.605083 19384
  133 9999.827572 19765
  134 6341.444568 19456
  135 6274.915461 -3258
  136 188.494127  6602
  137 835.122631  9234
  138 1980.823634 18370
  139 1494.024590 11832
  140 15957.941797 28847
  141 8387.105457 11524
  142 1449.472737 30512
  143 -1283.524527     7
  144 1644.478071 26094
  145 2663.533470 28238
  146 -252.782006     4
  147 2222.939644 28525
  148 -1347.907248     4
  149 -2220.147107     7
  150 44.291876  5294
  151 6486.344848 15172
  152 -440.848945     8
  153 13419.325638 26958
  154 16021.325059 -3076
  155 -1742.397599     1
  156 2358.694725 24828
  157 -238.182845     7
  158 63.598314  5731
  159 -478.730543     1
  160 3858.700130 20722
  161 205.504428  8195
  162 1076.677599  6887
  163 189.572138  8101
  164 606.876011  7558
  165 -1154.525187     9
  166 -1775.400392     1
  167 1550.741436 12462
  168 -478.156639     9
  169 221.643918  6250
  170 2093.309761 22861
  171 3750.488379 18695
  172 6572.321540 29490
  173 -1815.162998     7
  174 -0.909115     1
  175 -660.436537     8
  176 28579.443822 30213
  177 -253.222171     9
  178 -2943.652703     4
  179 4761.287235 16841
  180 2171.802201 31142
  181 3676.347001  8905
  182 1647.525443 23518
  183 152.588598 31181
  184 -911.655477     0
  185 1038.129270 11201
  186 -486.540250     3
  187 -418.056729     1
  188 2317.067400  8731
  189 -920.896368     0
  190 395.192884  5594
  191 8876.080064 25258
  192 2231.248311 13869
  193 5144.820123 16140
  194 -149.164904     1
  195 -1300.057019     4
  196 1090.451034 -3187
  197 7030.349364 12350
  198 3349.320011 29250
  199 -181.947618     5
  200 295.072099 21020
  201 2366.697391 11709
  202 4654.689360 17541
  203 -370.247136     3
  204 -2252.040217     5
  205 4133.033951 25824
  206 -1132.917904     2
  207 9921.520233 15814
  208 10505.785483 25022
  209 -1014.044990     5
  210 4.151025  5251
  211 384.459831  6080
  212 2017.237714 20517
  213 6691.104680 28377
  214 15824.648937 -3191
  215 -223.127172     5
  216 -552.010409     7
  217 333.337454  6281
  218 7779.390797 26838
  219 -972.286912     3
  220 -1018.524444     0
  221 1349.355096 17350
  222 6847.905343 14458
  223 -1296.581626     5
  224 17535.435828 -3122
  225 19026.235013 26527
  226 10084.163258 20425
  227 664.865193 -3204
  228 3286.697425 29261
  229 6151.462773 17613
  230 5458.850384 -3214
  231 9885.463681 30599
  232 4875.605663 27069
  233 588.244090  7552
  234 -2522.876021     3
  235 1265.745062  9764
  236 -639.386062     2
  237 8401.331010 16817
  238 9180.102204 -2897
  239 98.179129 13720
  240 -72.928789     4
  241 37.598180  5876
  242 5504.635643 -3192
  243 1694.883494 26854
  244 12882.406129 24497
  245 -781.787204     1
  246 -1868.372971     2
  247 125.994739  5546
  248 13208.864607 27208
  249 -224.194924     3
  250 3568.172463 12189
  251 22854.876106 -2797
  252 3594.339551 10355
  253 17621.908143 -3109
  254 152.205615  5080
  255 22288.066317 -2848
  256 4180.116422 28594
  257 7475.435532 27728
  258 -335.801955     1
  259 3219.482291 17216
  260 128.399238  5214
  261 8801.547168 24666
  262 -1243.947633     7
  263 1.898353  5074
  264 -592.925513     0
  265 -1417.383965     6
  266 4584.852592 21029
  267 4668.558011 21240
  268 565.092885 32269
  269 749.591635 28404
  270 -230.077538     7
  271 1503.476861  8066
  272 3615.628479 -3250
  273 993.178820  8236
  274 1082.089557 13977
  275 -577.300560     2
  276 4229.850667 30687
  277 23653.477442 31575
  278 3404.203611 28229
  279 973.558982 -2983
  280 -443.293908     2
  281 833.327650 28859
  282 6537.094239 11530
  283 -848.326181     7
  284 3435.516423 15765
  285 1785.233700 20705
  286 4151.981589 29767
  287 13646.284275 19460
  288 14586.436184 22963
  289 6185.844030 21428
  290 -2702.951542     6
  291 9323.483038 31421
  292 16047.145829 26578
  293 5705.632626 15799
  294 1023.795572  8784
  295 -3526.487426     8
  296 -216.446002     2
  297 13142.596083 -3018
  298 1009.599671 23046
  299 1643.434643 19927
  300 2663.554429 24137
