300
    1 0.254353  5001
    2 20869.860088 21119
    3 229.927558 27552
    4 7535.273588 -2979
    5 5957.925788 -3267
    6 1064.054312 22605
    7 -80.798126     0
    8 18331.477838 -2786
    9 -3981.513496     9
   10 1182.061033 10019
   11 2059.288634 16402
   12 -1421.229213     2
   13 1486.475003 12882
   14 731.454169 25490
   15 4021.490963 10438
   16 1120.752604 23433
   17 -963.807083     5
   18 3076.317806 17080
   19 7879.529000 11863
   20 14465.674970 28698
   21 -373.150078     1
   22 632.353352  6611
   23 68.014406  5525
   24 -1251.431573     6
   25 -794.866682     8
   26 -1031.525257     1
   27 1555.305887 25096
   28 -140.099631     8
   29 -868.927096     7
   30 3085.663977 -3202
   31 17819.773636 29956
   32 13087.870008 23649
   33 -830.183552     5
   34 9252.076084 19086
   35 -653.694256     1
   36 431.335090  5763
   37 5535.369246 19573
   38 12431.140838 27063
   39 -380.947200     7
   40 7969.892745 23419
   41 16430.899353 26823
   42 -108.560755     2
   43 8649.986798 20275
   44 2874.846876 20882
   45 12494.696132 19868
   46 -339.751242     8
   47 -1465.582662     7
   48 -20.938398     1
   49 1442.277135  7208
   50 -803.407086     1
   51 -1190.942895     2
   52 3124.664516 24961
   53 14962.445948 25395
   54 2933.793063 31497
   55 -944.756057     1
   56 10726.858607 22654
   57 373.679771  9613
   58 -435.491175     3
   59 1311.775376 19985
   60 202.893564  7593
   61 6302.290006 15343
   62 16816.947648 -2908
   63 -983.347486     6
   64 -244.572812     5
   65 886.255140  7104
   66 -629.866313     3
   67 -957.407160     0
   68 7913.689917 25634
   69 13483.315451 22064
   70 -949.959466     3
   71 11704.128794 26647
   72 1582.860706 30568
   73 -2400.350390     1
   74 326.637840 23628
   75 335.596219  6257
   76 10834.762316 19979
   77 -1714.872218     9
   78 2312.703458 18258
   79 1312.601989  7568
   80 12228.130179 27553
   81 5615.877479 17082
   82 -1207.476027     2
   83 509.996189 20949
   84 4341.294798 27106
   85 7810.146992 18544
   86 4190.342819 11255
   87 21400.804300 28714
   88 3830.839985 13149
   89 2858.756663 -3029
   90 -801.555330     4
   91 799.517944 15842
   92 2343.791680 11271
   93 9714.460161 20863
   94 2844.985297 28772
   95 -217.919084     5
   96 -1165.628397     9
   97 -1251.770286     9
   98 3513.484170 26222
   99 858.966779  6573
  100 25271.129336 27037
  101 179.628305  5828
  102 -339.251962     9
  103 18080.841997 17746
  104 -2300.861454     1
  105 125.954567  5314
  106 3887.262961 -3121
  107 2910.816458 28962
  108 -85.074076     1
  109 10623.445374 28513
  110 339.887489 17081
  111 7653.170330 -2851
  112 1005.037027 18467
  113 5912.907281 32528
  114 -772.377728     4
  115 -251.253010     9
  116 3095.828492 15984
  117 26559.802504 -3174
  118 -1411.176797     8
  119 1779.350407 -2932
  120 5661.486728 -2959
  121 3633.052860 24028
  122 -236.662219     1
  123 25572.019457 -2860
  124 7889.788924 27549
  125 5155.500396 -2858
  126 14575.787683 -3047
  127 6793.801598 31634
  128 -459.239579     5
  129 1143.399250 13009
  130 -347.837003     9
  131 13743.894565 23283
  132 4777.718649 19384
  133 6388.897793 19765
  134 4097.556307 19456
  135 13258.138545 -3258
  136 61.119000  6602
  137 2392.129478  9234
  138 8144.549498 18370
  139 623.919084 11832
  140 9067.704052 28847
  141 669.006361 11524
  142 6765.133768 30512
  143 -1059.996452     7
  144 17853.030752 26094
  145 24065.331141 28238
  146 -470.350429     4
  147 15466.093474 28525
  148 -544.154783     4
  149 -106.892683     7
  150 14.509347  5294
  151 5685.212904 15172
  152 -260.091333     8
  153 6912.024505 26958
  154 6342.709301 -3076
  155 -1888.854866     1
  156 7739.426213 24828
  157 -1113.442393     7
  158 124.168552  5731
  159 -945.589683     1
  160 5093.656211 20722
  161 992.977835  8195
  162 763.282663  6887
  163 1778.716066  8101
  164 1440.529902  7558
  165 -321.502324     9
  166 -1273.738153     1
  167 4638.200924 12462
  168 -309.893323     9
  169 554.385403  6250
  170 14359.082583 22861
  171 4038.835431 18695
  172 1920.390660 29490
  173 -1466.577188     7
  174 -1087.481839     1
  175 -329.107192     8
  176 13852.568615 30213
  177 -118.166924     9
  178 -2220.529346     4
  179 1326.706589 16841
  180 12674.113866 31142
  181 3592.839843  8905
  182 19666.881586 23518
  183 4103.986414 31181
  184 -744.589986     0
  185 2273.367550 11201
  186 -867.947110     3
  187 -134.978502     1
  188 2338.845656  8731
  189 -376.784592     0
  190 138.279057  5594
  191 23984.259293 25258
  192 7037.110129 13869
  193 115.213739 16140
  194 -1659.215710     1
  195 -797.591415     4
  196 12243.851034 -3187
  197 1714.850767 12350
  198 18704.643027 29250
  199 -2244.711289     5
  200 219.828885 21020
  201 5732.548174 11709
  202 3289.707994 17541
  203 -443.994623     3
  204 -896.498849     5
  205 64.988506 25824
  206 -817.927917     2
  207 4473.940960 15814
  208 11155.151270 25022
  209 -1245.656529     5
  210 48.466886  5251
  211 585.753462  6080
  212 3635.073030 20517
  213 9609.857312 28377
  214 3658.559387 -3191
  215 -79.622343     5
  216 -145.266541     7
  217 309.719590  6281
  218 15454.259056 26838
  219 -1427.559041     3
  220 -735.942859     0
  221 8960.698800 17350
  222 1870.140453 14458
  223 -673.646694     5
  224 9566.793126 -3122
  225 6639.322882 26527
  226 4699.004992 20425
  227 20698.925864 -3204
  228 9663.429245 29261
  229 2685.313830 17613
  230 10599.512340 -3214
  231 22544.261522 30599
  232 1184.847161 27069
  233 385.991618  7552
  234 -468.756135     3
  235 3457.519559  9764
  236 -426.239968     2
  237 8311.973337 16817
  238 15943.207290 -2897
  239 4462.372824 13720
  240 -1138.535111     4
  241 348.290190  5876
  242 16277.443622 -3192
  243 6396.966238 26854
  244 7014.340165 24497
  245 -1151.938774     1
  246 -434.135632     2
  247 24.826456  5546
  248 1628.407800 27208
  249 -1085.123781     3
  250 4552.009773 12189
  251 28271.812702 -2797
  252 633.971386 10355
  253 11646.024400 -3109
  254 18.962336  5080
  255 22156.933610 -2848
  256 10175.632170 28594
  257 8632.272509 27728
  258 -758.657311     1
  259 5040.190759 17216
  260 106.011528  5214
  261 22250.232112 24666
  262 -155.265390     7
  263 12.991784  5074
  264 -588.660982     0
  265 -618.292618     6
  266 5587.134259 21029
  267 8424.049298 21240
  268 7006.100601 32269
  269 6581.841129 28404
  270 -860.770426     7
  271 319.775157  8066
  272 6803.856658 -3250
  273 609.782429  8236
  274 4991.758873 13977
  275 -1834.660354     2
  276 15130.006899 30687
  277 25457.885252 31575
  278 13420.582880 28229
  279 9833.983102 -2983
  280 -1155.652534     2
  281 5000.570711 28859
  282 2090.246785 11530
  283 -838.554079     7
  284 558.710845 15765
  285 6222.524461 20705
  286 9145.722727 29767
  287 7250.576970 19460
  288 5157.849744 22963
  289 9763.438551 21428
  290 -754.917846     6
  291 20775.955256 31421
  292 13504.998898 26578
  293 459.190717 15799
  294 2694.447617  8784
  295 -686.271206     8
  296 -546.496055     2
  297 3039.991684 -3018
  298 3884.950634 23046
  299 8394.236576 19927
  300 14285.477303 24137
