300
    1 0.099403  5001
    2 9041.452319 21119
    3 674.318571 27552
    4 8352.034797 -2979
    5 35172.570421 -3267
    6 3204.264975 22605
    7 -1382.616111     0
    8 4531.836750 -2786
    9 -1925.064392     9
   10 5924.010458 10019
   11 10836.932015 16402
   12 -474.843702     2
   13 8319.809964 12882
   14 1738.554458 25490
   15 861.507923 10438
   16 4345.629292 23433
   17 -289.434906     5
   18 6694.288050 17080
   19 3890.442782 11863
   20 22108.387670 28698
   21 -974.753583     1
   22 324.689641  6611
   23 24.256329  5525
   24 -1420.336131     6
   25 -727.489088     8
   26 -1434.608451     1
   27 12189.190663 25096
   28 -2243.086018     8
   29 -1519.258638     7
   30 12151.611283 -3202
   31 7226.396617 29956
   32 13446.239861 23649
   33 -666.348126     5
   34 3467.660901 19086
   35 -932.987556     1
   36 422.211029  5763
   37 2516.226059 19573
   38 10169.510784 27063
   39 -1155.653107     7
   40 1082.164361 23419
   41 8150.492062 26823
   42 -247.137202     2
   43 5581.279927 20275
   44 13368.741917 20882
   45 4068.159213 19868
   46 -145.923751     8
   47 -1770.176471     7
   48 -261.428744     1
   49 2565.355327  7208
   50 -1969.630115     1
   51 -121.984992     2
   52 5311.983187 24961
   53 440.030871 25395
   54 4979.993693 31497
   55 -2936.439257     1
   56 198.612335 22654
   57 229.070319  9613
   58 -2644.014179     3
   59 9218.251038 19985
   60 717.297095  7593
   61 3695.795727 15343
   62 14287.130874 -2908
   63 -1057.082883     6
   64 -992.712676     5
   65 258.919267  7104
   66 -574.628525     3
   67 -94.244771     0
   68 3314.336919 25634
   69 964.294909 22064
   70 -460.130731     3
   71 7491.379077 26647
   72 11480.625490 30568
   73 -841.263292     1
   74 13317.703047 23628
   75 572.549028  6257
   76 12747.529573 19979
   77 -2387.859692     9
   78 5663.509749 18258
   79 12.673505  7568
   80 6568.061507 27553
   81 5197.866356 17082
   82 -2101.422642     2
   83 12637.035658 20949
   84 20727.510491 27106
   85 6653.834457 18544
   86 2911.310584 11255
   87 11493.390702 28714
   88 2612.452513 13149
   89 3496.998308 -3029
   90 -1436.305128     4
   91 859.958156 15842
   92 1922.405144 11271
   93 10317.929140 20863
   94 126.298575 28772
   95 -696.889695     5
   96 -262.797632     9
   97 -716.396681     9
   98 14690.788045 26222
   99 695.976098  6573
  100 6862.064305 27037
  101 203.215792  5828
  102 -1902.563118     9
  103 9014.230738 17746
  104 -705.148053     1
  105 0.633501  5314
  106 6887.891815 -3121
  107 8808.292774 28962
  108 -797.532411     1
  109 7402.792116 28513
  110 5552.502731 17081
  111 7601.175947 -2851
  112 9788.361055 18467
  113 14755.851210 32528
  114 -1796.764403     4
  115 -1433.114102     9
  116 2033.036524 15984
  117 29510.131094 -3174
  118 -2455.866318     8
  119 15497.236198 -2932
  120 26365.644849 -2959
  121 5044.174255 24028
  122 -1251.632745     1
  123 9137.892574 -2860
  124 15203.184995 27549
  125 16741.742376 -2858
  126 10897.104886 -3047
  127 13100.425450 31634
  128 -2555.896759     5
  129 681.562197 13009
  130 -421.048897     9
  131 20018.622807 23283
  132 836.012077 19384
  133 771.162455 19765
  134 5292.490983 19456
  135 8202.037491 -3258
  136 1052.285597  6602
  137 1135.547008  9234
  138 3017.544372 18370
  139 504.015772 11832
  140 13879.545305 28847
  141 5052.193390 11524
  142 6066.667539 30512
  143 -770.207722     7
  144 218.624737 26094
  145 2644.701734 28238
  146 -61.453509     4
  147 12317.158615 28525
  148 -899.673871     4
  149 -348.089769     7
  150 225.639503  5294
  151 6024.448082 15172
  152 -1956.408714     8
  153 3333.652480 26958
  154 8598.843070 -3076
  155 -2918.595297     1
  156 12793.238825 24828
  157 -1868.619874     7
  158 487.520062  5731
  159 -2475.262720     1
  160 792.390327 20722
  161 28.438307  8195
  162 340.073558  6887
  163 2082.038044  8101
  164 252.558497  7558
  165 -3334.158393     9
  166 -3669.349814     1
  167 3039.523102 12462
  168 -402.956363     9
  169 180.858262  6250
  170 3514.323495 22861
  171 6620.043784 18695
  172 19194.141140 29490
  173 -1273.486551     7
  174 -180.517243     1
  175 -1493.137476     8
  176 6315.598412 30213
  177 -1177.115810     9
  178 -626.916567     4
  179 5274.303979 16841
  180 9926.659936 31142
  181 1350.386699  8905
  182 17764.861117 23518
  183 7096.855265 31181
  184 -921.812914     0
  185 6630.561038 11201
  186 -385.746247     3
  187 -84.471625     1
  188 969.439365  8731
  189 -380.083607     0
  190 141.087575  5594
  191 1214.934630 25258
  192 4061.267271 13869
  193 4545.604815 16140
  194 -933.766567     1
  195 -631.044448     4
  196 18873.694288 -3187
  197 4436.070244 12350
  198 20086.340948 29250
  199 -354.457375     5
  200 3953.270735 21020
  201 654.030429 11709
  202 4233.107473 17541
  203 -325.534456     3
  204 -1684.580306     5
  205 9803.785146 25824
  206 -792.658387     2
  207 4990.544943 15814
  208 13812.345562 25022
  209 -587.183234     5
  210 64.780717  5251
  211 191.739254  6080
  212 9494.247272 20517
  213 372.073382 28377
  214 10022.346671 -3191
  215 -573.511366     5
  216 -736.527034     7
  217 268.923966  6281
  218 13536.144531 26838
  219 -1253.651893     3
  220 -1046.000473     0
  221 10105.684146 17350
  222 1798.911318 14458
  223 -85.049700     5
  224 6763.007623 -3122
  225 2151.314608 26527
  226 1441.515527 20425
  227 17141.166434 -3204
  228 9349.245222 29261
  229 7141.343223 17613
  230 1325.658471 -3214
  231 12238.939840 30599
  232 10251.513263 27069
  233 3850.532163  7552
  234 -764.233622     3
  235 3722.887120  9764
  236 -281.503698     2
  237 5094.777267 16817
  238 8967.288996 -2897
  239 3686.887267 13720
  240 -1288.631957     4
  241 520.282756  5876
  242 10595.790971 -3192
  243 1244.911649 26854
  244 3441.328989 24497
  245 -27.169059     1
  246 -145.603171     2
  247 298.945962  5546
  248 1023.305708 27208
  249 -646.285071     3
  250 6369.200396 12189
  251 9413.348328 -2797
  252 1080.552177 10355
  253 16828.944621 -3109
  254 51.862086  5080
  255 9043.592336 -2848
  256 1729.968001 28594
  257 1218.023612 27728
  258 -772.593124     1
  259 8939.848415 17216
  260 73.345686  5214
  261 6794.377215 24666
  262 -797.864580     7
  263 28.360465  5074
  264 -1086.099763     0
  265 -407.903477     6
  266 14641.108587 21029
  267 8443.214110 21240
  268 5831.239584 32269
  269 1254.353209 28404
  270 -72.202017     7
  271 1082.823074  8066
  272 2015.615422 -3250
  273 1520.171915  8236
  274 1726.651205 13977
  275 -1448.256929     2
  276 16867.436167 30687
  277 5932.796453 31575
  278 20048.409556 28229
  279 17852.809360 -2983
  280 -723.105488     2
  281 15174.599028 28859
  282 48.683062 11530
  283 -1778.645880     7
  284 12111.403162 15765
  285 10669.369015 20705
  286 8585.941475 29767
  287 3027.540865 19460
  288 16717.716581 22963
  289 5418.948312 21428
  290 -620.671018     6
  291 2211.250794 31421
  292 1559.310625 26578
  293 2803.617308 15799
  294 302.069603  8784
  295 -3104.602851     8
  296 -846.133055     2
  297 6726.623949 -3018
  298 14229.440005 23046
  299 5550.108055 19927
  300 17798.309889 24137
