300
    1 0.076272  5001
    2 5812.794687 21119
    3 21178.336446 27552
    4 228.855394 -2979
    5 30110.025068 -3267
    6 3597.194072 22605
    7 -4.929203     0
    8 48701.406426 -2786
    9 -2354.632196     9
   10 369.207196 10019
   11 4037.959568 16402
   12 -19.348648     2
   13 4384.356686 12882
   14 4194.975245 25490
   15 291.833293 10438
   16 4156.987458 23433
   17 -150.985170     5
   18 11894.953322 17080
   19 349.514627 11863
   20 428.364152 28698
   21 -12.553784     1
   22 627.131546  6611
   23 205.396659  5525
   24 -1291.191158     6
   25 -337.481364     8
   26 -243.103345     1
   27 6374.841440 25096
   28 -714.735754     8
   29 -797.665729     7
   30 15231.071451 -3202
   31 7266.029759 29956
   32 5483.974891 23649
   33 -363.896761     5
   34 7417.359595 19086
   35 -3175.340389     1
   36 435.679668  5763
   37 503.897340 19573
   38 9717.950320 27063
   39 -2179.194021     7
   40 10366.824544 23419
   41 11231.027635 26823
   42 -282.515902     2
   43 5592.050242 20275
   44 9175.335528 20882
   45 19385.870695 19868
   46 -1196.203371     8
   47 -136.404614     7
   48 -392.820424     1
   49 488.936110  7208
   50 -447.401216     1
   51 -1040.495605     2
   52 11702.671325 24961
   53 6416.367488 25395
   54 1094.450083 31497
   55 -2071.738483     1
   56 5958.924954 22654
   57 331.117239  9613
   58 -1728.789840     3
   59 9089.624965 19985
   60 1458.354496  7593
   61 1090.696170 15343
   62 27224.430190 -2908
   63 -415.382362     6
   64 -428.734743     5
   65 416.677550  7104
   66 -1495.707849     3
   67 -1652.634995     0
   68 6319.405525 25634
   69 3964.162559 22064
   70 -1061.832678     3
   71 13216.412749 26647
   72 2642.953984 30568
   73 -755.718000     1
   74 549.319674 23628
   75 1223.486478  6257
   76 10884.832756 19979
   77 -1090.752003     9
   78 10288.531003 18258
   79 3537.723578  7568
   80 16502.579249 27553
   81 736.537946 17082
   82 -303.256858     2
   83 3347.535246 20949
   84 204.817658 27106
   85 9734.244098 18544
   86 1434.446960 11255
   87 2371.169335 28714
   88 4687.893108 13149
   89 9295.645320 -3029
   90 -1564.120108     4
   91 3604.511984 15842
   92 940.507024 11271
   93 6942.531399 20863
   94 12266.927354 28772
   95 -289.228041     5
   96 -1313.811848     9
   97 -1652.857686     9
   98 9054.179396 26222
   99 829.261186  6573
  100 2271.211382 27037
  101 134.320395  5828
  102 -410.313740     9
  103 4905.994154 17746
  104 -1097.557024     1
  105 374.929068  5314
  106 40172.239731 -3121
  107 10176.580581 28962
  108 -112.373976     1
  109 14794.003963 28513
  110 656.613673 17081
  111 16206.973849 -2851
  112 2580.965996 18467
  113 28575.964591 32528
  114 -3538.104834     4
  115 -1793.157045     9
  116 1139.054060 15984
  117 20525.516322 -3174
  118 -1961.815959     8
  119 22941.433442 -2932
  120 8266.359227 -2959
  121 2681.834446 24028
  122 -870.803194     1
  123 23223.485748 -2860
  124 11855.722139 27549
  125 25810.162876 -2858
  126 17840.994454 -3047
  127 2936.904000 31634
  128 -241.185654     5
  129 4750.436508 13009
  130 -530.966648     9
  131 4699.948422 23283
  132 12111.845546 19384
  133 7336.920808 19765
  134 5046.706415 19456
  135 1355.492212 -3258
  136 1402.331575  6602
  137 1460.058107  9234
  138 3314.846066 18370
  139 1586.606421 11832
  140 22356.678138 28847
  141 2483.203722 11524
  142 19904.570846 30512
  143 -1578.402834     7
  144 17094.281461 26094
  145 8181.342576 28238
  146 -910.817562     4
  147 3424.596508 28525
  148 -714.946064     4
  149 -2402.278759     7
  150 91.285689  5294
  151 8583.522550 15172
  152 -704.159471     8
  153 257.762762 26958
  154 2297.260675 -3076
  155 -2403.002254     1
  156 4955.132098 24828
  157 -338.348931     7
  158 10.548910  5731
  159 -1286.315412     1
  160 3616.456776 20722
  161 157.045930  8195
  162 838.256030  6887
  163 751.563524  8101
  164 836.015441  7558
  165 -1213.676196     9
  166 -435.732351     1
  167 2389.848503 12462
  168 -1042.005024     9
  169 97.118302  6250
  170 15530.741288 22861
  171 2293.750523 18695
  172 15885.920526 29490
  173 -563.522126     7
  174 -208.823523     1
  175 -501.140548     8
  176 12389.649636 30213
  177 -145.295501     9
  178 -3383.388076     4
  179 4030.269117 16841
  180 15758.886145 31142
  181 1457.751302  8905
  182 20380.876089 23518
  183 20909.640266 31181
  184 -553.984197     0
  185 2779.616067 11201
  186 -144.701251     3
  187 -1856.092285     1
  188 63.463971  8731
  189 -482.297172     0
  190 11.123374  5594
  191 3645.251953 25258
  192 2730.129574 13869
  193 1785.826422 16140
  194 -1350.980145     1
  195 -628.039393     4
  196 7983.403615 -3187
  197 4090.748391 12350
  198 5659.474864 29250
  199 -1664.902961     5
  200 8619.107569 21020
  201 2883.393651 11709
  202 3098.241226 17541
  203 -1530.856560     3
  204 -1208.313017     5
  205 9459.959842 25824
  206 -1926.028132     2
  207 800.158268 15814
  208 1803.161739 25022
  209 -749.735001     5
  210 8.084802  5251
  211 109.864271  6080
  212 5241.249044 20517
  213 18810.082511 28377
  214 12020.454910 -3191
  215 -764.964068     5
  216 -448.285717     7
  217 433.137040  6281
  218 28121.662436 26838
  219 -1171.078470     3
  220 -489.916766     0
  221 5254.495066 17350
  222 5880.226833 14458
  223 -562.732416     5
  224 1053.981796 -3122
  225 10292.658362 26527
  226 591.313443 20425
  227 3059.106779 -3204
  228 10014.184046 29261
  229 8390.912503 17613
  230 31357.511043 -3214
  231 17271.480035 30599
  232 13684.879927 27069
  233 36.380691  7552
  234 -1641.350865     3
  235 1419.535371  9764
  236 -704.341972     2
  237 4566.576553 16817
  238 29608.099360 -2897
  239 3269.670462 13720
  240 -1213.457878     4
  241 37.517396  5876
  242 20416.940085 -3192
  243 9994.396830 26854
  244 11853.431269 24497
  245 -132.584740     1
  246 -1929.738512     2
  247 127.166631  5546
  248 25105.371507 27208
  249 -1356.422678     3
  250 5938.999333 12189
  251 22105.485272 -2797
  252 574.876167 10355
  253 27706.083209 -3109
  254 34.177205  5080
  255 45.519908 -2848
  256 17554.954937 28594
  257 22790.615516 27728
  258 -2591.168794     1
  259 5003.863774 17216
  260 8.624126  5214
  261 16505.295167 24666
  262 -1284.480930     7
  263 19.831902  5074
  264 -3617.660978     0
  265 -322.426575     6
  266 2977.946120 21029
  267 5765.582681 21240
  268 30222.235452 32269
  269 6807.439364 28404
  270 -955.216903     7
  271 18.041470  8066
  272 6016.585269 -3250
  273 1452.008246  8236
  274 4830.244830 13977
  275 -556.132488     2
  276 16709.239086 30687
  277 8117.324104 31575
  278 14398.097473 28229
  279 13113.118794 -2983
  280 -1971.657869     2
  281 6906.191956 28859
  282 792.988653 11530
  283 -301.614437     7
  284 4542.044751 15765
  285 9640.975248 20705
  286 2106.977891 29767
  287 13112.199824 19460
  288 5914.312464 22963
  289 2331.896001 21428
  290 -340.040933     6
  291 22116.349818 31421
  292 1888.786403 26578
  293 2482.800625 15799
  294 842.829458  8784
  295 -2090.535839     8
  296 -120.509347     2
  297 3763.441415 -3018
  298 23872.875597 23046
  299 8808.589020 19927
  300 5991.971110 24137
