300
    1 0.465979  5001
    2 1580.986862 21119
    3 11745.556296 27552
    4 6579.098452 -2979
    5 391.824602 -3267
    6 9094.022814 22605
    7 -1051.027708     0
    8 11402.328299 -2786
    9 -1035.925503     9
   10 4701.110981 10019
   11 6089.327598 16402
   12 -2241.595632     2
   13 5277.638765 12882
   14 6008.612263 25490
   15 681.452257 10438
   16 18284.143893 23433
   17 -959.772150     5
   18 6626.339666 17080
   19 886.160167 11863
   20 9477.607299 28698
   21 -863.653285     1
   22 640.773284  6611
   23 121.774105  5525
   24 -288.848161     6
   25 -348.480756     8
   26 -623.663599     1
   27 2066.034276 25096
   28 -4147.159686     8
   29 -2451.322709     7
   30 18544.953717 -3202
   31 25625.092485 29956
   32 15441.711141 23649
   33 -2587.742012     5
   34 11367.294933 19086
   35 -3344.277565     1
   36 253.977749  5763
   37 185.177273 19573
   38 6154.783485 27063
   39 -2302.792492     7
   40 7575.673594 23419
   41 13468.330005 26823
   42 -449.975845     2
   43 4133.571524 20275
   44 8215.617659 20882
   45 3576.055821 19868
   46 -474.485351     8
   47 -51.289081     7
   48 -1465.768995     1
   49 3.122806  7208
   50 -752.059090     1
   51 -1334.223899     2
   52 1935.217426 24961
   53 8484.863963 25395
   54 10378.996377 31497
   55 -1776.405901     1
   56 165.137564 22654
   57 305.805730  9613
   58 -1448.120073     3
   59 11336.796767 19985
   60 1266.022444  7593
   61 465.943323 15343
   62 21448.403679 -2908
   63 -831.014367     6
   64 -500.290595     5
   65 413.511386  7104
   66 -228.051136     3
   67 -834.478192     0
   68 17704.013829 25634
   69 7101.376314 22064
   70 -1346.231344     3
   71 10443.752930 26647
   72 5704.480397 30568
   73 -1159.825298     1
   74 5614.136435 23628
   75 148.935803  6257
   76 7235.047230 19979
   77 -2021.863201     9
   78 8908.644524 18258
   79 2551.932031  7568
   80 10414.217944 27553
   81 4230.254953 17082
   82 -1938.302488     2
   83 8700.028125 20949
   84 4134.705870 27106
   85 993.078389 18544
   86 1565.974220 11255
   87 4930.386005 28714
   88 5190.333120 13149
   89 41580.970406 -3029
   90 -296.684027     4
   91 874.248782 15842
   92 1646.125198 11271
   93 10211.009425 20863
   94 34323.093142 28772
   95 -274.081124     5
   96 -532.959918     9
   97 -1168.531004     9
   98 11598.020048 26222
   99 986.191718  6573
  100 8120.954865 27037
  101 39.696798  5828
  102 -537.717004     9
  103 3209.878757 17746
  104 -818.137520     1
  105 151.456399  5314
  106 6796.702228 -3121
  107 9449.340474 28962
  108 -1847.398820     1
  109 2346.772276 28513
  110 8137.882052 17081
  111 9478.257273 -2851
  112 11068.463077 18467
  113 5498.953342 32528
  114 -1217.475751     4
  115 -1618.843565     9
  116 9204.588683 15984
  117 4946.853216 -3174
  118 -790.886165     8
  119 1929.457335 -2932
  120 8319.567325 -2959
  121 14717.961911 24028
  122 -543.476182     1
  123 9718.725649 -2860
  124 64.641264 27549
  125 19335.409640 -2858
  126 3309.474013 -3047
  127 18301.768275 31634
  128 -1055.901295     5
  129 6104.132727 13009
  130 -597.538366     9
  131 8283.262262 23283
  132 1786.680234 19384
  133 3054.861041 19765
  134 3773.128317 19456
  135 4671.767691 -3258
  136 471.132932  6602
  137 959.484519  9234
  138 2766.512464 18370
  139 1069.465217 11832
  140 19626.538542 28847
  141 1175.996002 11524
  142 3085.363126 30512
  143 -560.176985     7
  144 13381.593935 26094
  145 4710.354046 28238
  146 -755.974613     4
  147 5172.184178 28525
  148 -936.506035     4
  149 -1927.140885     7
  150 176.998389  5294
  151 322.210667 15172
  152 -557.698997     8
  153 1762.076237 26958
  154 22240.831139 -3076
  155 -2705.230212     1
  156 4096.743966 24828
  157 -428.381178     7
  158 0.315110  5731
  159 -2390.358596     1
  160 9939.673352 20722
  161 2115.340772  8195
  162 169.434368  6887
  163 3776.613182  8101
  164 572.742175  7558
  165 -1863.870822     9
  166 -1225.045604     1
  167 2925.850977 12462
  168 -949.150835     9
  169 529.628011  6250
  170 4278.065900 22861
  171 6843.593938 18695
  172 2793.537865 29490
  173 -1569.618280     7
  174 -68.837742     1
  175 -1984.312887     8
  176 15756.918647 30213
  177 -1933.610167     9
  178 -2967.678353     4
  179 4833.297581 16841
  180 2180.020037 31142
  181 492.055724  8905
  182 3605.937088 23518
  183 476.729846 31181
  184 -894.397142     0
  185 417.526949 11201
  186 -835.520538     3
  187 -4431.773973     1
  188 771.828262  8731
  189 -2106.339382     0
  190 117.958689  5594
  191 8505.063142 25258
  192 430.819131 13869
  193 8701.012328 16140
  194 -1304.363671     1
  195 -1731.452535     4
  196 1733.142993 -3187
  197 4622.564385 12350
  198 16113.033140 29250
  199 -661.101956     5
  200 5970.499041 21020
  201 1902.584913 11709
  202 1145.764336 17541
  203 -688.582241     3
  204 -1059.988540     5
  205 2023.272205 25824
  206 -1919.288067     2
  207 2555.656351 15814
  208 4525.845537 25022
  209 -170.217269     5
  210 185.348385  5251
  211 664.049411  6080
  212 5272.306957 20517
  213 7668.166790 28377
  214 1694.071465 -3191
  215 -241.430648     5
  216 -211.436221     7
  217 1.018230  6281
  218 6085.137456 26838
  219 -47.777317     3
  220 -1434.579568     0
  221 9346.808068 17350
  222 4492.262906 14458
  223 -563.410103     5
  224 7163.087253 -3122
  225 3455.517533 26527
  226 5613.987526 20425
  227 12845.777583 -3204
  228 17601.246793 29261
  229 10171.407052 17613
  230 11744.626570 -3214
  231 8603.606209 30599
  232 10549.547905 27069
  233 643.674060  7552
  234 -873.919217     3
  235 102.635032  9764
  236 -222.904910     2
  237 10241.206632 16817
  238 4010.523520 -2897
  239 1718.802436 13720
  240 -30.680586     4
  241 122.919700  5876
  242 8676.546682 -3192
  243 13703.658640 26854
  244 23216.832843 24497
  245 -375.421074     1
  246 -939.536170     2
  247 172.380423  5546
  248 3508.968161 27208
  249 -960.200283     3
  250 2182.809252 12189
  251 1122.173935 -2797
  252 4457.201239 10355
  253 12303.762974 -3109
  254 55.025364  5080
  255 20277.066442 -2848
  256 10400.084563 28594
  257 5008.577768 27728
  258 -2288.171745     1
  259 7144.288791 17216
  260 47.573872  5214
  261 11103.215835 24666
  262 -349.639357     7
  263 43.087452  5074
  264 -600.965728     0
  265 -515.044129     6
  266 14710.070097 21029
  267 12312.802260 21240
  268 6330.538995 32269
  269 34152.575511 28404
  270 -1114.134879     7
  271 1814.171951  8066
  272 19478.511216 -3250
  273 598.104952  8236
  274 3914.771166 13977
  275 -3507.463101     2
  276 2435.238854 30687
  277 1586.465121 31575
  278 9021.105195 28229
  279 18833.719230 -2983
  280 -682.165909     2
  281 17808.456953 28859
  282 4653.742818 11530
  283 -1253.585316     7
  284 6758.128623 15765
  285 2108.825557 20705
  286 20106.307398 29767
  287 5125.175001 19460
  288 13052.180484 22963
  289 3620.614326 21428
  290 -1603.405003     6
  291 9244.608113 31421
  292 4729.194249 26578
  293 1423.895381 15799
  294 493.102765  8784
  295 -1515.394837     8
  296 -426.486384     2
  297 15253.541505 -3018
  298 8146.259610 23046
  299 1288.106978 19927
  300 157.088254 24137
