300
    1 0.195658  5001
    2 8297.693450 21119
    3 15006.846751 27552
    4 15516.310920 -2979
    5 21618.629277 -3267
    6 8128.761730 22605
    7 -1453.246067     0
    8 4805.767209 -2786
    9 -68.971353     9
   10 248.816809 10019
   11 3538.989974 16402
   12 -3.110105     2
   13 714.611449 12882
   14 4977.496344 25490
   15 3858.931630 10438
   16 12967.124366 23433
   17 -393.659268     5
   18 8125.114413 17080
   19 2568.682609 11863
   20 8109.174659 28698
   21 -2625.439504     1
   22 328.312618  6611
   23 114.816217  5525
   24 -422.967995     6
   25 -409.802055     8
   26 -196.428871     1
   27 329.845291 25096
   28 -214.731421     8
   29 -2013.928468     7
   30 2838.800385 -3202
   31 23182.173236 29956
   32 6188.929675 23649
   33 -1926.889731     5
   34 10863.369423 19086
   35 -2939.964321     1
   36 43.437086  5763
   37 5843.918286 19573
   38 11572.739943 27063
   39 -238.782992     7
   40 617.382630 23419
   41 1934.843422 26823
   42 -380.187336     2
   43 700.553476 20275
   44 4458.275243 20882
   45 10858.875998 19868
   46 -2097.848877     8
   47 -4482.003233     7
   48 -367.543628     1
   49 258.821681  7208
   50 -878.431963     1
   51 -914.936035     2
   52 2816.306984 24961
   53 4551.472855 25395
   54 16564.831975 31497
   55 -1200.254237     1
   56 9717.630424 22654
   57 566.850258  9613
   58 -2586.109041     3
   59 2295.334240 19985
   60 674.943770  7593
   61 3641.862001 15343
   62 1057.770575 -2908
   63 -2148.018399     6
   64 -481.747183     5
   65 1831.110634  7104
   66 -1173.960689     3
   67 -748.378724     0
   68 1920.077105 25634
   69 5799.106416 22064
   70 -688.014080     3
   71 867.391298 26647
   72 531.266441 30568
   73 -1007.618902     1
   74 11028.735298 23628
   75 266.667773  6257
   76 15191.908858 19979
   77 -2193.922631     9
   78 3844.214826 18258
   79 758.970340  7568
   80 612.759728 27553
   81 3647.005454 17082
   82 -1184.346452     2
   83 1610.587044 20949
   84 12888.616173 27106
   85 2270.654692 18544
   86 5030.446200 11255
   87 10764.213707 28714
   88 2719.698056 13149
   89 5583.719471 -3029
   90 -405.175835     4
   91 3892.008935 15842
   92 1532.402551 11271
   93 3168.957804 20863
   94 1845.337794 28772
   95 -1262.300967     5
   96 -477.907845     9
   97 -2775.930577     9
   98 25611.499600 26222
   99 1027.676664  6573
  100 1203.811390 27037
  101 407.301205  5828
  102 -396.065622     9
  103 6860.733002 17746
  104 -2741.874605     1
  105 134.274617  5314
  106 9611.354200 -3121
  107 340.862128 28962
  108 -1970.902443     1
  109 5205.805021 28513
  110 4458.467384 17081
  111 26860.473116 -2851
  112 12080.094146 18467
  113 31394.191930 32528
  114 -298.864813     4
  115 -2524.606961     9
  116 3485.342597 15984
  117 7873.195535 -3174
  118 -155.777685     8
  119 8693.924559 -2932
  120 10664.979964 -2959
  121 340.557422 24028
  122 -1423.556002     1
  123 13032.447823 -2860
  124 6825.714931 27549
  125 3082.833310 -2858
  126 27915.579211 -3047
  127 17404.180903 31634
  128 -1048.057587     5
  129 6053.849497 13009
  130 -1641.448125     9
  131 8438.313311 23283
  132 10075.643745 19384
  133 1013.283731 19765
  134 3203.225481 19456
  135 3085.070263 -3258
  136 638.737882  6602
  137 3311.784373  9234
  138 11591.916119 18370
  139 5728.056897 11832
  140 6846.973540 28847
  141 2311.545223 11524
  142 14325.592910 30512
  143 -499.808277     7
  144 6009.140913 26094
  145 4980.396983 28238
  146 -568.089083     4
  147 11605.456516 28525
  148 -1703.728849     4
  149 -1359.161759     7
  150 61.383000  5294
  151 70.665790 15172
  152 -777.345589     8
  153 16565.030520 26958
  154 2560.114609 -3076
  155 -196.840619     1
  156 8793.981227 24828
  157 -1406.729599     7
  158 527.729555  5731
  159 -699.413354     1
  160 9377.023918 20722
  161 727.967737  8195
  162 1687.732230  6887
  163 1932.633656  8101
  164 878.356094  7558
  165 -1178.659910     9
  166 -511.774128     1
  167 6179.445938 12462
  168 -943.179004     9
  169 280.860964  6250
  170 253.949001 22861
  171 10596.350946 18695
  172 12435.829844 29490
  173 -2173.474198     7
  174 -1316.647960     1
  175 -1686.334670     8
  176 5348.739957 30213
  177 -1378.886449     9
  178 -772.637891     4
  179 3391.291414 16841
  180 17331.746728 31142
  181 1039.952999  8905
  182 4530.370152 23518
  183 1372.833676 31181
  184 -1763.058825     0
  185 481.139669 11201
  186 -213.073269     3
  187 -3912.562874     1
  188 821.764390  8731
  189 -1343.944675     0
  190 510.334968  5594
  191 77.238831 25258
  192 2377.359728 13869
  193 1757.192657 16140
  194 -931.630093     1
  195 -379.063786     4
  196 17192.108407 -3187
  197 2305.076097 12350
  198 15715.798848 29250
  199 -1384.032152     5
  200 4070.097622 21020
  201 496.453853 11709
  202 6976.295165 17541
  203 -1935.509710     3
  204 -696.595730     5
  205 10548.506917 25824
  206 -1368.432262     2
  207 6233.959111 15814
  208 3960.860052 25022
  209 -496.378782     5
  210 3.682498  5251
  211 118.622427  6080
  212 2475.823989 20517
  213 8173.448807 28377
  214 27534.351800 -3191
  215 -1064.014342     5
  216 -454.919036     7
  217 624.439863  6281
  218 14813.023348 26838
  219 -1127.950843     3
  220 -570.805601     0
  221 3240.695517 17350
  222 4258.403695 14458
  223 -479.828400     5
  224 20724.351960 -3122
  225 9254.180414 26527
  226 11987.533708 20425
  227 5811.381432 -3204
  228 10030.859904 29261
  229 13504.331867 17613
  230 11937.026092 -3214
  231 3255.715737 30599
  232 21368.098367 27069
  233 81.352309  7552
  234 -571.336973     3
  235 4422.246941  9764
  236 -255.835607     2
  237 1.054967 16817
  238 15292.574130 -2897
  239 4728.549078 13720
  240 -835.319647     4
  241 442.599224  5876
  242 13176.672232 -3192
  243 15581.150871 26854
  244 11433.567536 24497
  245 -1250.583117     1
  246 -1803.642657     2
  247 170.059323  5546
  248 6179.885759 27208
  249 -1502.129851     3
  250 7921.347218 12189
  251 5872.845950 -2797
  252 2169.154927 10355
  253 14342.318653 -3109
  254 59.177592  5080
  255 8467.330418 -2848
  256 18356.731583 28594
  257 12050.293143 27728
  258 -1019.531796     1
  259 314.398253 17216
  260 18.468405  5214
  261 7212.480347 24666
  262 -310.672534     7
  263 9.268729  5074
  264 -498.104171     0
  265 -1326.341254     6
  266 11589.783250 21029
  267 6201.968223 21240
  268 14492.549131 32269
  269 563.038637 28404
  270 -47.212983     7
  271 2022.289772  8066
  272 22988.577408 -3250
  273 2114.115197  8236
  274 1256.539421 13977
  275 -5480.961560     2
  276 5542.620902 30687
  277 1271.089252 31575
  278 2105.944194 28229
  279 13818.402879 -2983
  280 -691.821705     2
  281 10216.674774 28859
  282 6346.958923 11530
  283 -419.652080     7
  284 2456.104243 15765
  285 1234.452769 20705
  286 10387.387577 29767
  287 3438.110054 19460
  288 19391.305059 22963
  289 10168.546779 21428
  290 -202.116725     6
  291 12195.012918 31421
  292 24033.135481 26578
  293 6206.566816 15799
  294 1534.865079  8784
  295 -354.775481     8
  296 -2474.238582     2
  297 8783.948764 -3018
  298 9470.707652 23046
  299 11642.478129 19927
  300 2391.368679 24137
