300
    1 0.078279  5001
    2 4012.548124 21119
    3 13962.337151 27552
    4 6102.483708 -2979
    5 13373.380483 -3267
    6 736.983661 22605
    7 -91.669142     0
    8 7385.551942 -2786
    9 -258.531507     9
   10 4397.673002 10019
   11 10773.188021 16402
   12 -1860.580783     2
   13 7577.954080 12882
   14 1039.246300 25490
   15 3579.191008 10438
   16 13045.497487 23433
   17 -719.820646     5
   18 10554.943134 17080
   19 4210.587379 11863
   20 1520.420412 28698
   21 -1273.559261     1
   22 1184.193321  6611
   23 151.492202  5525
   24 -433.610192     6
   25 -1048.688636     8
   26 -525.672126     1
   27 8642.594516 25096
   28 -543.322214     8
   29 -1486.327441     7
   30 8617.850464 -3202
   31 5628.636268 29956
   32 4890.953253 23649
   33 -1694.801815     5
   34 2574.813190 19086
   35 -705.418774     1
   36 106.128419  5763
   37 6308.689268 19573
   38 9538.278342 27063
   39 -1773.344262     7
   40 24495.612660 23419
   41 7686.235780 26823
   42 -2507.841962     2
   43 10525.533594 20275
   44 9750.659270 20882
   45 5750.515767 19868
   46 -304.512207     8
   47 -157.028293     7
   48 -857.599153     1
   49 419.830191  7208
   50 -903.429840     1
   51 -884.224466     2
   52 4705.428246 24961
   53 7139.002979 25395
   54 16174.243999 31497
   55 -747.216998     1
   56 5367.176617 22654
   57 157.974764  9613
   58 -1115.358067     3
   59 14759.293061 19985
   60 419.479859  7593
   61 7106.970499 15343
   62 11002.586209 -2908
   63 -833.406721     6
   64 -811.461560     5
   65 1682.881802  7104
   66 -103.951518     3
   67 -1756.316353     0
   68 11010.633091 25634
   69 6633.597195 22064
   70 -370.323265     3
   71 7778.665577 26647
   72 594.698727 30568
   73 -150.587722     1
   74 22130.629262 23628
   75 332.591478  6257
   76 12437.447156 19979
   77 -1410.635293     9
   78 6445.462670 18258
   79 302.524509  7568
   80 5456.948760 27553
   81 5249.185292 17082
   82 -713.004353     2
   83 2588.321307 20949
   84 8538.527077 27106
   85 16177.995315 18544
   86 2743.666422 11255
   87 5902.945522 28714
   88 4024.433833 13149
   89 1656.804314 -3029
   90 -1595.690714     4
   91 13798.519493 15842
   92 150.390396 11271
   93 4597.045988 20863
   94 12564.035831 28772
   95 -632.776882     5
   96 -54.732961     9
   97 -3079.840213     9
   98 4921.324921 26222
   99 857.754941  6573
  100 10475.315594 27037
  101 201.730533  5828
  102 -951.009870     9
  103 660.365208 17746
  104 -239.872426     1
  105 29.455087  5314
  106 14839.055542 -3121
  107 958.774567 28962
  108 -2593.970472     1
  109 13491.696004 28513
  110 1203.007316 17081
  111 15317.783833 -2851
  112 1821.649595 18467
  113 10828.100774 32528
  114 -1261.374707     4
  115 -1818.868540     9
  116 2871.252524 15984
  117 18100.946083 -3174
  118 -262.078117     8
  119 5013.613070 -2932
  120 3617.096930 -2959
  121 1404.441604 24028
  122 -901.365408     1
  123 39890.049375 -2860
  124 25172.459493 27549
  125 14294.972545 -2858
  126 25877.863594 -3047
  127 12003.158089 31634
  128 -602.866096     5
  129 2738.261062 13009
  130 -329.942250     9
  131 3464.380573 23283
  132 4957.797556 19384
  133 5244.172673 19765
  134 3157.438888 19456
  135 2358.688763 -3258
  136 631.179859  6602
  137 49.391395  9234
  138 5818.976552 18370
  139 1134.382162 11832
  140 18360.871631 28847
  141 5055.458012 11524
  142 17754.765465 30512
  143 -526.159352     7
  144 1953.104354 26094
  145 7042.831208 28238
  146 -736.145271     4
  147 5518.947780 28525
  148 -920.404542     4
  149 -85.890960     7
  150 84.865587  5294
  151 3111.954025 15172
  152 -3055.409746     8
  153 10350.675588 26958
  154 4015.969577 -3076
  155 -199.610823     1
  156 6521.979646 24828
  157 -390.566149     7
  158 400.114474  5731
  159 -235.307864     1
  160 2057.739004 20722
  161 1863.941199  8195
  162 1.192344  6887
  163 633.573258  8101
  164 631.063741  7558
  165 -1612.978743     9
  166 -1172.086302     1
  167 4557.013981 12462
  168 -148.622042     9
  169 479.383414  6250
  170 1751.659319 22861
  171 4116.262895 18695
  172 4148.474060 29490
  173 -990.789748     7
  174 -274.421514     1
  175 -712.310713     8
  176 2020.912683 30213
  177 -1374.105774     9
  178 -1387.778673     4
  179 5995.665894 16841
  180 8681.062109 31142
  181 4147.683024  8905
  182 5561.935556 23518
  183 16787.450798 31181
  184 -2957.165311     0
  185 1425.772391 11201
  186 -893.591998     3
  187 -1864.830381     1
  188 3897.168947  8731
  189 -2744.849970     0
  190 325.095465  5594
  191 6347.343982 25258
  192 2559.150288 13869
  193 7296.974893 16140
  194 -1032.806161     1
  195 -110.994794     4
  196 10029.650647 -3187
  197 2614.500685 12350
  198 3861.980359 29250
  199 -5315.221235     5
  200 3536.113399 21020
  201 2329.377286 11709
  202 6630.632580 17541
  203 -320.635752     3
  204 -1643.889065     5
  205 6430.957496 25824
  206 -1373.403052     2
  207 7972.310200 15814
  208 3498.730153 25022
  209 -353.794765     5
  210 65.096130  5251
  211 374.179510  6080
  212 9863.178910 20517
  213 15653.061667 28377
  214 27061.330776 -3191
  215 -26.082148     5
  216 -658.574758     7
  217 1448.060762  6281
  218 4928.622779 26838
  219 -1202.238695     3
  220 -1100.808628     0
  221 5056.684571 17350
  222 899.971524 14458
  223 -1899.487247     5
  224 19254.714050 -3122
  225 2993.885197 26527
  226 13715.105296 20425
  227 1138.316910 -3204
  228 12815.187189 29261
  229 445.389507 17613
  230 4877.747689 -3214
  231 4989.952828 30599
  232 4073.835380 27069
  233 671.132827  7552
  234 -1192.047821     3
  235 2891.079081  9764
  236 -1675.282839     2
  237 3816.316978 16817
  238 5575.557947 -2897
  239 1519.731399 13720
  240 -838.370091     4
  241 135.944587  5876
  242 17960.524122 -3192
  243 5808.028579 26854
  244 3596.585307 24497
  245 -607.339575     1
  246 -2881.776962     2
  247 205.653329  5546
  248 24747.130334 27208
  249 -968.955296     3
  250 228.574419 12189
  251 7098.768355 -2797
  252 1173.049059 10355
  253 17520.077640 -3109
  254 32.860660  5080
  255 31399.542674 -2848
  256 1711.733367 28594
  257 2898.038738 27728
  258 -485.828981     1
  259 3300.229385 17216
  260 188.595173  5214
  261 2185.174733 24666
  262 -26.465844     7
  263 23.921046  5074
  264 -2563.733765     0
  265 -490.403886     6
  266 4920.342190 21029
  267 6151.754691 21240
  268 307.733058 32269
  269 10684.452900 28404
  270 -449.773073     7
  271 942.143970  8066
  272 8387.822747 -3250
  273 2453.411800  8236
  274 1444.634467 13977
  275 -2677.856370     2
  276 12489.335235 30687
  277 7862.570563 31575
  278 16963.062673 28229
  279 12995.818425 -2983
  280 -1762.239130     2
  281 14859.101848 28859
  282 5211.793706 11530
  283 -970.271287     7
  284 962.003776 15765
  285 251.278873 20705
  286 8408.280048 29767
  287 1368.017556 19460
  288 7380.870528 22963
  289 6252.868019 21428
  290 -1511.182075     6
  291 18096.845102 31421
  292 5171.820333 26578
  293 495.934446 15799
  294 371.304471  8784
  295 -646.182529     8
  296 -561.025041     2
  297 19532.857699 -3018
  298 9502.243879 23046
  299 2168.398923 19927
  300 50.539873 24137
