300
    1 0.230726  5001
    2 10541.550977 21119
    3 4989.465619 27552
    4 902.766110 -2979
    5 8402.969154 -3267
    6 7402.662706 22605
    7 -154.680050     0
    8 4174.372394 -2786
    9 -1541.990375     9
   10 4289.843509 10019
   11 3035.755963 16402
   12 -650.424780     2
   13 261.762523 12882
   14 16317.311317 25490
   15 1247.533352 10438
   16 4947.754641 23433
   17 -17.862322     5
   18 5717.136171 17080
   19 37.723406 11863
   20 7456.836376 28698
   21 -343.414626     1
   22 1109.785755  6611
   23 239.111731  5525
   24 -988.090141     6
   25 -82.180754     8
   26 -1642.908731     1
   27 5945.785084 25096
   28 -36.885737     8
   29 -47.074247     7
   30 6437.658405 -3202
   31 11227.383396 29956
   32 5467.553885 23649
   33 -238.454037     5
   34 12308.709179 19086
   35 -2876.572759     1
   36 599.183815  5763
   37 13672.594778 19573
   38 9285.014261 27063
   39 -1398.958249     7
   40 6785.402116 23419
   41 9553.706585 26823
   42 -1220.903587     2
   43 1960.385442 20275
   44 2730.996852 20882
   45 9947.840000 19868
   46 -1591.165945     8
   47 -509.960660     7
   48 -1756.277912     1
   49 759.865806  7208
   50 -1243.924571     1
   51 -55.647104     2
   52 645.957481 24961
   53 23830.097558 25395
   54 13015.117120 31497
   55 -1016.045784     1
   56 8941.789148 22654
   57 975.995516  9613
   58 -469.365189     3
   59 8788.375984 19985
   60 1473.603448  7593
   61 6124.049256 15343
   62 12503.238113 -2908
   63 -212.710558     6
   64 -720.593245     5
   65 764.433304  7104
   66 -893.649172     3
   67 -2955.134113     0
   68 4305.795477 25634
   69 2762.508228 22064
   70 -527.066700     3
   71 4355.798666 26647
   72 11699.573733 30568
   73 -2078.365979     1
   74 657.282847 23628
   75 481.459083  6257
   76 9547.550221 19979
   77 -2378.384929     9
   78 4858.291612 18258
   79 1715.865064  7568
   80 15770.349445 27553
   81 4044.121493 17082
   82 -887.870525     2
   83 17936.269928 20949
   84 5880.832245 27106
   85 3307.179085 18544
   86 1625.638548 11255
   87 11622.021131 28714
   88 800.027836 13149
   89 26758.591406 -3029
   90 -945.748474     4
   91 3759.153078 15842
   92 1057.785221 11271
   93 15954.808505 20863
   94 3992.019435 28772
   95 -403.134258     5
   96 -1111.970490     9
   97 -628.731760     9
   98 9333.848160 26222
   99 676.267151  6573
  100 2163.011332 27037
  101 320.066261  5828
  102 -1416.302544     9
  103 5579.371398 17746
  104 -44.522697     1
  105 61.921105  5314
  106 13569.761152 -3121
  107 8228.031973 28962
  108 -257.979368     1
  109 1144.859428 28513
  110 1934.916504 17081
  111 6071.101306 -2851
  112 9963.641326 18467
  113 16266.794587 32528
  114 -446.442901     4
  115 -824.542260     9
  116 1265.863119 15984
  117 14578.581690 -3174
  118 -1679.635435     8
  119 4385.952846 -2932
  120 8709.798651 -2959
  121 2899.340607 24028
  122 -313.450618     1
  123 1022.540723 -2860
  124 7405.596268 27549
  125 26699.133116 -2858
  126 21907.065878 -3047
  127 10600.753030 31634
  128 -1468.724501     5
  129 10142.858748 13009
  130 -177.784622     9
  131 3718.773126 23283
  132 6226.398309 19384
  133 5749.425699 19765
  134 1665.354328 19456
  135 630.212957 -3258
  136 835.655216  6602
  137 959.392295  9234
  138 9604.659635 18370
  139 19.190956 11832
  140 3057.158162 28847
  141 879.723121 11524
  142 15139.533375 30512
  143 -678.007112     7
  144 11660.564202 26094
  145 24578.844550 28238
  146 -1503.794635     4
  147 4555.732597 28525
  148 -309.447159     4
  149 -725.964037     7
  150 11.614458  5294
  151 5080.381783 15172
  152 -379.636968     8
  153 1791.621361 26958
  154 17914.824222 -3076
  155 -969.686236     1
  156 25726.987419 24828
  157 -313.788789     7
  158 622.573393  5731
  159 -36.349532     1
  160 4036.611266 20722
  161 146.087593  8195
  162 973.856305  6887
  163 213.043306  8101
  164 1436.867223  7558
  165 -2208.868865     9
  166 -3263.264553     1
  167 2392.753750 12462
  168 -270.020126     9
  169 554.101158  6250
  170 4104.291593 22861
  171 10436.943297 18695
  172 2267.219544 29490
  173 -1028.291208     7
  174 -1194.100115     1
  175 -1108.746716     8
  176 6903.684716 30213
  177 -124.792783     9
  178 -2245.770274     4
  179 13484.666484 16841
  180 5416.563856 31142
  181 1309.842984  8905
  182 17386.422458 23518
  183 14770.371814 31181
  184 -2043.537211     0
  185 2516.304616 11201
  186 -423.493505     3
  187 -482.564709     1
  188 1450.723599  8731
  189 -231.598291     0
  190 43.601282  5594
  191 5626.560463 25258
  192 3991.730603 13869
  193 4544.159416 16140
  194 -344.499803     1
  195 -49.412010     4
  196 8320.827247 -3187
  197 1619.575612 12350
  198 22994.841535 29250
  199 -1291.112712     5
  200 6542.239232 21020
  201 1354.244119 11709
  202 3077.191938 17541
  203 -1180.477319     3
  204 -526.979989     5
  205 10259.428345 25824
  206 -1275.741791     2
  207 8250.484256 15814
  208 3529.741069 25022
  209 -2314.864877     5
  210 115.485250  5251
  211 241.475347  6080
  212 2068.973570 20517
  213 4494.892786 28377
  214 1286.874621 -3191
  215 -102.968892     5
  216 -1569.980859     7
  217 249.667110  6281
  218 19440.591671 26838
  219 -1749.340510     3
  220 -1493.597372     0
  221 5315.979852 17350
  222 864.653356 14458
  223 -450.623097     5
  224 11982.895364 -3122
  225 16349.666016 26527
  226 5563.948315 20425
  227 20416.126813 -3204
  228 2582.227100 29261
  229 5854.928046 17613
  230 9775.318115 -3214
  231 10157.779348 30599
  232 3180.540930 27069
  233 328.321351  7552
  234 -1072.766334     3
  235 2706.180889  9764
  236 -584.556999     2
  237 12443.408422 16817
  238 4102.289498 -2897
  239 3155.602405 13720
  240 -998.384726     4
  241 26.849876  5876
  242 990.680400 -3192
  243 9049.605943 26854
  244 8906.754373 24497
  245 -1494.493978     1
  246 -342.786750     2
  247 505.068520  5546
  248 14264.734551 27208
  249 -1430.457052     3
  250 7675.664144 12189
  251 27605.567375 -2797
  252 1480.846331 10355
  253 3523.940862 -3109
  254 40.335277  5080
  255 11548.949533 -2848
  256 7976.374837 28594
  257 6036.515209 27728
  258 -2538.288505     1
  259 21803.728333 17216
  260 250.473621  5214
  261 828.752540 24666
  262 -461.627450     7
  263 16.667733  5074
  264 -2447.418597     0
  265 -2145.213457     6
  266 12938.154588 21029
  267 2713.064942 21240
  268 7645.588528 32269
  269 7159.895195 28404
  270 -616.257539     7
  271 2777.036406  8066
  272 20822.413027 -3250
  273 694.417638  8236
  274 1216.304226 13977
  275 -1714.861079     2
  276 5957.349725 30687
  277 4447.871279 31575
  278 2989.816463 28229
  279 6357.385841 -2983
  280 -141.867874     2
  281 34692.393531 28859
  282 7207.333762 11530
  283 -1829.101962     7
  284 2880.189858 15765
  285 7379.349543 20705
  286 24549.623120 29767
  287 3.758691 19460
  288 16753.373344 22963
  289 6160.865021 21428
  290 -134.661733     6
  291 2863.855136 31421
  292 13297.785465 26578
  293 2452.305418 15799
  294 2450.494394  8784
  295 -1683.538735     8
  296 -1256.241467     2
  297 11507.773180 -3018
  298 18681.896033 23046
  299 1400.508079 19927
  300 8243.364138 24137
