300
    1 0.963004  5001
    2 7275.857996 21119
    3 11644.427975 27552
    4 476.537375 -2979
    5 9767.005960 -3267
    6 9545.667629 22605
    7 -272.213872     0
    8 1409.446218 -2786
    9 -1199.660342     9
   10 931.898519 10019
   11 5375.955189 16402
   12 -199.776659     2
   13 8706.527394 12882
   14 6754.969050 25490
   15 646.782182 10438
   16 11401.343180 23433
   17 -998.905963     5
   18 7860.227205 17080
   19 2603.225357 11863
   20 5177.934691 28698
   21 -1131.057071     1
   22 1599.969500  6611
   23 34.125803  5525
   24 -261.003405     6
   25 -7.510789     8
   26 -323.028580     1
   27 2443.012370 25096
   28 -1218.286929     8
   29 -1623.487167     7
   30 12213.019992 -3202
   31 12311.398724 29956
   32 12974.388402 23649
   33 -1794.076763     5
   34 8367.655513 19086
   35 -373.763285     1
   36 294.849873  5763
   37 17551.960999 19573
   38 9704.367592 27063
   39 -2797.518133     7
   40 3326.133478 23419
   41 8708.461099 26823
   42 -649.627900     2
   43 3469.834716 20275
   44 12524.076909 20882
   45 8030.060403 19868
   46 -1443.857183     8
   47 -1484.347351     7
   48 -108.914828     1
   49 2554.972148  7208
   50 -1565.775264     1
   51 -524.451970     2
   52 12099.547326 24961
   53 7007.894702 25395
   54 6896.885848 31497
   55 -3430.663243     1
   56 8097.151443 22654
   57 5495.937738  9613
   58 -852.654204     3
   59 14344.513248 19985
   60 501.366593  7593
   61 210.447581 15343
   62 15227.091222 -2908
   63 -1135.626915     6
   64 -953.489184     5
   65 538.744140  7104
   66 -591.214888     3
   67 -1574.500882     0
   68 473.013175 25634
   69 15433.256031 22064
   70 -393.508956     3
   71 8540.004314 26647
   72 19590.260912 30568
   73 -246.481533     1
   74 6610.730940 23628
   75 834.642505  6257
   76 8909.474521 19979
   77 -168.791560     9
   78 5894.144371 18258
   79 936.311189  7568
   80 4726.470237 27553
   81 6540.567527 17082
   82 -304.989497     2
   83 26754.119161 20949
   84 8460.391023 27106
   85 11453.691785 18544
   86 2774.639233 11255
   87 7307.454835 28714
   88 3921.000758 13149
   89 5929.400772 -3029
   90 -463.683787     4
   91 3826.552648 15842
   92 3973.145338 11271
   93 5120.748055 20863
   94 22767.093918 28772
   95 -287.148462     5
   96 -465.312361     9
   97 -139.808601     9
   98 2934.972224 26222
   99 735.183388  6573
  100 24441.922699 27037
  101 224.277633  5828
  102 -827.042799     9
  103 1724.680155 17746
  104 -2717.228207     1
  105 75.714589  5314
  106 6513.083564 -3121
  107 3799.297978 28962
  108 -1327.977069     1
  109 1681.803847 28513
  110 4183.303429 17081
  111 17683.887837 -2851
  112 1915.033950 18467
  113 17522.716574 32528
  114 -1648.761410     4
  115 -685.651719     9
  116 9287.605738 15984
  117 13141.513796 -3174
  118 -814.637746     8
  119 17002.702973 -2932
  120 9138.142179 -2959
  121 12325.650007 24028
  122 -501.449551     1
  123 24437.421599 -2860
  124 4273.634124 27549
  125 4972.554699 -2858
  126 1282.231738 -3047
  127 14638.562381 31634
  128 -1476.294493     5
  129 2426.879524 13009
  130 -1099.295553     9
  131 3162.530390 23283
  132 8597.519954 19384
  133 2440.087074 19765
  134 4724.063503 19456
  135 14688.245103 -3258
  136 485.984930  6602
  137 1384.012318  9234
  138 9214.309017 18370
  139 1906.788162 11832
  140 9895.685991 28847
  141 190.132482 11524
  142 21790.380666 30512
  143 -1316.869814     7
  144 6770.364621 26094
  145 1657.337044 28238
  146 -121.130704     4
  147 24250.896611 28525
  148 -1086.393738     4
  149 -2229.858893     7
  150 6.101168  5294
  151 5968.631894 15172
  152 -3689.705113     8
  153 2709.172605 26958
  154 2653.794393 -3076
  155 -1209.209335     1
  156 10756.194720 24828
  157 -951.181834     7
  158 465.513605  5731
  159 -1493.043299     1
  160 3519.621727 20722
  161 290.326757  8195
  162 348.413305  6887
  163 1489.150168  8101
  164 307.097765  7558
  165 -1513.019842     9
  166 -1059.246981     1
  167 1696.844475 12462
  168 -737.031533     9
  169 27.001838  6250
  170 7527.509012 22861
  171 12645.837088 18695
  172 4150.865174 29490
  173 -1662.041826     7
  174 -640.952565     1
  175 -15.036082     8
  176 10638.728472 30213
  177 -123.050965     9
  178 -1517.554948     4
  179 7498.572484 16841
  180 8321.527321 31142
  181 211.724626  8905
  182 13212.310916 23518
  183 10485.390907 31181
  184 -916.545363     0
  185 6012.488336 11201
  186 -104.878495     3
  187 -3945.757408     1
  188 1478.159957  8731
  189 -2757.893355     0
  190 176.939667  5594
  191 15851.864443 25258
  192 6394.505327 13869
  193 1392.486071 16140
  194 -704.338872     1
  195 -1079.846109     4
  196 9460.016456 -3187
  197 1287.090246 12350
  198 2354.804142 29250
  199 -584.240501     5
  200 5360.324571 21020
  201 3180.648144 11709
  202 534.144319 17541
  203 -48.854670     3
  204 -1450.095565     5
  205 11272.644689 25824
  206 -671.246335     2
  207 1648.441587 15814
  208 2104.745193 25022
  209 -1053.502037     5
  210 195.681277  5251
  211 587.681360  6080
  212 3862.631015 20517
  213 3926.529259 28377
  214 4804.818530 -3191
  215 -1546.611202     5
  216 -272.383413     7
  217 1283.378799  6281
  218 19203.586232 26838
  219 -1267.909976     3
  220 -2345.608867     0
  221 10198.942137 17350
  222 2781.351508 14458
  223 -575.960266     5
  224 17644.626307 -3122
  225 1116.453802 26527
  226 1794.209395 20425
  227 19637.409356 -3204
  228 20759.497723 29261
  229 6073.023995 17613
  230 22136.651123 -3214
  231 10450.301625 30599
  232 12740.499399 27069
  233 493.289305  7552
  234 -2185.929957     3
  235 3211.196147  9764
  236 -509.836802     2
  237 12320.790471 16817
  238 27861.995307 -2897
  239 11679.098164 13720
  240 -2213.963444     4
  241 470.219166  5876
  242 3327.024403 -3192
  243 5937.464149 26854
  244 1584.511595 24497
  245 -627.645124     1
  246 -1418.211524     2
  247 24.596754  5546
  248 17129.775441 27208
  249 -1023.691873     3
  250 2072.397391 12189
  251 25216.801002 -2797
  252 4468.976011 10355
  253 2677.584183 -3109
  254 3.737027  5080
  255 1128.964018 -2848
  256 1001.295308 28594
  257 1666.812181 27728
  258 -1189.766981     1
  259 2970.392282 17216
  260 66.364231  5214
  261 5014.463546 24666
  262 -545.348582     7
  263 7.545047  5074
  264 -3283.392923     0
  265 -333.720803     6
  266 23702.154435 21029
  267 13779.211404 21240
  268 25229.489705 32269
  269 17912.026641 28404
  270 -78.549874     7
  271 498.610853  8066
  272 554.806376 -3250
  273 592.562074  8236
  274 3249.640932 13977
  275 -735.473107     2
  276 6513.993997 30687
  277 8000.034190 31575
  278 16487.193799 28229
  279 15072.184958 -2983
  280 -592.882652     2
  281 15865.546839 28859
  282 2097.868666 11530
  283 -1685.643591     7
  284 1494.720560 15765
  285 22776.288199 20705
  286 6540.037440 29767
  287 8008.124157 19460
  288 2296.203279 22963
  289 1085.634936 21428
  290 -3569.166397     6
  291 4394.569389 31421
  292 1733.538898 26578
  293 5123.786984 15799
  294 1781.010781  8784
  295 -546.822774     8
  296 -572.258238     2
  297 4199.766239 -3018
  298 5368.284411 23046
  299 8308.394987 19927
  300 1131.573530 24137
