300
    1 0.409203  5001
    2 4529.156686 21119
    3 2294.464162 27552
    4 24957.327799 -2979
    5 15593.765560 -3267
    6 6592.543939 22605
    7 -558.164895     0
    8 2361.540044 -2786
    9 -13.392252     9
   10 1501.293064 10019
   11 1846.315099 16402
   12 -720.113117     2
   13 5961.441312 12882
   14 14488.260192 25490
   15 58.843551 10438
   16 12224.715079 23433
   17 -401.032512     5
   18 3906.324273 17080
   19 5307.805362 11863
   20 3048.255693 28698
   21 -142.393809     1
   22 1505.685953  6611
   23 136.267495  5525
   24 -1002.372599     6
   25 -436.383361     8
   26 -918.404595     1
   27 10702.403502 25096
   28 -1353.364907     8
   29 -2921.970133     7
   30 35481.370729 -3202
   31 3139.615085 29956
   32 3461.471739 23649
   33 -1262.296428     5
   34 7361.670344 19086
   35 -164.401831     1
   36 784.989591  5763
   37 436.722111 19573
   38 4132.514360 27063
   39 -418.559118     7
   40 11015.995564 23419
   41 4346.186984 26823
   42 -392.377132     2
   43 5656.123802 20275
   44 3618.060658 20882
   45 13257.408006 19868
   46 -1478.813988     8
   47 -301.275279     7
   48 -825.312169     1
   49 295.348048  7208
   50 -919.623371     1
   51 -968.543918     2
   52 15800.761185 24961
   53 3115.311041 25395
   54 1565.421822 31497
   55 -1444.839582     1
   56 6457.151397 22654
   57 813.724651  9613
   58 -713.998482     3
   59 3968.522911 19985
   60 1022.933066  7593
   61 681.898686 15343
   62 456.586608 -2908
   63 -250.689290     6
   64 -454.171596     5
   65 1846.583491  7104
   66 -1481.094600     3
   67 -933.830883     0
   68 3410.083535 25634
   69 8401.195074 22064
   70 -878.412391     3
   71 8693.357081 26647
   72 25515.280294 30568
   73 -534.836209     1
   74 4929.091085 23628
   75 1406.895724  6257
   76 2835.306154 19979
   77 -136.444750     9
   78 4098.409712 18258
   79 1223.741585  7568
   80 16001.854335 27553
   81 4256.012759 17082
   82 -1079.664785     2
   83 1341.306580 20949
   84 8745.846295 27106
   85 5980.784676 18544
   86 8215.774156 11255
   87 16376.788113 28714
   88 4536.713681 13149
   89 15075.035612 -3029
   90 -1122.453239     4
   91 699.557121 15842
   92 3698.612834 11271
   93 71.191592 20863
   94 2032.180719 28772
   95 -134.028885     5
   96 -330.446978     9
   97 -1063.892711     9
   98 10632.995464 26222
   99 299.951900  6573
  100 1614.882707 27037
  101 834.726365  5828
  102 -1906.287177     9
  103 11614.002890 17746
  104 -89.255588     1
  105 148.452324  5314
  106 6323.966182 -3121
  107 3642.245297 28962
  108 -1997.393185     1
  109 14761.359128 28513
  110 3327.765251 17081
  111 19545.612156 -2851
  112 1501.895722 18467
  113 2567.903935 32528
  114 -938.388570     4
  115 -439.784482     9
  116 6121.664419 15984
  117 6608.770190 -3174
  118 -499.248013     8
  119 27728.755194 -2932
  120 18358.622009 -2959
  121 24411.354138 24028
  122 -1833.558952     1
  123 2441.675391 -2860
  124 22708.856595 27549
  125 12658.376301 -2858
  126 10755.359968 -3047
  127 9309.297070 31634
  128 -2274.471912     5
  129 2243.052940 13009
  130 -376.181957     9
  131 9657.420293 23283
  132 14702.330257 19384
  133 8591.179814 19765
  134 6642.246823 19456
  135 13685.455507 -3258
  136 384.079276  6602
  137 203.245406  9234
  138 6095.939926 18370
  139 7397.907167 11832
  140 11170.380057 28847
  141 3798.569759 11524
  142 5358.555397 30512
  143 -973.877037     7
  144 15424.546422 26094
  145 11320.346050 28238
  146 -1619.313311     4
  147 14611.335656 28525
  148 -54.783829     4
  149 -167.123971     7
  150 75.706186  5294
  151 2855.470755 15172
  152 -2574.134087     8
  153 7253.181314 26958
  154 18392.482626 -3076
  155 -2069.763999     1
  156 6015.939723 24828
  157 -3207.050502     7
  158 165.075869  5731
  159 -770.602788     1
  160 11739.093179 20722
  161 1025.832533  8195
  162 921.572548  6887
  163 1992.968980  8101
  164 894.986895  7558
  165 -99.946018     9
  166 -1269.285556     1
  167 241.636902 12462
  168 -827.910292     9
  169 188.216498  6250
  170 1838.865781 22861
  171 1028.724787 18695
  172 5789.529871 29490
  173 -1223.970699     7
  174 -3310.138042     1
  175 -2157.534643     8
  176 9961.710584 30213
  177 -884.819785     9
  178 -1224.099181     4
  179 1397.948162 16841
  180 25673.440438 31142
  181 162.694480  8905
  182 925.307342 23518
  183 21075.539316 31181
  184 -368.753259     0
  185 1522.364880 11201
  186 -574.086697     3
  187 -421.442524     1
  188 608.798861  8731
  189 -1571.986995     0
  190 265.841434  5594
  191 13521.631994 25258
  192 1451.722213 13869
  193 8667.100109 16140
  194 -2980.240515     1
  195 -212.914102     4
  196 3085.764157 -3187
  197 3206.206494 12350
  198 21978.159961 29250
  199 -215.807191     5
  200 16034.110678 21020
  201 4092.352803 11709
  202 2909.811773 17541
  203 -283.789062     3
  204 -2780.698324     5
  205 6927.461645 25824
  206 -2913.857469     2
  207 1382.594283 15814
  208 16290.244171 25022
  209 -756.523846     5
  210 92.366352  5251
  211 1049.553739  6080
  212 2514.436903 20517
  213 18150.460601 28377
  214 39250.549929 -3191
  215 -1241.235536     5
  216 -1764.939275     7
  217 487.578548  6281
  218 7193.717000 26838
  219 -410.658391     3
  220 -541.660350     0
  221 7902.039744 17350
  222 2309.809806 14458
  223 -617.647182     5
  224 26.982333 -3122
  225 6416.951229 26527
  226 18343.557146 20425
  227 4487.570130 -3204
  228 19193.571405 29261
  229 3508.059709 17613
  230 10469.195533 -3214
  231 1120.301171 30599
  232 11162.375690 27069
  233 668.965916  7552
  234 -65.329437     3
  235 957.792965  9764
  236 -1006.556419     2
  237 4397.506704 16817
  238 9336.979364 -2897
  239 4314.838825 13720
  240 -317.608624     4
  241 30.464548  5876
  242 5612.480506 -3192
  243 11134.117219 26854
  244 3583.833799 24497
  245 -968.270291     1
  246 -2220.152334     2
  247 165.157201  5546
  248 2465.602857 27208
  249 -3.075232     3
  250 689.768150 12189
  251 20496.581006 -2797
  252 399.731402 10355
  253 3545.229192 -3109
  254 39.364211  5080
  255 25477.878413 -2848
  256 4200.167000 28594
  257 11997.150627 27728
  258 -833.483457     1
  259 10201.032060 17216
  260 4.382149  5214
  261 15625.302683 24666
  262 -2302.189468     7
  263 4.398715  5074
  264 -2036.729512     0
  265 -251.032335     6
  266 8334.827488 21029
  267 7085.009320 21240
  268 3881.155215 32269
  269 20786.948068 28404
  270 -1443.624874     7
  271 875.444145  8066
  272 9914.328095 -3250
  273 885.625263  8236
  274 5226.960731 13977
  275 -2124.104344     2
  276 7254.448192 30687
  277 765.651172 31575
  278 3613.972455 28229
  279 10007.115731 -2983
  280 -269.969358     2
  281 10811.516414 28859
  282 3570.231767 11530
  283 -708.032879     7
  284 1708.875654 15765
  285 4147.213851 20705
  286 662.594644 29767
  287 655.665699 19460
  288 8423.643437 22963
  289 4387.191481 21428
  290 -788.992810     6
  291 5134.030280 31421
  292 27959.498852 26578
  293 3650.058452 15799
  294 804.758620  8784
  295 -2203.326743     8
  296 -375.853594     2
  297 3369.234485 -3018
  298 2758.841509 23046
  299 5513.942338 19927
  300 6275.453622 24137
