300
    1 0.640633  5001
    2 13612.996863 21119
    3 2017.411278 27552
    4 17898.374488 -2979
    5 24603.342581 -3267
    6 8639.357860 22605
    7 -243.079237     0
    8 5612.440739 -2786
    9 -111.628576     9
   10 1485.490582 10019
   11 7528.853384 16402
   12 -665.042201     2
   13 167.561489 12882
   14 13415.122039 25490
   15 1101.551655 10438
   16 1423.434332 23433
   17 -1753.004009     5
   18 4108.586724 17080
   19 7079.364134 11863
   20 26494.983875 28698
   21 -2497.116241     1
   22 242.685907  6611
   23 301.720376  5525
   24 -905.875276     6
   25 -262.105837     8
   26 -589.142338     1
   27 4103.174915 25096
   28 -609.429131     8
   29 -2539.980934     7
   30 6986.248931 -3202
   31 813.000994 29956
   32 4238.577926 23649
   33 -1546.018252     5
   34 1938.042508 19086
   35 -1509.900975     1
   36 156.588508  5763
   37 3969.447007 19573
   38 2732.736432 27063
   39 -499.947528     7
   40 8526.114077 23419
   41 15112.244880 26823
   42 -184.935118     2
   43 4562.140850 20275
   44 1899.206600 20882
   45 2164.686870 19868
   46 -646.474889     8
   47 -546.978013     7
   48 -1026.452698     1
   49 1624.040898  7208
   50 -117.678817     1
   51 -1237.336780     2
   52 6987.862080 24961
   53 5505.898880 25395
   54 2903.238574 31497
   55 -829.896129     1
   56 1035.286085 22654
   57 3740.585314  9613
   58 -271.590599     3
   59 8674.936777 19985
   60 531.967169  7593
   61 3245.794710 15343
   62 39301.009851 -2908
   63 -320.405479     6
   64 -1569.012997     5
   65 1320.028067  7104
   66 -438.568698     3
   67 -208.817587     0
   68 5274.438524 25634
   69 10817.266479 22064
   70 -1809.120016     3
   71 7117.420939 26647
   72 15727.965282 30568
   73 -514.343311     1
   74 9486.654134 23628
   75 93.165018  6257
   76 6882.579608 19979
   77 -3226.587510     9
   78 5447.740603 18258
   79 1396.376235  7568
   80 4250.993753 27553
   81 2739.895879 17082
   82 -240.495266     2
   83 475.329702 20949
   84 8955.338723 27106
   85 13846.610796 18544
   86 288.575256 11255
   87 15326.243828 28714
   88 2877.269515 13149
   89 5508.244078 -3029
   90 -285.152374     4
   91 1781.967598 15842
   92 6881.117523 11271
   93 3385.492840 20863
   94 9858.050544 28772
   95 -185.572079     5
   96 -362.763426     9
   97 -764.977757     9
   98 4090.852419 26222
   99 287.237002  6573
  100 1883.909318 27037
  101 59.074043  5828
  102 -582.621072     9
  103 10241.791140 17746
  104 -1292.373183     1
  105 153.187291  5314
  106 25460.978673 -3121
  107 9351.079324 28962
  108 -1944.710804     1
  109 18162.161664 28513
  110 5978.527051 17081
  111 15474.063611 -2851
  112 865.755970 18467
  113 6845.461389 32528
  114 -125.805376     4
  115 -600.665070     9
  116 5220.897711 15984
  117 16509.042860 -3174
  118 -1029.255943     8
  119 5908.160230 -2932
  120 4588.717384 -2959
  121 7792.692975 24028
  122 -4249.745450     1
  123 21486.180989 -2860
  124 5230.732473 27549
  125 4168.404089 -2858
  126 17835.909998 -3047
  127 1413.080237 31634
  128 -2549.481085     5
  129 1380.702578 13009
  130 -543.397927     9
  131 1115.807049 23283
  132 4132.123155 19384
  133 4652.263486 19765
  134 17688.595557 19456
  135 6934.185812 -3258
  136 737.580811  6602
  137 1223.150629  9234
  138 9109.678923 18370
  139 2631.020857 11832
  140 18963.675984 28847
  141 478.773815 11524
  142 5096.054364 30512
  143 -1460.515410     7
  144 326.511813 26094
  145 8333.521306 28238
  146 -1059.594795     4
  147 13874.121843 28525
  148 -594.594724     4
  149 -27.757795     7
  150 274.502152  5294
  151 1611.451939 15172
  152 -229.841198     8
  153 17921.785932 26958
  154 8130.185897 -3076
  155 -11.582328     1
  156 2486.914968 24828
  157 -1601.976049     7
  158 88.795254  5731
  159 -870.672322     1
  160 2020.308639 20722
  161 1042.658448  8195
  162 293.459235  6887
  163 1995.691567  8101
  164 1515.177219  7558
  165 -2690.063653     9
  166 -2119.685787     1
  167 250.732379 12462
  168 -402.149715     9
  169 278.546541  6250
  170 14165.904772 22861
  171 759.050935 18695
  172 18926.352311 29490
  173 -1485.037878     7
  174 -561.012323     1
  175 -1208.653633     8
  176 2693.825044 30213
  177 -229.826793     9
  178 -716.533145     4
  179 4435.354403 16841
  180 10227.973334 31142
  181 952.087916  8905
  182 22841.196166 23518
  183 15687.689108 31181
  184 -1441.886170     0
  185 2813.374802 11201
  186 -364.419321     3
  187 -501.580847     1
  188 597.332645  8731
  189 -2056.418635     0
  190 362.381458  5594
  191 17217.403885 25258
  192 8907.948802 13869
  193 9774.420536 16140
  194 -69.817164     1
  195 -256.750572     4
  196 2870.096667 -3187
  197 752.848284 12350
  198 17869.305858 29250
  199 -1142.859056     5
  200 6298.847076 21020
  201 1783.207392 11709
  202 7045.249169 17541
  203 -306.766528     3
  204 -1083.108892     5
  205 1115.779031 25824
  206 -242.983698     2
  207 907.076575 15814
  208 10430.589545 25022
  209 -724.517616     5
  210 145.520734  5251
  211 427.002471  6080
  212 10081.085244 20517
  213 1829.878117 28377
  214 11988.077749 -3191
  215 -3666.163333     5
  216 -391.246904     7
  217 256.955237  6281
  218 8282.537927 26838
  219 -2573.444310     3
  220 -259.769215     0
  221 7140.423079 17350
  222 3873.749367 14458
  223 -711.387479     5
  224 16011.379023 -3122
  225 6354.242811 26527
  226 8096.506309 20425
  227 22410.897604 -3204
  228 3556.546592 29261
  229 4395.842431 17613
  230 518.023279 -3214
  231 23014.783439 30599
  232 10618.501902 27069
  233 1114.400482  7552
  234 -1536.052012     3
  235 1504.563082  9764
  236 -1443.627173     2
  237 4309.563296 16817
  238 2058.028212 -2897
  239 6302.166004 13720
  240 -124.868743     4
  241 491.349525  5876
  242 10259.386047 -3192
  243 1634.764425 26854
  244 15656.222747 24497
  245 -1019.606805     1
  246 -1827.347802     2
  247 441.834211  5546
  248 3010.602146 27208
  249 -2594.211302     3
  250 5365.249809 12189
  251 1656.073223 -2797
  252 3483.219976 10355
  253 11372.699489 -3109
  254 30.760821  5080
  255 1445.176697 -2848
  256 6061.514676 28594
  257 8504.296627 27728
  258 -1032.502488     1
  259 12017.807705 17216
  260 95.811021  5214
  261 28159.191534 24666
  262 -177.882483     7
  263 30.944294  5074
  264 -493.688951     0
  265 -610.499876     6
  266 7540.980026 21029
  267 10336.118483 21240
  268 23604.011778 32269
  269 5074.802084 28404
  270 -27.515148     7
  271 409.759250  8066
  272 8500.393436 -3250
  273 1272.141157  8236
  274 1433.185582 13977
  275 -772.043158     2
  276 3455.350574 30687
  277 12936.424830 31575
  278 12874.743303 28229
  279 31378.284789 -2983
  280 -966.587257     2
  281 16850.637389 28859
  282 1411.738109 11530
  283 -1554.445726     7
  284 1858.684326 15765
  285 1085.922210 20705
  286 5595.347709 29767
  287 4595.461506 19460
  288 8376.320501 22963
  289 1948.818320 21428
  290 -189.471547     6
  291 11231.563387 31421
  292 8439.143539 26578
  293 1566.809270 15799
  294 3636.601679  8784
  295 -2231.890504     8
  296 -1629.942161     2
  297 2317.278199 -3018
  298 5289.528821 23046
  299 4104.786152 19927
  300 1078.482442 24137
