300
    1 0.141460  5001
    2 833.059624 21119
    3 15495.245627 27552
    4 37955.912628 -2979
    5 4656.179267 -3267
    6 4346.930991 22605
    7 -781.547884     0
    8 3263.457798 -2786
    9 -642.267766     9
   10 2150.230952 10019
   11 446.791227 16402
   12 -2171.040527     2
   13 2412.898839 12882
   14 6529.826093 25490
   15 2750.075007 10438
   16 17536.815928 23433
   17 -1500.621051     5
   18 5379.365933 17080
   19 133.530993 11863
   20 10759.796755 28698
   21 -433.818389     1
   22 1184.815494  6611
   23 24.229499  5525
   24 -467.377999     6
   25 -186.603232     8
   26 -1135.033591     1
   27 12324.688301 25096
   28 -1822.393490     8
   29 -172.935119     7
   30 10295.076828 -3202
   31 6774.538132 29956
   32 11578.229276 23649
   33 -573.194929     5
   34 1506.219504 19086
   35 -2064.488588     1
   36 366.079748  5763
   37 697.840090 19573
   38 28002.131854 27063
   39 -2879.376374     7
   40 2167.922346 23419
   41 997.840441 26823
   42 -753.219277     2
   43 1293.275094 20275
   44 17204.729085 20882
   45 7253.652231 19868
   46 -582.859799     8
   47 -352.893738     7
   48 -1867.748970     1
   49 1164.646285  7208
   50 -791.627334     1
   51 -511.428631     2
   52 13704.679810 24961
   53 10801.401015 25395
   54 7376.704930 31497
   55 -58.258443     1
   56 8169.962219 22654
   57 3420.230313  9613
   58 -124.157413     3
   59 17730.821069 19985
   60 1667.362781  7593
   61 8529.324325 15343
   62 19432.098061 -2908
   63 -478.258964     6
   64 -1381.666721     5
   65 328.049695  7104
   66 -1621.400967     3
   67 -882.600490     0
   68 7509.944980 25634
   69 4483.557625 22064
   70 -2165.146960     3
   71 13728.591025 26647
   72 3589.491269 30568
   73 -2805.826940     1
   74 1117.931120 23628
   75 1286.323594  6257
   76 9992.541745 19979
   77 -1847.490099     9
   78 3463.185860 18258
   79 224.012208  7568
   80 955.746037 27553
   81 1431.168819 17082
   82 -199.999378     2
   83 3074.268882 20949
   84 16831.175522 27106
   85 4137.949481 18544
   86 2085.151840 11255
   87 14977.040605 28714
   88 1953.351485 13149
   89 10720.790733 -3029
   90 -236.878629     4
   91 13864.059339 15842
   92 491.964559 11271
   93 7456.388850 20863
   94 1837.945115 28772
   95 -232.406275     5
   96 -259.305376     9
   97 -418.671421     9
   98 20555.081975 26222
   99 595.235725  6573
  100 8087.300692 27037
  101 71.576692  5828
  102 -125.555290     9
  103 6211.053955 17746
  104 -1073.056260     1
  105 119.573813  5314
  106 7702.152324 -3121
  107 1851.858936 28962
  108 -450.304611     1
  109 22738.306454 28513
  110 5657.255641 17081
  111 31673.190688 -2851
  112 7496.508937 18467
  113 5167.071565 32528
  114 -971.351186     4
  115 -188.964490     9
  116 342.007391 15984
  117 11154.204826 -3174
  118 -910.144702     8
  119 8411.509136 -2932
  120 22126.819200 -2959
  121 10095.036601 24028
  122 -1495.177281     1
  123 656.614001 -2860
  124 12469.770707 27549
  125 27572.995624 -2858
  126 7289.278422 -3047
  127 37192.810126 31634
  128 -106.167142     5
  129 4267.664648 13009
  130 -160.955187     9
  131 12694.391046 23283
  132 7379.073822 19384
  133 3461.473002 19765
  134 13233.146835 19456
  135 12379.731835 -3258
  136 706.208390  6602
  137 684.318624  9234
  138 13492.618196 18370
  139 3626.286188 11832
  140 14119.251130 28847
  141 1410.412786 11524
  142 29456.262563 30512
  143 -2055.206643     7
  144 3604.859384 26094
  145 2599.041042 28238
  146 -271.070222     4
  147 2376.628258 28525
  148 -577.663609     4
  149 -1567.564382     7
  150 68.438596  5294
  151 3039.735567 15172
  152 -2623.422931     8
  153 10007.192224 26958
  154 14167.662119 -3076
  155 -81.699626     1
  156 12669.588689 24828
  157 -1501.979389     7
  158 164.773619  5731
  159 -969.079271     1
  160 742.338089 20722
  161 118.716797  8195
  162 305.424297  6887
  163 1306.185205  8101
  164 737.939758  7558
  165 -133.552675     9
  166 -1970.516698     1
  167 2754.611027 12462
  168 -931.394939     9
  169 180.375972  6250
  170 1241.784831 22861
  171 3703.374478 18695
  172 11143.699833 29490
  173 -177.957971     7
  174 -1297.327369     1
  175 -3297.553430     8
  176 14063.630414 30213
  177 -851.053285     9
  178 -2628.349480     4
  179 2948.445488 16841
  180 20023.284585 31142
  181 1546.887519  8905
  182 11561.884311 23518
  183 236.527758 31181
  184 -2401.791640     0
  185 2098.437766 11201
  186 -735.263194     3
  187 -1297.201539     1
  188 3452.654723  8731
  189 -2589.796219     0
  190 340.995214  5594
  191 4879.094433 25258
  192 467.818733 13869
  193 3322.400050 16140
  194 -103.615553     1
  195 -641.435207     4
  196 18370.981599 -3187
  197 2394.234155 12350
  198 6658.337552 29250
  199 -3074.406983     5
  200 9753.960982 21020
  201 3090.279536 11709
  202 229.242790 17541
  203 -1312.045284     3
  204 -666.347725     5
  205 7553.082607 25824
  206 -468.471511     2
  207 4894.538882 15814
  208 19563.377166 25022
  209 -2484.352283     5
  210 125.768314  5251
  211 317.777635  6080
  212 4613.594881 20517
  213 2685.849361 28377
  214 15135.630522 -3191
  215 -830.490002     5
  216 -1266.522480     7
  217 473.741952  6281
  218 5562.562618 26838
  219 -1057.566641     3
  220 -1366.301375     0
  221 2592.417112 17350
  222 5593.185963 14458
  223 -2339.448183     5
  224 25329.661005 -3122
  225 2733.727409 26527
  226 494.023280 20425
  227 16314.029426 -3204
  228 10785.844615 29261
  229 2376.764354 17613
  230 22483.658664 -3214
  231 2508.708661 30599
  232 27886.683753 27069
  233 2289.245174  7552
  234 -455.280786     3
  235 888.850736  9764
  236 -517.196976     2
  237 5201.651153 16817
  238 20264.707007 -2897
  239 6584.318720 13720
  240 -1026.040473     4
  241 1020.242073  5876
  242 3782.734758 -3192
  243 9066.195902 26854
  244 2250.369843 24497
  245 -552.982734     1
  246 -500.590588     2
  247 28.886356  5546
  248 12779.338550 27208
  249 -1182.248889     3
  250 1036.217918 12189
  251 1345.824421 -2797
  252 355.555989 10355
  253 12284.708398 -3109
  254 24.876171  5080
  255 3851.187647 -2848
  256 21452.005346 28594
  257 1311.507230 27728
  258 -984.318501     1
  259 7302.134936 17216
  260 117.817523  5214
  261 1943.199215 24666
  262 -191.783976     7
  263 30.998490  5074
  264 -67.605193     0
  265 -295.834407     6
  266 7070.278934 21029
  267 9893.232822 21240
  268 2626.232665 32269
  269 18449.670847 28404
  270 -2068.330352     7
  271 569.944951  8066
  272 15850.188095 -3250
  273 1443.950506  8236
  274 5119.152899 13977
  275 -420.401212     2
  276 23759.061195 30687
  277 17806.548602 31575
  278 9105.005372 28229
  279 765.841971 -2983
  280 -43.793600     2
  281 10008.372576 28859
  282 1227.311081 11530
  283 -545.927137     7
  284 8641.558386 15765
  285 7910.518855 20705
  286 23001.449151 29767
  287 1113.817623 19460
  288 4237.766932 22963
  289 1546.097836 21428
  290 -1098.305643     6
  291 5456.359428 31421
  292 11543.958664 26578
  293 2655.015141 15799
  294 964.478046  8784
  295 -2766.498372     8
  296 -306.715252     2
  297 30909.226309 -3018
  298 20682.685972 23046
  299 3744.210776 19927
  300 11240.128736 24137
