300
    1 0.927090  5001
    2 5796.179643 21119
    3 13716.972350 27552
    4 4931.767403 -2979
    5 32978.115203 -3267
    6 4641.085188 22605
    7 -2188.182155     0
    8 18854.620336 -2786
    9 -1577.275075     9
   10 1174.379747 10019
   11 109.410615 16402
   12 -2483.536836     2
   13 3160.221419 12882
   14 9881.300373 25490
   15 904.658308 10438
   16 12111.289762 23433
   17 -1839.439999     5
   18 865.842058 17080
   19 617.977769 11863
   20 5696.460944 28698
   21 -1.240311     1
   22 934.167945  6611
   23 91.964872  5525
   24 -1184.244006     6
   25 -558.990925     8
   26 -1416.490760     1
   27 2522.630620 25096
   28 -2974.320694     8
   29 -694.785955     7
   30 8141.828384 -3202
   31 7946.260493 29956
   32 1090.751786 23649
   33 -1145.713408     5
   34 536.659003 19086
   35 -1776.416703     1
   36 49.363286  5763
   37 3110.287948 19573
   38 2170.279536 27063
   39 -299.706780     7
   40 21999.302492 23419
   41 4588.198765 26823
   42 -1405.489966     2
   43 1315.619153 20275
   44 2220.038875 20882
   45 1767.694268 19868
   46 -437.182117     8
   47 -775.259964     7
   48 -1131.728510     1
   49 475.780062  7208
   50 -565.683805     1
   51 -653.683883     2
   52 26222.788645 24961
   53 10438.801897 25395
   54 33732.001560 31497
   55 -2049.087769     1
   56 5791.924166 22654
   57 2311.640280  9613
   58 -1355.078926     3
   59 301.656414 19985
   60 1537.063851  7593
   61 14016.971669 15343
   62 1223.670808 -2908
   63 -1663.082428     6
   64 -769.520705     5
   65 194.115120  7104
   66 -2408.766782     3
   67 -404.297506     0
   68 14628.370241 25634
   69 10499.934246 22064
   70 -654.061897     3
   71 463.436879 26647
   72 6701.336716 30568
   73 -1795.243083     1
   74 16920.616978 23628
   75 93.882885  6257
   76 4304.638182 19979
   77 -1128.875809     9
   78 2899.615211 18258
   79 955.027470  7568
   80 5699.991192 27553
   81 17508.837916 17082
   82 -512.439739     2
   83 306.216538 20949
   84 3522.232167 27106
   85 1001.716290 18544
   86 1409.384913 11255
   87 18372.808178 28714
   88 5058.384074 13149
   89 3949.907025 -3029
   90 -1716.250952     4
   91 4486.087862 15842
   92 2296.751315 11271
   93 13298.570679 20863
   94 12383.707650 28772
   95 -551.156193     5
   96 -39.869336     9
   97 -2410.280829     9
   98 1600.663064 26222
   99 727.475990  6573
  100 25496.627981 27037
  101 139.398487  5828
  102 -407.354064     9
  103 3567.000627 17746
  104 -2124.402247     1
  105 79.455554  5314
  106 2058.001036 -3121
  107 2785.737158 28962
  108 -1628.304851     1
  109 7543.410542 28513
  110 555.328210 17081
  111 29849.349306 -2851
  112 15509.992702 18467
  113 5406.293429 32528
  114 -601.708188     4
  115 -2451.633039     9
  116 8644.150101 15984
  117 9740.434022 -3174
  118 -682.091259     8
  119 24653.997662 -2932
  120 7631.208059 -2959
  121 6568.602191 24028
  122 -938.502348     1
  123 2554.259646 -2860
  124 4556.623573 27549
  125 14077.647695 -2858
  126 4131.318844 -3047
  127 11298.309461 31634
  128 -2135.905663     5
  129 3038.500653 13009
  130 -507.332716     9
  131 907.501385 23283
  132 14340.835497 19384
  133 10937.733943 19765
  134 5854.263672 19456
  135 3105.582138 -3258
  136 413.463634  6602
  137 3484.461078  9234
  138 16935.698885 18370
  139 786.502267 11832
  140 7187.845026 28847
  141 2061.025136 11524
  142 19846.347708 30512
  143 -1161.564450     7
  144 16014.625700 26094
  145 16383.493846 28238
  146 -1036.911856     4
  147 5688.276799 28525
  148 -80.879886     4
  149 -966.158734     7
  150 25.039067  5294
  151 1695.324816 15172
  152 -573.999928     8
  153 9814.242210 26958
  154 7704.757058 -3076
  155 -892.304161     1
  156 9043.780871 24828
  157 -643.958773     7
  158 72.173280  5731
  159 -1112.658962     1
  160 2270.428024 20722
  161 3397.495611  8195
  162 460.951910  6887
  163 3528.754146  8101
  164 2204.964875  7558
  165 -721.680553     9
  166 -1907.848026     1
  167 2533.320251 12462
  168 -530.864034     9
  169 129.664613  6250
  170 7419.931695 22861
  171 2356.601451 18695
  172 1302.072197 29490
  173 -1804.589988     7
  174 -161.043715     1
  175 -106.796278     8
  176 12118.540521 30213
  177 -546.191106     9
  178 -1084.802162     4
  179 2060.867444 16841
  180 21946.422472 31142
  181 536.412830  8905
  182 752.179946 23518
  183 22627.876530 31181
  184 -560.535805     0
  185 8675.299459 11201
  186 -465.454473     3
  187 -20.157870     1
  188 3867.454575  8731
  189 -1088.505208     0
  190 292.903563  5594
  191 15016.255984 25258
  192 3255.001142 13869
  193 1984.023717 16140
  194 -50.977946     1
  195 -1280.188756     4
  196 7066.565840 -3187
  197 3249.709343 12350
  198 2276.502014 29250
  199 -330.148970     5
  200 12621.434538 21020
  201 2980.431369 11709
  202 3369.510716 17541
  203 -1492.003166     3
  204 -2886.490936     5
  205 13853.896324 25824
  206 -610.836069     2
  207 7744.358771 15814
  208 136.837852 25022
  209 -1691.011625     5
  210 178.457120  5251
  211 15.623407  6080
  212 6748.637424 20517
  213 7918.373330 28377
  214 9714.014689 -3191
  215 -942.476278     5
  216 -519.676616     7
  217 1009.151124  6281
  218 4719.178550 26838
  219 -153.620644     3
  220 -1209.007359     0
  221 9720.602120 17350
  222 1428.967821 14458
  223 -517.673965     5
  224 345.844828 -3122
  225 14851.438148 26527
  226 13654.985390 20425
  227 12062.628756 -3204
  228 9378.329994 29261
  229 416.887128 17613
  230 4685.111437 -3214
  231 13056.688355 30599
  232 4128.828151 27069
  233 2495.562609  7552
  234 -1527.890629     3
  235 1967.430556  9764
  236 -433.660177     2
  237 3724.733035 16817
  238 5221.185442 -2897
  239 3317.707633 13720
  240 -633.600912     4
  241 130.262149  5876
  242 10509.500627 -3192
  243 4841.187024 26854
  244 792.610730 24497
  245 -59.385577     1
  246 -1160.239599     2
  247 358.579487  5546
  248 7505.913345 27208
  249 -1878.066573     3
  250 1640.102969 12189
  251 11452.292860 -2797
  252 1295.374531 10355
  253 3461.766228 -3109
  254 17.116403  5080
  255 42555.905976 -2848
  256 11907.204732 28594
  257 12818.541329 27728
  258 -233.333670     1
  259 6009.578894 17216
  260 71.597385  5214
  261 4582.453007 24666
  262 -745.202897     7
  263 61.303914  5074
  264 -1037.518502     0
  265 -861.823304     6
  266 7279.851070 21029
  267 13205.754529 21240
  268 13993.125072 32269
  269 4367.170353 28404
  270 -686.611758     7
  271 1011.449266  8066
  272 14857.815116 -3250
  273 3385.695381  8236
  274 4784.698527 13977
  275 -1880.035044     2
  276 14732.095280 30687
  277 5370.506098 31575
  278 13303.285208 28229
  279 18539.629481 -2983
  280 -1318.270598     2
  281 9721.248351 28859
  282 4695.985461 11530
  283 -502.990017     7
  284 1293.398347 15765
  285 9251.417555 20705
  286 7418.359936 29767
  287 318.913412 19460
  288 8888.372983 22963
  289 3733.377406 21428
  290 -2368.166732     6
  291 4652.974201 31421
  292 5085.235117 26578
  293 890.464243 15799
  294 3623.344681  8784
  295 -648.521745     8
  296 -229.441351     2
  297 23337.198925 -3018
  298 4562.758443 23046
  299 9285.970963 19927
  300 19339.696376 24137
