300
    1 0.383544  5001
    2 5397.408264 21119
    3 5749.047158 27552
    4 3556.222402 -2979
    5 232.081840 -3267
    6 4915.596087 22605
    7 -128.507134     0
    8 16134.049903 -2786
    9 -769.246116     9
   10 3364.582362 10019
   11 9835.384577 16402
   12 -949.085765     2
   13 4318.687392 12882
   14 16447.463979 25490
   15 1404.717820 10438
   16 4568.801775 23433
   17 -1104.419903     5
   18 691.422900 17080
   19 3548.052669 11863
   20 14572.322184 28698
   21 -1654.237527     1
   22 660.150848  6611
   23 186.005944  5525
   24 -413.878025     6
   25 -636.625515     8
   26 -960.957651     1
   27 1581.786888 25096
   28 -337.244692     8
   29 -1830.363912     7
   30 2272.947005 -3202
   31 8593.664474 29956
   32 8628.317854 23649
   33 -1616.547454     5
   34 1361.484019 19086
   35 -265.587424     1
   36 318.557700  5763
   37 9987.953445 19573
   38 6884.689148 27063
   39 -1479.972248     7
   40 5789.732360 23419
   41 14321.818284 26823
   42 -2615.514133     2
   43 1023.046073 20275
   44 4571.667189 20882
   45 9089.333105 19868
   46 -401.233807     8
   47 -958.914831     7
   48 -341.905420     1
   49 502.067239  7208
   50 -232.120055     1
   51 -398.069074     2
   52 8299.182108 24961
   53 6611.610622 25395
   54 23965.508539 31497
   55 -1023.312819     1
   56 10805.263723 22654
   57 3779.389872  9613
   58 -772.784226     3
   59 10715.817259 19985
   60 488.655346  7593
   61 3012.960555 15343
   62 14111.548977 -2908
   63 -357.559214     6
   64 -337.470528     5
   65 1140.611744  7104
   66 -388.002687     3
   67 -622.406264     0
   68 2566.988632 25634
   69 3329.714653 22064
   70 -64.036224     3
   71 11377.876077 26647
   72 21002.896328 30568
   73 -184.089667     1
   74 12475.506839 23628
   75 23.664197  6257
   76 4006.244788 19979
   77 -1263.056946     9
   78 1574.657319 18258
   79 87.944772  7568
   80 13048.950536 27553
   81 2080.587230 17082
   82 -663.373882     2
   83 3642.627635 20949
   84 11250.278372 27106
   85 1194.325829 18544
   86 2770.048714 11255
   87 24181.541050 28714
   88 2867.228144 13149
   89 14189.484777 -3029
   90 -897.920392     4
   91 7833.177018 15842
   92 4418.497178 11271
   93 12880.519312 20863
   94 8569.598302 28772
   95 -744.192277     5
   96 -782.896511     9
   97 -2855.592789     9
   98 1747.299462 26222
   99 339.223745  6573
  100 7097.384122 27037
  101 59.404436  5828
  102 -205.371244     9
  103 10319.700717 17746
  104 -1049.946833     1
  105 179.940902  5314
  106 17179.171597 -3121
  107 13204.075967 28962
  108 -2126.288668     1
  109 20899.556707 28513
  110 4251.687426 17081
  111 9103.819814 -2851
  112 8847.708160 18467
  113 18882.008329 32528
  114 -196.559414     4
  115 -1929.281356     9
  116 7636.808723 15984
  117 9842.800965 -3174
  118 -534.416331     8
  119 18051.412589 -2932
  120 705.624068 -2959
  121 14842.249613 24028
  122 -192.624658     1
  123 13855.124068 -2860
  124 4348.884685 27549
  125 11564.190376 -2858
  126 870.128198 -3047
  127 12904.122685 31634
  128 -4.840742     5
  129 3396.841750 13009
  130 -478.744661     9
  131 21838.554415 23283
  132 1610.344776 19384
  133 19483.739414 19765
  134 6336.084794 19456
  135 22778.406901 -3258
  136 1156.089660  6602
  137 2719.016939  9234
  138 1464.338932 18370
  139 2232.896979 11832
  140 9019.789098 28847
  141 483.448532 11524
  142 5139.466433 30512
  143 -1883.142392     7
  144 5558.770189 26094
  145 3315.549022 28238
  146 -267.132901     4
  147 4792.978617 28525
  148 -468.541927     4
  149 -474.039411     7
  150 110.319010  5294
  151 7414.032416 15172
  152 -1198.481581     8
  153 3578.678247 26958
  154 1455.749378 -3076
  155 -598.739163     1
  156 10774.337874 24828
  157 -1986.090114     7
  158 185.754675  5731
  159 -1227.803507     1
  160 2065.055651 20722
  161 1001.506450  8195
  162 1481.165135  6887
  163 337.166765  8101
  164 1318.788384  7558
  165 -2500.421142     9
  166 -1127.361714     1
  167 681.120320 12462
  168 -1618.766965     9
  169 180.846159  6250
  170 9716.498532 22861
  171 8459.217759 18695
  172 21553.611322 29490
  173 -1341.827909     7
  174 -1588.879579     1
  175 -662.702698     8
  176 10988.345816 30213
  177 -1773.557360     9
  178 -65.997037     4
  179 2644.330568 16841
  180 11253.624239 31142
  181 2747.760149  8905
  182 6150.730667 23518
  183 17799.309686 31181
  184 -268.094089     0
  185 1508.610054 11201
  186 -938.306067     3
  187 -260.118546     1
  188 803.297852  8731
  189 -2647.431824     0
  190 340.692877  5594
  191 4512.589349 25258
  192 7272.443471 13869
  193 434.163844 16140
  194 -421.546968     1
  195 -896.086594     4
  196 2838.244698 -3187
  197 178.557426 12350
  198 21853.408337 29250
  199 -394.695916     5
  200 3144.609510 21020
  201 222.179747 11709
  202 8101.635561 17541
  203 -693.886305     3
  204 -3043.809848     5
  205 2207.067316 25824
  206 -1194.197604     2
  207 6298.953835 15814
  208 4561.008886 25022
  209 -1238.038401     5
  210 108.666209  5251
  211 643.508725  6080
  212 3053.045386 20517
  213 5114.865810 28377
  214 33121.639331 -3191
  215 -2628.365515     5
  216 -458.067289     7
  217 884.611215  6281
  218 23471.255363 26838
  219 -406.338259     3
  220 -731.727875     0
  221 4313.737276 17350
  222 5917.937696 14458
  223 -604.376064     5
  224 1312.229898 -3122
  225 14029.420938 26527
  226 10057.636334 20425
  227 6771.034349 -3204
  228 2761.609726 29261
  229 5624.919495 17613
  230 41054.179572 -3214
  231 12013.205661 30599
  232 24381.727811 27069
  233 494.704473  7552
  234 -3334.646732     3
  235 1383.874452  9764
  236 -2.759051     2
  237 1492.522134 16817
  238 26752.926282 -2897
  239 2926.175627 13720
  240 -3033.342629     4
  241 167.775800  5876
  242 9191.930904 -3192
  243 1142.829682 26854
  244 14600.099488 24497
  245 -129.156129     1
  246 -1082.087767     2
  247 66.105389  5546
  248 7154.362980 27208
  249 -301.523882     3
  250 4448.535491 12189
  251 4065.391438 -2797
  252 953.593727 10355
  253 5791.369186 -3109
  254 7.865809  5080
  255 15381.963485 -2848
  256 4037.820114 28594
  257 16381.281227 27728
  258 -164.649905     1
  259 3604.009087 17216
  260 40.794334  5214
  261 2497.510376 24666
  262 -555.688945     7
  263 30.090622  5074
  264 -1512.458162     0
  265 -502.518483     6
  266 18026.110871 21029
  267 1414.059808 21240
  268 20086.218431 32269
  269 1575.682130 28404
  270 -615.078713     7
  271 546.935359  8066
  272 28356.171306 -3250
  273 554.564517  8236
  274 5331.501071 13977
  275 -2454.429931     2
  276 15575.585124 30687
  277 5619.973973 31575
  278 16087.095393 28229
  279 15809.971663 -2983
  280 -420.892566     2
  281 2198.668026 28859
  282 171.538311 11530
  283 -789.506090     7
  284 6756.486995 15765
  285 1944.769072 20705
  286 6049.784801 29767
  287 2808.826506 19460
  288 3976.297660 22963
  289 5164.841759 21428
  290 -1130.625928     6
  291 9719.880878 31421
  292 1990.088952 26578
  293 5035.245455 15799
  294 1143.454102  8784
  295 -705.789580     8
  296 -1078.397158     2
  297 2735.683367 -3018
  298 2733.040787 23046
  299 6392.825011 19927
  300 8062.741897 24137
