300
    1 0.244529  5001
    2 7615.314676 21119
    3 12997.158218 27552
    4 15522.383621 -2979
    5 4566.606107 -3267
    6 1370.954726 22605
    7 -416.193071     0
    8 10937.944332 -2786
    9 -633.696547     9
   10 1624.585193 10019
   11 4452.808185 16402
   12 -1020.683528     2
   13 155.959825 12882
   14 5251.940156 25490
   15 4515.906880 10438
   16 1840.377831 23433
   17 -1290.086212     5
   18 13616.450290 17080
   19 677.098859 11863
   20 5257.657214 28698
   21 -28.352942     1
   22 939.965399  6611
   23 80.047015  5525
   24 -921.889764     6
   25 -228.027048     8
   26 -1685.517868     1
   27 1528.552951 25096
   28 -290.671261     8
   29 -630.493835     7
   30 7411.515133 -3202
   31 1728.955336 29956
   32 13703.726009 23649
   33 -1328.834043     5
   34 3675.628172 19086
   35 -331.148809     1
   36 623.167928  5763
   37 4134.104251 19573
   38 8356.568717 27063
   39 -1115.092021     7
   40 15125.715778 23419
   41 1464.955222 26823
   42 -106.685225     2
   43 170.519213 20275
   44 6606.877017 20882
   45 13632.009266 19868
   46 -98.766039     8
   47 -516.307440     7
   48 -476.913783     1
   49 1684.066159  7208
   50 -179.338607     1
   51 -40.923648     2
   52 9274.877252 24961
   53 18006.933973 25395
   54 11279.868451 31497
   55 -818.421682     1
   56 18758.377537 22654
   57 1986.403961  9613
   58 -335.280690     3
   59 2918.482514 19985
   60 1618.287132  7593
   61 4189.673058 15343
   62 16497.080140 -2908
   63 -201.745994     6
   64 -2657.307602     5
   65 1380.646328  7104
   66 -590.678238     3
   67 -283.874854     0
   68 11037.464485 25634
   69 1425.231809 22064
   70 -313.776493     3
   71 2587.403711 26647
   72 9704.850529 30568
   73 -1988.722720     1
   74 2894.039064 23628
   75 767.364580  6257
   76 8274.189241 19979
   77 -1930.920475     9
   78 1828.584085 18258
   79 1134.422647  7568
   80 4194.256388 27553
   81 3496.376836 17082
   82 -67.961381     2
   83 2755.340869 20949
   84 8764.230859 27106
   85 6767.330026 18544
   86 4512.616074 11255
   87 2940.419052 28714
   88 571.628061 13149
   89 8703.963496 -3029
   90 -1141.791849     4
   91 2204.730434 15842
   92 1038.656576 11271
   93 11413.528725 20863
   94 14327.940128 28772
   95 -1160.478572     5
   96 -894.078140     9
   97 -2368.061804     9
   98 13102.674895 26222
   99 1841.347621  6573
  100 1607.299658 27037
  101 798.759223  5828
  102 -498.004463     9
  103 2642.093227 17746
  104 -2052.772652     1
  105 188.179689  5314
  106 12833.199686 -3121
  107 3097.466657 28962
  108 -1512.883075     1
  109 7984.281914 28513
  110 5734.775501 17081
  111 171.441492 -2851
  112 10326.271879 18467
  113 10023.733456 32528
  114 -1475.218847     4
  115 -1262.868585     9
  116 2389.171270 15984
  117 1681.559956 -3174
  118 -353.531314     8
  119 1570.900690 -2932
  120 14722.622225 -2959
  121 8887.224116 24028
  122 -275.982790     1
  123 4795.273801 -2860
  124 12419.459682 27549
  125 1665.016058 -2858
  126 17040.234732 -3047
  127 11549.144489 31634
  128 -613.557922     5
  129 1087.381474 13009
  130 -281.850385     9
  131 6771.415800 23283
  132 4824.429432 19384
  133 6967.719326 19765
  134 7910.058335 19456
  135 13670.884115 -3258
  136 749.685859  6602
  137 831.872695  9234
  138 9060.474901 18370
  139 1733.651677 11832
  140 11352.563813 28847
  141 1656.558812 11524
  142 6124.751811 30512
  143 -1138.501476     7
  144 3035.348245 26094
  145 15549.948655 28238
  146 -1012.551849     4
  147 15336.428387 28525
  148 -2128.766926     4
  149 -1261.065967     7
  150 205.612498  5294
  151 1282.019254 15172
  152 -4593.096849     8
  153 20309.043808 26958
  154 2913.369200 -3076
  155 -399.259395     1
  156 5995.792333 24828
  157 -817.339894     7
  158 353.524729  5731
  159 -74.725708     1
  160 8659.660378 20722
  161 2572.039769  8195
  162 955.632070  6887
  163 202.606859  8101
  164 1674.622534  7558
  165 -1333.215077     9
  166 -1296.227872     1
  167 1700.886535 12462
  168 -1427.241705     9
  169 624.368505  6250
  170 9511.475518 22861
  171 4400.414175 18695
  172 11084.500566 29490
  173 -679.186148     7
  174 -1809.255392     1
  175 -601.481184     8
  176 3288.481300 30213
  177 -1113.946832     9
  178 -2579.257975     4
  179 9458.827536 16841
  180 13072.756501 31142
  181 2172.257654  8905
  182 4069.998743 23518
  183 26679.172173 31181
  184 -1630.856162     0
  185 255.250472 11201
  186 -100.876218     3
  187 -54.700688     1
  188 597.099038  8731
  189 -2012.157711     0
  190 163.783276  5594
  191 3676.771825 25258
  192 15252.454994 13869
  193 6735.846606 16140
  194 -17.338475     1
  195 -764.999262     4
  196 5423.891296 -3187
  197 1588.038146 12350
  198 7570.306248 29250
  199 -2382.135123     5
  200 12347.828394 21020
  201 1414.580198 11709
  202 2652.839838 17541
  203 -258.446529     3
  204 -2652.115015     5
  205 6386.378625 25824
  206 -428.128342     2
  207 2254.499984 15814
  208 13718.510114 25022
  209 -558.055158     5
  210 205.735603  5251
  211 479.165109  6080
  212 3420.923417 20517
  213 3262.970513 28377
  214 10590.624811 -3191
  215 -1947.722420     5
  216 -521.011360     7
  217 341.170673  6281
  218 1216.831060 26838
  219 -452.617555     3
  220 -1416.572420     0
  221 5614.755341 17350
  222 1189.376588 14458
  223 -766.037707     5
  224 10164.857499 -3122
  225 20981.132837 26527
  226 5031.993642 20425
  227 509.111430 -3204
  228 10132.463444 29261
  229 6304.100242 17613
  230 12281.814756 -3214
  231 6667.104742 30599
  232 18781.331547 27069
  233 16.636035  7552
  234 -2303.226020     3
  235 1308.191264  9764
  236 -1150.408019     2
  237 1266.709512 16817
  238 9011.907200 -2897
  239 2926.012224 13720
  240 -2737.217148     4
  241 193.938901  5876
  242 9555.625100 -3192
  243 17849.948706 26854
  244 2775.454678 24497
  245 -309.535721     1
  246 -182.384661     2
  247 234.329909  5546
  248 13843.840983 27208
  249 -359.885266     3
  250 1031.920263 12189
  251 11854.940799 -2797
  252 1893.862671 10355
  253 3601.699832 -3109
  254 48.773193  5080
  255 9464.360089 -2848
  256 9959.732660 28594
  257 15757.636905 27728
  258 -976.498952     1
  259 1021.466471 17216
  260 19.225299  5214
  261 13204.176121 24666
  262 -2305.967884     7
  263 61.618738  5074
  264 -62.765677     0
  265 -528.708554     6
  266 513.619215 21029
  267 11064.030258 21240
  268 2005.761384 32269
  269 10825.357161 28404
  270 -2659.532268     7
  271 2838.881073  8066
  272 15486.343697 -3250
  273 1076.077206  8236
  274 989.066877 13977
  275 -1817.066049     2
  276 25073.614674 30687
  277 3894.888709 31575
  278 2967.643172 28229
  279 11588.571262 -2983
  280 -1299.555718     2
  281 10934.038491 28859
  282 3580.928091 11530
  283 -797.541979     7
  284 8670.056444 15765
  285 5737.760753 20705
  286 9987.953305 29767
  287 11135.955477 19460
  288 2708.501234 22963
  289 8092.281834 21428
  290 -713.974801     6
  291 2082.624022 31421
  292 416.887742 26578
  293 8032.225286 15799
  294 478.173821  8784
  295 -1131.950650     8
  296 -39.415583     2
  297 13015.363966 -3018
  298 1592.736445 23046
  299 134.714076 19927
  300 6756.194234 24137
