300
    1 0.074000  5001
    2 5420.256397 21119
    3 8312.706558 27552
    4 3746.660579 -2979
    5 5301.068211 -3267
    6 8949.290881 22605
    7 -870.014806     0
    8 8709.531506 -2786
    9 -1045.420394     9
   10 2178.898775 10019
   11 2541.828437 16402
   12 -247.831389     2
   13 3069.295751 12882
   14 5130.366000 25490
   15 307.553370 10438
   16 1739.601316 23433
   17 -1576.876018     5
   18 6741.566147 17080
   19 3515.207236 11863
   20 25324.064452 28698
   21 -1280.483009     1
   22 95.125990  6611
   23 94.353564  5525
   24 -1912.289015     6
   25 -774.147020     8
   26 -205.220407     1
   27 1424.979552 25096
   28 -2092.892513     8
   29 -871.742611     7
   30 16970.421361 -3202
   31 14087.335276 29956
   32 23854.952848 23649
   33 -721.574237     5
   34 1910.469605 19086
   35 -2347.855155     1
   36 456.609893  5763
   37 9851.514126 19573
   38 20168.255966 27063
   39 -1040.617615     7
   40 4377.672580 23419
   41 9007.340475 26823
   42 -6.107927     2
   43 3114.810089 20275
   44 7869.637163 20882
   45 4753.318892 19868
   46 -178.466904     8
   47 -1316.779358     7
   48 -154.453969     1
   49 528.542696  7208
   50 -1587.475150     1
   51 -2237.059928     2
   52 10272.805133 24961
   53 2028.036368 25395
   54 16708.202670 31497
   55 -612.065860     1
   56 10000.294320 22654
   57 3023.086099  9613
   58 -2969.856600     3
   59 10054.319670 19985
   60 908.432679  7593
   61 2027.046546 15343
   62 29388.499853 -2908
   63 -85.336847     6
   64 -1620.661588     5
   65 1654.114874  7104
   66 -603.578084     3
   67 -2539.704188     0
   68 6031.133310 25634
   69 10868.689133 22064
   70 -772.416521     3
   71 2034.361407 26647
   72 13318.547953 30568
   73 -470.390382     1
   74 32325.542028 23628
   75 422.554647  6257
   76 13970.855709 19979
   77 -314.707959     9
   78 370.961858 18258
   79 1624.131656  7568
   80 4052.348325 27553
   81 8045.928518 17082
   82 -1535.944634     2
   83 8828.251255 20949
   84 6042.748134 27106
   85 1677.094273 18544
   86 5988.441125 11255
   87 1520.222420 28714
   88 4758.222055 13149
   89 1227.161391 -3029
   90 -1168.810774     4
   91 5679.803479 15842
   92 2099.899568 11271
   93 22817.832312 20863
   94 11200.233853 28772
   95 -1199.632739     5
   96 -620.831178     9
   97 -742.366088     9
   98 2832.551381 26222
   99 1170.295605  6573
  100 8537.378067 27037
  101 233.304884  5828
  102 -714.224982     9
  103 7403.441789 17746
  104 -2737.674889     1
  105 83.695206  5314
  106 2890.466911 -3121
  107 7951.030981 28962
  108 -550.584184     1
  109 16746.530576 28513
  110 4700.519082 17081
  111 4622.508134 -2851
  112 5912.438463 18467
  113 2400.820516 32528
  114 -1351.390935     4
  115 -1326.885809     9
  116 91.203830 15984
  117 4618.926725 -3174
  118 -1884.148688     8
  119 3980.428709 -2932
  120 13383.408294 -2959
  121 1035.589998 24028
  122 -1491.642198     1
  123 12058.668127 -2860
  124 17594.340297 27549
  125 7210.548568 -2858
  126 418.758444 -3047
  127 11595.775281 31634
  128 -2149.849627     5
  129 130.146148 13009
  130 -662.842656     9
  131 7606.050582 23283
  132 1025.076426 19384
  133 4765.645051 19765
  134 8421.310640 19456
  135 19862.838192 -3258
  136 656.741015  6602
  137 1630.052035  9234
  138 713.979334 18370
  139 7816.744766 11832
  140 1636.241330 28847
  141 1582.549192 11524
  142 10482.999677 30512
  143 -353.131871     7
  144 8581.554381 26094
  145 5023.496855 28238
  146 -758.030664     4
  147 9664.412085 28525
  148 -1469.647826     4
  149 -177.980726     7
  150 69.526167  5294
  151 1278.566700 15172
  152 -385.632010     8
  153 5387.944307 26958
  154 14090.232204 -3076
  155 -1926.149106     1
  156 917.616543 24828
  157 -950.535092     7
  158 193.247310  5731
  159 -375.577337     1
  160 4614.374355 20722
  161 530.838344  8195
  162 760.916386  6887
  163 1366.005715  8101
  164 934.221379  7558
  165 -3399.441151     9
  166 -81.075280     1
  167 1828.727641 12462
  168 -811.410273     9
  169 647.863429  6250
  170 2532.347448 22861
  171 6203.532776 18695
  172 9634.245052 29490
  173 -539.443402     7
  174 -199.612115     1
  175 -475.282508     8
  176 143.657905 30213
  177 -771.881833     9
  178 -748.630664     4
  179 141.439424 16841
  180 14046.365345 31142
  181 1551.667833  8905
  182 496.553234 23518
  183 6382.159054 31181
  184 -1719.262038     0
  185 2091.311703 11201
  186 -93.142213     3
  187 -3362.537025     1
  188 1858.745388  8731
  189 -935.372660     0
  190 174.753604  5594
  191 23033.716773 25258
  192 2804.980151 13869
  193 878.266109 16140
  194 -298.915894     1
  195 -434.304276     4
  196 14641.259269 -3187
  197 7391.102778 12350
  198 896.792264 29250
  199 -789.697608     5
  200 5246.781671 21020
  201 355.505627 11709
  202 2237.494115 17541
  203 -48.550893     3
  204 -114.480980     5
  205 8551.476031 25824
  206 -588.664271     2
  207 8104.511611 15814
  208 2869.402228 25022
  209 -1145.647588     5
  210 57.790386  5251
  211 678.581688  6080
  212 7248.185266 20517
  213 12968.503773 28377
  214 3278.524188 -3191
  215 -1109.591018     5
  216 -682.149021     7
  217 52.890825  6281
  218 3186.463134 26838
  219 -647.588996     3
  220 -1674.147347     0
  221 4531.977253 17350
  222 3492.960981 14458
  223 -1163.209260     5
  224 3961.106503 -3122
  225 13140.350050 26527
  226 6387.511482 20425
  227 6418.227196 -3204
  228 5215.555573 29261
  229 10007.053490 17613
  230 5178.037502 -3214
  231 11308.543815 30599
  232 6174.630285 27069
  233 1689.594303  7552
  234 -2382.061477     3
  235 3689.003107  9764
  236 -1126.475835     2
  237 6891.131173 16817
  238 4173.484674 -2897
  239 3986.904242 13720
  240 -463.027417     4
  241 261.103461  5876
  242 25025.521534 -3192
  243 11588.664405 26854
  244 845.739155 24497
  245 -1771.053899     1
  246 -243.588753     2
  247 134.207551  5546
  248 6665.613579 27208
  249 -1236.230227     3
  250 1401.874820 12189
  251 27294.523697 -2797
  252 1037.507692 10355
  253 15129.537880 -3109
  254 44.051238  5080
  255 50622.801902 -2848
  256 9385.493984 28594
  257 18527.702912 27728
  258 -1494.402947     1
  259 7599.816784 17216
  260 85.333369  5214
  261 5035.801046 24666
  262 -720.023479     7
  263 28.120931  5074
  264 -1170.676508     0
  265 -164.882268     6
  266 1692.445758 21029
  267 2955.131684 21240
  268 8045.950297 32269
  269 8607.941837 28404
  270 -1287.933205     7
  271 2755.788356  8066
  272 1882.392217 -3250
  273 2003.055990  8236
  274 4385.023551 13977
  275 -2127.556445     2
  276 5472.786052 30687
  277 1464.648368 31575
  278 2537.453587 28229
  279 14708.749719 -2983
  280 -675.909495     2
  281 18168.261451 28859
  282 913.549946 11530
  283 -660.759230     7
  284 5099.382727 15765
  285 9250.350109 20705
  286 8873.023159 29767
  287 12578.207887 19460
  288 6788.011568 22963
  289 7392.271166 21428
  290 -1014.225603     6
  291 3642.685869 31421
  292 3231.124146 26578
  293 7121.087103 15799
  294 1260.981129  8784
  295 -2119.757572     8
  296 -1776.965449     2
  297 26085.288567 -3018
  298 989.158033 23046
  299 5099.875168 19927
  300 4729.844358 24137
