300
    1 0.044554  5001
    2 2241.864973 21119
    3 6952.611702 27552
    4 31062.986801 -2979
    5 9950.105437 -3267
    6 782.321111 22605
    7 -931.316641     0
    8 3225.244350 -2786
    9 -1341.303309     9
   10 1157.955897 10019
   11 1607.022828 16402
   12 -2259.764613     2
   13 4647.143753 12882
   14 17366.357792 25490
   15 3581.975829 10438
   16 2959.594743 23433
   17 -7.101455     5
   18 1436.331409 17080
   19 50.276515 11863
   20 1848.889908 28698
   21 -842.006130     1
   22 747.599867  6611
   23 254.909462  5525
   24 -412.222298     6
   25 -551.458634     8
   26 -147.081777     1
   27 18790.550022 25096
   28 -1835.278047     8
   29 -1661.443887     7
   30 6202.113106 -3202
   31 2955.124954 29956
   32 13288.920901 23649
   33 -446.501220     5
   34 7064.880287 19086
   35 -4102.782632     1
   36 501.577953  5763
   37 3743.886348 19573
   38 7646.608808 27063
   39 -1836.131106     7
   40 3376.975997 23419
   41 16921.331829 26823
   42 -513.359956     2
   43 3574.308041 20275
   44 3268.475311 20882
   45 11298.703257 19868
   46 -365.500416     8
   47 -489.129451     7
   48 -389.434503     1
   49 551.811531  7208
   50 -713.505725     1
   51 -2094.636230     2
   52 744.755995 24961
   53 7387.408463 25395
   54 8831.799313 31497
   55 -3437.081326     1
   56 4097.454334 22654
   57 2874.853156  9613
   58 -637.681843     3
   59 10178.806075 19985
   60 1891.150505  7593
   61 2764.326913 15343
   62 5904.594658 -2908
   63 -1159.458728     6
   64 -998.641506     5
   65 1308.431934  7104
   66 -388.434044     3
   67 -1732.161976     0
   68 16477.564675 25634
   69 5248.381954 22064
   70 -1019.609889     3
   71 4428.951285 26647
   72 1793.859557 30568
   73 -1041.937446     1
   74 4794.468500 23628
   75 780.692202  6257
   76 6311.813863 19979
   77 -1726.899047     9
   78 1879.386971 18258
   79 1169.451206  7568
   80 10705.326632 27553
   81 326.008279 17082
   82 -155.513293     2
   83 10120.250110 20949
   84 6257.398743 27106
   85 3085.428731 18544
   86 650.012051 11255
   87 21897.044941 28714
   88 688.932745 13149
   89 8262.490516 -3029
   90 -505.356257     4
   91 1106.122886 15842
   92 442.635895 11271
   93 6842.868549 20863
   94 4042.080106 28772
   95 -835.660080     5
   96 -501.085730     9
   97 -1534.112284     9
   98 1078.168892 26222
   99 871.722238  6573
  100 12610.697231 27037
  101 808.771029  5828
  102 -1502.495012     9
  103 10523.043424 17746
  104 -613.965649     1
  105 139.784896  5314
  106 13046.106069 -3121
  107 5310.041874 28962
  108 -1574.863798     1
  109 16562.506294 28513
  110 4487.458581 17081
  111 16472.795199 -2851
  112 2790.625858 18467
  113 21033.179358 32528
  114 -124.188761     4
  115 -836.553169     9
  116 2504.891012 15984
  117 23633.696428 -3174
  118 -758.707783     8
  119 23977.514171 -2932
  120 9302.478263 -2959
  121 9209.246707 24028
  122 -885.084021     1
  123 1064.742853 -2860
  124 14187.548189 27549
  125 8515.606834 -2858
  126 8233.467065 -3047
  127 16791.993755 31634
  128 -1065.103687     5
  129 6845.417698 13009
  130 -637.244352     9
  131 6710.549933 23283
  132 2350.306806 19384
  133 12251.012319 19765
  134 5565.283574 19456
  135 8125.195442 -3258
  136 252.806473  6602
  137 2297.056102  9234
  138 2788.027694 18370
  139 2805.753420 11832
  140 2576.339393 28847
  141 2091.726236 11524
  142 6266.582872 30512
  143 -1622.879173     7
  144 9034.864387 26094
  145 15082.853895 28238
  146 -1218.095926     4
  147 8283.397113 28525
  148 -889.399065     4
  149 -2291.122344     7
  150 88.511750  5294
  151 2748.454236 15172
  152 -2506.956337     8
  153 2099.338328 26958
  154 8887.078864 -3076
  155 -280.192616     1
  156 12506.467724 24828
  157 -1308.430666     7
  158 541.357414  5731
  159 -779.686340     1
  160 13858.395826 20722
  161 1264.104074  8195
  162 1392.265889  6887
  163 912.456809  8101
  164 71.894023  7558
  165 -384.927870     9
  166 -1413.896719     1
  167 1916.044703 12462
  168 -2169.601050     9
  169 609.886524  6250
  170 79.828533 22861
  171 2556.022846 18695
  172 18896.864366 29490
  173 -1189.686926     7
  174 -723.544946     1
  175 -91.641686     8
  176 24437.243547 30213
  177 -2362.609077     9
  178 -2696.636588     4
  179 10215.089656 16841
  180 2299.681657 31142
  181 1284.718492  8905
  182 23510.606161 23518
  183 3292.609683 31181
  184 -2481.720309     0
  185 3297.066495 11201
  186 -658.184923     3
  187 -932.031114     1
  188 4045.604125  8731
  189 -268.696201     0
  190 148.540877  5594
  191 1430.784285 25258
  192 965.979955 13869
  193 4139.013682 16140
  194 -3106.963273     1
  195 -1010.095357     4
  196 6668.800632 -3187
  197 1417.562688 12350
  198 8191.484616 29250
  199 -1237.639257     5
  200 942.545497 21020
  201 2058.331217 11709
  202 5515.174733 17541
  203 -1658.846271     3
  204 -1620.285866     5
  205 11322.160664 25824
  206 -1062.125312     2
  207 10796.749374 15814
  208 4092.665115 25022
  209 -1120.752360     5
  210 29.797991  5251
  211 116.575813  6080
  212 12167.460585 20517
  213 11811.198668 28377
  214 216.432310 -3191
  215 -627.959912     5
  216 -1182.362735     7
  217 186.563615  6281
  218 4121.658558 26838
  219 -829.953428     3
  220 -75.391169     0
  221 3816.605647 17350
  222 4127.161781 14458
  223 -586.901545     5
  224 2924.002808 -3122
  225 91.080032 26527
  226 6909.060730 20425
  227 2922.938311 -3204
  228 1407.521972 29261
  229 2224.636541 17613
  230 1924.684378 -3214
  231 2380.604423 30599
  232 11873.650211 27069
  233 840.425603  7552
  234 -222.068535     3
  235 6390.096848  9764
  236 -882.832385     2
  237 786.226452 16817
  238 24975.549032 -2897
  239 3888.367833 13720
  240 -170.928215     4
  241 47.585296  5876
  242 17491.802585 -3192
  243 4076.646121 26854
  244 18492.109464 24497
  245 -1691.852953     1
  246 -3688.509195     2
  247 220.410488  5546
  248 18616.714009 27208
  249 -265.319713     3
  250 3854.352380 12189
  251 607.377766 -2797
  252 2445.462427 10355
  253 10312.322359 -3109
  254 76.889427  5080
  255 4671.577173 -2848
  256 126.694870 28594
  257 3983.892154 27728
  258 -2319.964914     1
  259 7399.451244 17216
  260 108.626785  5214
  261 1737.147064 24666
  262 -977.672473     7
  263 1.924459  5074
  264 -2154.956586     0
  265 -2669.085862     6
  266 865.857422 21029
  267 2522.696118 21240
  268 5960.417596 32269
  269 1781.766838 28404
  270 -1004.744692     7
  271 2103.445372  8066
  272 17669.542017 -3250
  273 739.598807  8236
  274 5798.392340 13977
  275 -743.772725     2
  276 771.953490 30687
  277 9308.127560 31575
  278 3781.321488 28229
  279 2417.316900 -2983
  280 -1310.091508     2
  281 23232.202706 28859
  282 3868.685824 11530
  283 -571.222127     7
  284 2795.297431 15765
  285 6149.763957 20705
  286 10859.173816 29767
  287 4642.174009 19460
  288 8621.920111 22963
  289 8099.919718 21428
  290 -1140.568373     6
  291 17639.387728 31421
  292 4789.692910 26578
  293 3277.123211 15799
  294 811.372376  8784
  295 -62.650224     8
  296 -281.310407     2
  297 1342.211869 -3018
  298 830.329321 23046
  299 3702.615735 19927
  300 2395.850178 24137
