300
    1 0.490384  5001
    2 5608.978744 21119
    3 2952.240819 27552
    4 19724.085170 -2979
    5 13958.358989 -3267
    6 9387.692548 22605
    7 -393.040748     0
    8 9133.508478 -2786
    9 -926.549783     9
   10 967.308285 10019
   11 5422.201284 16402
   12 -692.805837     2
   13 621.476391 12882
   14 16829.587041 25490
   15 2973.261023 10438
   16 8008.265661 23433
   17 -1585.875398     5
   18 5610.014842 17080
   19 4034.873278 11863
   20 6717.067936 28698
   21 -259.861699     1
   22 2168.964326  6611
   23 490.771740  5525
   24 -88.291014     6
   25 -654.870671     8
   26 -132.794500     1
   27 5660.296479 25096
   28 -2145.408104     8
   29 -524.361364     7
   30 925.109707 -3202
   31 15850.542298 29956
   32 10315.269872 23649
   33 -999.688961     5
   34 10692.738419 19086
   35 -182.382659     1
   36 385.578340  5763
   37 14321.554545 19573
   38 6756.167325 27063
   39 -2174.595237     7
   40 4788.695209 23419
   41 8262.293538 26823
   42 -989.615370     2
   43 7759.474914 20275
   44 2161.561270 20882
   45 717.003294 19868
   46 -746.228359     8
   47 -204.042325     7
   48 -1750.389336     1
   49 638.463792  7208
   50 -169.211661     1
   51 -450.101033     2
   52 11895.419714 24961
   53 10999.525400 25395
   54 7836.068440 31497
   55 -919.255092     1
   56 7084.443488 22654
   57 2939.739340  9613
   58 -141.936713     3
   59 5732.138674 19985
   60 31.357135  7593
   61 1306.540067 15343
   62 6425.534769 -2908
   63 -52.113853     6
   64 -1060.283088     5
   65 182.032444  7104
   66 -787.535413     3
   67 -1060.831001     0
   68 5301.262516 25634
   69 2619.166670 22064
   70 -427.813841     3
   71 19989.692017 26647
   72 4342.158782 30568
   73 -1200.197712     1
   74 13368.816851 23628
   75 196.852533  6257
   76 9568.162112 19979
   77 -1659.368780     9
   78 1487.918025 18258
   79 91.611801  7568
   80 508.793451 27553
   81 176.046285 17082
   82 -955.378013     2
   83 495.592441 20949
   84 5611.422363 27106
   85 5293.048868 18544
   86 1188.590709 11255
   87 12593.004051 28714
   88 2188.744925 13149
   89 14249.119501 -3029
   90 -2262.269043     4
   91 2472.215828 15842
   92 2689.965239 11271
   93 3762.681918 20863
   94 14875.351952 28772
   95 -1000.856870     5
   96 -600.458058     9
   97 -1473.242829     9
   98 2026.436449 26222
   99 216.700835  6573
  100 1870.541498 27037
  101 712.202297  5828
  102 -1266.576489     9
  103 9252.588798 17746
  104 -501.873231     1
  105 104.281421  5314
  106 9810.190784 -3121
  107 4397.049830 28962
  108 -1200.258352     1
  109 31186.377854 28513
  110 2729.886993 17081
  111 2841.275422 -2851
  112 5426.475361 18467
  113 4834.570320 32528
  114 -166.748789     4
  115 -1616.182934     9
  116 495.462786 15984
  117 17022.904232 -3174
  118 -527.300786     8
  119 14701.873860 -2932
  120 13206.169822 -2959
  121 1800.459583 24028
  122 -593.025490     1
  123 28939.727385 -2860
  124 14455.510745 27549
  125 4391.855130 -2858
  126 13982.712795 -3047
  127 5388.576681 31634
  128 -3016.501231     5
  129 12894.282799 13009
  130 -578.581251     9
  131 664.828748 23283
  132 12956.498656 19384
  133 964.037136 19765
  134 5240.196632 19456
  135 3203.478162 -3258
  136 539.950393  6602
  137 1879.320820  9234
  138 6907.901569 18370
  139 900.515081 11832
  140 4406.512669 28847
  141 3908.745007 11524
  142 1527.505896 30512
  143 -1081.314557     7
  144 17769.103345 26094
  145 1022.770296 28238
  146 -1142.569883     4
  147 217.969498 28525
  148 -210.793155     4
  149 -850.684551     7
  150 43.731686  5294
  151 5343.385539 15172
  152 -1783.455536     8
  153 18382.315564 26958
  154 4694.536057 -3076
  155 -954.349983     1
  156 8709.056134 24828
  157 -619.511209     7
  158 130.085890  5731
  159 -133.043684     1
  160 6796.123591 20722
  161 284.205257  8195
  162 2706.035593  6887
  163 325.010428  8101
  164 1161.585700  7558
  165 -1483.152830     9
  166 -551.887652     1
  167 5297.253371 12462
  168 -120.107740     9
  169 339.209606  6250
  170 6914.449122 22861
  171 7878.535514 18695
  172 15652.329756 29490
  173 -520.786575     7
  174 -51.917140     1
  175 -2880.229104     8
  176 9081.358835 30213
  177 -1392.075386     9
  178 -3084.140840     4
  179 761.048177 16841
  180 10464.029258 31142
  181 1483.902607  8905
  182 20206.502447 23518
  183 705.265293 31181
  184 -1736.602148     0
  185 1855.033774 11201
  186 -735.172472     3
  187 -709.744402     1
  188 2674.668733  8731
  189 -2266.759258     0
  190 270.271243  5594
  191 3818.218462 25258
  192 8341.765772 13869
  193 6056.046426 16140
  194 -701.096244     1
  195 -2753.144019     4
  196 14252.865388 -3187
  197 4062.263386 12350
  198 15463.647700 29250
  199 -2870.987240     5
  200 4249.185789 21020
  201 5046.646145 11709
  202 6813.852063 17541
  203 -2043.858728     3
  204 -1855.633094     5
  205 6243.264914 25824
  206 -2279.596366     2
  207 4786.696987 15814
  208 9131.880000 25022
  209 -2121.907114     5
  210 133.347340  5251
  211 241.472773  6080
  212 14263.769339 20517
  213 3614.823057 28377
  214 27085.377480 -3191
  215 -196.345724     5
  216 -1233.300219     7
  217 942.220079  6281
  218 23988.388987 26838
  219 -1752.652192     3
  220 -379.960825     0
  221 3571.599148 17350
  222 6016.074423 14458
  223 -518.101050     5
  224 2327.130234 -3122
  225 83.906215 26527
  226 3231.463330 20425
  227 7249.514079 -3204
  228 2571.708564 29261
  229 7242.336944 17613
  230 19933.570043 -3214
  231 3132.120100 30599
  232 2420.863902 27069
  233 1772.203936  7552
  234 -1277.073600     3
  235 3446.375847  9764
  236 -771.278665     2
  237 2069.149168 16817
  238 6435.590923 -2897
  239 4133.887194 13720
  240 -649.531838     4
  241 418.261147  5876
  242 23673.287665 -3192
  243 5196.834726 26854
  244 4307.567045 24497
  245 -2180.928248     1
  246 -3248.255298     2
  247 195.696481  5546
  248 17644.499865 27208
  249 -1149.965860     3
  250 750.677262 12189
  251 3777.887530 -2797
  252 1106.192866 10355
  253 12804.635039 -3109
  254 41.514653  5080
  255 3858.186536 -2848
  256 12257.526834 28594
  257 1106.740905 27728
  258 -954.163143     1
  259 150.589391 17216
  260 77.996892  5214
  261 13732.740869 24666
  262 -1823.902379     7
  263 11.421405  5074
  264 -3559.663391     0
  265 -329.273249     6
  266 12472.712324 21029
  267 13308.688172 21240
  268 19183.782023 32269
  269 15662.067607 28404
  270 -258.993019     7
  271 1586.531644  8066
  272 11831.912182 -3250
  273 712.292695  8236
  274 3868.173314 13977
  275 -1610.308453     2
  276 216.353765 30687
  277 4957.017589 31575
  278 1483.822450 28229
  279 13588.034219 -2983
  280 -1283.043408     2
  281 2672.547304 28859
  282 6290.639573 11530
  283 -346.568864     7
  284 4224.012338 15765
  285 5679.179744 20705
  286 8482.152382 29767
  287 16108.167057 19460
  288 779.348866 22963
  289 3466.598795 21428
  290 -615.242777     6
  291 13956.779025 31421
  292 7770.601394 26578
  293 513.556048 15799
  294 530.473010  8784
  295 -1162.034462     8
  296 -349.921375     2
  297 552.419651 -3018
  298 4721.904105 23046
  299 12502.790267 19927
  300 13337.648244 24137
