300
    1 0.607166  5001
    2 37.161232 21119
    3 4896.138316 27552
    4 11331.033109 -2979
    5 2773.275782 -3267
    6 9494.583177 22605
    7 -580.134450     0
    8 19943.413935 -2786
    9 -1920.546811     9
   10 286.251808 10019
   11 1999.581039 16402
   12 -702.213817     2
   13 4508.303467 12882
   14 22109.212069 25490
   15 513.834209 10438
   16 735.983599 23433
   17 -127.635832     5
   18 2717.481488 17080
   19 3976.991794 11863
   20 4807.010925 28698
   21 -1108.686351     1
   22 650.790422  6611
   23 199.999314  5525
   24 -21.959234     6
   25 -81.736534     8
   26 -2571.973074     1
   27 11009.064838 25096
   28 -3008.787856     8
   29 -1235.020359     7
   30 6704.611237 -3202
   31 17975.192425 29956
   32 2698.642010 23649
   33 -2301.358946     5
   34 4680.284646 19086
   35 -850.768755     1
   36 319.894175  5763
   37 11197.397026 19573
   38 1135.519717 27063
   39 -1591.900370     7
   40 3849.373831 23419
   41 4701.314706 26823
   42 -2151.007987     2
   43 6656.207118 20275
   44 1900.740325 20882
   45 652.920137 19868
   46 -1050.989758     8
   47 -781.308085     7
   48 -1579.154601     1
   49 352.346918  7208
   50 -653.031314     1
   51 -1868.165508     2
   52 3209.286151 24961
   53 5909.898673 25395
   54 7458.481188 31497
   55 -1362.427248     1
   56 3016.069555 22654
   57 1679.914418  9613
   58 -17.894730     3
   59 388.831105 19985
   60 2760.327520  7593
   61 2498.594623 15343
   62 3369.136976 -2908
   63 -1311.195294     6
   64 -573.335141     5
   65 1333.254423  7104
   66 -530.063579     3
   67 -1080.352644     0
   68 9178.640703 25634
   69 1943.010013 22064
   70 -585.428391     3
   71 1602.794384 26647
   72 8893.454572 30568
   73 -192.358818     1
   74 14294.488484 23628
   75 607.408186  6257
   76 621.959837 19979
   77 -659.736405     9
   78 738.965755 18258
   79 138.197402  7568
   80 1400.391522 27553
   81 5234.028454 17082
   82 -157.559790     2
   83 14729.884337 20949
   84 9422.158437 27106
   85 6248.015132 18544
   86 2974.619791 11255
   87 14706.116864 28714
   88 2102.288821 13149
   89 8842.814712 -3029
   90 -576.856148     4
   91 857.318920 15842
   92 2316.920118 11271
   93 7164.565683 20863
   94 6268.260752 28772
   95 -646.474720     5
   96 -21.339038     9
   97 -1940.093813     9
   98 15767.858595 26222
   99 452.804154  6573
  100 6073.800541 27037
  101 343.863251  5828
  102 -194.088994     9
  103 7580.804933 17746
  104 -564.182498     1
  105 93.764086  5314
  106 20965.088707 -3121
  107 5443.181553 28962
  108 -134.293770     1
  109 5108.774088 28513
  110 297.382849 17081
  111 6747.520306 -2851
  112 9011.739611 18467
  113 19192.637228 32528
  114 -1453.636053     4
  115 -356.615734     9
  116 5034.206962 15984
  117 6572.100668 -3174
  118 -602.692562     8
  119 16630.250976 -2932
  120 21441.527948 -2959
  121 22915.443332 24028
  122 -1644.596892     1
  123 2125.975050 -2860
  124 27002.405562 27549
  125 6882.384288 -2858
  126 25063.812163 -3047
  127 25099.462796 31634
  128 -1439.658552     5
  129 6999.863549 13009
  130 -552.412415     9
  131 8409.423483 23283
  132 6256.328232 19384
  133 316.411674 19765
  134 357.860806 19456
  135 1166.487504 -3258
  136 298.010424  6602
  137 900.755495  9234
  138 12973.877390 18370
  139 1783.724040 11832
  140 17668.764228 28847
  141 2937.155983 11524
  142 321.595520 30512
  143 -25.170390     7
  144 3163.842198 26094
  145 8267.408952 28238
  146 -187.708731     4
  147 798.161302 28525
  148 -598.555869     4
  149 -1131.844738     7
  150 99.251792  5294
  151 6410.619269 15172
  152 -1364.527450     8
  153 13379.904305 26958
  154 375.240893 -3076
  155 -330.756247     1
  156 10820.169172 24828
  157 -226.762081     7
  158 689.365974  5731
  159 -78.208071     1
  160 5226.388615 20722
  161 2604.696939  8195
  162 1381.335428  6887
  163 1127.606312  8101
  164 710.935948  7558
  165 -369.559032     9
  166 -610.560402     1
  167 2757.296082 12462
  168 -2107.662683     9
  169 412.262311  6250
  170 3331.435758 22861
  171 5570.268548 18695
  172 25137.173401 29490
  173 -662.252608     7
  174 -1033.027583     1
  175 -2349.010529     8
  176 1080.009024 30213
  177 -1589.560283     9
  178 -2543.773116     4
  179 462.051448 16841
  180 2664.848590 31142
  181 1148.881409  8905
  182 6937.761594 23518
  183 14073.805013 31181
  184 -852.812565     0
  185 3328.532570 11201
  186 -7.209385     3
  187 -629.202790     1
  188 284.657151  8731
  189 -1532.360019     0
  190 92.487018  5594
  191 4266.130505 25258
  192 3075.057582 13869
  193 2416.129747 16140
  194 -804.091971     1
  195 -1231.031895     4
  196 6222.349117 -3187
  197 5939.805595 12350
  198 5858.885851 29250
  199 -2432.075126     5
  200 7237.703411 21020
  201 455.872067 11709
  202 6576.279306 17541
  203 -760.382452     3
  204 -545.110404     5
  205 862.777732 25824
  206 -277.677269     2
  207 934.882577 15814
  208 2881.064332 25022
  209 -1006.396226     5
  210 136.279041  5251
  211 174.116284  6080
  212 14670.238431 20517
  213 659.663152 28377
  214 7601.054447 -3191
  215 -1354.715606     5
  216 -1464.031224     7
  217 1112.625706  6281
  218 21099.985398 26838
  219 -1547.250599     3
  220 -4.298667     0
  221 7235.065528 17350
  222 2901.775605 14458
  223 -946.750419     5
  224 10216.435482 -3122
  225 21991.912393 26527
  226 5076.628445 20425
  227 10707.029021 -3204
  228 2232.577147 29261
  229 2967.996715 17613
  230 15274.238525 -3214
  231 8776.687470 30599
  232 1996.992775 27069
  233 1265.697143  7552
  234 -241.152509     3
  235 2353.995209  9764
  236 -948.729983     2
  237 7891.463351 16817
  238 11465.920010 -2897
  239 5935.506088 13720
  240 -99.870401     4
  241 50.992356  5876
  242 1433.497549 -3192
  243 5819.858110 26854
  244 4513.632067 24497
  245 -991.325386     1
  246 -294.430090     2
  247 166.099617  5546
  248 500.444916 27208
  249 -6.183039     3
  250 3954.434034 12189
  251 786.267912 -2797
  252 855.849048 10355
  253 16780.582999 -3109
  254 56.415087  5080
  255 19158.680042 -2848
  256 12200.967816 28594
  257 1405.835459 27728
  258 -25.959972     1
  259 6139.069158 17216
  260 106.290017  5214
  261 5359.201217 24666
  262 -299.511087     7
  263 18.597181  5074
  264 -91.673963     0
  265 -1104.236657     6
  266 18883.766968 21029
  267 4030.237473 21240
  268 4022.676402 32269
  269 18751.152117 28404
  270 -1340.543649     7
  271 2415.874564  8066
  272 3380.673726 -3250
  273 1013.455492  8236
  274 4258.488643 13977
  275 -1415.189818     2
  276 4691.818590 30687
  277 9081.819525 31575
  278 16526.871528 28229
  279 30831.503668 -2983
  280 -186.956217     2
  281 5035.676479 28859
  282 632.509156 11530
  283 -44.368732     7
  284 352.754948 15765
  285 12290.740704 20705
  286 9970.081415 29767
  287 5597.863270 19460
  288 6716.876882 22963
  289 9638.704206 21428
  290 -371.098689     6
  291 1986.503587 31421
  292 7167.945194 26578
  293 1393.484306 15799
  294 3418.532369  8784
  295 -465.367765     8
  296 -129.462937     2
  297 37367.788524 -3018
  298 4537.843194 23046
  299 8827.490185 19927
  300 11738.341569 24137
