300
    1 0.480409  5001
    2 5747.448072 21119
    3 6574.148334 27552
    4 8682.486331 -2979
    5 5422.899875 -3267
    6 12281.085999 22605
    7 -1378.863912     0
    8 5842.878774 -2786
    9 -1019.619058     9
   10 15.117016 10019
   11 907.380279 16402
   12 -627.761346     2
   13 4157.498258 12882
   14 3739.067429 25490
   15 1669.761148 10438
   16 14617.504747 23433
   17 -950.156391     5
   18 4870.688706 17080
   19 5882.583652 11863
   20 10385.202147 28698
   21 -647.663297     1
   22 25.885774  6611
   23 437.491540  5525
   24 -285.953176     6
   25 -475.247932     8
   26 -1246.353845     1
   27 982.112134 25096
   28 -2665.102684     8
   29 -127.902758     7
   30 3174.196229 -3202
   31 18147.987826 29956
   32 1298.203312 23649
   33 -618.035158     5
   34 7218.800394 19086
   35 -596.177314     1
   36 73.762665  5763
   37 1207.313419 19573
   38 260.006675 27063
   39 -335.140210     7
   40 2590.860700 23419
   41 2152.705395 26823
   42 -3124.080444     2
   43 10100.511306 20275
   44 2606.645934 20882
   45 2180.135857 19868
   46 -1148.797041     8
   47 -144.344311     7
   48 -1204.890571     1
   49 1065.553003  7208
   50 -46.234338     1
   51 -431.578528     2
   52 3825.000535 24961
   53 8712.374659 25395
   54 2535.237403 31497
   55 -2996.186141     1
   56 5928.714740 22654
   57 1723.433397  9613
   58 -2089.331116     3
   59 8991.425137 19985
   60 227.157945  7593
   61 4840.074363 15343
   62 20071.200352 -2908
   63 -110.049861     6
   64 -146.897677     5
   65 1942.277567  7104
   66 -31.554811     3
   67 -637.915000     0
   68 7496.146549 25634
   69 1474.711434 22064
   70 -221.829102     3
   71 8937.241966 26647
   72 11066.099327 30568
   73 -1005.690825     1
   74 4676.986956 23628
   75 67.709337  6257
   76 1476.512370 19979
   77 -377.253397     9
   78 4008.661429 18258
   79 703.941026  7568
   80 7762.193266 27553
   81 12042.533420 17082
   82 -213.397348     2
   83 10843.162682 20949
   84 16952.893414 27106
   85 1721.092806 18544
   86 932.792213 11255
   87 535.059781 28714
   88 726.321296 13149
   89 17215.397508 -3029
   90 -1196.540140     4
   91 7382.801238 15842
   92 6403.466701 11271
   93 14595.688638 20863
   94 21600.997160 28772
   95 -919.651297     5
   96 -813.939622     9
   97 -1186.067447     9
   98 840.608000 26222
   99 9.742571  6573
  100 10784.568556 27037
  101 149.665122  5828
  102 -1827.395430     9
  103 2417.391920 17746
  104 -2.042174     1
  105 49.462463  5314
  106 8209.074565 -3121
  107 3068.853886 28962
  108 -275.589957     1
  109 9222.056327 28513
  110 2078.916319 17081
  111 10159.878271 -2851
  112 2163.277260 18467
  113 6728.242496 32528
  114 -81.684999     4
  115 -2260.469408     9
  116 7992.020567 15984
  117 12360.903867 -3174
  118 -1363.577051     8
  119 14099.405562 -2932
  120 829.316675 -2959
  121 13794.851579 24028
  122 -1617.144392     1
  123 15899.041707 -2860
  124 10819.648311 27549
  125 3994.566740 -2858
  126 13822.559402 -3047
  127 16038.004653 31634
  128 -1207.822271     5
  129 4413.939985 13009
  130 -539.021952     9
  131 15904.903740 23283
  132 3880.532358 19384
  133 4984.785552 19765
  134 5018.798601 19456
  135 4608.088048 -3258
  136 655.353103  6602
  137 568.768850  9234
  138 2636.706302 18370
  139 2210.500490 11832
  140 6119.861518 28847
  141 5367.625964 11524
  142 419.531111 30512
  143 -1418.766452     7
  144 5408.493382 26094
  145 3312.381600 28238
  146 -430.340515     4
  147 22414.179279 28525
  148 -468.651239     4
  149 -543.063498     7
  150 180.113475  5294
  151 905.308481 15172
  152 -600.058904     8
  153 13349.235549 26958
  154 2599.524144 -3076
  155 -309.316429     1
  156 15070.903237 24828
  157 -1364.502566     7
  158 22.172111  5731
  159 -1071.848142     1
  160 15314.839384 20722
  161 1079.099124  8195
  162 1298.935608  6887
  163 2861.693187  8101
  164 2398.388633  7558
  165 -183.796218     9
  166 -3313.271348     1
  167 814.563813 12462
  168 -1315.903316     9
  169 218.543366  6250
  170 2188.724198 22861
  171 1696.154107 18695
  172 18257.884150 29490
  173 -2844.336427     7
  174 -1670.078718     1
  175 -95.048765     8
  176 14731.715931 30213
  177 -1179.961181     9
  178 -69.282141     4
  179 8884.723083 16841
  180 15862.372320 31142
  181 1086.427179  8905
  182 1315.715812 23518
  183 7485.194796 31181
  184 -1174.522315     0
  185 2290.845952 11201
  186 -263.265305     3
  187 -629.619197     1
  188 854.781569  8731
  189 -1234.427256     0
  190 86.126335  5594
  191 554.175626 25258
  192 1599.535456 13869
  193 8219.049073 16140
  194 -3287.728020     1
  195 -407.720044     4
  196 1594.557364 -3187
  197 1276.760606 12350
  198 5447.529353 29250
  199 -1667.544896     5
  200 7794.866092 21020
  201 74.726808 11709
  202 7387.240593 17541
  203 -1019.915208     3
  204 -1026.358440     5
  205 16697.867516 25824
  206 -601.782794     2
  207 1280.584572 15814
  208 694.065563 25022
  209 -1798.053881     5
  210 208.145200  5251
  211 284.318761  6080
  212 242.067595 20517
  213 4220.748006 28377
  214 28175.285856 -3191
  215 -136.266709     5
  216 -837.000264     7
  217 159.608885  6281
  218 8617.799617 26838
  219 -504.384559     3
  220 -639.781127     0
  221 11749.841754 17350
  222 1336.139712 14458
  223 -445.980100     5
  224 8826.369263 -3122
  225 12267.240943 26527
  226 7612.581558 20425
  227 3159.276703 -3204
  228 5205.379105 29261
  229 9025.593825 17613
  230 5657.479158 -3214
  231 6947.482668 30599
  232 6341.642711 27069
  233 802.954015  7552
  234 -10.934799     3
  235 1917.087229  9764
  236 -422.939591     2
  237 7341.057346 16817
  238 10787.868502 -2897
  239 6391.353433 13720
  240 -206.265970     4
  241 535.013298  5876
  242 25646.784523 -3192
  243 13171.523430 26854
  244 3661.696185 24497
  245 -2068.469799     1
  246 -1494.285472     2
  247 328.100273  5546
  248 15336.840323 27208
  249 -609.946676     3
  250 30.902967 12189
  251 4875.566863 -2797
  252 2455.202941 10355
  253 6508.429896 -3109
  254 16.709257  5080
  255 33611.573791 -2848
  256 10833.391635 28594
  257 7955.921576 27728
  258 -2407.288859     1
  259 692.667874 17216
  260 109.076317  5214
  261 13968.397469 24666
  262 -1001.022737     7
  263 17.306708  5074
  264 -3743.945710     0
  265 -778.961288     6
  266 1197.722479 21029
  267 4675.342897 21240
  268 18289.862185 32269
  269 30700.951316 28404
  270 -128.144602     7
  271 877.607847  8066
  272 2540.377558 -3250
  273 549.475186  8236
  274 3163.939127 13977
  275 -581.190625     2
  276 10857.981400 30687
  277 24494.338833 31575
  278 6971.685663 28229
  279 21036.635490 -2983
  280 -1717.028943     2
  281 3819.564085 28859
  282 5743.637606 11530
  283 -1374.367689     7
  284 6280.763471 15765
  285 9075.830843 20705
  286 7735.796060 29767
  287 2542.449486 19460
  288 2226.436919 22963
  289 693.591346 21428
  290 -751.045885     6
  291 11837.082451 31421
  292 9620.681994 26578
  293 2585.046825 15799
  294 1028.951954  8784
  295 -115.345377     8
  296 -77.333244     2
  297 10935.656062 -3018
  298 3399.418572 23046
  299 2851.020763 19927
  300 8023.761593 24137
