300
    1 0.024397  5001
    2 2387.419519 21119
    3 3673.610519 27552
    4 15966.307416 -2979
    5 23767.716000 -3267
    6 4087.779513 22605
    7 -1.955435     0
    8 2000.682011 -2786
    9 -2628.407657     9
   10 564.240730 10019
   11 358.199548 16402
   12 -755.474718     2
   13 1213.723149 12882
   14 5122.557494 25490
   15 400.009498 10438
   16 12063.535226 23433
   17 -932.467160     5
   18 7099.857301 17080
   19 2569.655391 11863
   20 4438.041849 28698
   21 -1063.886347     1
   22 394.688590  6611
   23 249.514716  5525
   24 -1461.633778     6
   25 -99.698295     8
   26 -2.390090     1
   27 5628.841519 25096
   28 -335.153365     8
   29 -1546.584226     7
   30 13620.157640 -3202
   31 941.762045 29956
   32 13762.399191 23649
   33 -1934.862829     5
   34 7224.295234 19086
   35 -2590.975144     1
   36 6.637383  5763
   37 3220.393094 19573
   38 722.440589 27063
   39 -1673.298448     7
   40 4302.736460 23419
   41 7583.851631 26823
   42 -1204.818864     2
   43 3079.964949 20275
   44 1040.755447 20882
   45 954.634176 19868
   46 -712.914235     8
   47 -2811.510013     7
   48 -319.766088     1
   49 1022.694200  7208
   50 -1856.927406     1
   51 -474.488557     2
   52 3564.676035 24961
   53 4499.417404 25395
   54 10000.691297 31497
   55 -313.461023     1
   56 787.661558 22654
   57 2479.579271  9613
   58 -53.904681     3
   59 1052.997823 19985
   60 494.826068  7593
   61 2488.479396 15343
   62 1885.453620 -2908
   63 -695.651492     6
   64 -2025.361547     5
   65 1322.004552  7104
   66 -1188.880924     3
   67 -793.230140     0
   68 25287.451788 25634
   69 9372.252782 22064
   70 -1262.877282     3
   71 2564.550284 26647
   72 3886.114370 30568
   73 -34.057525     1
   74 12440.954908 23628
   75 531.555950  6257
   76 7434.506540 19979
   77 -456.371480     9
   78 3616.190590 18258
   79 955.703646  7568
   80 35266.426923 27553
   81 1944.539448 17082
   82 -326.185654     2
   83 6461.499368 20949
   84 12827.131565 27106
   85 6703.173012 18544
   86 1360.330285 11255
   87 7541.893300 28714
   88 2198.039653 13149
   89 21843.991076 -3029
   90 -2046.076600     4
   91 4514.261861 15842
   92 464.647004 11271
   93 796.440853 20863
   94 5095.123108 28772
   95 -376.038627     5
   96 -1236.270920     9
   97 -498.963238     9
   98 9083.125131 26222
   99 122.637599  6573
  100 5297.155115 27037
  101 177.629730  5828
  102 -2121.777713     9
  103 10392.811214 17746
  104 -854.250161     1
  105 95.031740  5314
  106 7136.704264 -3121
  107 2601.891614 28962
  108 -1916.734236     1
  109 971.561673 28513
  110 17998.398955 17081
  111 2833.309022 -2851
  112 14490.738461 18467
  113 1875.743020 32528
  114 -1951.370968     4
  115 -1675.868641     9
  116 4410.903802 15984
  117 12974.282902 -3174
  118 -703.947972     8
  119 13643.442844 -2932
  120 12165.482921 -2959
  121 13553.936545 24028
  122 -519.473713     1
  123 389.911062 -2860
  124 1800.661137 27549
  125 2649.106724 -2858
  126 8416.286762 -3047
  127 14211.449036 31634
  128 -489.658686     5
  129 3379.614317 13009
  130 -949.664262     9
  131 3489.431977 23283
  132 7878.601849 19384
  133 9071.785444 19765
  134 2489.158960 19456
  135 2116.104981 -3258
  136 481.158739  6602
  137 3426.558838  9234
  138 1344.663507 18370
  139 3757.522723 11832
  140 25392.039192 28847
  141 3034.730440 11524
  142 5767.270445 30512
  143 -1068.126721     7
  144 14683.812989 26094
  145 3743.909289 28238
  146 -1272.563631     4
  147 14460.902096 28525
  148 -600.099022     4
  149 -625.468976     7
  150 403.783137  5294
  151 9859.029131 15172
  152 -72.139095     8
  153 4735.920983 26958
  154 8649.915125 -3076
  155 -1067.563158     1
  156 2134.801255 24828
  157 -845.862594     7
  158 395.038713  5731
  159 -1363.823506     1
  160 14864.212605 20722
  161 315.975909  8195
  162 779.199739  6887
  163 424.738849  8101
  164 145.260187  7558
  165 -2266.130093     9
  166 -2275.990001     1
  167 1905.875759 12462
  168 -242.919699     9
  169 500.768265  6250
  170 6081.609562 22861
  171 545.876434 18695
  172 24933.015843 29490
  173 -1802.262378     7
  174 -1313.045534     1
  175 -110.952820     8
  176 25854.161229 30213
  177 -838.468857     9
  178 -713.590921     4
  179 1162.774878 16841
  180 13935.889381 31142
  181 785.140985  8905
  182 10.238075 23518
  183 2267.240769 31181
  184 -613.826828     0
  185 829.672567 11201
  186 -779.974854     3
  187 -578.220614     1
  188 2267.141054  8731
  189 -1189.904444     0
  190 334.803319  5594
  191 3324.359931 25258
  192 8743.525221 13869
  193 13974.513106 16140
  194 -1011.211720     1
  195 -2515.905016     4
  196 5536.600288 -3187
  197 2029.585054 12350
  198 10013.283701 29250
  199 -1963.161671     5
  200 7625.687071 21020
  201 644.262565 11709
  202 744.361764 17541
  203 -952.259341     3
  204 -628.534294     5
  205 395.168306 25824
  206 -106.905023     2
  207 4956.404738 15814
  208 524.441740 25022
  209 -131.804865     5
  210 161.014464  5251
  211 412.915276  6080
  212 8634.382898 20517
  213 17017.673940 28377
  214 9071.015905 -3191
  215 -112.519391     5
  216 -1812.528816     7
  217 330.244371  6281
  218 26351.246078 26838
  219 -312.889931     3
  220 -913.661021     0
  221 1634.090674 17350
  222 5215.223985 14458
  223 -941.876949     5
  224 14675.466948 -3122
  225 10667.419245 26527
  226 2817.407406 20425
  227 1400.156123 -3204
  228 8551.354263 29261
  229 11196.598933 17613
  230 17620.941692 -3214
  231 12777.354586 30599
  232 4952.280603 27069
  233 316.018742  7552
  234 -2284.953182     3
  235 3190.656339  9764
  236 -1277.749940     2
  237 1057.455839 16817
  238 6806.844176 -2897
  239 939.537954 13720
  240 -1006.077459     4
  241 304.005851  5876
  242 3777.381288 -3192
  243 9413.621396 26854
  244 4792.020812 24497
  245 -306.250698     1
  246 -1456.290029     2
  247 724.468359  5546
  248 10767.576872 27208
  249 -238.185274     3
  250 2591.030834 12189
  251 13035.617365 -2797
  252 1790.567951 10355
  253 7248.567168 -3109
  254 9.165140  5080
  255 15268.885041 -2848
  256 34805.063713 28594
  257 22055.312315 27728
  258 -490.207924     1
  259 3784.687169 17216
  260 51.618240  5214
  261 11328.021959 24666
  262 -1637.765511     7
  263 26.252552  5074
  264 -1455.521405     0
  265 -813.743862     6
  266 1700.932318 21029
  267 16611.856506 21240
  268 18584.303672 32269
  269 16800.197414 28404
  270 -30.429685     7
  271 1348.375557  8066
  272 5254.287713 -3250
  273 465.592207  8236
  274 5967.159017 13977
  275 -516.658874     2
  276 11372.416197 30687
  277 26233.632048 31575
  278 8437.453374 28229
  279 2134.695619 -2983
  280 -1393.340562     2
  281 10144.681908 28859
  282 1142.668664 11530
  283 -639.949328     7
  284 2610.862747 15765
  285 10087.039639 20705
  286 2684.789613 29767
  287 3244.130792 19460
  288 5687.654245 22963
  289 2728.692434 21428
  290 -154.703178     6
  291 12941.089868 31421
  292 28078.410233 26578
  293 2035.913587 15799
  294 966.629315  8784
  295 -433.828105     8
  296 -2147.787926     2
  297 211.162699 -3018
  298 10585.607498 23046
  299 12261.737098 19927
  300 6103.125368 24137
