100
    1 0.067310  5001
    2 2363.273104 21119
    3 4909.790572 27552
    4 5323.051802 -2979
    5 1952.339083 -3267
    6 2667.572497 22605
    7 -1021.599816     0
    8 11181.401926 -2786
    9 -583.636516     9
   10 1366.840813 10019
   11 1185.867999 16402
   12 -517.962797     2
   13 1960.154419 12882
   14 11631.758880 25490
   15 1827.217896 10438
   16 771.846428 23433
   17 -139.625149     5
   18 11271.342442 17080
   19 8295.656796 11863
   20 10124.440932 28698
   21 -970.805080     1
   22 1738.166319  6611
   23 239.171861  5525
   24 -181.798008     6
   25 -817.660575     8
   26 -645.970455     1
   27 2468.796497 25096
   28 -647.809678     8
   29 -670.965399     7
   30 12030.338189 -3202
   31 17001.084534 29956
   32 15304.204892 23649
   33 -350.249547     5
   34 441.679255 19086
   35 -1154.224241     1
   36 788.095410  5763
   37 2670.945246 19573
   38 88.671876 27063
   39 -1409.823669     7
   40 16453.506218 23419
   41 9283.993947 26823
   42 -685.298310     2
   43 13853.496583 20275
   44 2082.166758 20882
   45 2332.329789 19868
   46 -495.398006     8
   47 -828.037537     7
   48 -1327.514601     1
   49 165.401318  7208
   50 -707.912394     1
   51 -710.859440     2
   52 2435.194289 24961
   53 3706.265111 25395
   54 16197.092642 31497
   55 -46.534132     1
   56 4299.715964 22654
   57 592.232027  9613
   58 -235.016226     3
   59 2493.559360 19985
   60 4.099269  7593
   61 5653.729204 15343
   62 12700.442282 -2908
   63 -1212.636058     6
   64 -357.045255     5
   65 352.450308  7104
   66 -1207.992803     3
   67 -60.166583     0
   68 9288.492820 25634
   69 6571.898490 22064
   70 -1998.807179     3
   71 10339.692238 26647
   72 3812.611904 30568
   73 -2851.253722     1
   74 12745.634830 23628
   75 432.203378  6257
   76 3184.568557 19979
   77 -2303.306055     9
   78 600.934384 18258
   79 997.851568  7568
   80 7696.380441 27553
   81 6814.901080 17082
   82 -19.315542     2
   83 8986.802662 20949
   84 6917.779291 27106
   85 1926.692941 18544
   86 58.724392 11255
   87 8188.367358 28714
   88 6661.790467 13149
   89 18488.330717 -3029
   90 -247.801142     4
   91 3222.291781 15842
   92 2216.289631 11271
   93 8038.040161 20863
   94 5862.130161 28772
   95 -732.057965     5
   96 -765.887886     9
   97 -873.895606     9
   98 22450.819625 26222
   99 179.693545  6573
  100 20893.517934 27037
