300
    1 0.556759  5001
    2 4719.216772 21119
    3 14303.289856 27552
    4 11725.974251 -2979
    5 8678.744208 -3267
    6 10999.877602 22605
    7 -135.896495     0
    8 7882.952531 -2786
    9 -5.511272     9
   10 2944.535859 10019
   11 5098.368498 16402
   12 -523.607816     2
   13 3516.582392 12882
   14 13182.170132 25490
   15 3029.478392 10438
   16 3693.052116 23433
   17 -2468.180187     5
   18 351.423979 17080
   19 3800.203468 11863
   20 6466.958480 28698
   21 -324.499001     1
   22 285.413401  6611
   23 189.551729  5525
   24 -548.202191     6
   25 -998.014809     8
   26 -1733.901471     1
   27 11400.672779 25096
   28 -257.133135     8
   29 -2042.738754     7
   30 11356.697479 -3202
   31 5220.621754 29956
   32 10169.885756 23649
   33 -174.904005     5
   34 9476.820764 19086
   35 -510.445158     1
   36 705.490578  5763
   37 3346.449976 19573
   38 5122.899445 27063
   39 -344.234770     7
   40 4404.332721 23419
   41 13040.465470 26823
   42 -282.743121     2
   43 1555.388137 20275
   44 3909.290267 20882
   45 8821.548482 19868
   46 -1623.618265     8
   47 -724.292451     7
   48 -1483.524303     1
   49 1896.691603  7208
   50 -171.417593     1
   51 -774.274431     2
   52 24417.433707 24961
   53 12835.263615 25395
   54 3885.638230 31497
   55 -2998.611760     1
   56 2953.345982 22654
   57 2614.300981  9613
   58 -664.181045     3
   59 5822.054479 19985
   60 852.411239  7593
   61 3505.653072 15343
   62 6890.697418 -2908
   63 -312.331793     6
   64 -1180.025663     5
   65 160.075535  7104
   66 -101.188756     3
   67 -2405.116043     0
   68 14267.354483 25634
   69 2774.814194 22064
   70 -81.592595     3
   71 11466.634296 26647
   72 26376.340824 30568
   73 -417.218439     1
   74 1209.326329 23628
   75 864.832427  6257
   76 7419.587257 19979
   77 -2790.323826     9
   78 2103.393114 18258
   79 1.814330  7568
   80 4096.616909 27553
   81 2649.059283 17082
   82 -288.814442     2
   83 2359.776904 20949
   84 2591.736725 27106
   85 1089.118918 18544
   86 4758.335707 11255
   87 5168.118858 28714
   88 8241.005341 13149
   89 6211.244440 -3029
   90 -1104.956822     4
   91 7510.315729 15842
   92 549.605344 11271
   93 13765.505627 20863
   94 7284.020501 28772
   95 -1051.588840     5
   96 -837.877159     9
   97 -1458.753365     9
   98 14974.074828 26222
   99 745.952627  6573
  100 16242.439253 27037
  101 156.739116  5828
  102 -1340.489577     9
  103 2400.210597 17746
  104 -293.705618     1
  105 191.359264  5314
  106 17321.689770 -3121
  107 4199.677113 28962
  108 -165.176440     1
  109 5608.685317 28513
  110 3081.237008 17081
  111 10232.409447 -2851
  112 4193.821689 18467
  113 18193.250831 32528
  114 -573.243558     4
  115 -1555.922825     9
  116 2224.131849 15984
  117 1153.933857 -3174
  118 -332.122055     8
  119 20722.879603 -2932
  120 23105.182168 -2959
  121 964.321822 24028
  122 -1647.692186     1
  123 4113.216874 -2860
  124 260.683442 27549
  125 8035.712394 -2858
  126 2179.959567 -3047
  127 7194.969613 31634
  128 -795.752762     5
  129 254.416844 13009
  130 -521.627565     9
  131 10426.766608 23283
  132 512.277896 19384
  133 2627.141937 19765
  134 6814.296964 19456
  135 10001.414736 -3258
  136 1097.197173  6602
  137 736.358827  9234
  138 7065.028227 18370
  139 335.483970 11832
  140 12810.374801 28847
  141 104.565413 11524
  142 4720.037104 30512
  143 -1696.645796     7
  144 23044.288249 26094
  145 6631.162128 28238
  146 -1278.451857     4
  147 3684.030369 28525
  148 -1336.600851     4
  149 -1194.639059     7
  150 99.239238  5294
  151 917.469214 15172
  152 -1591.046745     8
  153 1652.252527 26958
  154 15851.483066 -3076
  155 -1077.887276     1
  156 14292.519194 24828
  157 -849.833099     7
  158 113.261134  5731
  159 -486.101302     1
  160 10671.839543 20722
  161 1222.263505  8195
  162 192.068396  6887
  163 4240.635005  8101
  164 61.984941  7558
  165 -4094.035408     9
  166 -1410.404390     1
  167 2587.515053 12462
  168 -221.527912     9
  169 352.668055  6250
  170 13789.299905 22861
  171 406.244797 18695
  172 34.934293 29490
  173 -246.541147     7
  174 -1064.128396     1
  175 -78.881310     8
  176 7031.691013 30213
  177 -253.165659     9
  178 -2005.663345     4
  179 1340.921021 16841
  180 21879.899514 31142
  181 144.226610  8905
  182 10191.552071 23518
  183 3238.088983 31181
  184 -400.302395     0
  185 928.527805 11201
  186 -2102.687647     3
  187 -38.334566     1
  188 3673.698198  8731
  189 -689.554175     0
  190 120.379140  5594
  191 9215.827250 25258
  192 2211.612525 13869
  193 6850.415174 16140
  194 -414.145899     1
  195 -168.961742     4
  196 4485.545294 -3187
  197 4632.851916 12350
  198 3041.786151 29250
  199 -1535.102437     5
  200 3799.666120 21020
  201 450.438463 11709
  202 13853.386501 17541
  203 -31.823424     3
  204 -2259.928313     5
  205 12846.250813 25824
  206 -1031.137891     2
  207 1096.828973 15814
  208 5771.926057 25022
  209 -745.309236     5
  210 118.092350  5251
  211 233.173194  6080
  212 6967.186338 20517
  213 6079.949480 28377
  214 13449.743864 -3191
  215 -1448.612205     5
  216 -1257.491657     7
  217 981.699968  6281
  218 12729.510519 26838
  219 -2883.680373     3
  220 -233.872486     0
  221 2180.395248 17350
  222 1117.047619 14458
  223 -403.709116     5
  224 4910.858057 -3122
  225 4915.130282 26527
  226 9015.450033 20425
  227 2708.182359 -3204
  228 8362.728990 29261
  229 5737.324964 17613
  230 12025.381642 -3214
  231 7208.274867 30599
  232 767.943691 27069
  233 2232.061624  7552
  234 -1004.738573     3
  235 2660.697113  9764
  236 -882.995195     2
  237 3897.662697 16817
  238 14676.888338 -2897
  239 4712.729507 13720
  240 -1820.813051     4
  241 88.756010  5876
  242 9228.111996 -3192
  243 11324.280024 26854
  244 787.361174 24497
  245 -778.781752     1
  246 -486.372022     2
  247 123.944655  5546
  248 22677.547422 27208
  249 -970.762803     3
  250 3677.807807 12189
  251 8852.965964 -2797
  252 399.360574 10355
  253 16150.809870 -3109
  254 34.131658  5080
  255 3308.893509 -2848
  256 11640.246815 28594
  257 4108.893483 27728
  258 -992.483028     1
  259 4372.101898 17216
  260 78.223643  5214
  261 11952.360584 24666
  262 -860.952715     7
  263 29.359884  5074
  264 -406.373271     0
  265 -953.856780     6
  266 606.758627 21029
  267 2051.926414 21240
  268 8134.390552 32269
  269 12820.242665 28404
  270 -750.940716     7
  271 474.241377  8066
  272 19279.202823 -3250
  273 1432.565991  8236
  274 3143.995145 13977
  275 -1961.932654     2
  276 11870.128061 30687
  277 4732.266566 31575
  278 11762.114930 28229
  279 16022.859973 -2983
  280 -95.140597     2
  281 27324.912894 28859
  282 3080.931616 11530
  283 -99.713475     7
  284 4814.796917 15765
  285 1767.952978 20705
  286 17548.834356 29767
  287 2754.959020 19460
  288 1477.943407 22963
  289 9019.727746 21428
  290 -747.556602     6
  291 1539.645299 31421
  292 2553.377982 26578
  293 4922.986584 15799
  294 1776.920820  8784
  295 -265.124196     8
  296 -989.029270     2
  297 15173.641090 -3018
  298 14154.272730 23046
  299 4272.454302 19927
  300 2941.901966 24137
