300
    1 0.160850  5001
    2 12924.740297 21119
    3 5867.426837 27552
    4 2571.275609 -2979
    5 20422.107111 -3267
    6 7504.524187 22605
    7 -775.407409     0
    8 8938.042012 -2786
    9 -392.163770     9
   10 751.066625 10019
   11 1969.512341 16402
   12 -488.180122     2
   13 1723.522779 12882
   14 13703.174752 25490
   15 2062.366307 10438
   16 13988.072611 23433
   17 -170.220644     5
   18 4468.603054 17080
   19 1334.720760 11863
   20 4505.609728 28698
   21 -340.516261     1
   22 697.448552  6611
   23 56.933596  5525
   24 -1697.896254     6
   25 -89.555758     8
   26 -947.056728     1
   27 11622.081857 25096
   28 -8.857219     8
   29 -1852.086987     7
   30 7901.462572 -3202
   31 12663.799940 29956
   32 18856.585789 23649
   33 -877.007581     5
   34 5774.184381 19086
   35 -373.831889     1
   36 90.839936  5763
   37 3192.750256 19573
   38 4959.937326 27063
   39 -2389.690700     7
   40 13917.604085 23419
   41 4216.146223 26823
   42 -922.257189     2
   43 660.524491 20275
   44 5830.673553 20882
   45 13785.513417 19868
   46 -297.342504     8
   47 -1329.458121     7
   48 -212.674981     1
   49 1235.866074  7208
   50 -1755.147647     1
   51 -697.003464     2
   52 8770.578603 24961
   53 13058.432392 25395
   54 17478.132783 31497
   55 -188.059429     1
   56 7579.847270 22654
   57 252.927980  9613
   58 -2123.376844     3
   59 10328.033180 19985
   60 1335.242139  7593
   61 6176.101466 15343
   62 9446.817625 -2908
   63 -862.995487     6
   64 -1128.185443     5
   65 184.098665  7104
   66 -1376.416129     3
   67 -204.205006     0
   68 10581.313925 25634
   69 3389.198515 22064
   70 -36.507655     3
   71 12718.934464 26647
   72 26128.307513 30568
   73 -1005.416739     1
   74 4012.674726 23628
   75 499.534967  6257
   76 9864.827230 19979
   77 -880.177203     9
   78 11895.575026 18258
   79 2844.322461  7568
   80 7614.429963 27553
   81 2180.083910 17082
   82 -44.957394     2
   83 4419.077614 20949
   84 1165.758944 27106
   85 8434.080987 18544
   86 2269.873172 11255
   87 12910.907247 28714
   88 3838.341864 13149
   89 14441.749970 -3029
   90 -1601.743951     4
   91 72.660155 15842
   92 4282.123316 11271
   93 23546.268058 20863
   94 1229.689045 28772
   95 -53.948767     5
   96 -862.349676     9
   97 -526.776233     9
   98 9797.389217 26222
   99 468.360586  6573
  100 1275.300947 27037
  101 314.018547  5828
  102 -843.394875     9
  103 86.251141 17746
  104 -2942.555236     1
  105 71.250592  5314
  106 6066.970081 -3121
  107 1411.684688 28962
  108 -1431.113074     1
  109 28148.132571 28513
  110 3270.747025 17081
  111 19862.821160 -2851
  112 2404.500421 18467
  113 2614.266255 32528
  114 -571.046173     4
  115 -1237.087828     9
  116 4963.753760 15984
  117 3821.070072 -3174
  118 -373.243686     8
  119 3616.629402 -2932
  120 473.294320 -2959
  121 1207.628483 24028
  122 -806.975174     1
  123 18308.242234 -2860
  124 7584.688535 27549
  125 1253.218111 -2858
  126 27022.172041 -3047
  127 12460.956567 31634
  128 -2615.863322     5
  129 222.338183 13009
  130 -83.470930     9
  131 31531.023632 23283
  132 2833.476328 19384
  133 361.559370 19765
  134 2458.410997 19456
  135 13493.253567 -3258
  136 668.427201  6602
  137 2438.112554  9234
  138 3082.859900 18370
  139 114.983062 11832
  140 8313.050178 28847
  141 2676.687735 11524
  142 2284.409331 30512
  143 -1050.843237     7
  144 13226.563123 26094
  145 11826.058286 28238
  146 -1332.288335     4
  147 7382.070121 28525
  148 -85.566266     4
  149 -109.046996     7
  150 354.241002  5294
  151 5934.001774 15172
  152 -1532.104310     8
  153 12554.998253 26958
  154 10585.108733 -3076
  155 -479.664024     1
  156 24300.863350 24828
  157 -730.635925     7
  158 24.041778  5731
  159 -707.255376     1
  160 2736.513390 20722
  161 2169.331660  8195
  162 1043.129416  6887
  163 2602.113908  8101
  164 45.224377  7558
  165 -752.036324     9
  166 -1424.986277     1
  167 729.084632 12462
  168 -1876.818857     9
  169 147.269529  6250
  170 8885.880697 22861
  171 9628.047766 18695
  172 3342.027570 29490
  173 -489.552371     7
  174 -380.779637     1
  175 -323.807667     8
  176 21895.239405 30213
  177 -696.368492     9
  178 -1206.089992     4
  179 7045.748472 16841
  180 23240.484130 31142
  181 2265.656808  8905
  182 2360.649372 23518
  183 3267.457499 31181
  184 -1934.349889     0
  185 6311.271910 11201
  186 -1289.193198     3
  187 -545.004844     1
  188 642.654525  8731
  189 -770.488632     0
  190 131.286754  5594
  191 6962.402325 25258
  192 8554.069956 13869
  193 7703.704001 16140
  194 -838.518653     1
  195 -1683.765936     4
  196 2732.922643 -3187
  197 2661.285418 12350
  198 27045.704561 29250
  199 -547.960245     5
  200 1875.282647 21020
  201 1301.503065 11709
  202 2569.698600 17541
  203 -1406.979528     3
  204 -285.363256     5
  205 12151.133165 25824
  206 -1788.695348     2
  207 5313.046981 15814
  208 12974.867830 25022
  209 -650.978738     5
  210 45.164415  5251
  211 446.002305  6080
  212 14579.835324 20517
  213 550.846669 28377
  214 13609.512395 -3191
  215 -711.593312     5
  216 -1720.101060     7
  217 195.449894  6281
  218 9638.929929 26838
  219 -211.208438     3
  220 -546.183239     0
  221 5100.900710 17350
  222 952.460707 14458
  223 -1237.125271     5
  224 16983.197148 -3122
  225 10438.894362 26527
  226 174.343462 20425
  227 2005.654979 -3204
  228 7366.997138 29261
  229 5375.245048 17613
  230 7637.260704 -3214
  231 5430.978907 30599
  232 3377.123556 27069
  233 2158.117751  7552
  234 -539.957729     3
  235 588.224346  9764
  236 -1078.193352     2
  237 3200.571812 16817
  238 3290.508169 -2897
  239 3333.207645 13720
  240 -245.413970     4
  241 795.484166  5876
  242 5859.908804 -3192
  243 1512.898988 26854
  244 6051.535393 24497
  245 -30.695185     1
  246 -1274.835962     2
  247 306.202918  5546
  248 4587.171602 27208
  249 -563.870200     3
  250 2692.129148 12189
  251 11913.047607 -2797
  252 795.915506 10355
  253 18514.055466 -3109
  254 15.424939  5080
  255 31920.044914 -2848
  256 4476.151430 28594
  257 8145.124538 27728
  258 -339.874007     1
  259 3577.622480 17216
  260 96.242865  5214
  261 1389.450817 24666
  262 -139.134247     7
  263 5.192870  5074
  264 -1183.254952     0
  265 -1502.833284     6
  266 1268.018599 21029
  267 8637.334299 21240
  268 5374.390403 32269
  269 860.359894 28404
  270 -269.880159     7
  271 2167.520528  8066
  272 29609.564020 -3250
  273 1428.061170  8236
  274 602.962112 13977
  275 -460.040101     2
  276 12437.441639 30687
  277 7905.786771 31575
  278 11620.882545 28229
  279 3463.920514 -2983
  280 -120.110031     2
  281 6522.882294 28859
  282 2493.441950 11530
  283 -152.882820     7
  284 5293.902533 15765
  285 5104.328632 20705
  286 11814.132312 29767
  287 9522.994313 19460
  288 4553.602303 22963
  289 6175.315318 21428
  290 -844.875068     6
  291 4934.355494 31421
  292 20906.825952 26578
  293 3824.029309 15799
  294 74.656938  8784
  295 -2366.476888     8
  296 -648.028641     2
  297 8015.293414 -3018
  298 6989.566397 23046
  299 8970.270484 19927
  300 10834.985085 24137
