300
    1 0.463421  5001
    2 2368.710415 21119
    3 9158.892515 27552
    4 26488.969020 -2979
    5 10831.026339 -3267
    6 5829.410514 22605
    7 -1094.262224     0
    8 10204.699061 -2786
    9 -627.196905     9
   10 131.353331 10019
   11 8689.360579 16402
   12 -1637.156328     2
   13 2748.589909 12882
   14 6460.360328 25490
   15 4361.333556 10438
   16 4605.095762 23433
   17 -603.430471     5
   18 5381.876336 17080
   19 1992.781158 11863
   20 8956.203112 28698
   21 -1607.310020     1
   22 111.065846  6611
   23 131.531805  5525
   24 -41.071614     6
   25 -315.717759     8
   26 -1597.663559     1
   27 3246.327058 25096
   28 -75.385900     8
   29 -1801.834770     7
   30 9995.905982 -3202
   31 8898.150025 29956
   32 4475.025437 23649
   33 -507.326568     5
   34 4277.991705 19086
   35 -62.143139     1
   36 74.925791  5763
   37 6045.640837 19573
   38 4720.663757 27063
   39 -414.916694     7
   40 10736.537548 23419
   41 3685.268307 26823
   42 -6.079615     2
   43 3059.805753 20275
   44 4666.665091 20882
   45 359.708191 19868
   46 -1214.700241     8
   47 -489.098025     7
   48 -922.478738     1
   49 1403.226902  7208
   50 -2147.372705     1
   51 -205.125574     2
   52 7191.593549 24961
   53 13814.215729 25395
   54 13953.399839 31497
   55 -1254.176150     1
   56 22464.317569 22654
   57 2320.644637  9613
   58 -1840.797601     3
   59 1687.210427 19985
   60 1515.791961  7593
   61 1.832416 15343
   62 2433.442533 -2908
   63 -886.223769     6
   64 -2615.730052     5
   65 983.682058  7104
   66 -1472.941557     3
   67 -141.198505     0
   68 2261.959572 25634
   69 13075.359630 22064
   70 -650.229679     3
   71 7637.550174 26647
   72 6552.903274 30568
   73 -921.192151     1
   74 8835.938910 23628
   75 208.320237  6257
   76 10357.632458 19979
   77 -282.475200     9
   78 9551.017014 18258
   79 117.404254  7568
   80 4524.773400 27553
   81 7519.484580 17082
   82 -77.531093     2
   83 4324.571558 20949
   84 8537.616642 27106
   85 7774.550763 18544
   86 999.789390 11255
   87 17893.780530 28714
   88 1292.324531 13149
   89 14048.748258 -3029
   90 -868.880056     4
   91 5283.088152 15842
   92 1146.172653 11271
   93 403.597324 20863
   94 3775.553900 28772
   95 -20.316031     5
   96 -1080.236959     9
   97 -947.523711     9
   98 19758.358054 26222
   99 1794.965786  6573
  100 5282.527083 27037
  101 622.117804  5828
  102 -1078.630956     9
  103 4691.814961 17746
  104 -1372.360836     1
  105 32.740005  5314
  106 22810.566206 -3121
  107 11069.463842 28962
  108 -260.176878     1
  109 2809.023740 28513
  110 9425.811784 17081
  111 1114.056742 -2851
  112 6812.835737 18467
  113 12103.083074 32528
  114 -105.112301     4
  115 -1114.471620     9
  116 2688.335605 15984
  117 6967.446393 -3174
  118 -847.622821     8
  119 22799.636807 -2932
  120 10254.137176 -2959
  121 8941.295456 24028
  122 -515.871486     1
  123 5407.714655 -2860
  124 15446.083544 27549
  125 5235.045441 -2858
  126 427.449699 -3047
  127 28226.990912 31634
  128 -884.191114     5
  129 2840.783664 13009
  130 -1121.560393     9
  131 2580.493152 23283
  132 4247.063398 19384
  133 6021.189062 19765
  134 2279.825123 19456
  135 7074.247684 -3258
  136 382.023414  6602
  137 3368.575621  9234
  138 1720.853513 18370
  139 1056.796061 11832
  140 7937.666967 28847
  141 2064.339564 11524
  142 17378.758988 30512
  143 -792.698742     7
  144 1249.211933 26094
  145 279.344757 28238
  146 -673.084729     4
  147 4633.311254 28525
  148 -1369.962461     4
  149 -604.760937     7
  150 191.988378  5294
  151 9337.069342 15172
  152 -254.062789     8
  153 5858.104912 26958
  154 5703.648469 -3076
  155 -320.098846     1
  156 13911.382674 24828
  157 -545.015567     7
  158 42.749938  5731
  159 -72.615908     1
  160 8596.598210 20722
  161 427.871379  8195
  162 1409.181232  6887
  163 3081.445308  8101
  164 1514.321572  7558
  165 -1946.592196     9
  166 -519.862214     1
  167 2934.904893 12462
  168 -836.050932     9
  169 86.583308  6250
  170 773.855344 22861
  171 2460.830715 18695
  172 6167.269176 29490
  173 -2993.296025     7
  174 -800.533234     1
  175 -1298.701806     8
  176 7996.748568 30213
  177 -1361.378042     9
  178 -1383.897797     4
  179 4547.169895 16841
  180 2617.635572 31142
  181 611.858078  8905
  182 10190.120001 23518
  183 7338.039924 31181
  184 -490.368342     0
  185 1195.657037 11201
  186 -639.568323     3
  187 -2227.592057     1
  188 329.790261  8731
  189 -1675.480536     0
  190 323.030249  5594
  191 1321.542506 25258
  192 520.479223 13869
  193 7358.555918 16140
  194 -1587.866010     1
  195 -16.299380     4
  196 16004.666331 -3187
  197 5195.217038 12350
  198 5518.019513 29250
  199 -3241.951232     5
  200 7090.616774 21020
  201 5531.542275 11709
  202 4277.926083 17541
  203 -1105.845328     3
  204 -1462.634680     5
  205 17095.871939 25824
  206 -1261.853721     2
  207 4790.494886 15814
  208 959.932336 25022
  209 -1227.740173     5
  210 155.884878  5251
  211 1115.945824  6080
  212 9317.052179 20517
  213 4259.726645 28377
  214 16054.285220 -3191
  215 -120.266357     5
  216 -93.991338     7
  217 977.468901  6281
  218 17944.372941 26838
  219 -2473.479457     3
  220 -479.888829     0
  221 9584.984348 17350
  222 6432.849537 14458
  223 -427.431997     5
  224 24041.364807 -3122
  225 90.198449 26527
  226 6575.969683 20425
  227 10734.435048 -3204
  228 1391.152037 29261
  229 5478.833745 17613
  230 19342.647264 -3214
  231 4950.638010 30599
  232 7780.963179 27069
  233 167.148088  7552
  234 -1037.321259     3
  235 864.687213  9764
  236 -658.850088     2
  237 11071.895241 16817
  238 11590.854977 -2897
  239 482.424531 13720
  240 -1446.283525     4
  241 455.992896  5876
  242 12352.512999 -3192
  243 3636.761009 26854
  244 16396.313160 24497
  245 -439.968374     1
  246 -1594.409429     2
  247 426.912378  5546
  248 1329.281224 27208
  249 -515.146008     3
  250 1540.969779 12189
  251 5248.607455 -2797
  252 1152.336765 10355
  253 8504.869839 -3109
  254 9.370646  5080
  255 41112.006956 -2848
  256 10973.287652 28594
  257 1255.740750 27728
  258 -409.237904     1
  259 3975.005612 17216
  260 80.411213  5214
  261 4256.019427 24666
  262 -896.627891     7
  263 36.865447  5074
  264 -25.770914     0
  265 -303.285027     6
  266 834.930742 21029
  267 3179.228840 21240
  268 18718.438169 32269
  269 1063.548476 28404
  270 -599.329891     7
  271 1667.234085  8066
  272 5102.572487 -3250
  273 1237.520245  8236
  274 3328.053896 13977
  275 -2155.883767     2
  276 4841.771874 30687
  277 24858.663176 31575
  278 11228.919530 28229
  279 7057.410607 -2983
  280 -1403.034483     2
  281 12119.358137 28859
  282 38.360460 11530
  283 -60.088482     7
  284 2325.288611 15765
  285 6070.130070 20705
  286 4601.165668 29767
  287 2964.437197 19460
  288 3969.562715 22963
  289 6885.561930 21428
  290 -2692.069366     6
  291 14426.540104 31421
  292 4911.439394 26578
  293 3386.266350 15799
  294 631.393097  8784
  295 -851.906782     8
  296 -112.633185     2
  297 801.011730 -3018
  298 8265.254102 23046
  299 2488.027340 19927
  300 1995.379697 24137
