300
    1 0.657226  5001
    2 511.107925 21119
    3 6152.774702 27552
    4 15632.563708 -2979
    5 2547.075203 -3267
    6 391.917259 22605
    7 -326.632525     0
    8 14912.547565 -2786
    9 -965.703013     9
   10 333.978764 10019
   11 871.772760 16402
   12 -1099.449501     2
   13 8748.221333 12882
   14 4798.693219 25490
   15 5630.078451 10438
   16 4508.506959 23433
   17 -543.119587     5
   18 6511.663904 17080
   19 2960.569781 11863
   20 15332.668999 28698
   21 -1499.069800     1
   22 1298.384705  6611
   23 190.616112  5525
   24 -2393.141489     6
   25 -371.640435     8
   26 -547.958425     1
   27 5208.955068 25096
   28 -581.126947     8
   29 -1299.915486     7
   30 24736.475629 -3202
   31 3956.559584 29956
   32 5381.927808 23649
   33 -13.075531     5
   34 4194.479295 19086
   35 -310.010717     1
   36 203.867943  5763
   37 3427.622803 19573
   38 12728.031674 27063
   39 -480.830386     7
   40 4888.833136 23419
   41 5024.352831 26823
   42 -3549.686136     2
   43 8164.341359 20275
   44 9405.406263 20882
   45 3269.078522 19868
   46 -336.087003     8
   47 -930.255926     7
   48 -850.164496     1
   49 547.988750  7208
   50 -1688.940663     1
   51 -1648.304503     2
   52 12413.453268 24961
   53 2000.631390 25395
   54 8311.000979 31497
   55 -1189.454599     1
   56 2317.713843 22654
   57 1936.870826  9613
   58 -57.942479     3
   59 8008.017644 19985
   60 155.503896  7593
   61 5835.970399 15343
   62 5913.500280 -2908
   63 -503.508694     6
   64 -2666.296080     5
   65 362.043595  7104
   66 -1158.360378     3
   67 -754.218702     0
   68 2983.148148 25634
   69 8191.957898 22064
   70 -1099.376748     3
   71 2951.833504 26647
   72 27487.219815 30568
   73 -141.476005     1
   74 1729.868176 23628
   75 31.763300  6257
   76 2693.116698 19979
   77 -369.000986     9
   78 9600.608085 18258
   79 12.766869  7568
   80 5152.781188 27553
   81 1519.365854 17082
   82 -477.619177     2
   83 8296.867215 20949
   84 19162.102719 27106
   85 5080.103498 18544
   86 4666.501114 11255
   87 9544.850662 28714
   88 2197.540595 13149
   89 4001.734164 -3029
   90 -112.018146     4
   91 1101.265481 15842
   92 1107.839146 11271
   93 21423.795107 20863
   94 14773.445932 28772
   95 -452.872406     5
   96 -524.775715     9
   97 -2142.635786     9
   98 3457.016194 26222
   99 197.527548  6573
  100 5279.624522 27037
  101 119.262671  5828
  102 -1380.444281     9
  103 8113.550295 17746
  104 -1013.012847     1
  105 63.723752  5314
  106 14811.571726 -3121
  107 9506.439027 28962
  108 -800.265316     1
  109 8113.843879 28513
  110 1805.595399 17081
  111 24598.656750 -2851
  112 10313.359753 18467
  113 10640.982840 32528
  114 -2543.111915     4
  115 -222.363019     9
  116 2616.799109 15984
  117 33732.689110 -3174
  118 -32.653785     8
  119 6164.180495 -2932
  120 30658.237272 -2959
  121 3530.832181 24028
  122 -635.578089     1
  123 9559.782748 -2860
  124 1832.912457 27549
  125 18146.473210 -2858
  126 19620.655533 -3047
  127 4280.568519 31634
  128 -2020.920718     5
  129 4305.256499 13009
  130 -630.812918     9
  131 5114.953015 23283
  132 16330.570221 19384
  133 1178.746724 19765
  134 2936.229072 19456
  135 5182.181585 -3258
  136 49.767078  6602
  137 3343.231831  9234
  138 580.883552 18370
  139 4050.326445 11832
  140 10910.541833 28847
  141 3481.870019 11524
  142 4423.737420 30512
  143 -231.247067     7
  144 4911.372878 26094
  145 14815.915383 28238
  146 -918.615747     4
  147 5108.379296 28525
  148 -1413.198954     4
  149 -930.348314     7
  150 212.901351  5294
  151 2090.107046 15172
  152 -1289.005821     8
  153 840.664561 26958
  154 12139.109838 -3076
  155 -1890.250486     1
  156 15211.219019 24828
  157 -2871.062880     7
  158 305.359896  5731
  159 -596.519854     1
  160 1.574356 20722
  161 401.323671  8195
  162 46.229880  6887
  163 3321.011921  8101
  164 121.219457  7558
  165 -960.970019     9
  166 -322.584251     1
  167 3939.098960 12462
  168 -1030.522513     9
  169 320.078510  6250
  170 11167.918913 22861
  171 4609.521713 18695
  172 6116.963924 29490
  173 -721.347070     7
  174 -273.942833     1
  175 -989.686566     8
  176 10636.362106 30213
  177 -657.812421     9
  178 -2319.161882     4
  179 3284.472209 16841
  180 4062.033019 31142
  181 1964.127428  8905
  182 11350.377615 23518
  183 9914.601937 31181
  184 -1097.706145     0
  185 1552.919135 11201
  186 -598.771622     3
  187 -960.747482     1
  188 3350.578002  8731
  189 -1790.147390     0
  190 160.327092  5594
  191 6235.836353 25258
  192 4016.992326 13869
  193 363.650045 16140
  194 -489.448619     1
  195 -898.372819     4
  196 230.347393 -3187
  197 2814.847839 12350
  198 1910.340321 29250
  199 -923.030111     5
  200 18402.603462 21020
  201 881.813939 11709
  202 2560.111598 17541
  203 -1288.992289     3
  204 -1266.193705     5
  205 9316.809862 25824
  206 -1132.883900     2
  207 2381.344994 15814
  208 2221.003538 25022
  209 -1273.549205     5
  210 126.969291  5251
  211 327.868784  6080
  212 3168.275589 20517
  213 13264.012209 28377
  214 18728.068730 -3191
  215 -1587.378885     5
  216 -2182.411381     7
  217 356.914130  6281
  218 682.388059 26838
  219 -1572.177576     3
  220 -920.485439     0
  221 1304.500229 17350
  222 4199.929127 14458
  223 -940.290570     5
  224 163.192739 -3122
  225 4199.333048 26527
  226 318.222928 20425
  227 22358.691586 -3204
  228 948.354195 29261
  229 781.085446 17613
  230 11470.222621 -3214
  231 18265.386647 30599
  232 3202.667564 27069
  233 10.018957  7552
  234 -1669.887309     3
  235 2642.084521  9764
  236 -873.460793     2
  237 3051.991917 16817
  238 23253.514183 -2897
  239 3376.633807 13720
  240 -1131.134359     4
  241 386.339860  5876
  242 4898.000755 -3192
  243 7614.589783 26854
  244 10526.822719 24497
  245 -96.974003     1
  246 -1957.871384     2
  247 423.116362  5546
  248 6621.484490 27208
  249 -93.050589     3
  250 60.765814 12189
  251 11193.377383 -2797
  252 1418.617190 10355
  253 1624.228671 -3109
  254 145.844724  5080
  255 8193.270829 -2848
  256 5383.226295 28594
  257 7491.940104 27728
  258 -369.400407     1
  259 3334.306905 17216
  260 130.018410  5214
  261 5601.194230 24666
  262 -486.740000     7
  263 28.525180  5074
  264 -1525.685450     0
  265 -942.531333     6
  266 12875.284118 21029
  267 3044.170035 21240
  268 9164.884980 32269
  269 16071.623648 28404
  270 -258.453889     7
  271 1798.961901  8066
  272 3197.114811 -3250
  273 3694.188498  8236
  274 16.485069 13977
  275 -1299.368157     2
  276 24719.989653 30687
  277 5102.050010 31575
  278 7662.257816 28229
  279 3731.751619 -2983
  280 -1189.272472     2
  281 3675.944982 28859
  282 975.237946 11530
  283 -319.679905     7
  284 8419.954197 15765
  285 4773.905287 20705
  286 9322.941656 29767
  287 2550.853650 19460
  288 910.427979 22963
  289 15156.270206 21428
  290 -879.055094     6
  291 31518.197437 31421
  292 32.697564 26578
  293 910.706542 15799
  294 431.950220  8784
  295 -1041.370501     8
  296 -104.366707     2
  297 24379.092943 -3018
  298 10928.735095 23046
  299 7051.417142 19927
  300 17806.055237 24137
