300
    1 0.777076  5001
    2 2062.291112 21119
    3 4413.259956 27552
    4 10049.302103 -2979
    5 2774.751992 -3267
    6 573.054800 22605
    7 -117.312227     0
    8 5470.060165 -2786
    9 -527.011800     9
   10 2389.886081 10019
   11 6552.222134 16402
   12 -782.882454     2
   13 1357.995755 12882
   14 9459.652452 25490
   15 200.592198 10438
   16 2577.559046 23433
   17 -1167.682556     5
   18 1311.010791 17080
   19 3256.415809 11863
   20 9983.937119 28698
   21 -1762.093311     1
   22 491.818865  6611
   23 452.079850  5525
   24 -12.028495     6
   25 -251.616964     8
   26 -1538.160386     1
   27 5418.340607 25096
   28 -1891.716718     8
   29 -2992.806321     7
   30 16207.637196 -3202
   31 12148.298942 29956
   32 13857.901114 23649
   33 -368.548332     5
   34 1434.807064 19086
   35 -342.429156     1
   36 302.053534  5763
   37 286.858807 19573
   38 2149.734443 27063
   39 -1138.883344     7
   40 2000.250994 23419
   41 2150.562806 26823
   42 -1740.384162     2
   43 2184.659040 20275
   44 938.308846 20882
   45 3453.538714 19868
   46 -99.415851     8
   47 -522.945471     7
   48 -559.264407     1
   49 77.407589  7208
   50 -362.646902     1
   51 -939.278643     2
   52 2979.910770 24961
   53 2864.298370 25395
   54 6056.202803 31497
   55 -398.888834     1
   56 8376.345644 22654
   57 1080.544342  9613
   58 -339.197839     3
   59 7104.820074 19985
   60 2281.340712  7593
   61 547.488310 15343
   62 9558.621222 -2908
   63 -738.425379     6
   64 -136.125992     5
   65 154.052997  7104
   66 -842.072778     3
   67 -2161.732730     0
   68 6921.545808 25634
   69 3775.601145 22064
   70 -29.400023     3
   71 738.222828 26647
   72 15456.475047 30568
   73 -650.961635     1
   74 66.621147 23628
   75 654.306972  6257
   76 204.960998 19979
   77 -3081.270710     9
   78 2325.745402 18258
   79 1312.985321  7568
   80 3536.528912 27553
   81 6635.650693 17082
   82 -279.847324     2
   83 7147.030339 20949
   84 4644.081370 27106
   85 9260.860867 18544
   86 2920.404410 11255
   87 5794.227863 28714
   88 979.759729 13149
   89 11827.304139 -3029
   90 -1931.315057     4
   91 2545.166249 15842
   92 2970.529815 11271
   93 4449.615596 20863
   94 11542.997123 28772
   95 -239.884414     5
   96 -801.042401     9
   97 -1958.280053     9
   98 8156.257107 26222
   99 647.744748  6573
  100 8287.148997 27037
  101 170.662056  5828
  102 -265.783586     9
  103 2595.280373 17746
  104 -35.525192     1
  105 35.591127  5314
  106 6641.010923 -3121
  107 12036.362307 28962
  108 -819.050770     1
  109 4665.815628 28513
  110 8865.546233 17081
  111 20924.645091 -2851
  112 4764.568488 18467
  113 17617.922615 32528
  114 -2787.988703     4
  115 -1575.035652     9
  116 2110.694533 15984
  117 5426.332186 -3174
  118 -24.121126     8
  119 24323.040542 -2932
  120 2888.699071 -2959
  121 309.081529 24028
  122 -264.599754     1
  123 3299.353185 -2860
  124 4686.475632 27549
  125 19265.294713 -2858
  126 15037.023697 -3047
  127 4443.783925 31634
  128 -1054.891341     5
  129 3026.546395 13009
  130 -324.531533     9
  131 3130.958131 23283
  132 8378.677956 19384
  133 5119.732391 19765
  134 10631.379213 19456
  135 8768.903643 -3258
  136 825.989078  6602
  137 1647.750397  9234
  138 3506.423013 18370
  139 2883.005622 11832
  140 4185.253271 28847
  141 4287.135702 11524
  142 4798.540304 30512
  143 -226.749792     7
  144 10266.080669 26094
  145 1721.421967 28238
  146 -433.396853     4
  147 10889.390324 28525
  148 -1350.635406     4
  149 -123.705106     7
  150 161.783538  5294
  151 893.811643 15172
  152 -2621.057510     8
  153 9785.343790 26958
  154 4306.194686 -3076
  155 -464.268833     1
  156 813.079876 24828
  157 -1205.343008     7
  158 187.970293  5731
  159 -769.648002     1
  160 11243.301788 20722
  161 1087.340537  8195
  162 794.786338  6887
  163 492.978679  8101
  164 1873.219733  7558
  165 -1453.526547     9
  166 -668.979973     1
  167 954.620773 12462
  168 -766.732757     9
  169 942.384171  6250
  170 7437.474690 22861
  171 737.090092 18695
  172 6918.262489 29490
  173 -253.037172     7
  174 -1230.625554     1
  175 -1038.281224     8
  176 3217.442899 30213
  177 -286.818786     9
  178 -685.214599     4
  179 917.808407 16841
  180 16692.108785 31142
  181 1416.247205  8905
  182 4838.666749 23518
  183 7113.472514 31181
  184 -2935.866664     0
  185 2979.242013 11201
  186 -736.975242     3
  187 -186.595876     1
  188 163.461213  8731
  189 -1675.267160     0
  190 287.006426  5594
  191 3576.349399 25258
  192 1295.043786 13869
  193 2251.459532 16140
  194 -1680.241841     1
  195 -113.099202     4
  196 10277.584558 -3187
  197 693.025462 12350
  198 9546.471514 29250
  199 -84.984370     5
  200 1920.258428 21020
  201 1892.173156 11709
  202 347.268023 17541
  203 -1594.494361     3
  204 -143.131512     5
  205 2260.394315 25824
  206 -872.340416     2
  207 8011.727411 15814
  208 3434.628972 25022
  209 -802.459613     5
  210 23.021870  5251
  211 425.469390  6080
  212 3338.193591 20517
  213 19918.871071 28377
  214 3161.055423 -3191
  215 -1395.093326     5
  216 -1097.070593     7
  217 492.078477  6281
  218 18079.556990 26838
  219 -816.772500     3
  220 -382.699708     0
  221 7114.974483 17350
  222 3905.468594 14458
  223 -1575.482086     5
  224 28537.177191 -3122
  225 4911.404015 26527
  226 3203.989232 20425
  227 3071.669576 -3204
  228 3946.034639 29261
  229 2781.063129 17613
  230 7909.415517 -3214
  231 8993.163954 30599
  232 1548.786760 27069
  233 283.838844  7552
  234 -488.271974     3
  235 2734.325716  9764
  236 -2422.125885     2
  237 6428.123765 16817
  238 3521.747598 -2897
  239 9519.846676 13720
  240 -408.925824     4
  241 692.578753  5876
  242 6248.429642 -3192
  243 2535.108203 26854
  244 10534.035912 24497
  245 -311.068002     1
  246 -1099.510036     2
  247 22.078482  5546
  248 14663.055569 27208
  249 -1158.675968     3
  250 5214.005332 12189
  251 6347.239124 -2797
  252 549.356500 10355
  253 13658.695634 -3109
  254 27.800734  5080
  255 8801.638091 -2848
  256 4686.650726 28594
  257 5444.275481 27728
  258 -1606.551941     1
  259 719.138341 17216
  260 99.948157  5214
  261 6676.065835 24666
  262 -598.946603     7
  263 19.237368  5074
  264 -1289.780233     0
  265 -542.281267     6
  266 761.484422 21029
  267 10239.734868 21240
  268 739.246348 32269
  269 14081.274066 28404
  270 -240.231723     7
  271 2691.698063  8066
  272 2871.910188 -3250
  273 218.106205  8236
  274 3834.815616 13977
  275 -1950.682739     2
  276 5377.749215 30687
  277 383.740260 31575
  278 13118.767176 28229
  279 24168.705430 -2983
  280 -1184.087584     2
  281 13268.034769 28859
  282 5342.687896 11530
  283 -1175.542761     7
  284 9086.233384 15765
  285 5605.757528 20705
  286 18708.902191 29767
  287 4261.553713 19460
  288 4814.103892 22963
  289 4688.784990 21428
  290 -562.459504     6
  291 15027.048787 31421
  292 15903.743082 26578
  293 4059.579106 15799
  294 354.162569  8784
  295 -1641.848422     8
  296 -3053.718737     2
  297 14390.491550 -3018
  298 11025.324763 23046
  299 595.945054 19927
  300 13786.160987 24137
