300
    1 0.282191  5001
    2 1012.831913 21119
    3 12691.044189 27552
    4 8564.362893 -2979
    5 13369.877260 -3267
    6 1168.850951 22605
    7 -78.285645     0
    8 12887.455565 -2786
    9 -2640.125005     9
   10 251.161350 10019
   11 1652.562249 16402
   12 -978.499514     2
   13 5953.904267 12882
   14 1980.388161 25490
   15 1889.196244 10438
   16 1522.875278 23433
   17 -216.661357     5
   18 1010.310581 17080
   19 231.131326 11863
   20 27073.192623 28698
   21 -1277.916996     1
   22 870.644454  6611
   23 126.232051  5525
   24 -1499.558684     6
   25 -310.632710     8
   26 -1438.770263     1
   27 830.419095 25096
   28 -2730.793809     8
   29 -10.274319     7
   30 16801.492620 -3202
   31 5126.007610 29956
   32 1824.624185 23649
   33 -1566.979720     5
   34 1085.717660 19086
   35 -476.765915     1
   36 221.234681  5763
   37 5808.112524 19573
   38 8368.556805 27063
   39 -2663.363036     7
   40 8656.594310 23419
   41 22159.319721 26823
   42 -1953.753600     2
   43 6408.910673 20275
   44 12477.366007 20882
   45 2669.128497 19868
   46 -124.350326     8
   47 -552.094094     7
   48 -2415.584888     1
   49 1349.833703  7208
   50 -1125.694290     1
   51 -1286.632930     2
   52 8742.514625 24961
   53 8410.845731 25395
   54 6508.043602 31497
   55 -59.924502     1
   56 116.950651 22654
   57 826.827618  9613
   58 -1797.690224     3
   59 38.673688 19985
   60 1026.744344  7593
   61 4078.478111 15343
   62 29546.508750 -2908
   63 -676.770436     6
   64 -2156.362786     5
   65 733.901993  7104
   66 -43.332609     3
   67 -422.390886     0
   68 3201.287516 25634
   69 7265.197522 22064
   70 -588.833397     3
   71 17150.208050 26647
   72 5611.758167 30568
   73 -273.440900     1
   74 5332.457271 23628
   75 350.635020  6257
   76 10313.266389 19979
   77 -758.715801     9
   78 2176.012849 18258
   79 526.641616  7568
   80 394.931983 27553
   81 2164.780349 17082
   82 -3546.979504     2
   83 215.567093 20949
   84 8564.708162 27106
   85 5412.085934 18544
   86 289.808156 11255
   87 8240.307757 28714
   88 5065.487416 13149
   89 19690.911428 -3029
   90 -647.145528     4
   91 3205.803563 15842
   92 442.389568 11271
   93 8368.158812 20863
   94 15864.110382 28772
   95 -636.732042     5
   96 -593.467793     9
   97 -1036.346933     9
   98 6240.799526 26222
   99 743.168245  6573
  100 396.122748 27037
  101 107.441194  5828
  102 -240.130298     9
  103 8306.113719 17746
  104 -281.078903     1
  105 228.040744  5314
  106 8671.772551 -3121
  107 9416.156499 28962
  108 -1479.817174     1
  109 3187.874524 28513
  110 4403.513885 17081
  111 21518.828688 -2851
  112 6908.938599 18467
  113 4297.634086 32528
  114 -296.485265     4
  115 -909.527573     9
  116 395.667545 15984
  117 1209.918834 -3174
  118 -2079.274387     8
  119 6031.780778 -2932
  120 23405.208723 -2959
  121 6120.426774 24028
  122 -2132.543928     1
  123 32850.624283 -2860
  124 11176.632235 27549
  125 15833.644096 -2858
  126 13902.702316 -3047
  127 14556.665783 31634
  128 -530.958220     5
  129 3695.795834 13009
  130 -34.769362     9
  131 520.769501 23283
  132 153.698570 19384
  133 7076.306527 19765
  134 2872.129873 19456
  135 906.125733 -3258
  136 243.768865  6602
  137 3189.692749  9234
  138 7143.498753 18370
  139 2393.433317 11832
  140 8887.717416 28847
  141 4498.327119 11524
  142 3684.245388 30512
  143 -1597.903304     7
  144 9730.146876 26094
  145 6434.410470 28238
  146 -823.626503     4
  147 13250.576191 28525
  148 -75.389222     4
  149 -215.160355     7
  150 152.135367  5294
  151 576.907776 15172
  152 -2755.955345     8
  153 7562.649379 26958
  154 1600.902918 -3076
  155 -1210.867884     1
  156 2283.362668 24828
  157 -863.912202     7
  158 217.047729  5731
  159 -1073.666301     1
  160 344.967686 20722
  161 2325.274344  8195
  162 985.112625  6887
  163 1515.031459  8101
  164 1083.593738  7558
  165 -2860.426111     9
  166 -993.533548     1
  167 6531.518540 12462
  168 -1380.366497     9
  169 220.900767  6250
  170 14701.042332 22861
  171 254.095794 18695
  172 11889.333257 29490
  173 -2841.263824     7
  174 -605.578668     1
  175 -648.565094     8
  176 21699.732053 30213
  177 -340.729272     9
  178 -1379.976982     4
  179 14228.740105 16841
  180 5382.122192 31142
  181 911.011222  8905
  182 7457.958834 23518
  183 1684.366681 31181
  184 -255.615452     0
  185 416.279942 11201
  186 -1604.196015     3
  187 -1079.905377     1
  188 1779.317149  8731
  189 -2280.452266     0
  190 119.710935  5594
  191 3482.737631 25258
  192 4012.626116 13869
  193 10812.472209 16140
  194 -1272.967134     1
  195 -1826.322031     4
  196 13573.956744 -3187
  197 426.251858 12350
  198 2575.181860 29250
  199 -1120.141984     5
  200 8870.506214 21020
  201 1454.043258 11709
  202 8915.457671 17541
  203 -803.076031     3
  204 -973.911299     5
  205 21018.544737 25824
  206 -967.357104     2
  207 2913.276993 15814
  208 6064.815716 25022
  209 -605.737797     5
  210 125.717605  5251
  211 1403.316079  6080
  212 5814.291166 20517
  213 7675.643754 28377
  214 16756.055244 -3191
  215 -375.236884     5
  216 -1013.289717     7
  217 717.182522  6281
  218 4193.485301 26838
  219 -1609.261066     3
  220 -453.999675     0
  221 6550.554689 17350
  222 7646.695192 14458
  223 -145.983554     5
  224 15151.701135 -3122
  225 4228.404170 26527
  226 4242.571747 20425
  227 15510.616164 -3204
  228 5052.644676 29261
  229 10898.608723 17613
  230 3134.139954 -3214
  231 7422.735822 30599
  232 9953.955515 27069
  233 304.012102  7552
  234 -613.066273     3
  235 469.323733  9764
  236 -331.668678     2
  237 6105.980129 16817
  238 10854.967851 -2897
  239 1974.181086 13720
  240 -908.401222     4
  241 461.371470  5876
  242 5022.730425 -3192
  243 14462.798866 26854
  244 8370.759539 24497
  245 -1161.188792     1
  246 -36.388997     2
  247 187.335279  5546
  248 3007.945840 27208
  249 -1096.953307     3
  250 1272.682039 12189
  251 15129.532922 -2797
  252 314.837157 10355
  253 12788.357913 -3109
  254 22.380990  5080
  255 1338.019953 -2848
  256 8969.503451 28594
  257 5875.347797 27728
  258 -167.868463     1
  259 2416.899911 17216
  260 117.081619  5214
  261 265.065495 24666
  262 -236.819367     7
  263 1.829611  5074
  264 -1557.509234     0
  265 -1068.385390     6
  266 16114.189941 21029
  267 1162.004987 21240
  268 125.203280 32269
  269 11482.508459 28404
  270 -213.830840     7
  271 164.136564  8066
  272 227.172551 -3250
  273 181.392231  8236
  274 3476.447438 13977
  275 -3422.494180     2
  276 22326.984013 30687
  277 32961.495148 31575
  278 17406.123932 28229
  279 22236.531284 -2983
  280 -1564.943048     2
  281 1788.818205 28859
  282 3715.805796 11530
  283 -2690.273735     7
  284 1100.695458 15765
  285 3823.299833 20705
  286 11401.416324 29767
  287 1582.971096 19460
  288 7563.160868 22963
  289 15897.148977 21428
  290 -795.898510     6
  291 9757.953199 31421
  292 17043.547293 26578
  293 897.594776 15799
  294 848.967126  8784
  295 -420.774855     8
  296 -782.450039     2
  297 3910.496929 -3018
  298 2253.112611 23046
  299 11720.489076 19927
  300 2551.325072 24137
