300
    1 0.726986  5001
    2 2333.707218 21119
    3 29244.948254 27552
    4 41999.999098 -2979
    5 5429.714205 -3267
    6 1289.907166 22605
    7 -457.353341     0
    8 18981.908146 -2786
    9 -1716.922987     9
   10 375.266387 10019
   11 8240.523668 16402
   12 -843.588578     2
   13 2833.240215 12882
   14 11279.302011 25490
   15 4981.356885 10438
   16 12823.912912 23433
   17 -1444.362825     5
   18 5699.942317 17080
   19 413.402895 11863
   20 18581.730811 28698
   21 -787.341518     1
   22 555.435344  6611
   23 26.716969  5525
   24 -242.178759     6
   25 -935.292020     8
   26 -1193.057258     1
   27 901.156180 25096
   28 -86.828721     8
   29 -866.825972     7
   30 11478.582604 -3202
   31 26066.148523 29956
   32 15428.012275 23649
   33 -1334.706911     5
   34 9947.561077 19086
   35 -534.683921     1
   36 150.476561  5763
   37 12660.879075 19573
   38 894.413436 27063
   39 -1527.908866     7
   40 4644.361090 23419
   41 10140.556980 26823
   42 -2497.671511     2
   43 2988.998424 20275
   44 4671.507521 20882
   45 651.816521 19868
   46 -1196.980792     8
   47 -591.492440     7
   48 -295.836433     1
   49 1108.743103  7208
   50 -59.589585     1
   51 -200.950613     2
   52 3262.312852 24961
   53 10285.795458 25395
   54 3758.193461 31497
   55 -1455.818194     1
   56 4039.850445 22654
   57 2750.014809  9613
   58 -179.994540     3
   59 2960.911070 19985
   60 34.503819  7593
   61 2470.450215 15343
   62 17971.953909 -2908
   63 -557.440254     6
   64 -441.867946     5
   65 226.633855  7104
   66 -549.220094     3
   67 -199.360830     0
   68 2331.233578 25634
   69 7788.126685 22064
   70 -1088.475084     3
   71 10101.881119 26647
   72 14051.567182 30568
   73 -2698.136765     1
   74 14512.983384 23628
   75 72.579631  6257
   76 14788.541466 19979
   77 -1808.700694     9
   78 12735.013892 18258
   79 2851.846565  7568
   80 1404.839071 27553
   81 2790.733151 17082
   82 -722.697651     2
   83 8332.913744 20949
   84 10633.503372 27106
   85 943.680549 18544
   86 1232.807235 11255
   87 6577.838909 28714
   88 5146.629763 13149
   89 3827.258395 -3029
   90 -1694.480032     4
   91 5661.088210 15842
   92 7173.626289 11271
   93 16499.351432 20863
   94 13141.229974 28772
   95 -499.206214     5
   96 -429.737423     9
   97 -1943.649223     9
   98 7289.653290 26222
   99 783.693224  6573
  100 979.794596 27037
  101 462.812270  5828
  102 -1786.212052     9
  103 12287.634857 17746
  104 -394.845063     1
  105 0.867128  5314
  106 6867.225478 -3121
  107 2400.052637 28962
  108 -1377.065205     1
  109 7556.881963 28513
  110 7375.862307 17081
  111 27616.403366 -2851
  112 3911.669954 18467
  113 2887.018863 32528
  114 -461.252808     4
  115 -1064.163229     9
  116 6720.703630 15984
  117 11816.980282 -3174
  118 -257.904328     8
  119 7514.556768 -2932
  120 635.471678 -2959
  121 16710.893296 24028
  122 -635.718565     1
  123 11897.881022 -2860
  124 3308.979611 27549
  125 4638.771101 -2858
  126 12969.604020 -3047
  127 2184.297389 31634
  128 -762.752253     5
  129 2491.196455 13009
  130 -768.278875     9
  131 19478.175765 23283
  132 5776.356612 19384
  133 9038.663977 19765
  134 14885.144518 19456
  135 18615.864213 -3258
  136 53.248561  6602
  137 1089.029841  9234
  138 3859.310985 18370
  139 3396.596050 11832
  140 2193.407390 28847
  141 2413.301412 11524
  142 4420.408082 30512
  143 -877.617291     7
  144 16922.101950 26094
  145 449.350308 28238
  146 -714.171627     4
  147 12731.474503 28525
  148 -2301.605490     4
  149 -557.794813     7
  150 45.939540  5294
  151 5938.630726 15172
  152 -606.857928     8
  153 9089.409020 26958
  154 27326.585998 -3076
  155 -719.721225     1
  156 9656.218946 24828
  157 -1056.827429     7
  158 127.114595  5731
  159 -90.136695     1
  160 14975.002222 20722
  161 825.897884  8195
  162 1141.585026  6887
  163 734.928264  8101
  164 283.366152  7558
  165 -1791.801195     9
  166 -254.282873     1
  167 4896.495812 12462
  168 -496.869507     9
  169 497.279817  6250
  170 8281.600911 22861
  171 5846.834758 18695
  172 1591.211499 29490
  173 -427.630853     7
  174 -1015.328609     1
  175 -938.251229     8
  176 13308.117460 30213
  177 -1661.570250     9
  178 -675.834241     4
  179 10138.390137 16841
  180 10595.821905 31142
  181 1350.194242  8905
  182 13102.347269 23518
  183 13318.569485 31181
  184 -3375.899457     0
  185 3006.372230 11201
  186 -189.054459     3
  187 -957.573342     1
  188 3189.297668  8731
  189 -220.951980     0
  190 46.337506  5594
  191 15198.917016 25258
  192 18.187586 13869
  193 2569.760267 16140
  194 -1184.626718     1
  195 -745.185470     4
  196 15935.929841 -3187
  197 1704.437085 12350
  198 27162.003660 29250
  199 -711.262770     5
  200 19137.817770 21020
  201 962.876819 11709
  202 9790.972803 17541
  203 -665.018233     3
  204 -1073.495879     5
  205 21039.270578 25824
  206 -317.380278     2
  207 7106.531711 15814
  208 15605.619903 25022
  209 -142.419898     5
  210 6.324595  5251
  211 193.974746  6080
  212 362.186878 20517
  213 2070.103106 28377
  214 11400.800387 -3191
  215 -1165.034190     5
  216 -1268.564681     7
  217 202.067330  6281
  218 6118.817994 26838
  219 -101.137745     3
  220 -318.189731     0
  221 656.206556 17350
  222 11576.468134 14458
  223 -406.550598     5
  224 24054.913461 -3122
  225 19512.138960 26527
  226 9092.662452 20425
  227 2716.769519 -3204
  228 5123.292625 29261
  229 5882.551012 17613
  230 11487.885454 -3214
  231 14202.758935 30599
  232 4731.927462 27069
  233 91.254325  7552
  234 -511.722802     3
  235 440.544350  9764
  236 -56.824924     2
  237 6287.531668 16817
  238 5950.955669 -2897
  239 11039.265448 13720
  240 -606.273905     4
  241 621.221803  5876
  242 17310.741302 -3192
  243 7215.659004 26854
  244 6740.628584 24497
  245 -132.242384     1
  246 -479.182175     2
  247 480.279758  5546
  248 12611.949573 27208
  249 -209.303020     3
  250 442.616060 12189
  251 234.703915 -2797
  252 2610.776848 10355
  253 2546.919434 -3109
  254 17.664085  5080
  255 4587.916703 -2848
  256 4874.429285 28594
  257 7119.056816 27728
  258 -774.561712     1
  259 5407.677162 17216
  260 19.077124  5214
  261 12121.306370 24666
  262 -241.883449     7
  263 8.298202  5074
  264 -2406.708033     0
  265 -795.338529     6
  266 2076.057165 21029
  267 10413.645484 21240
  268 5408.919875 32269
  269 6417.474890 28404
  270 -843.933495     7
  271 685.765495  8066
  272 6885.383846 -3250
  273 648.432679  8236
  274 6981.076131 13977
  275 -318.384550     2
  276 13824.906717 30687
  277 7160.171788 31575
  278 13140.564730 28229
  279 23080.261288 -2983
  280 -2001.278131     2
  281 2929.076315 28859
  282 2484.494620 11530
  283 -859.331829     7
  284 3399.825764 15765
  285 11094.312208 20705
  286 6549.783629 29767
  287 8997.750086 19460
  288 1681.444747 22963
  289 6611.624135 21428
  290 -1953.618761     6
  291 6802.879890 31421
  292 22987.896005 26578
  293 2168.100479 15799
  294 2836.567290  8784
  295 -800.784963     8
  296 -1109.826015     2
  297 12892.575082 -3018
  298 5573.727515 23046
  299 2333.712362 19927
  300 6716.768316 24137
