300
    1 0.369783  5001
    2 10924.826452 21119
    3 1899.266777 27552
    4 22037.913201 -2979
    5 1655.893833 -3267
    6 3379.096127 22605
    7 -1456.964531     0
    8 14286.963365 -2786
    9 -939.632504     9
   10 1827.921284 10019
   11 1333.661580 16402
   12 -749.701112     2
   13 3443.426422 12882
   14 1658.617757 25490
   15 2449.001996 10438
   16 4747.182628 23433
   17 -2766.051670     5
   18 4841.218718 17080
   19 3037.458264 11863
   20 6814.163120 28698
   21 -1880.598087     1
   22 461.670466  6611
   23 29.180085  5525
   24 -1192.492291     6
   25 -427.242085     8
   26 -446.769797     1
   27 1255.564891 25096
   28 -1497.643062     8
   29 -30.955438     7
   30 9220.236578 -3202
   31 4571.805409 29956
   32 4138.278661 23649
   33 -150.875631     5
   34 86.324984 19086
   35 -249.312053     1
   36 325.675348  5763
   37 601.633686 19573
   38 11966.717217 27063
   39 -40.073923     7
   40 2037.652013 23419
   41 1304.791620 26823
   42 -2739.897734     2
   43 7023.458006 20275
   44 16819.825598 20882
   45 632.227100 19868
   46 -387.247964     8
   47 -412.236880     7
   48 -1871.028807     1
   49 1039.491971  7208
   50 -178.764280     1
   51 -1208.468519     2
   52 5367.995430 24961
   53 3978.458838 25395
   54 16266.881516 31497
   55 -1955.019347     1
   56 1037.316719 22654
   57 1701.318516  9613
   58 -2039.411629     3
   59 1268.893296 19985
   60 230.648834  7593
   61 10591.280559 15343
   62 9360.978426 -2908
   63 -780.646048     6
   64 -1690.532376     5
   65 1424.946390  7104
   66 -502.415737     3
   67 -97.476405     0
   68 1480.191751 25634
   69 8037.719019 22064
   70 -645.728850     3
   71 18434.504604 26647
   72 5441.043722 30568
   73 -1166.298699     1
   74 5808.627184 23628
   75 772.999642  6257
   76 6405.249073 19979
   77 -2667.431408     9
   78 4942.904691 18258
   79 966.185777  7568
   80 8984.139701 27553
   81 10097.487486 17082
   82 -96.870101     2
   83 2736.227000 20949
   84 5669.257217 27106
   85 6227.195995 18544
   86 3561.646672 11255
   87 19227.756781 28714
   88 250.479611 13149
   89 6549.497189 -3029
   90 -630.225224     4
   91 1196.453140 15842
   92 598.324216 11271
   93 955.570848 20863
   94 3178.617189 28772
   95 -346.676898     5
   96 -264.406237     9
   97 -2156.129514     9
   98 3186.627542 26222
   99 213.814433  6573
  100 8320.973898 27037
  101 185.763483  5828
  102 -1818.665489     9
  103 4011.746237 17746
  104 -73.881087     1
  105 107.832152  5314
  106 3406.792041 -3121
  107 18812.614008 28962
  108 -1480.201741     1
  109 12647.818674 28513
  110 277.247383 17081
  111 9372.485513 -2851
  112 10551.426402 18467
  113 3053.800784 32528
  114 -565.932775     4
  115 -643.562457     9
  116 492.465242 15984
  117 6813.135752 -3174
  118 -279.955817     8
  119 724.264639 -2932
  120 7294.296004 -2959
  121 604.555830 24028
  122 -1392.692114     1
  123 33580.392910 -2860
  124 11157.634643 27549
  125 10878.070501 -2858
  126 18271.062089 -3047
  127 3686.426809 31634
  128 -1541.102424     5
  129 3385.644226 13009
  130 -353.204298     9
  131 898.556290 23283
  132 10627.243723 19384
  133 6763.771042 19765
  134 10035.879184 19456
  135 1126.943757 -3258
  136 310.816658  6602
  137 2104.552580  9234
  138 1788.369729 18370
  139 2903.885859 11832
  140 12817.270303 28847
  141 317.346050 11524
  142 7739.642869 30512
  143 -593.605408     7
  144 8829.473933 26094
  145 3022.971746 28238
  146 -859.586791     4
  147 23261.771762 28525
  148 -421.608051     4
  149 -314.507755     7
  150 29.597019  5294
  151 1146.558706 15172
  152 -821.483255     8
  153 17420.703367 26958
  154 8037.788382 -3076
  155 -1076.465224     1
  156 4512.273199 24828
  157 -540.029566     7
  158 186.965429  5731
  159 -967.649944     1
  160 10450.131111 20722
  161 542.770802  8195
  162 413.334336  6887
  163 460.232167  8101
  164 116.797865  7558
  165 -1179.758710     9
  166 -1075.814107     1
  167 547.484088 12462
  168 -224.162592     9
  169 116.582393  6250
  170 3533.363145 22861
  171 4326.316683 18695
  172 9887.256176 29490
  173 -197.986302     7
  174 -657.894550     1
  175 -1276.232141     8
  176 15761.248572 30213
  177 -678.951986     9
  178 -615.445733     4
  179 11204.027256 16841
  180 2273.447573 31142
  181 416.843096  8905
  182 1785.482104 23518
  183 17479.144883 31181
  184 -663.318612     0
  185 542.203830 11201
  186 -424.215465     3
  187 -550.836834     1
  188 396.471929  8731
  189 -188.534361     0
  190 118.946364  5594
  191 1925.895122 25258
  192 3979.783358 13869
  193 7288.558298 16140
  194 -1932.920825     1
  195 -511.355106     4
  196 7345.048379 -3187
  197 382.227928 12350
  198 14463.450092 29250
  199 -1850.685487     5
  200 1992.815462 21020
  201 2035.331921 11709
  202 989.106244 17541
  203 -168.733433     3
  204 -2180.372616     5
  205 12514.162656 25824
  206 -2842.668301     2
  207 3370.578805 15814
  208 25634.587621 25022
  209 -644.642730     5
  210 182.771178  5251
  211 126.742897  6080
  212 74.005856 20517
  213 19549.390795 28377
  214 7793.155764 -3191
  215 -1408.249439     5
  216 -1382.523656     7
  217 1725.476045  6281
  218 7044.126330 26838
  219 -1852.951127     3
  220 -547.337367     0
  221 6473.804792 17350
  222 2882.797145 14458
  223 -1503.683495     5
  224 1869.097597 -3122
  225 6638.629394 26527
  226 4553.904470 20425
  227 19425.813371 -3204
  228 9238.320757 29261
  229 2713.616495 17613
  230 11391.651785 -3214
  231 11347.931321 30599
  232 9223.803762 27069
  233 543.752676  7552
  234 -2246.301575     3
  235 4729.388728  9764
  236 -923.172324     2
  237 6377.084364 16817
  238 17648.202210 -2897
  239 557.692477 13720
  240 -623.227901     4
  241 61.149784  5876
  242 13669.697719 -3192
  243 4529.896836 26854
  244 8403.510391 24497
  245 -1261.186375     1
  246 -2401.216960     2
  247 375.640094  5546
  248 4847.574158 27208
  249 -402.583858     3
  250 691.757946 12189
  251 2070.183588 -2797
  252 1151.836364 10355
  253 3790.280704 -3109
  254 54.619001  5080
  255 5756.205182 -2848
  256 12140.893088 28594
  257 6666.781484 27728
  258 -181.501537     1
  259 2790.431956 17216
  260 32.790733  5214
  261 26602.274056 24666
  262 -1455.164439     7
  263 60.514928  5074
  264 -537.902435     0
  265 -581.425600     6
  266 17613.135791 21029
  267 386.573434 21240
  268 2997.657813 32269
  269 2022.700612 28404
  270 -991.051100     7
  271 255.955520  8066
  272 10959.448682 -3250
  273 79.893211  8236
  274 5498.432124 13977
  275 -1149.692634     2
  276 21676.834263 30687
  277 3139.806944 31575
  278 240.674679 28229
  279 10031.497881 -2983
  280 -1825.259892     2
  281 5705.139994 28859
  282 6027.193956 11530
  283 -749.217511     7
  284 736.033906 15765
  285 3877.760036 20705
  286 3457.100760 29767
  287 19551.269021 19460
  288 9289.275865 22963
  289 950.163871 21428
  290 -1853.304167     6
  291 6384.460431 31421
  292 1479.703917 26578
  293 1693.786614 15799
  294 134.281456  8784
  295 -169.555438     8
  296 -2998.372687     2
  297 48808.190745 -3018
  298 1994.466516 23046
  299 1187.706796 19927
  300 502.216829 24137
