300
    1 0.160047  5001
    2 5223.580675 21119
    3 7079.267335 27552
    4 9850.080918 -2979
    5 5489.468657 -3267
    6 8835.761881 22605
    7 -408.318968     0
    8 3423.192864 -2786
    9 -1221.407424     9
   10 2431.654610 10019
   11 1268.760817 16402
   12 -2684.377056     2
   13 11782.966069 12882
   14 329.681564 25490
   15 4114.029802 10438
   16 3071.305281 23433
   17 -365.929472     5
   18 508.582774 17080
   19 1111.676800 11863
   20 4979.585489 28698
   21 -562.972973     1
   22 496.428286  6611
   23 26.026774  5525
   24 -923.492200     6
   25 -62.663664     8
   26 -1561.215980     1
   27 3473.719351 25096
   28 -766.735517     8
   29 -1143.473647     7
   30 13682.281948 -3202
   31 14739.076950 29956
   32 7735.841792 23649
   33 -1940.980475     5
   34 2924.718636 19086
   35 -4118.227724     1
   36 345.747709  5763
   37 15731.653965 19573
   38 8532.237059 27063
   39 -508.069900     7
   40 6954.290839 23419
   41 4414.502612 26823
   42 -643.447754     2
   43 3020.965197 20275
   44 9137.851356 20882
   45 11379.384579 19868
   46 -2091.177715     8
   47 -147.198538     7
   48 -529.965194     1
   49 500.313653  7208
   50 -1720.618612     1
   51 -798.035269     2
   52 5017.169096 24961
   53 14467.497204 25395
   54 6344.161370 31497
   55 -4173.050164     1
   56 7184.737370 22654
   57 1.593715  9613
   58 -1398.150364     3
   59 4339.494333 19985
   60 774.058195  7593
   61 996.951293 15343
   62 1882.003224 -2908
   63 -433.147873     6
   64 -1511.164960     5
   65 2036.056833  7104
   66 -220.724167     3
   67 -1332.247264     0
   68 1110.168408 25634
   69 7436.825763 22064
   70 -241.412372     3
   71 4512.102279 26647
   72 5458.586268 30568
   73 -751.337285     1
   74 11902.652209 23628
   75 375.965414  6257
   76 5118.330896 19979
   77 -1464.452399     9
   78 13438.666146 18258
   79 215.803448  7568
   80 5775.143375 27553
   81 455.996216 17082
   82 -873.762622     2
   83 4878.701447 20949
   84 2576.079799 27106
   85 4326.645304 18544
   86 1201.011303 11255
   87 6369.758226 28714
   88 1800.980970 13149
   89 2172.698319 -3029
   90 -1524.017410     4
   91 844.971598 15842
   92 793.040075 11271
   93 22743.223712 20863
   94 16341.454308 28772
   95 -360.149376     5
   96 -151.458627     9
   97 -1596.474969     9
   98 9297.772759 26222
   99 248.943081  6573
  100 16885.065407 27037
  101 601.875539  5828
  102 -386.592837     9
  103 98.077722 17746
  104 -1223.448230     1
  105 207.197713  5314
  106 856.549153 -3121
  107 13784.400261 28962
  108 -403.550192     1
  109 2496.517020 28513
  110 248.762603 17081
  111 6157.243251 -2851
  112 2947.842553 18467
  113 6487.972643 32528
  114 -1624.711003     4
  115 -776.474221     9
  116 1830.367197 15984
  117 4226.591149 -3174
  118 -378.010236     8
  119 769.932266 -2932
  120 12761.486939 -2959
  121 18802.423746 24028
  122 -1815.639605     1
  123 18676.873526 -2860
  124 5862.679671 27549
  125 8008.870000 -2858
  126 15552.342696 -3047
  127 9557.087534 31634
  128 -867.431040     5
  129 2295.677400 13009
  130 -180.224026     9
  131 9209.656904 23283
  132 2048.199516 19384
  133 8998.112546 19765
  134 943.998438 19456
  135 18949.850971 -3258
  136 1378.658752  6602
  137 3079.084052  9234
  138 3529.275746 18370
  139 1557.460057 11832
  140 24419.416916 28847
  141 2013.778889 11524
  142 6655.720417 30512
  143 -493.309763     7
  144 5921.549833 26094
  145 886.283016 28238
  146 -627.697906     4
  147 58.869023 28525
  148 -592.197426     4
  149 -226.002905     7
  150 94.655664  5294
  151 507.974850 15172
  152 -52.791972     8
  153 7159.910204 26958
  154 13326.125770 -3076
  155 -70.867434     1
  156 17334.864866 24828
  157 -759.311489     7
  158 39.548803  5731
  159 -1681.440589     1
  160 641.890133 20722
  161 2055.968133  8195
  162 889.280360  6887
  163 156.597648  8101
  164 153.692217  7558
  165 -1318.937439     9
  166 -828.947320     1
  167 3378.081454 12462
  168 -1688.578601     9
  169 729.622999  6250
  170 5962.828865 22861
  171 4531.136254 18695
  172 1813.609068 29490
  173 -1243.217005     7
  174 -724.745041     1
  175 -1141.902505     8
  176 3647.403819 30213
  177 -1018.109492     9
  178 -134.590418     4
  179 2183.052142 16841
  180 7131.169143 31142
  181 1210.309301  8905
  182 4848.744978 23518
  183 1228.741973 31181
  184 -1889.802121     0
  185 546.557603 11201
  186 -215.509699     3
  187 -2346.877870     1
  188 1029.816891  8731
  189 -801.026054     0
  190 366.412746  5594
  191 1935.043277 25258
  192 4823.152894 13869
  193 1587.981922 16140
  194 -1257.178874     1
  195 -588.230273     4
  196 21833.902266 -3187
  197 325.507809 12350
  198 192.790779 29250
  199 -404.142144     5
  200 8873.137338 21020
  201 231.283676 11709
  202 8919.728283 17541
  203 -1534.735745     3
  204 -65.422671     5
  205 2525.596606 25824
  206 -2312.592735     2
  207 1892.480624 15814
  208 1201.684280 25022
  209 -147.340039     5
  210 137.416583  5251
  211 102.616891  6080
  212 13090.652246 20517
  213 2591.900438 28377
  214 12798.929606 -3191
  215 -923.128651     5
  216 -2351.011727     7
  217 308.790779  6281
  218 2856.348614 26838
  219 -509.959298     3
  220 -2007.807955     0
  221 2852.000195 17350
  222 10459.596697 14458
  223 -137.445448     5
  224 12864.004483 -3122
  225 226.642525 26527
  226 10788.958525 20425
  227 10119.268698 -3204
  228 777.152405 29261
  229 312.745672 17613
  230 19980.949750 -3214
  231 6062.846030 30599
  232 1843.834233 27069
  233 379.245601  7552
  234 -82.545387     3
  235 774.034482  9764
  236 -1370.910290     2
  237 5291.921944 16817
  238 4008.123447 -2897
  239 2853.792380 13720
  240 -2862.330195     4
  241 127.538284  5876
  242 2986.937393 -3192
  243 1847.916967 26854
  244 5419.346747 24497
  245 -505.041169     1
  246 -183.736251     2
  247 100.563505  5546
  248 3956.383385 27208
  249 -1696.621384     3
  250 528.813647 12189
  251 10307.642763 -2797
  252 3094.898851 10355
  253 18637.830994 -3109
  254 23.377022  5080
  255 25566.351979 -2848
  256 14370.378236 28594
  257 9014.679758 27728
  258 -1548.054280     1
  259 9837.089138 17216
  260 68.419424  5214
  261 4645.831020 24666
  262 -819.551691     7
  263 23.333760  5074
  264 -1150.696176     0
  265 -1350.188632     6
  266 1612.847755 21029
  267 8518.707134 21240
  268 11758.681719 32269
  269 3289.523788 28404
  270 -387.930220     7
  271 319.696728  8066
  272 4880.885777 -3250
  273 1241.949706  8236
  274 5001.428652 13977
  275 -2568.678012     2
  276 1718.088451 30687
  277 19360.737056 31575
  278 11858.246019 28229
  279 5694.455183 -2983
  280 -289.924896     2
  281 11306.905667 28859
  282 2298.469623 11530
  283 -908.016079     7
  284 2115.944041 15765
  285 1968.549838 20705
  286 15279.543409 29767
  287 1421.994551 19460
  288 5353.348621 22963
  289 2828.138861 21428
  290 -1736.605182     6
  291 27677.698248 31421
  292 5700.022660 26578
  293 1045.845442 15799
  294 1762.120226  8784
  295 -1280.226561     8
  296 -107.515592     2
  297 8151.913810 -3018
  298 15403.805471 23046
  299 5064.949274 19927
  300 6019.850041 24137
