300
    1 0.188308  5001
    2 1093.893245 21119
    3 8674.130996 27552
    4 11450.002284 -2979
    5 25629.647638 -3267
    6 4297.912006 22605
    7 -240.230976     0
    8 15587.692366 -2786
    9 -313.782825     9
   10 4388.925681 10019
   11 7112.004993 16402
   12 -1418.608440     2
   13 196.981614 12882
   14 6987.860891 25490
   15 2396.051021 10438
   16 579.420459 23433
   17 -938.068821     5
   18 12642.800979 17080
   19 106.533125 11863
   20 220.263800 28698
   21 -591.203644     1
   22 440.153809  6611
   23 18.036124  5525
   24 -47.348894     6
   25 -22.962736     8
   26 -1334.623558     1
   27 1299.344735 25096
   28 -469.972962     8
   29 -2302.882625     7
   30 7393.963334 -3202
   31 5156.492703 29956
   32 16788.553081 23649
   33 -1270.926412     5
   34 8085.891491 19086
   35 -507.044911     1
   36 181.742932  5763
   37 4260.127762 19573
   38 728.581573 27063
   39 -1928.536477     7
   40 489.473653 23419
   41 12714.590028 26823
   42 -1105.164527     2
   43 17467.526535 20275
   44 2812.537812 20882
   45 5855.595118 19868
   46 -513.822071     8
   47 -1713.512073     7
   48 -1429.259112     1
   49 1871.660432  7208
   50 -1799.455384     1
   51 -1761.704222     2
   52 416.742687 24961
   53 1568.701799 25395
   54 2138.191801 31497
   55 -622.913988     1
   56 15840.965185 22654
   57 1676.526593  9613
   58 -1023.395710     3
   59 1612.463891 19985
   60 669.513665  7593
   61 64.174800 15343
   62 3263.575915 -2908
   63 -628.125863     6
   64 -67.624107     5
   65 1075.046676  7104
   66 -1169.912362     3
   67 -123.845311     0
   68 18485.918521 25634
   69 4245.600230 22064
   70 -746.968927     3
   71 1617.014071 26647
   72 10950.875355 30568
   73 -2552.641841     1
   74 4351.493205 23628
   75 230.713088  6257
   76 5037.428706 19979
   77 -573.593295     9
   78 8413.533842 18258
   79 817.594759  7568
   80 15435.553203 27553
   81 6949.677045 17082
   82 -1117.454545     2
   83 644.195967 20949
   84 10900.108725 27106
   85 5952.207926 18544
   86 4.872928 11255
   87 3686.768828 28714
   88 2633.927334 13149
   89 5240.211646 -3029
   90 -949.622313     4
   91 3139.545521 15842
   92 780.633375 11271
   93 2657.509617 20863
   94 7370.807798 28772
   95 -48.722430     5
   96 -2633.523830     9
   97 -2780.539157     9
   98 1456.329389 26222
   99 1349.768726  6573
  100 18451.840916 27037
  101 481.856760  5828
  102 -716.071331     9
  103 3462.886930 17746
  104 -852.394099     1
  105 63.746261  5314
  106 2558.708619 -3121
  107 11315.625552 28962
  108 -228.453875     1
  109 23566.007474 28513
  110 275.218735 17081
  111 6083.124814 -2851
  112 340.185775 18467
  113 4643.431733 32528
  114 -559.410774     4
  115 -192.500315     9
  116 3808.848824 15984
  117 430.198307 -3174
  118 -1396.795437     8
  119 21315.190689 -2932
  120 6370.407527 -2959
  121 9697.070850 24028
  122 -112.427500     1
  123 7284.346925 -2860
  124 4908.594581 27549
  125 9638.945123 -2858
  126 14143.886168 -3047
  127 4264.263167 31634
  128 -253.579534     5
  129 4069.076967 13009
  130 -1254.887671     9
  131 3012.624448 23283
  132 5167.746546 19384
  133 12033.555803 19765
  134 18049.252344 19456
  135 23886.716809 -3258
  136 108.904620  6602
  137 1237.737766  9234
  138 709.379191 18370
  139 650.939444 11832
  140 2260.633583 28847
  141 3281.879084 11524
  142 9178.624136 30512
  143 -276.680490     7
  144 11096.297474 26094
  145 2633.609769 28238
  146 -9.985938     4
  147 19516.092675 28525
  148 -727.386676     4
  149 -728.266403     7
  150 35.778452  5294
  151 2854.092722 15172
  152 -2197.528374     8
  153 12626.954829 26958
  154 7121.627027 -3076
  155 -1276.827382     1
  156 1222.463037 24828
  157 -3066.009227     7
  158 8.435112  5731
  159 -1302.270797     1
  160 10000.194929 20722
  161 92.637276  8195
  162 1028.488440  6887
  163 931.015707  8101
  164 851.733085  7558
  165 -598.285957     9
  166 -754.994037     1
  167 242.148052 12462
  168 -2755.260261     9
  169 167.537747  6250
  170 10280.443137 22861
  171 725.544725 18695
  172 8306.595951 29490
  173 -1354.515099     7
  174 -1628.767391     1
  175 -1162.350369     8
  176 13315.357695 30213
  177 -457.293265     9
  178 -2910.723198     4
  179 8515.331464 16841
  180 11180.284349 31142
  181 129.830990  8905
  182 8480.433024 23518
  183 30416.889575 31181
  184 -117.348540     0
  185 1505.500242 11201
  186 -669.042778     3
  187 -890.224501     1
  188 2897.940519  8731
  189 -397.429206     0
  190 62.844729  5594
  191 2458.592276 25258
  192 561.783852 13869
  193 2884.459591 16140
  194 -236.733993     1
  195 -191.174313     4
  196 8198.215670 -3187
  197 1177.095958 12350
  198 4648.267961 29250
  199 -76.397389     5
  200 11545.880684 21020
  201 6177.036574 11709
  202 2845.389976 17541
  203 -2106.218386     3
  204 -997.626861     5
  205 9654.972798 25824
  206 -13.971015     2
  207 3686.626587 15814
  208 3520.949753 25022
  209 -556.707639     5
  210 103.365282  5251
  211 113.561728  6080
  212 6864.136603 20517
  213 8746.806039 28377
  214 10799.465633 -3191
  215 -2725.884804     5
  216 -703.192746     7
  217 3.724300  6281
  218 3426.280785 26838
  219 -1472.384782     3
  220 -144.794205     0
  221 406.969636 17350
  222 2329.342914 14458
  223 -1498.086438     5
  224 9666.628564 -3122
  225 2197.463882 26527
  226 16425.606378 20425
  227 11644.339055 -3204
  228 7284.936183 29261
  229 2892.309193 17613
  230 18478.595890 -3214
  231 15590.539122 30599
  232 18136.792535 27069
  233 287.475447  7552
  234 -807.633786     3
  235 1677.421493  9764
  236 -694.563396     2
  237 1663.536604 16817
  238 23746.139584 -2897
  239 2281.016865 13720
  240 -578.459165     4
  241 759.565072  5876
  242 5910.749379 -3192
  243 349.787842 26854
  244 2167.925660 24497
  245 -0.300247     1
  246 -1981.705794     2
  247 189.434155  5546
  248 7060.051861 27208
  249 -1243.834707     3
  250 2114.510058 12189
  251 21010.131865 -2797
  252 7149.143669 10355
  253 3864.693919 -3109
  254 24.263105  5080
  255 3184.577361 -2848
  256 506.203659 28594
  257 3060.284621 27728
  258 -2767.923974     1
  259 3880.478923 17216
  260 114.649391  5214
  261 4065.699407 24666
  262 -1143.462980     7
  263 25.803396  5074
  264 -33.431112     0
  265 -1844.428216     6
  266 6701.822982 21029
  267 7111.248489 21240
  268 19017.415025 32269
  269 3778.359902 28404
  270 -1829.908861     7
  271 1416.974299  8066
  272 13700.575063 -3250
  273 91.417360  8236
  274 5586.779416 13977
  275 -48.969929     2
  276 3533.230374 30687
  277 20471.842630 31575
  278 3648.635726 28229
  279 9652.957740 -2983
  280 -2324.259053     2
  281 6798.703835 28859
  282 3297.222870 11530
  283 -542.867636     7
  284 3479.735053 15765
  285 870.697577 20705
  286 11027.756131 29767
  287 159.055698 19460
  288 6413.170672 22963
  289 3020.363415 21428
  290 -753.155490     6
  291 3381.058510 31421
  292 13960.949872 26578
  293 4047.899596 15799
  294 2456.053571  8784
  295 -515.287332     8
  296 -495.251313     2
  297 37786.370166 -3018
  298 7686.675997 23046
  299 6496.675455 19927
  300 4886.746889 24137
