300
    1 0.139408  5001
    2 8345.338499 21119
    3 30825.913859 27552
    4 17766.057315 -2979
    5 3635.311872 -3267
    6 10769.422727 22605
    7 -93.926796     0
    8 16269.325265 -2786
    9 -331.032402     9
   10 1472.175507 10019
   11 8944.356985 16402
   12 -40.092561     2
   13 3839.987206 12882
   14 9424.334583 25490
   15 1452.041508 10438
   16 15902.810720 23433
   17 -1077.733260     5
   18 6049.606517 17080
   19 40.882475 11863
   20 15325.346487 28698
   21 -410.797938     1
   22 500.380074  6611
   23 24.680464  5525
   24 -518.991835     6
   25 -1871.134196     8
   26 -661.881749     1
   27 17450.838808 25096
   28 -1483.529122     8
   29 -194.460931     7
   30 177.021906 -3202
   31 3827.868116 29956
   32 9225.564677 23649
   33 -1101.047409     5
   34 11460.426930 19086
   35 -1235.350980     1
   36 391.924832  5763
   37 5714.635344 19573
   38 13965.354171 27063
   39 -1181.860441     7
   40 3755.316435 23419
   41 11793.851562 26823
   42 -3002.675991     2
   43 12952.361834 20275
   44 3545.131885 20882
   45 7574.024376 19868
   46 -275.031531     8
   47 -239.338195     7
   48 -308.115361     1
   49 636.309829  7208
   50 -56.823959     1
   51 -1588.779917     2
   52 6184.513739 24961
   53 17465.505038 25395
   54 19804.962129 31497
   55 -575.403583     1
   56 3608.096012 22654
   57 202.558144  9613
   58 -1941.678474     3
   59 4837.252421 19985
   60 879.738552  7593
   61 1051.442203 15343
   62 18062.736260 -2908
   63 -1205.229884     6
   64 -1313.114476     5
   65 28.739234  7104
   66 -1009.156560     3
   67 -2003.876954     0
   68 1875.787903 25634
   69 3527.494706 22064
   70 -2030.403484     3
   71 10316.830905 26647
   72 2934.003416 30568
   73 -546.944955     1
   74 8507.903266 23628
   75 890.063770  6257
   76 8371.909801 19979
   77 -1343.603003     9
   78 9908.929055 18258
   79 603.736579  7568
   80 16145.579987 27553
   81 6596.480665 17082
   82 -558.061333     2
   83 88.203866 20949
   84 10430.914843 27106
   85 10070.461419 18544
   86 4049.903604 11255
   87 1274.400072 28714
   88 2786.361268 13149
   89 26598.663660 -3029
   90 -105.938859     4
   91 4033.765034 15842
   92 8226.371587 11271
   93 9974.263417 20863
   94 2394.978683 28772
   95 -364.378454     5
   96 -88.382384     9
   97 -1681.844740     9
   98 8875.209740 26222
   99 224.909236  6573
  100 18065.830940 27037
  101 172.737064  5828
  102 -459.215732     9
  103 4165.521302 17746
  104 -413.426894     1
  105 210.157861  5314
  106 12757.891770 -3121
  107 20854.818934 28962
  108 -2407.582457     1
  109 3272.438202 28513
  110 3033.469067 17081
  111 25211.678356 -2851
  112 2082.335652 18467
  113 16229.833090 32528
  114 -789.961912     4
  115 -1036.926568     9
  116 3676.254372 15984
  117 22317.234629 -3174
  118 -534.985180     8
  119 11887.144078 -2932
  120 22749.697764 -2959
  121 4923.260264 24028
  122 -613.699680     1
  123 1146.889230 -2860
  124 15328.086027 27549
  125 13204.507155 -2858
  126 11364.838592 -3047
  127 3503.688299 31634
  128 -1674.582942     5
  129 4035.934500 13009
  130 -267.942244     9
  131 1456.057311 23283
  132 3410.331360 19384
  133 9993.858371 19765
  134 2558.350637 19456
  135 12682.526972 -3258
  136 15.678921  6602
  137 802.278399  9234
  138 2394.941723 18370
  139 1249.435457 11832
  140 9243.953547 28847
  141 490.509084 11524
  142 17061.943160 30512
  143 -1518.703435     7
  144 16420.440219 26094
  145 6888.409051 28238
  146 -1474.944469     4
  147 6913.455213 28525
  148 -583.739462     4
  149 -1208.364581     7
  150 21.873153  5294
  151 8615.964531 15172
  152 -850.276466     8
  153 18464.477553 26958
  154 8509.990839 -3076
  155 -61.730257     1
  156 11734.730896 24828
  157 -562.605990     7
  158 670.054956  5731
  159 -1350.729469     1
  160 5268.039549 20722
  161 2056.249495  8195
  162 52.339898  6887
  163 121.457912  8101
  164 1031.891612  7558
  165 -845.874180     9
  166 -2232.116960     1
  167 2073.239698 12462
  168 -551.969611     9
  169 632.330341  6250
  170 1273.426401 22861
  171 5183.305442 18695
  172 2028.618249 29490
  173 -2572.664189     7
  174 -293.770074     1
  175 -1595.405358     8
  176 6392.567679 30213
  177 -422.641678     9
  178 -281.715004     4
  179 5005.754360 16841
  180 12153.528985 31142
  181 1656.700756  8905
  182 18217.286789 23518
  183 33450.251729 31181
  184 -2442.079017     0
  185 5127.139562 11201
  186 -191.596537     3
  187 -1194.964017     1
  188 4234.170823  8731
  189 -676.297698     0
  190 281.060340  5594
  191 6315.860603 25258
  192 5863.171509 13869
  193 2893.464306 16140
  194 -398.942486     1
  195 -458.482498     4
  196 5775.105467 -3187
  197 1815.013036 12350
  198 8472.383861 29250
  199 -205.979827     5
  200 6605.223578 21020
  201 1489.033324 11709
  202 4461.659477 17541
  203 -732.537085     3
  204 -1694.717419     5
  205 7782.495751 25824
  206 -2565.098902     2
  207 5494.398003 15814
  208 526.126237 25022
  209 -327.292178     5
  210 74.077152  5251
  211 313.136187  6080
  212 10738.447888 20517
  213 9376.625206 28377
  214 22869.046004 -3191
  215 -439.031852     5
  216 -338.117277     7
  217 12.346947  6281
  218 8014.814271 26838
  219 -313.733691     3
  220 -892.034932     0
  221 16221.531200 17350
  222 3986.621587 14458
  223 -1858.581441     5
  224 792.482971 -3122
  225 268.871824 26527
  226 7487.222766 20425
  227 7706.953226 -3204
  228 10913.564636 29261
  229 3506.071534 17613
  230 10858.020955 -3214
  231 8550.760028 30599
  232 3738.786713 27069
  233 2426.037805  7552
  234 -784.760491     3
  235 1132.936817  9764
  236 -58.566356     2
  237 3517.302960 16817
  238 4887.852382 -2897
  239 560.469703 13720
  240 -1983.122905     4
  241 635.109986  5876
  242 17763.163575 -3192
  243 1743.983340 26854
  244 24292.359684 24497
  245 -1131.051688     1
  246 -1563.622191     2
  247 116.649506  5546
  248 16428.732924 27208
  249 -963.668147     3
  250 3397.546266 12189
  251 17360.991478 -2797
  252 1101.690667 10355
  253 8680.025118 -3109
  254 3.578829  5080
  255 26985.976308 -2848
  256 17.417860 28594
  257 904.029200 27728
  258 -1203.150618     1
  259 759.586801 17216
  260 14.409693  5214
  261 4724.063882 24666
  262 -1230.350066     7
  263 17.672706  5074
  264 -2023.623984     0
  265 -517.562616     6
  266 6625.023217 21029
  267 4454.050785 21240
  268 15479.996388 32269
  269 17049.348530 28404
  270 -1637.746487     7
  271 3920.638376  8066
  272 10045.399172 -3250
  273 361.790543  8236
  274 3315.671162 13977
  275 -403.121516     2
  276 3408.538909 30687
  277 26641.191643 31575
  278 25968.413843 28229
  279 14987.189701 -2983
  280 -884.174271     2
  281 1646.463269 28859
  282 3890.466158 11530
  283 -7.907564     7
  284 848.697045 15765
  285 9977.491730 20705
  286 6665.155575 29767
  287 6683.744883 19460
  288 6798.062499 22963
  289 2624.028177 21428
  290 -766.020262     6
  291 17735.537700 31421
  292 9959.004279 26578
  293 4017.916545 15799
  294 281.297449  8784
  295 -2238.446691     8
  296 -1102.166881     2
  297 18403.754370 -3018
  298 1372.074670 23046
  299 7489.292286 19927
  300 20736.775278 24137
