300
    1 0.437036  5001
    2 797.246142 21119
    3 6420.381114 27552
    4 20269.461362 -2979
    5 45439.573380 -3267
    6 2330.206985 22605
    7 -1904.089821     0
    8 3782.178985 -2786
    9 -362.524154     9
   10 1272.845086 10019
   11 1667.166358 16402
   12 -609.493107     2
   13 960.942291 12882
   14 12944.257345 25490
   15 1841.412407 10438
   16 4219.910200 23433
   17 -398.979626     5
   18 3614.924247 17080
   19 480.266410 11863
   20 5145.536451 28698
   21 -16.118343     1
   22 1077.744535  6611
   23 305.031305  5525
   24 -324.275058     6
   25 -593.235483     8
   26 -2651.698562     1
   27 9829.043172 25096
   28 -1302.543395     8
   29 -1783.314430     7
   30 6451.392545 -3202
   31 812.379276 29956
   32 7224.132145 23649
   33 -2139.777666     5
   34 1323.364282 19086
   35 -2129.882811     1
   36 392.216440  5763
   37 515.843785 19573
   38 16577.174005 27063
   39 -1747.939806     7
   40 16925.627405 23419
   41 1700.441699 26823
   42 -493.597193     2
   43 1595.425040 20275
   44 4.396072 20882
   45 5985.831704 19868
   46 -2268.520745     8
   47 -857.432117     7
   48 -959.998319     1
   49 12.962815  7208
   50 -184.026203     1
   51 -80.090788     2
   52 7150.374192 24961
   53 17091.291969 25395
   54 43.454868 31497
   55 -1646.680649     1
   56 4489.079669 22654
   57 1057.729717  9613
   58 -1535.682053     3
   59 9353.080162 19985
   60 1850.919530  7593
   61 7086.380017 15343
   62 4410.635644 -2908
   63 -1776.594481     6
   64 -1616.945242     5
   65 652.004293  7104
   66 -237.663577     3
   67 -546.507817     0
   68 3394.265225 25634
   69 6169.303513 22064
   70 -1546.797743     3
   71 15093.388501 26647
   72 409.580400 30568
   73 -1958.384750     1
   74 8000.937303 23628
   75 159.552959  6257
   76 1970.309541 19979
   77 -621.445876     9
   78 8352.741236 18258
   79 1748.940595  7568
   80 18226.731168 27553
   81 12152.919900 17082
   82 -258.665668     2
   83 4442.612564 20949
   84 8208.305400 27106
   85 309.269436 18544
   86 5394.086013 11255
   87 2856.844498 28714
   88 222.744329 13149
   89 22122.309974 -3029
   90 -1072.039322     4
   91 6959.845137 15842
   92 1553.351247 11271
   93 5638.217511 20863
   94 29.283086 28772
   95 -652.941002     5
   96 -1582.565045     9
   97 -343.802172     9
   98 3457.650981 26222
   99 99.715908  6573
  100 4048.067840 27037
  101 52.872496  5828
  102 -1136.470229     9
  103 3491.900054 17746
  104 -548.660034     1
  105 154.502734  5314
  106 7602.475534 -3121
  107 907.801367 28962
  108 -1292.450706     1
  109 3494.342187 28513
  110 5611.050380 17081
  111 33077.639784 -2851
  112 9287.735713 18467
  113 7904.751211 32528
  114 -802.537529     4
  115 -26.623278     9
  116 108.949557 15984
  117 5300.750195 -3174
  118 -1667.961609     8
  119 5133.321108 -2932
  120 13788.222119 -2959
  121 1758.752865 24028
  122 -719.136551     1
  123 12577.968941 -2860
  124 1909.661970 27549
  125 36148.820164 -2858
  126 1788.489516 -3047
  127 12239.731093 31634
  128 -1530.084547     5
  129 5526.431011 13009
  130 -1287.001938     9
  131 1306.079768 23283
  132 4371.756911 19384
  133 10142.536197 19765
  134 126.081659 19456
  135 5338.801878 -3258
  136 855.384231  6602
  137 1244.273112  9234
  138 10675.903080 18370
  139 3449.455725 11832
  140 12527.297765 28847
  141 3527.793182 11524
  142 2388.278316 30512
  143 -971.043098     7
  144 1699.886299 26094
  145 4796.235579 28238
  146 -981.351508     4
  147 6619.860414 28525
  148 -580.205536     4
  149 -255.769911     7
  150 144.103199  5294
  151 5162.172209 15172
  152 -1560.365992     8
  153 22715.295631 26958
  154 781.188797 -3076
  155 -1165.285531     1
  156 2892.428169 24828
  157 -359.620572     7
  158 74.366661  5731
  159 -1060.339328     1
  160 8814.639418 20722
  161 3320.007453  8195
  162 877.761115  6887
  163 819.067928  8101
  164 811.412669  7558
  165 -1441.117191     9
  166 -686.704846     1
  167 2348.005123 12462
  168 -1286.951743     9
  169 737.247669  6250
  170 16937.940126 22861
  171 14095.134922 18695
  172 10630.149601 29490
  173 -1189.511210     7
  174 -1225.549757     1
  175 -2667.849461     8
  176 9610.468342 30213
  177 -9.245632     9
  178 -1308.733670     4
  179 680.448646 16841
  180 10046.756177 31142
  181 2657.292284  8905
  182 7750.375228 23518
  183 1190.799015 31181
  184 -2256.179490     0
  185 2256.198598 11201
  186 -837.386511     3
  187 -456.859409     1
  188 2106.073437  8731
  189 -4289.135296     0
  190 271.973724  5594
  191 7756.848659 25258
  192 8882.557385 13869
  193 1639.020983 16140
  194 -1435.082746     1
  195 -531.230050     4
  196 24192.349748 -3187
  197 831.841497 12350
  198 2679.260580 29250
  199 -1101.385557     5
  200 4856.499168 21020
  201 3023.137314 11709
  202 168.651844 17541
  203 -29.651085     3
  204 -474.104200     5
  205 9846.233186 25824
  206 -1269.869272     2
  207 5123.589239 15814
  208 17508.106582 25022
  209 -938.103849     5
  210 57.093262  5251
  211 82.279643  6080
  212 2843.869699 20517
  213 7853.249647 28377
  214 11106.649123 -3191
  215 -554.367473     5
  216 -217.261839     7
  217 195.597559  6281
  218 3395.584761 26838
  219 -85.857376     3
  220 -1638.171750     0
  221 8151.565973 17350
  222 2674.164438 14458
  223 -86.153366     5
  224 8640.482855 -3122
  225 23951.257021 26527
  226 1672.967389 20425
  227 26161.077261 -3204
  228 11758.128736 29261
  229 2850.352980 17613
  230 20534.266483 -3214
  231 9008.250077 30599
  232 4103.131128 27069
  233 1323.859889  7552
  234 -677.834025     3
  235 1224.123563  9764
  236 -64.575394     2
  237 10851.240702 16817
  238 21664.117150 -2897
  239 5965.764453 13720
  240 -1403.217155     4
  241 478.191218  5876
  242 5751.218818 -3192
  243 7808.922095 26854
  244 7164.023557 24497
  245 -661.405347     1
  246 -4510.216186     2
  247 67.878059  5546
  248 7799.093032 27208
  249 -2074.940179     3
  250 1215.135301 12189
  251 10906.878185 -2797
  252 1837.590705 10355
  253 516.771629 -3109
  254 2.422856  5080
  255 13719.536136 -2848
  256 383.864480 28594
  257 13978.706350 27728
  258 -1409.226986     1
  259 5756.578018 17216
  260 96.301754  5214
  261 388.889770 24666
  262 -699.625906     7
  263 12.082556  5074
  264 -2480.078139     0
  265 -283.508246     6
  266 8068.683604 21029
  267 538.596168 21240
  268 13212.239889 32269
  269 3882.933244 28404
  270 -271.605185     7
  271 1580.966933  8066
  272 1970.794759 -3250
  273 1148.561882  8236
  274 5076.905487 13977
  275 -927.650943     2
  276 14330.461553 30687
  277 31161.170865 31575
  278 14156.511286 28229
  279 15652.660052 -2983
  280 -1435.098587     2
  281 13644.348266 28859
  282 2012.534936 11530
  283 -251.310515     7
  284 3777.272346 15765
  285 6085.746870 20705
  286 12482.134230 29767
  287 16335.011919 19460
  288 4320.451958 22963
  289 9701.378486 21428
  290 -601.265577     6
  291 9473.599652 31421
  292 9009.758375 26578
  293 4294.557785 15799
  294 1385.703818  8784
  295 -1754.309735     8
  296 -1175.331354     2
  297 14721.056941 -3018
  298 4906.768608 23046
  299 10900.877392 19927
  300 7954.645961 24137
