300
    1 0.317430  5001
    2 7715.618179 21119
    3 3214.899858 27552
    4 2894.579462 -2979
    5 10580.563206 -3267
    6 2916.638274 22605
    7 -1297.025117     0
    8 1203.134074 -2786
    9 -1626.887440     9
   10 1776.034185 10019
   11 3727.994891 16402
   12 -1242.676034     2
   13 3028.702337 12882
   14 921.856120 25490
   15 7125.416697 10438
   16 1263.612544 23433
   17 -1404.887805     5
   18 5328.103138 17080
   19 3549.057975 11863
   20 8244.992684 28698
   21 -2258.419688     1
   22 248.301550  6611
   23 402.325563  5525
   24 -1338.059121     6
   25 -291.646466     8
   26 -258.534361     1
   27 311.495287 25096
   28 -1330.822452     8
   29 -2510.659800     7
   30 30148.495099 -3202
   31 7138.974536 29956
   32 12119.482575 23649
   33 -524.283237     5
   34 5264.328343 19086
   35 -3021.280081     1
   36 158.748105  5763
   37 3157.403784 19573
   38 4756.160648 27063
   39 -60.406827     7
   40 1516.477689 23419
   41 10224.652047 26823
   42 -427.263856     2
   43 4215.091156 20275
   44 1201.438126 20882
   45 14903.291342 19868
   46 -856.815314     8
   47 -234.761771     7
   48 -1239.704657     1
   49 61.144958  7208
   50 -1142.172793     1
   51 -545.962829     2
   52 3560.295055 24961
   53 3795.927685 25395
   54 9241.519053 31497
   55 -1134.699780     1
   56 3081.021012 22654
   57 2107.449650  9613
   58 -606.222062     3
   59 5117.812797 19985
   60 366.205072  7593
   61 16280.331827 15343
   62 10496.341795 -2908
   63 -949.180055     6
   64 -197.511937     5
   65 481.515467  7104
   66 -1403.369979     3
   67 -1754.970584     0
   68 2049.939235 25634
   69 13088.078023 22064
   70 -600.645728     3
   71 9046.508795 26647
   72 13263.603344 30568
   73 -1919.420161     1
   74 11934.254340 23628
   75 462.846984  6257
   76 692.764882 19979
   77 -724.217068     9
   78 10634.847441 18258
   79 741.163477  7568
   80 2136.181751 27553
   81 5307.079305 17082
   82 -399.356840     2
   83 9950.112774 20949
   84 11650.906416 27106
   85 7728.733040 18544
   86 2721.595183 11255
   87 718.897916 28714
   88 682.020254 13149
   89 3738.148725 -3029
   90 -1245.950719     4
   91 5975.000783 15842
   92 1497.562628 11271
   93 7269.730569 20863
   94 6676.773032 28772
   95 -297.042939     5
   96 -100.711091     9
   97 -1236.437088     9
   98 8079.740105 26222
   99 62.220590  6573
  100 4691.161424 27037
  101 615.251342  5828
  102 -1479.934886     9
  103 4600.653316 17746
  104 -1136.891365     1
  105 28.452413  5314
  106 5291.324852 -3121
  107 13321.465138 28962
  108 -334.160584     1
  109 5354.290282 28513
  110 8811.748004 17081
  111 14829.048475 -2851
  112 4440.423510 18467
  113 33354.841070 32528
  114 -1819.747526     4
  115 -891.524066     9
  116 1913.192852 15984
  117 5205.562549 -3174
  118 -446.822856     8
  119 26520.314322 -2932
  120 1573.571198 -2959
  121 2596.982009 24028
  122 -407.236163     1
  123 4021.152623 -2860
  124 2189.629122 27549
  125 9945.030552 -2858
  126 1025.362792 -3047
  127 13125.245610 31634
  128 -1932.881995     5
  129 5304.177538 13009
  130 -309.931111     9
  131 2653.419083 23283
  132 33.891582 19384
  133 1785.967692 19765
  134 7842.855584 19456
  135 7899.371812 -3258
  136 925.918708  6602
  137 3027.380096  9234
  138 1590.062774 18370
  139 759.151551 11832
  140 3812.583926 28847
  141 2465.826331 11524
  142 15663.563271 30512
  143 -2165.386481     7
  144 17699.022692 26094
  145 417.329620 28238
  146 -649.855740     4
  147 3946.212352 28525
  148 -1782.248204     4
  149 -1789.445401     7
  150 354.738273  5294
  151 1985.064866 15172
  152 -129.776970     8
  153 6512.472583 26958
  154 22216.409307 -3076
  155 -2089.750168     1
  156 9476.258827 24828
  157 -2015.478048     7
  158 140.703040  5731
  159 -654.085372     1
  160 4712.273784 20722
  161 552.854153  8195
  162 878.536417  6887
  163 1178.642605  8101
  164 36.897417  7558
  165 -2123.451906     9
  166 -1478.622368     1
  167 936.937685 12462
  168 -1329.373722     9
  169 351.573170  6250
  170 25236.382578 22861
  171 591.234327 18695
  172 4640.897717 29490
  173 -2192.148314     7
  174 -283.859126     1
  175 -145.317048     8
  176 1778.831975 30213
  177 -231.676071     9
  178 -3416.837374     4
  179 3820.104339 16841
  180 1768.257397 31142
  181 633.374361  8905
  182 6875.936719 23518
  183 4456.119985 31181
  184 -265.129176     0
  185 2956.146877 11201
  186 -281.250815     3
  187 -2467.818552     1
  188 313.092475  8731
  189 -1591.359142     0
  190 207.421353  5594
  191 11880.455588 25258
  192 5544.969747 13869
  193 5087.960744 16140
  194 -94.442444     1
  195 -694.568851     4
  196 32536.884215 -3187
  197 708.669379 12350
  198 18168.419976 29250
  199 -242.971261     5
  200 5219.293451 21020
  201 795.531580 11709
  202 3574.722233 17541
  203 -981.523451     3
  204 -1207.861202     5
  205 1347.491492 25824
  206 -204.122812     2
  207 11772.564612 15814
  208 6800.758980 25022
  209 -2335.858502     5
  210 35.113341  5251
  211 45.141991  6080
  212 15709.634197 20517
  213 8818.219674 28377
  214 1.019203 -3191
  215 -614.582007     5
  216 -1039.599830     7
  217 618.010800  6281
  218 7125.061772 26838
  219 -1232.729790     3
  220 -731.778821     0
  221 2707.721649 17350
  222 1243.232779 14458
  223 -215.561644     5
  224 4862.103916 -3122
  225 4786.562166 26527
  226 14468.544717 20425
  227 5722.960455 -3204
  228 10276.214882 29261
  229 10979.013025 17613
  230 2812.983218 -3214
  231 15297.597850 30599
  232 11528.240027 27069
  233 268.097069  7552
  234 -292.975212     3
  235 6314.347652  9764
  236 -729.542785     2
  237 98.080351 16817
  238 17663.302941 -2897
  239 1628.030524 13720
  240 -415.446281     4
  241 881.804816  5876
  242 13887.481347 -3192
  243 2857.798520 26854
  244 5326.681883 24497
  245 -750.775025     1
  246 -1419.511203     2
  247 439.005544  5546
  248 11611.280079 27208
  249 -101.248377     3
  250 1759.284111 12189
  251 5593.261028 -2797
  252 5004.040224 10355
  253 30315.405488 -3109
  254 43.545301  5080
  255 8622.945962 -2848
  256 1243.209002 28594
  257 1828.832424 27728
  258 -2692.193485     1
  259 1280.546481 17216
  260 97.358079  5214
  261 19977.114354 24666
  262 -653.305745     7
  263 38.121971  5074
  264 -995.672829     0
  265 -1142.995748     6
  266 4887.756920 21029
  267 13169.371427 21240
  268 9336.965123 32269
  269 10937.704364 28404
  270 -2372.055048     7
  271 1286.180250  8066
  272 4437.640720 -3250
  273 1354.440590  8236
  274 381.885459 13977
  275 -136.967472     2
  276 18074.494671 30687
  277 2479.542414 31575
  278 1249.025015 28229
  279 4125.559232 -2983
  280 -346.985248     2
  281 15355.060698 28859
  282 3800.839095 11530
  283 -665.360094     7
  284 4173.906794 15765
  285 14892.022045 20705
  286 4818.912325 29767
  287 6779.762882 19460
  288 2487.501140 22963
  289 2967.209750 21428
  290 -505.615856     6
  291 14418.601932 31421
  292 49.024001 26578
  293 4287.659239 15799
  294 3701.247670  8784
  295 -1232.632622     8
  296 -736.423867     2
  297 11320.216420 -3018
  298 605.802138 23046
  299 5888.367021 19927
  300 7181.726976 24137
