300
    1 0.864670  5001
    2 4043.647367 21119
    3 15837.171744 27552
    4 2833.348083 -2979
    5 26878.035995 -3267
    6 9052.942392 22605
    7 -151.839483     0
    8 8867.139141 -2786
    9 -2244.622371     9
   10 5168.301224 10019
   11 7931.232874 16402
   12 -880.550449     2
   13 3595.325627 12882
   14 12205.772993 25490
   15 318.138449 10438
   16 11236.016985 23433
   17 -285.146768     5
   18 2484.237892 17080
   19 4641.861436 11863
   20 3241.455481 28698
   21 -414.871741     1
   22 1884.968221  6611
   23 274.848188  5525
   24 -781.755442     6
   25 -343.522951     8
   26 -651.513879     1
   27 1385.484234 25096
   28 -4276.901485     8
   29 -2903.503580     7
   30 27600.547256 -3202
   31 17470.768410 29956
   32 7248.980188 23649
   33 -2431.934723     5
   34 11377.108899 19086
   35 -962.684785     1
   36 772.609073  5763
   37 6178.598818 19573
   38 27705.084700 27063
   39 -1224.817021     7
   40 4038.924116 23419
   41 16073.289764 26823
   42 -2440.424097     2
   43 8932.679270 20275
   44 12864.876825 20882
   45 4143.470581 19868
   46 -491.897510     8
   47 -388.795610     7
   48 -1324.674668     1
   49 988.906733  7208
   50 -420.513441     1
   51 -395.230826     2
   52 2117.447983 24961
   53 850.631757 25395
   54 7040.033980 31497
   55 -422.836036     1
   56 6830.944285 22654
   57 727.998891  9613
   58 -377.159635     3
   59 2489.617638 19985
   60 1593.125583  7593
   61 5260.946722 15343
   62 32569.805780 -2908
   63 -1906.166845     6
   64 -574.622187     5
   65 1625.251283  7104
   66 -1666.285697     3
   67 -359.829169     0
   68 17190.775750 25634
   69 11193.614587 22064
   70 -930.563576     3
   71 11189.889088 26647
   72 5057.161665 30568
   73 -4.901672     1
   74 8064.677758 23628
   75 292.537599  6257
   76 5799.902325 19979
   77 -1513.251441     9
   78 4706.020832 18258
   79 952.655643  7568
   80 7462.472183 27553
   81 10857.109794 17082
   82 -577.162071     2
   83 1564.618307 20949
   84 3797.293759 27106
   85 811.304547 18544
   86 3733.615169 11255
   87 11501.067553 28714
   88 4846.591218 13149
   89 8239.043524 -3029
   90 -1740.934304     4
   91 9428.802423 15842
   92 6417.928543 11271
   93 17041.701019 20863
   94 173.459425 28772
   95 -415.903822     5
   96 -615.357359     9
   97 -488.919894     9
   98 1764.921904 26222
   99 1438.206911  6573
  100 1043.799843 27037
  101 717.963368  5828
  102 -649.754439     9
  103 1329.278281 17746
  104 -653.484090     1
  105 7.463566  5314
  106 7052.590233 -3121
  107 2525.024700 28962
  108 -1837.969623     1
  109 1480.380248 28513
  110 2944.422959 17081
  111 18752.154200 -2851
  112 921.943235 18467
  113 10929.270821 32528
  114 -972.920894     4
  115 -1595.428641     9
  116 1903.016848 15984
  117 17800.039933 -3174
  118 -815.769977     8
  119 8309.413737 -2932
  120 8376.025444 -2959
  121 14633.425031 24028
  122 -340.034414     1
  123 15520.650005 -2860
  124 7195.075446 27549
  125 2056.041298 -2858
  126 3840.138575 -3047
  127 14263.377678 31634
  128 -338.490245     5
  129 4367.194094 13009
  130 -515.746850     9
  131 13906.591266 23283
  132 795.807129 19384
  133 7081.579371 19765
  134 7672.328462 19456
  135 4705.320096 -3258
  136 377.164838  6602
  137 702.879353  9234
  138 4401.055262 18370
  139 2693.525293 11832
  140 10380.119419 28847
  141 6423.868770 11524
  142 142.837949 30512
  143 -1687.060563     7
  144 8246.752658 26094
  145 18994.552000 28238
  146 -907.513012     4
  147 2913.743378 28525
  148 -1415.094781     4
  149 -624.999681     7
  150 72.558725  5294
  151 316.653122 15172
  152 -173.787921     8
  153 5507.658188 26958
  154 14777.034135 -3076
  155 -1467.571177     1
  156 9062.308793 24828
  157 -236.654031     7
  158 203.116973  5731
  159 -1018.583250     1
  160 7765.823896 20722
  161 1835.800532  8195
  162 124.948370  6887
  163 518.683262  8101
  164 785.939415  7558
  165 -1415.959042     9
  166 -616.162796     1
  167 5366.935928 12462
  168 -17.316156     9
  169 445.423718  6250
  170 12302.436898 22861
  171 2577.782312 18695
  172 5789.452460 29490
  173 -1919.369434     7
  174 -1565.830462     1
  175 -657.902143     8
  176 3006.448692 30213
  177 -825.971385     9
  178 -1610.775266     4
  179 383.131368 16841
  180 26776.858676 31142
  181 610.930151  8905
  182 5444.864337 23518
  183 1202.142876 31181
  184 -782.051725     0
  185 259.398490 11201
  186 -255.503619     3
  187 -807.480363     1
  188 2390.298509  8731
  189 -636.854063     0
  190 85.471783  5594
  191 9028.709279 25258
  192 6959.449465 13869
  193 8228.899827 16140
  194 -1606.568013     1
  195 -117.892295     4
  196 4849.603714 -3187
  197 670.324654 12350
  198 10306.028610 29250
  199 -2037.673183     5
  200 7976.578330 21020
  201 1674.887705 11709
  202 7067.203479 17541
  203 -842.933933     3
  204 -311.268990     5
  205 775.942721 25824
  206 -304.104111     2
  207 9209.027391 15814
  208 10666.731932 25022
  209 -407.862215     5
  210 23.758277  5251
  211 525.348088  6080
  212 11753.333859 20517
  213 22328.781723 28377
  214 5554.874587 -3191
  215 -3734.244658     5
  216 -726.722346     7
  217 488.564560  6281
  218 1402.578038 26838
  219 -961.349661     3
  220 -1352.177003     0
  221 8532.560194 17350
  222 5793.224518 14458
  223 -974.184762     5
  224 13579.400584 -3122
  225 5960.526153 26527
  226 1410.334072 20425
  227 9187.920188 -3204
  228 6608.858266 29261
  229 8840.222155 17613
  230 4938.840346 -3214
  231 8498.378230 30599
  232 2438.883954 27069
  233 177.851347  7552
  234 -2939.916114     3
  235 2696.607277  9764
  236 -443.942771     2
  237 8870.576513 16817
  238 10592.610762 -2897
  239 4916.847780 13720
  240 -195.312454     4
  241 103.795999  5876
  242 3778.321309 -3192
  243 11015.863771 26854
  244 7759.963947 24497
  245 -703.713553     1
  246 -3304.185014     2
  247 79.427763  5546
  248 30242.135319 27208
  249 -2181.880982     3
  250 665.870984 12189
  251 14850.617020 -2797
  252 5268.263730 10355
  253 13582.747300 -3109
  254 55.254155  5080
  255 13521.452946 -2848
  256 15297.069679 28594
  257 8809.838472 27728
  258 -236.029450     1
  259 244.280913 17216
  260 64.637268  5214
  261 1627.168325 24666
  262 -437.512767     7
  263 70.867610  5074
  264 -792.309068     0
  265 -19.279291     6
  266 2433.730077 21029
  267 2705.311080 21240
  268 15433.873378 32269
  269 10752.261663 28404
  270 -1401.090530     7
  271 1473.150671  8066
  272 18265.448080 -3250
  273 1008.864741  8236
  274 1759.948128 13977
  275 -2707.901395     2
  276 23796.844252 30687
  277 4115.264310 31575
  278 2486.912020 28229
  279 21308.337069 -2983
  280 -951.512061     2
  281 8179.084956 28859
  282 5331.046784 11530
  283 -133.425284     7
  284 1949.346319 15765
  285 4862.805028 20705
  286 236.475763 29767
  287 10958.602920 19460
  288 4447.252792 22963
  289 4559.607475 21428
  290 -2623.204630     6
  291 13593.517816 31421
  292 7851.728392 26578
  293 7241.061832 15799
  294 1485.901312  8784
  295 -2884.349761     8
  296 -185.762233     2
  297 3666.407914 -3018
  298 351.936246 23046
  299 2692.201465 19927
  300 1893.071104 24137
