300
    1 0.072717  5001
    2 16073.632379 21119
    3 11440.150760 27552
    4 19214.990101 -2979
    5 33287.791384 -3267
    6 8808.757598 22605
    7 -718.758222     0
    8 38798.555597 -2786
    9 -1729.820588     9
   10 3439.545029 10019
   11 6344.447164 16402
   12 -970.266765     2
   13 7579.539819 12882
   14 2827.205289 25490
   15 3950.532872 10438
   16 13331.825845 23433
   17 -237.741589     5
   18 608.816891 17080
   19 616.784536 11863
   20 320.802509 28698
   21 -785.488212     1
   22 157.855124  6611
   23 140.176342  5525
   24 -448.155707     6
   25 -178.161678     8
   26 -378.350040     1
   27 11753.517185 25096
   28 -3548.282774     8
   29 -1419.099802     7
   30 7022.659083 -3202
   31 12496.445414 29956
   32 16150.823173 23649
   33 -609.840285     5
   34 62.136282 19086
   35 -607.357442     1
   36 45.190867  5763
   37 1360.973303 19573
   38 1568.307904 27063
   39 -2976.031076     7
   40 5139.123761 23419
   41 15577.372144 26823
   42 -877.851464     2
   43 5563.810802 20275
   44 4818.376977 20882
   45 1741.223347 19868
   46 -868.897162     8
   47 -2564.968159     7
   48 -171.130873     1
   49 756.527988  7208
   50 -353.014814     1
   51 -1153.220802     2
   52 19017.735550 24961
   53 11549.938067 25395
   54 745.232531 31497
   55 -1928.726568     1
   56 8727.253840 22654
   57 1315.584241  9613
   58 -1012.548473     3
   59 9414.191626 19985
   60 106.946473  7593
   61 3945.809229 15343
   62 3565.831058 -2908
   63 -709.102675     6
   64 -1699.716504     5
   65 546.927026  7104
   66 -85.063192     3
   67 -2523.801692     0
   68 15146.962655 25634
   69 6714.101172 22064
   70 -546.019581     3
   71 3411.803720 26647
   72 6019.942411 30568
   73 -2174.169747     1
   74 3570.331974 23628
   75 302.872891  6257
   76 8768.978467 19979
   77 -1165.342049     9
   78 12914.485942 18258
   79 4130.429926  7568
   80 1658.753069 27553
   81 3433.012967 17082
   82 -181.837416     2
   83 5133.972325 20949
   84 5319.155669 27106
   85 15876.543991 18544
   86 4578.482307 11255
   87 3508.791994 28714
   88 978.818657 13149
   89 19464.590718 -3029
   90 -1374.900909     4
   91 4022.840728 15842
   92 280.305780 11271
   93 4252.677531 20863
   94 18257.539673 28772
   95 -726.392322     5
   96 -803.623632     9
   97 -87.953756     9
   98 4378.619789 26222
   99 260.960561  6573
  100 160.063532 27037
  101 489.615699  5828
  102 -1035.072416     9
  103 7564.646666 17746
  104 -1718.459872     1
  105 11.938664  5314
  106 4091.343359 -3121
  107 12168.142826 28962
  108 -2700.753451     1
  109 212.443069 28513
  110 9049.851643 17081
  111 41612.177638 -2851
  112 1623.587619 18467
  113 24687.363764 32528
  114 -1390.347571     4
  115 -914.528733     9
  116 3421.039414 15984
  117 21133.327797 -3174
  118 -829.626774     8
  119 14372.549855 -2932
  120 17540.356809 -2959
  121 921.042179 24028
  122 -234.785896     1
  123 7658.829859 -2860
  124 1506.291669 27549
  125 1545.236761 -2858
  126 22749.857439 -3047
  127 11136.394809 31634
  128 -691.464869     5
  129 7142.768140 13009
  130 -826.111809     9
  131 7688.209496 23283
  132 5075.703527 19384
  133 2335.787605 19765
  134 4113.700458 19456
  135 16288.084233 -3258
  136 100.672158  6602
  137 1557.547574  9234
  138 11302.158192 18370
  139 2482.327731 11832
  140 16726.363005 28847
  141 4188.772998 11524
  142 4973.783619 30512
  143 -2095.397706     7
  144 4329.189179 26094
  145 11060.413719 28238
  146 -1108.495311     4
  147 5797.268444 28525
  148 -615.443840     4
  149 -45.286214     7
  150 63.389149  5294
  151 1475.555037 15172
  152 -1084.041874     8
  153 9825.141551 26958
  154 25359.583852 -3076
  155 -699.666792     1
  156 4931.940474 24828
  157 -1553.271836     7
  158 217.953896  5731
  159 -740.264025     1
  160 7379.625690 20722
  161 1800.205917  8195
  162 192.158371  6887
  163 1178.621784  8101
  164 204.059451  7558
  165 -1453.513704     9
  166 -557.908887     1
  167 4898.285513 12462
  168 -1369.358937     9
  169 74.448115  6250
  170 3955.534655 22861
  171 14224.521670 18695
  172 6351.261744 29490
  173 -912.484192     7
  174 -305.928981     1
  175 -257.221400     8
  176 15200.341036 30213
  177 -706.210102     9
  178 -1967.329213     4
  179 2520.957343 16841
  180 4416.067212 31142
  181 1139.700137  8905
  182 1782.766658 23518
  183 16084.082101 31181
  184 -2231.073698     0
  185 8581.921756 11201
  186 -1798.319038     3
  187 -1629.527043     1
  188 249.377537  8731
  189 -3642.344084     0
  190 432.433430  5594
  191 2569.517209 25258
  192 1813.346484 13869
  193 817.869260 16140
  194 -1940.845167     1
  195 -1041.034222     4
  196 7537.451776 -3187
  197 3184.848116 12350
  198 17737.104463 29250
  199 -1.187074     5
  200 5899.215837 21020
  201 2183.340311 11709
  202 647.015197 17541
  203 -659.025674     3
  204 -323.997948     5
  205 2147.724771 25824
  206 -1313.501087     2
  207 3442.012852 15814
  208 6839.422181 25022
  209 -482.542869     5
  210 51.091587  5251
  211 674.905471  6080
  212 8282.890838 20517
  213 10058.188352 28377
  214 3048.142886 -3191
  215 -192.045190     5
  216 -383.031744     7
  217 714.399551  6281
  218 4557.880310 26838
  219 -600.801069     3
  220 -471.745150     0
  221 4692.930605 17350
  222 494.303384 14458
  223 -671.524646     5
  224 28499.160336 -3122
  225 19072.133454 26527
  226 585.786115 20425
  227 389.453481 -3204
  228 8194.008763 29261
  229 2225.106586 17613
  230 10005.421531 -3214
  231 1121.148039 30599
  232 10211.206726 27069
  233 652.552818  7552
  234 -1087.078223     3
  235 1079.839395  9764
  236 -1268.120393     2
  237 5911.882171 16817
  238 19969.406186 -2897
  239 294.311227 13720
  240 -2355.344178     4
  241 330.613808  5876
  242 1753.522929 -3192
  243 20133.759444 26854
  244 586.033688 24497
  245 -9.302220     1
  246 -1126.946389     2
  247 70.473699  5546
  248 3550.979145 27208
  249 -556.323291     3
  250 981.683536 12189
  251 10681.369763 -2797
  252 3676.934770 10355
  253 7884.755217 -3109
  254 39.467911  5080
  255 1255.801906 -2848
  256 11700.472910 28594
  257 3540.092459 27728
  258 -1504.343477     1
  259 7618.642865 17216
  260 90.080733  5214
  261 12370.092448 24666
  262 -2165.738647     7
  263 43.892312  5074
  264 -125.054580     0
  265 -607.321269     6
  266 2935.972276 21029
  267 9724.655327 21240
  268 27749.668656 32269
  269 1846.407570 28404
  270 -1000.526351     7
  271 554.270733  8066
  272 14241.713285 -3250
  273 1029.847639  8236
  274 4939.618020 13977
  275 -328.789157     2
  276 269.560226 30687
  277 6418.837329 31575
  278 7599.525514 28229
  279 10559.118294 -2983
  280 -383.051906     2
  281 3055.002926 28859
  282 266.341427 11530
  283 -121.209455     7
  284 2146.316133 15765
  285 4354.606398 20705
  286 23015.148947 29767
  287 3782.253786 19460
  288 7478.091836 22963
  289 7516.619321 21428
  290 -464.336080     6
  291 10079.252673 31421
  292 5219.196627 26578
  293 2372.541947 15799
  294 3213.019296  8784
  295 -1860.141583     8
  296 -1305.266518     2
  297 15843.931634 -3018
  298 7693.605918 23046
  299 9045.275775 19927
  300 3867.993874 24137
