300
    1 0.192325  5001
    2 9251.196003 21119
    3 3742.310300 27552
    4 11822.204495 -2979
    5 21619.825233 -3267
    6 1936.020609 22605
    7 -488.398152     0
    8 8518.831892 -2786
    9 -2058.024163     9
   10 1308.204760 10019
   11 1318.289355 16402
   12 -573.164422     2
   13 2485.142993 12882
   14 12863.739021 25490
   15 1309.960165 10438
   16 2407.093394 23433
   17 -377.179056     5
   18 5099.150083 17080
   19 1470.764998 11863
   20 8195.193439 28698
   21 -576.856308     1
   22 169.373859  6611
   23 245.454566  5525
   24 -1862.588228     6
   25 -475.125409     8
   26 -1744.346924     1
   27 11927.031611 25096
   28 -729.663836     8
   29 -443.822409     7
   30 6324.280229 -3202
   31 3438.831076 29956
   32 10569.791143 23649
   33 -1385.199734     5
   34 3429.566074 19086
   35 -1875.575102     1
   36 341.592884  5763
   37 7613.682522 19573
   38 7344.205371 27063
   39 -994.347393     7
   40 6440.488978 23419
   41 22585.029435 26823
   42 -1019.172231     2
   43 11947.004203 20275
   44 5596.519614 20882
   45 364.635317 19868
   46 -54.840618     8
   47 -693.327786     7
   48 -1465.386806     1
   49 712.688830  7208
   50 -376.139154     1
   51 -384.701632     2
   52 6665.963225 24961
   53 9372.538591 25395
   54 4017.959290 31497
   55 -1308.665834     1
   56 5476.596443 22654
   57 57.993985  9613
   58 -132.422502     3
   59 7606.222245 19985
   60 693.551225  7593
   61 1082.214358 15343
   62 16284.185544 -2908
   63 -795.102078     6
   64 -1390.060175     5
   65 615.706237  7104
   66 -309.699907     3
   67 -184.566796     0
   68 3705.285868 25634
   69 4672.638933 22064
   70 -249.956025     3
   71 13818.897322 26647
   72 16386.317829 30568
   73 -176.106396     1
   74 7179.026748 23628
   75 515.681635  6257
   76 9726.408653 19979
   77 -1173.620098     9
   78 258.531224 18258
   79 418.899360  7568
   80 9880.340351 27553
   81 3563.288760 17082
   82 -175.133107     2
   83 105.687814 20949
   84 543.737998 27106
   85 3566.544351 18544
   86 2742.551141 11255
   87 20768.889795 28714
   88 5323.499138 13149
   89 2437.089218 -3029
   90 -497.919552     4
   91 2623.064121 15842
   92 3906.961831 11271
   93 371.177594 20863
   94 6628.050093 28772
   95 -373.075110     5
   96 -1052.571575     9
   97 -623.124852     9
   98 617.698255 26222
   99 686.478373  6573
  100 1928.717777 27037
  101 32.693601  5828
  102 -1560.273817     9
  103 392.638658 17746
  104 -555.389148     1
  105 235.412232  5314
  106 17696.543330 -3121
  107 22401.419150 28962
  108 -2580.880938     1
  109 13784.004774 28513
  110 333.610086 17081
  111 7693.821341 -2851
  112 3676.069156 18467
  113 3195.521083 32528
  114 -842.680710     4
  115 -225.202958     9
  116 2121.644553 15984
  117 10502.107970 -3174
  118 -446.722489     8
  119 21253.985990 -2932
  120 2914.719189 -2959
  121 9080.254025 24028
  122 -2022.679253     1
  123 5586.708798 -2860
  124 4310.689670 27549
  125 3215.069973 -2858
  126 11346.020315 -3047
  127 11705.252578 31634
  128 -1473.321935     5
  129 9988.951647 13009
  130 -414.881542     9
  131 3460.170838 23283
  132 6075.722039 19384
  133 1975.469935 19765
  134 7407.333160 19456
  135 17230.192166 -3258
  136 60.949710  6602
  137 1001.347575  9234
  138 9899.288795 18370
  139 3797.186387 11832
  140 3465.015841 28847
  141 3014.397451 11524
  142 23866.835743 30512
  143 -527.648392     7
  144 3462.528493 26094
  145 2757.556294 28238
  146 -1923.121908     4
  147 6011.848049 28525
  148 -1161.619897     4
  149 -499.155557     7
  150 119.764428  5294
  151 5130.797087 15172
  152 -340.892114     8
  153 9704.243561 26958
  154 16198.081227 -3076
  155 -877.587307     1
  156 5040.792294 24828
  157 -1381.597424     7
  158 169.920878  5731
  159 -1175.008018     1
  160 1823.046102 20722
  161 3243.717549  8195
  162 261.474114  6887
  163 840.222122  8101
  164 940.140521  7558
  165 -2732.737862     9
  166 -1499.957843     1
  167 6146.334647 12462
  168 -478.542847     9
  169 528.375462  6250
  170 4346.541197 22861
  171 9247.294296 18695
  172 3573.347585 29490
  173 -1990.582734     7
  174 -1052.815628     1
  175 -1330.614109     8
  176 11136.355036 30213
  177 -1305.517913     9
  178 -391.100776     4
  179 4022.184864 16841
  180 2339.741588 31142
  181 994.893467  8905
  182 8595.460359 23518
  183 2009.670752 31181
  184 -1781.983880     0
  185 1317.865827 11201
  186 -507.948994     3
  187 -401.807620     1
  188 1713.503373  8731
  189 -1423.062804     0
  190 377.961677  5594
  191 6641.214949 25258
  192 1094.716164 13869
  193 3718.015201 16140
  194 -202.511538     1
  195 -165.433880     4
  196 2383.495005 -3187
  197 2182.511502 12350
  198 21445.734045 29250
  199 -2231.245362     5
  200 9139.212882 21020
  201 1209.479123 11709
  202 8318.613832 17541
  203 -66.135345     3
  204 -1860.269647     5
  205 13005.985072 25824
  206 -1571.015216     2
  207 4511.071395 15814
  208 7127.278291 25022
  209 -135.304433     5
  210 119.235772  5251
  211 527.171069  6080
  212 938.934446 20517
  213 12394.689147 28377
  214 16928.068691 -3191
  215 -1102.037256     5
  216 -1494.017465     7
  217 62.793616  6281
  218 8730.954071 26838
  219 -2819.969808     3
  220 -235.547290     0
  221 785.267911 17350
  222 2115.872973 14458
  223 -258.122939     5
  224 19839.092659 -3122
  225 218.990628 26527
  226 17072.895318 20425
  227 10881.887045 -3204
  228 44.332953 29261
  229 182.963041 17613
  230 24435.577804 -3214
  231 15210.337896 30599
  232 5473.150068 27069
  233 69.174976  7552
  234 -1761.764382     3
  235 605.711144  9764
  236 -1186.828831     2
  237 2852.581183 16817
  238 509.316666 -2897
  239 1174.380720 13720
  240 -136.757472     4
  241 494.329810  5876
  242 34227.892352 -3192
  243 4944.636193 26854
  244 669.859892 24497
  245 -1552.140854     1
  246 -1708.376429     2
  247 122.322879  5546
  248 416.374251 27208
  249 -219.916972     3
  250 4996.849231 12189
  251 19927.800829 -2797
  252 2614.893343 10355
  253 13829.306189 -3109
  254 25.621291  5080
  255 179.589337 -2848
  256 19739.522167 28594
  257 8764.239486 27728
  258 -41.620670     1
  259 1223.037248 17216
  260 26.010649  5214
  261 2045.912855 24666
  262 -1041.287607     7
  263 76.028137  5074
  264 -1024.941616     0
  265 -521.281934     6
  266 12640.470216 21029
  267 8293.464675 21240
  268 12130.684254 32269
  269 976.787226 28404
  270 -999.444879     7
  271 214.317799  8066
  272 18799.522829 -3250
  273 1535.012467  8236
  274 575.999469 13977
  275 -515.280739     2
  276 23832.909687 30687
  277 12710.838117 31575
  278 1700.669217 28229
  279 8089.150995 -2983
  280 -111.293116     2
  281 1418.509994 28859
  282 5420.991104 11530
  283 -744.872404     7
  284 120.147035 15765
  285 17736.655765 20705
  286 21889.292940 29767
  287 4392.035769 19460
  288 1521.884765 22963
  289 30.632681 21428
  290 -599.784248     6
  291 6016.726839 31421
  292 17497.433837 26578
  293 38.967243 15799
  294 1569.377923  8784
  295 -3749.215857     8
  296 -1043.958002     2
  297 1672.908403 -3018
  298 17735.634406 23046
  299 926.465523 19927
  300 5835.383481 24137
