300
    1 0.766880  5001
    2 11794.786651 21119
    3 1816.382269 27552
    4 3774.998648 -2979
    5 11457.554800 -3267
    6 1166.663257 22605
    7 -314.802187     0
    8 6697.986768 -2786
    9 -18.779586     9
   10 4857.366296 10019
   11 5146.906166 16402
   12 -1264.798505     2
   13 2237.653354 12882
   14 2422.797969 25490
   15 2601.646975 10438
   16 2449.354885 23433
   17 -328.221632     5
   18 13164.305672 17080
   19 1994.689199 11863
   20 348.692095 28698
   21 -892.229796     1
   22 255.212429  6611
   23 224.099337  5525
   24 -1216.595432     6
   25 -582.626609     8
   26 -985.011274     1
   27 13102.740769 25096
   28 -1028.967140     8
   29 -586.726746     7
   30 16894.473614 -3202
   31 2086.231692 29956
   32 2819.009099 23649
   33 -1638.192679     5
   34 3224.082631 19086
   35 -1434.765155     1
   36 461.893049  5763
   37 7386.449830 19573
   38 8137.534642 27063
   39 -1203.708873     7
   40 10791.621777 23419
   41 11252.205920 26823
   42 -863.226949     2
   43 10296.242758 20275
   44 12216.485614 20882
   45 715.455746 19868
   46 -518.604828     8
   47 -2946.921692     7
   48 -393.998032     1
   49 216.979544  7208
   50 -154.072278     1
   51 -361.554462     2
   52 1887.087617 24961
   53 2961.305954 25395
   54 9998.163598 31497
   55 -540.599066     1
   56 13424.822421 22654
   57 1734.480248  9613
   58 -66.656412     3
   59 724.618552 19985
   60 183.884603  7593
   61 328.803222 15343
   62 19614.327432 -2908
   63 -224.499413     6
   64 -1822.921653     5
   65 1459.175193  7104
   66 -780.041284     3
   67 -69.422027     0
   68 7239.014886 25634
   69 7507.136634 22064
   70 -1059.857090     3
   71 12589.969648 26647
   72 3330.457633 30568
   73 -1542.133665     1
   74 13727.195875 23628
   75 500.213963  6257
   76 3778.027041 19979
   77 -3203.618654     9
   78 7759.996146 18258
   79 967.328655  7568
   80 1540.083537 27553
   81 8945.934848 17082
   82 -90.332738     2
   83 17340.106483 20949
   84 7072.678487 27106
   85 2424.494510 18544
   86 509.898843 11255
   87 8907.967093 28714
   88 3508.336157 13149
   89 15070.071289 -3029
   90 -647.313196     4
   91 8858.366015 15842
   92 2829.345061 11271
   93 3987.122843 20863
   94 16232.721403 28772
   95 -438.881735     5
   96 -112.000035     9
   97 -613.049785     9
   98 4107.313051 26222
   99 438.192360  6573
  100 4184.859796 27037
  101 265.071981  5828
  102 -1636.862206     9
  103 7490.729773 17746
  104 -186.648412     1
  105 337.663122  5314
  106 7060.321737 -3121
  107 1673.840080 28962
  108 -1195.629486     1
  109 13601.069588 28513
  110 4249.800779 17081
  111 1589.044181 -2851
  112 10430.761435 18467
  113 8315.956914 32528
  114 -670.130381     4
  115 -805.143556     9
  116 10016.510815 15984
  117 334.476531 -3174
  118 -340.933133     8
  119 3504.820010 -2932
  120 8626.003891 -2959
  121 12438.064083 24028
  122 -2022.483439     1
  123 8208.827962 -2860
  124 2892.591169 27549
  125 6221.147366 -2858
  126 13740.043821 -3047
  127 14555.625376 31634
  128 -283.773427     5
  129 3189.914261 13009
  130 -22.704681     9
  131 4972.532951 23283
  132 5254.797470 19384
  133 6750.445176 19765
  134 6011.755156 19456
  135 4109.306175 -3258
  136 1204.579774  6602
  137 2503.330208  9234
  138 4911.620787 18370
  139 232.070811 11832
  140 20051.697073 28847
  141 4303.397511 11524
  142 1775.923699 30512
  143 -32.715311     7
  144 6368.250364 26094
  145 18995.735599 28238
  146 -1499.935393     4
  147 5102.415366 28525
  148 -477.854821     4
  149 -510.445357     7
  150 165.963724  5294
  151 3521.191302 15172
  152 -286.323036     8
  153 19192.032070 26958
  154 5901.223078 -3076
  155 -970.147484     1
  156 6522.580626 24828
  157 -2075.270585     7
  158 240.683953  5731
  159 -788.070629     1
  160 5874.731994 20722
  161 961.564973  8195
  162 647.065910  6887
  163 623.157867  8101
  164 1043.406525  7558
  165 -176.409346     9
  166 -1233.446697     1
  167 9995.248902 12462
  168 -833.684238     9
  169 449.194670  6250
  170 1857.721672 22861
  171 2550.101469 18695
  172 3543.304685 29490
  173 -949.880013     7
  174 -1234.300504     1
  175 -955.644982     8
  176 7402.583343 30213
  177 -994.006253     9
  178 -2652.704704     4
  179 5093.755742 16841
  180 3370.059079 31142
  181 3676.486500  8905
  182 4495.913126 23518
  183 186.892436 31181
  184 -625.570349     0
  185 4956.243926 11201
  186 -454.415737     3
  187 -727.848907     1
  188 352.930627  8731
  189 -657.138838     0
  190 114.928601  5594
  191 5233.072358 25258
  192 1737.565938 13869
  193 737.010197 16140
  194 -1108.051557     1
  195 -576.009026     4
  196 2353.588554 -3187
  197 4489.598813 12350
  198 2805.971156 29250
  199 -206.434383     5
  200 8514.967157 21020
  201 3608.003021 11709
  202 5254.396913 17541
  203 -305.452767     3
  204 -2540.863469     5
  205 5442.151083 25824
  206 -1196.352757     2
  207 4155.667492 15814
  208 6109.661169 25022
  209 -899.575778     5
  210 7.662420  5251
  211 881.494856  6080
  212 8920.846885 20517
  213 2744.089504 28377
  214 3084.213882 -3191
  215 -168.845009     5
  216 -60.365049     7
  217 643.818249  6281
  218 7957.042712 26838
  219 -84.223890     3
  220 -21.642760     0
  221 5363.907350 17350
  222 2364.029074 14458
  223 -901.536748     5
  224 113.186150 -3122
  225 1645.172227 26527
  226 4718.041478 20425
  227 20593.426951 -3204
  228 12367.236511 29261
  229 6527.439658 17613
  230 5962.984785 -3214
  231 10990.848509 30599
  232 8459.973586 27069
  233 514.373990  7552
  234 -252.350163     3
  235 872.499101  9764
  236 -1056.309716     2
  237 8591.221188 16817
  238 3525.475704 -2897
  239 3161.611817 13720
  240 -249.957535     4
  241 34.467862  5876
  242 23031.557843 -3192
  243 646.770071 26854
  244 11603.918956 24497
  245 -1019.863335     1
  246 -687.366235     2
  247 436.059242  5546
  248 10620.805282 27208
  249 -408.637351     3
  250 281.020364 12189
  251 2823.074934 -2797
  252 1660.049869 10355
  253 15922.630886 -3109
  254 25.944932  5080
  255 21929.712965 -2848
  256 21645.065508 28594
  257 11988.511322 27728
  258 -176.151971     1
  259 10832.946908 17216
  260 43.690808  5214
  261 877.123829 24666
  262 -204.150206     7
  263 45.606983  5074
  264 -1036.983383     0
  265 -1059.772814     6
  266 9401.681790 21029
  267 1683.146959 21240
  268 16779.013905 32269
  269 17720.512659 28404
  270 -480.214673     7
  271 4557.309294  8066
  272 1696.038526 -3250
  273 2875.300992  8236
  274 578.390421 13977
  275 -1553.308669     2
  276 12448.208101 30687
  277 5322.860008 31575
  278 2336.413827 28229
  279 5925.752196 -2983
  280 -1047.837020     2
  281 2992.624202 28859
  282 2186.366216 11530
  283 -706.261370     7
  284 127.651030 15765
  285 2439.630156 20705
  286 11837.435536 29767
  287 3811.929520 19460
  288 4372.704998 22963
  289 1498.731976 21428
  290 -1913.685151     6
  291 2208.738505 31421
  292 8037.553334 26578
  293 1175.353088 15799
  294 520.527204  8784
  295 -2909.171614     8
  296 -356.255860     2
  297 22306.073377 -3018
  298 6999.084324 23046
  299 3628.443194 19927
  300 1931.739195 24137
