300
    1 0.162367  5001
    2 23358.667774 21119
    3 438.572356 27552
    4 59.751355 -2979
    5 20502.756597 -3267
    6 13524.800045 22605
    7 -166.979907     0
    8 12995.333396 -2786
    9 -1566.642353     9
   10 3798.224990 10019
   11 3193.380474 16402
   12 -602.750062     2
   13 4005.400610 12882
   14 18793.693234 25490
   15 1230.537418 10438
   16 5610.662555 23433
   17 -1645.201894     5
   18 87.103405 17080
   19 2436.782514 11863
   20 32540.693672 28698
   21 -417.836235     1
   22 195.234108  6611
   23 183.739263  5525
   24 -1027.169358     6
   25 -1792.073509     8
   26 -235.127961     1
   27 2611.421679 25096
   28 -831.752224     8
   29 -203.850600     7
   30 3497.101219 -3202
   31 12988.672990 29956
   32 836.341287 23649
   33 -448.597884     5
   34 1362.845662 19086
   35 -727.932866     1
   36 234.105653  5763
   37 3242.897205 19573
   38 933.393036 27063
   39 -2007.442906     7
   40 22642.910336 23419
   41 15001.379912 26823
   42 -1135.661177     2
   43 2065.272913 20275
   44 956.327963 20882
   45 5163.430257 19868
   46 -573.313867     8
   47 -143.299900     7
   48 -192.687804     1
   49 2942.891022  7208
   50 -738.508485     1
   51 -2378.475554     2
   52 7194.217994 24961
   53 10321.116193 25395
   54 8841.957717 31497
   55 -742.603183     1
   56 13086.910845 22654
   57 89.117160  9613
   58 -1097.801815     3
   59 10296.987586 19985
   60 112.941572  7593
   61 4827.764681 15343
   62 1616.826997 -2908
   63 -1198.111582     6
   64 -911.821385     5
   65 800.541855  7104
   66 -1215.281839     3
   67 -2095.910046     0
   68 4938.660993 25634
   69 5757.481998 22064
   70 -28.799302     3
   71 15321.967700 26647
   72 5464.661632 30568
   73 -729.151858     1
   74 8082.475254 23628
   75 305.088247  6257
   76 12041.544274 19979
   77 -1718.488865     9
   78 9227.566954 18258
   79 4327.868654  7568
   80 3035.282195 27553
   81 2277.536523 17082
   82 -473.895926     2
   83 11979.639466 20949
   84 10088.419339 27106
   85 5363.204202 18544
   86 1815.287617 11255
   87 2082.081001 28714
   88 1163.315270 13149
   89 43075.179532 -3029
   90 -1673.870067     4
   91 10681.605038 15842
   92 1649.832491 11271
   93 4985.137293 20863
   94 9512.001627 28772
   95 -355.836372     5
   96 -1405.740720     9
   97 -1351.158828     9
   98 3086.867695 26222
   99 1191.910981  6573
  100 1216.569543 27037
  101 922.454769  5828
  102 -1657.409135     9
  103 227.204595 17746
  104 -2312.253723     1
  105 141.264157  5314
  106 15360.681248 -3121
  107 3916.021119 28962
  108 -1585.885287     1
  109 30381.648943 28513
  110 13185.838417 17081
  111 12060.593535 -2851
  112 2602.719093 18467
  113 20476.037197 32528
  114 -1824.551343     4
  115 -845.857407     9
  116 1629.807742 15984
  117 4429.472322 -3174
  118 -348.977338     8
  119 14624.288060 -2932
  120 4136.754925 -2959
  121 6651.896188 24028
  122 -109.716784     1
  123 5009.200631 -2860
  124 9161.821754 27549
  125 14662.202850 -2858
  126 14993.077438 -3047
  127 3747.035258 31634
  128 -1538.244489     5
  129 1103.650704 13009
  130 -7.303812     9
  131 1196.385111 23283
  132 2183.170468 19384
  133 1692.949041 19765
  134 6741.995321 19456
  135 1343.872978 -3258
  136 1144.609897  6602
  137 814.042895  9234
  138 2681.456733 18370
  139 60.889013 11832
  140 2770.455151 28847
  141 409.259957 11524
  142 11454.693287 30512
  143 -1489.006934     7
  144 3978.975850 26094
  145 9159.212349 28238
  146 -366.089794     4
  147 5515.610865 28525
  148 -1512.315657     4
  149 -655.194685     7
  150 130.220715  5294
  151 5795.397450 15172
  152 -189.771875     8
  153 27261.985942 26958
  154 20139.800952 -3076
  155 -551.325544     1
  156 11418.211015 24828
  157 -819.358519     7
  158 186.776265  5731
  159 -264.776291     1
  160 833.789346 20722
  161 1564.487823  8195
  162 76.896488  6887
  163 339.560412  8101
  164 47.131473  7558
  165 -114.586421     9
  166 -1411.755316     1
  167 1781.369014 12462
  168 -644.201797     9
  169 718.542085  6250
  170 9450.816247 22861
  171 1653.251567 18695
  172 1021.788693 29490
  173 -462.080118     7
  174 -1799.957827     1
  175 -1115.532685     8
  176 6646.648654 30213
  177 -1439.349424     9
  178 -2338.491302     4
  179 10792.325295 16841
  180 21794.240396 31142
  181 2878.808742  8905
  182 569.316834 23518
  183 2.449718 31181
  184 -1055.695770     0
  185 1194.669738 11201
  186 -143.269069     3
  187 -1245.376946     1
  188 1755.324233  8731
  189 -2161.964472     0
  190 122.277763  5594
  191 16018.571909 25258
  192 758.063388 13869
  193 13168.519548 16140
  194 -1197.086498     1
  195 -1317.475527     4
  196 1172.501179 -3187
  197 6168.983664 12350
  198 10605.326312 29250
  199 -2904.184184     5
  200 5602.129666 21020
  201 900.080680 11709
  202 11405.503089 17541
  203 -1613.965356     3
  204 -776.031190     5
  205 1766.945158 25824
  206 -21.910380     2
  207 863.595038 15814
  208 8781.413467 25022
  209 -682.248942     5
  210 98.803558  5251
  211 48.858970  6080
  212 12264.968039 20517
  213 6578.115470 28377
  214 7827.401486 -3191
  215 -2645.132990     5
  216 -391.599399     7
  217 14.596988  6281
  218 3709.917454 26838
  219 -789.756450     3
  220 -1393.322474     0
  221 3893.277304 17350
  222 2994.855894 14458
  223 -1343.453760     5
  224 11277.907286 -3122
  225 2343.918148 26527
  226 10169.749263 20425
  227 10756.013499 -3204
  228 14995.347255 29261
  229 6965.823251 17613
  230 19743.668795 -3214
  231 23309.015601 30599
  232 13382.724100 27069
  233 125.373298  7552
  234 -521.104012     3
  235 1799.641819  9764
  236 -384.923247     2
  237 1872.442323 16817
  238 3020.588465 -2897
  239 246.758741 13720
  240 -1159.079874     4
  241 854.245554  5876
  242 4463.664988 -3192
  243 3928.112483 26854
  244 5229.158265 24497
  245 -357.231064     1
  246 -3111.946888     2
  247 101.889307  5546
  248 22990.946447 27208
  249 -125.218264     3
  250 717.151609 12189
  251 22331.583209 -2797
  252 725.743844 10355
  253 311.429951 -3109
  254 43.097516  5080
  255 16594.477247 -2848
  256 8142.695284 28594
  257 14705.863962 27728
  258 -1420.002182     1
  259 109.848841 17216
  260 96.252867  5214
  261 424.061179 24666
  262 -2155.200525     7
  263 51.508100  5074
  264 -1036.303935     0
  265 -384.351266     6
  266 11245.540696 21029
  267 4511.143430 21240
  268 27569.009864 32269
  269 17732.997797 28404
  270 -702.815501     7
  271 2013.705300  8066
  272 3680.227970 -3250
  273 256.301112  8236
  274 190.810905 13977
  275 -1778.317634     2
  276 17575.606142 30687
  277 27905.834489 31575
  278 24562.031464 28229
  279 21729.263122 -2983
  280 -970.411197     2
  281 22731.781478 28859
  282 5073.480910 11530
  283 -1172.755485     7
  284 55.989489 15765
  285 1520.631824 20705
  286 5972.759577 29767
  287 1988.866809 19460
  288 1779.858097 22963
  289 3966.142602 21428
  290 -1639.063291     6
  291 14262.379186 31421
  292 5751.109636 26578
  293 5629.357408 15799
  294 18.056642  8784
  295 -564.195860     8
  296 -2838.590989     2
  297 21590.402942 -3018
  298 8173.495448 23046
  299 146.687075 19927
  300 18409.985347 24137
