300
    1 0.207352  5001
    2 1055.800294 21119
    3 9269.977343 27552
    4 3711.695661 -2979
    5 5671.507297 -3267
    6 10808.821043 22605
    7 -145.852724     0
    8 20077.927237 -2786
    9 -922.911158     9
   10 1267.426924 10019
   11 1961.924341 16402
   12 -713.082928     2
   13 4061.331690 12882
   14 23285.756856 25490
   15 6003.426310 10438
   16 1785.357391 23433
   17 -1182.928177     5
   18 5792.832187 17080
   19 123.943778 11863
   20 29941.090879 28698
   21 -807.275400     1
   22 562.090473  6611
   23 122.644649  5525
   24 -25.270822     6
   25 -1101.854858     8
   26 -797.347106     1
   27 16755.236387 25096
   28 -54.420149     8
   29 -890.540699     7
   30 995.830058 -3202
   31 18774.502610 29956
   32 10332.840814 23649
   33 -1066.801184     5
   34 6028.081363 19086
   35 -88.949077     1
   36 1085.013550  5763
   37 7993.754451 19573
   38 3282.776256 27063
   39 -379.072800     7
   40 16004.721229 23419
   41 26029.988055 26823
   42 -2061.956348     2
   43 2167.993739 20275
   44 4108.850839 20882
   45 858.142020 19868
   46 -2033.809054     8
   47 -836.506950     7
   48 -642.533769     1
   49 592.912317  7208
   50 -254.538864     1
   51 -831.785682     2
   52 7989.932119 24961
   53 6012.449661 25395
   54 27038.552558 31497
   55 -403.863438     1
   56 5778.229880 22654
   57 2416.996167  9613
   58 -107.832537     3
   59 644.602265 19985
   60 612.779787  7593
   61 761.429861 15343
   62 3165.104618 -2908
   63 -222.444413     6
   64 -892.423645     5
   65 1012.450160  7104
   66 -421.851153     3
   67 -669.381123     0
   68 4769.735374 25634
   69 8185.317070 22064
   70 -884.508942     3
   71 1216.856776 26647
   72 483.099126 30568
   73 -615.717919     1
   74 8934.517247 23628
   75 53.511900  6257
   76 7556.344937 19979
   77 -2563.477182     9
   78 2122.549461 18258
   79 843.454985  7568
   80 272.288665 27553
   81 3178.642665 17082
   82 -769.711730     2
   83 7332.075644 20949
   84 4387.186630 27106
   85 2367.872418 18544
   86 4434.880087 11255
   87 8426.541540 28714
   88 7028.598156 13149
   89 7967.884767 -3029
   90 -486.078151     4
   91 6056.113736 15842
   92 4022.603759 11271
   93 7692.300870 20863
   94 1300.660439 28772
   95 -287.145186     5
   96 -590.981265     9
   97 -174.433468     9
   98 13499.996829 26222
   99 592.149513  6573
  100 8570.099604 27037
  101 638.093721  5828
  102 -1069.184306     9
  103 9764.171029 17746
  104 -1023.751904     1
  105 111.296133  5314
  106 2640.540267 -3121
  107 6835.413650 28962
  108 -559.703944     1
  109 3689.236155 28513
  110 1709.869102 17081
  111 8435.833093 -2851
  112 5413.300853 18467
  113 14864.940916 32528
  114 -134.426373     4
  115 -1411.337426     9
  116 5927.991702 15984
  117 5073.241476 -3174
  118 -258.328904     8
  119 13276.265714 -2932
  120 37801.328580 -2959
  121 12342.275772 24028
  122 -107.659558     1
  123 16203.009228 -2860
  124 1332.493505 27549
  125 13544.914713 -2858
  126 9784.478496 -3047
  127 16224.470239 31634
  128 -1346.828332     5
  129 6568.643853 13009
  130 -405.799796     9
  131 5056.620777 23283
  132 4251.717165 19384
  133 3499.971970 19765
  134 13508.619672 19456
  135 102.666262 -3258
  136 318.876313  6602
  137 1746.357543  9234
  138 6249.432977 18370
  139 150.114459 11832
  140 16951.877536 28847
  141 1296.586240 11524
  142 9467.026165 30512
  143 -894.089561     7
  144 4032.699159 26094
  145 21884.240796 28238
  146 -1560.498937     4
  147 4919.513433 28525
  148 -702.793327     4
  149 -34.147457     7
  150 210.422488  5294
  151 172.374709 15172
  152 -166.800353     8
  153 17341.011104 26958
  154 8685.876946 -3076
  155 -21.755890     1
  156 3482.369040 24828
  157 -154.351630     7
  158 405.931805  5731
  159 -669.233400     1
  160 5931.579575 20722
  161 1208.992120  8195
  162 830.672443  6887
  163 1493.280012  8101
  164 623.236137  7558
  165 -2481.064780     9
  166 -189.772108     1
  167 291.503991 12462
  168 -634.993619     9
  169 483.401323  6250
  170 15176.590425 22861
  171 6281.209416 18695
  172 12122.517154 29490
  173 -890.743817     7
  174 -370.386414     1
  175 -930.401026     8
  176 3067.082001 30213
  177 -1392.217661     9
  178 -602.299541     4
  179 6280.987077 16841
  180 230.061402 31142
  181 3446.858524  8905
  182 4181.836637 23518
  183 16575.106995 31181
  184 -2949.297463     0
  185 3236.428351 11201
  186 -1155.837665     3
  187 -1053.673388     1
  188 2222.516634  8731
  189 -356.257979     0
  190 32.129966  5594
  191 3404.776012 25258
  192 2276.607011 13869
  193 9608.801647 16140
  194 -3555.897784     1
  195 -1760.083038     4
  196 438.837744 -3187
  197 676.279655 12350
  198 8039.568487 29250
  199 -1333.792648     5
  200 742.055552 21020
  201 2083.551128 11709
  202 8919.687299 17541
  203 -361.899340     3
  204 -325.637383     5
  205 1002.237551 25824
  206 -468.498815     2
  207 2829.568718 15814
  208 1437.302452 25022
  209 -2527.552239     5
  210 75.131068  5251
  211 985.387537  6080
  212 12694.556547 20517
  213 21938.272485 28377
  214 12660.742174 -3191
  215 -1492.834006     5
  216 -1010.577020     7
  217 212.852611  6281
  218 857.256537 26838
  219 -1031.507540     3
  220 -2147.568556     0
  221 1104.515436 17350
  222 9902.901796 14458
  223 -2817.306699     5
  224 9926.222363 -3122
  225 14111.893347 26527
  226 5966.465738 20425
  227 7917.911373 -3204
  228 6279.127025 29261
  229 10083.378591 17613
  230 4644.120704 -3214
  231 21220.919655 30599
  232 9672.108495 27069
  233 645.900283  7552
  234 -523.655982     3
  235 274.324300  9764
  236 -740.766236     2
  237 1820.302991 16817
  238 553.188569 -2897
  239 1804.580354 13720
  240 -273.392457     4
  241 155.198284  5876
  242 13096.830222 -3192
  243 16301.380553 26854
  244 707.905774 24497
  245 -435.556288     1
  246 -886.949145     2
  247 99.151405  5546
  248 3752.982154 27208
  249 -484.780168     3
  250 2391.940681 12189
  251 6515.431710 -2797
  252 6227.897236 10355
  253 1725.390671 -3109
  254 3.367896  5080
  255 16674.454875 -2848
  256 4998.709084 28594
  257 2206.606510 27728
  258 -1018.469232     1
  259 9671.749328 17216
  260 212.365695  5214
  261 14622.321212 24666
  262 -714.168619     7
  263 3.420847  5074
  264 -1458.429373     0
  265 -2135.122195     6
  266 4292.914475 21029
  267 9246.094433 21240
  268 13994.368959 32269
  269 5810.081980 28404
  270 -947.335600     7
  271 1930.627907  8066
  272 383.372470 -3250
  273 1829.664844  8236
  274 7514.572588 13977
  275 -239.620156     2
  276 18196.017119 30687
  277 739.662566 31575
  278 7603.742497 28229
  279 3430.570394 -2983
  280 -884.895533     2
  281 11663.801276 28859
  282 6373.658530 11530
  283 -1842.864415     7
  284 3542.258309 15765
  285 5177.523703 20705
  286 2902.842158 29767
  287 5945.114341 19460
  288 13110.878818 22963
  289 5673.203497 21428
  290 -1402.630807     6
  291 11205.019498 31421
  292 12155.552729 26578
  293 5483.439011 15799
  294 997.473144  8784
  295 -2768.243885     8
  296 -4567.400971     2
  297 24549.896488 -3018
  298 5421.522681 23046
  299 4257.963189 19927
  300 1871.825902 24137
