300
    1 0.219945  5001
    2 17905.111311 21119
    3 1516.075454 27552
    4 3840.411052 -2979
    5 184.245907 -3267
    6 1028.385920 22605
    7 -33.944199     0
    8 19157.886850 -2786
    9 -791.842119     9
   10 4435.844100 10019
   11 4571.419585 16402
   12 -1114.877765     2
   13 6182.719033 12882
   14 7969.833326 25490
   15 2116.098429 10438
   16 6763.856463 23433
   17 -1010.060168     5
   18 1264.202544 17080
   19 3028.988951 11863
   20 1679.778043 28698
   21 -152.636622     1
   22 1187.360529  6611
   23 105.858724  5525
   24 -129.301693     6
   25 -785.490185     8
   26 -66.423985     1
   27 3831.723892 25096
   28 -636.202843     8
   29 -874.670875     7
   30 9508.543585 -3202
   31 12765.681841 29956
   32 1637.873681 23649
   33 -1993.681122     5
   34 9972.401897 19086
   35 -780.397718     1
   36 649.133198  5763
   37 969.666221 19573
   38 203.726041 27063
   39 -867.719391     7
   40 7817.269538 23419
   41 7376.845218 26823
   42 -1991.599333     2
   43 2453.530748 20275
   44 4964.067332 20882
   45 8840.515534 19868
   46 -101.685772     8
   47 -583.918504     7
   48 -469.996324     1
   49 1178.121623  7208
   50 -1584.697935     1
   51 -3.422990     2
   52 507.840543 24961
   53 14082.184082 25395
   54 13906.698824 31497
   55 -1312.566166     1
   56 13955.763086 22654
   57 2917.170129  9613
   58 -212.156956     3
   59 10340.749600 19985
   60 739.388859  7593
   61 3727.026656 15343
   62 9581.759066 -2908
   63 -1797.191035     6
   64 -1586.700274     5
   65 752.720551  7104
   66 -117.284501     3
   67 -442.728266     0
   68 7649.653732 25634
   69 7973.565168 22064
   70 -1681.482856     3
   71 1684.760004 26647
   72 14147.817738 30568
   73 -1225.923606     1
   74 5735.170611 23628
   75 716.833159  6257
   76 5450.315412 19979
   77 -1909.610588     9
   78 569.147779 18258
   79 347.345527  7568
   80 11355.669686 27553
   81 1054.181789 17082
   82 -1355.034169     2
   83 10632.730971 20949
   84 14320.728831 27106
   85 11849.134055 18544
   86 4635.057103 11255
   87 7716.091326 28714
   88 2088.550930 13149
   89 4720.044505 -3029
   90 -680.718497     4
   91 279.136620 15842
   92 370.549111 11271
   93 2786.169251 20863
   94 3428.568699 28772
   95 -501.896073     5
   96 -162.963389     9
   97 -3685.511718     9
   98 36505.781298 26222
   99 587.376729  6573
  100 9087.128460 27037
  101 206.285286  5828
  102 -1379.255701     9
  103 11771.434037 17746
  104 -633.828464     1
  105 42.780243  5314
  106 5842.906373 -3121
  107 7631.358320 28962
  108 -677.164803     1
  109 10590.802556 28513
  110 1127.308976 17081
  111 15405.152218 -2851
  112 7021.711916 18467
  113 19937.331283 32528
  114 -1291.772967     4
  115 -872.614701     9
  116 4177.541963 15984
  117 2489.024415 -3174
  118 -448.823783     8
  119 8400.839801 -2932
  120 9919.180816 -2959
  121 4861.506997 24028
  122 -1062.956031     1
  123 203.520508 -2860
  124 10944.336171 27549
  125 1216.013075 -2858
  126 2118.807763 -3047
  127 10182.179720 31634
  128 -535.855699     5
  129 1793.195470 13009
  130 -624.012293     9
  131 563.849589 23283
  132 611.834988 19384
  133 7286.930113 19765
  134 3326.102202 19456
  135 20711.512944 -3258
  136 529.878763  6602
  137 1008.646293  9234
  138 261.063903 18370
  139 2706.695743 11832
  140 27047.160683 28847
  141 1604.154137 11524
  142 3701.693819 30512
  143 -2402.474812     7
  144 8985.027700 26094
  145 18661.405246 28238
  146 -453.133756     4
  147 10059.848986 28525
  148 -643.702922     4
  149 -1421.913290     7
  150 66.625145  5294
  151 6414.921064 15172
  152 -717.058720     8
  153 7151.074078 26958
  154 18771.858276 -3076
  155 -1922.443711     1
  156 18661.487531 24828
  157 -8.573055     7
  158 284.181240  5731
  159 -336.410913     1
  160 11674.178797 20722
  161 1483.640679  8195
  162 288.706347  6887
  163 209.245317  8101
  164 324.133561  7558
  165 -885.192950     9
  166 -1128.213842     1
  167 4471.905001 12462
  168 -1273.858396     9
  169 1534.374024  6250
  170 2920.671627 22861
  171 4753.627432 18695
  172 4125.356703 29490
  173 -2106.400392     7
  174 -1359.814220     1
  175 -1523.833813     8
  176 2498.990241 30213
  177 -181.939789     9
  178 -1382.040322     4
  179 646.839670 16841
  180 21469.821605 31142
  181 110.093716  8905
  182 3018.085148 23518
  183 13189.456549 31181
  184 -203.662248     0
  185 1718.633842 11201
  186 -408.512577     3
  187 -1667.629378     1
  188 1436.192549  8731
  189 -1917.290768     0
  190 13.651452  5594
  191 4084.572942 25258
  192 4849.346785 13869
  193 2902.609296 16140
  194 -2955.794614     1
  195 -249.006747     4
  196 10396.038978 -3187
  197 1985.028822 12350
  198 6312.587701 29250
  199 -1068.908197     5
  200 9749.575076 21020
  201 4694.847305 11709
  202 2464.255210 17541
  203 -2107.184431     3
  204 -898.552189     5
  205 5638.818870 25824
  206 -512.468950     2
  207 6932.759290 15814
  208 17954.049381 25022
  209 -884.175091     5
  210 23.908000  5251
  211 248.338661  6080
  212 14800.524367 20517
  213 12687.139167 28377
  214 22357.239572 -3191
  215 -1160.828324     5
  216 -1000.173435     7
  217 258.804141  6281
  218 6404.506956 26838
  219 -505.242775     3
  220 -2273.395599     0
  221 1854.717010 17350
  222 10586.996033 14458
  223 -2502.142513     5
  224 4031.843227 -3122
  225 2816.718391 26527
  226 1980.249267 20425
  227 7888.254340 -3204
  228 7568.553070 29261
  229 2387.457719 17613
  230 596.781849 -3214
  231 8069.078842 30599
  232 6950.046736 27069
  233 543.977735  7552
  234 -1084.730529     3
  235 748.269985  9764
  236 -325.734801     2
  237 8167.733313 16817
  238 34402.237892 -2897
  239 5800.320282 13720
  240 -1028.149785     4
  241 66.530939  5876
  242 20778.243585 -3192
  243 6226.097422 26854
  244 9575.284463 24497
  245 -175.092778     1
  246 -2642.029703     2
  247 155.631187  5546
  248 7561.885033 27208
  249 -1012.359499     3
  250 7412.665736 12189
  251 6974.412429 -2797
  252 2002.366640 10355
  253 847.990556 -3109
  254 30.037644  5080
  255 30082.697856 -2848
  256 804.553449 28594
  257 1382.750963 27728
  258 -1014.390105     1
  259 5641.769216 17216
  260 32.025042  5214
  261 10787.086731 24666
  262 -1254.282947     7
  263 9.055704  5074
  264 -2208.826935     0
  265 -1329.987355     6
  266 8565.566794 21029
  267 4904.926264 21240
  268 17118.747100 32269
  269 22767.167126 28404
  270 -790.011805     7
  271 51.026626  8066
  272 11279.741103 -3250
  273 398.517444  8236
  274 3258.370163 13977
  275 -4085.107556     2
  276 12010.054245 30687
  277 10967.396336 31575
  278 1031.939331 28229
  279 17370.274000 -2983
  280 -30.044150     2
  281 41429.649641 28859
  282 2793.825752 11530
  283 -1234.792122     7
  284 4351.652963 15765
  285 4415.399766 20705
  286 546.851770 29767
  287 1857.370592 19460
  288 3719.945091 22963
  289 15090.004978 21428
  290 -1775.180672     6
  291 14906.900237 31421
  292 5858.701205 26578
  293 2387.232959 15799
  294 2782.882447  8784
  295 -432.121228     8
  296 -747.561286     2
  297 15977.070223 -3018
  298 9314.909794 23046
  299 8030.991570 19927
  300 4765.493883 24137
