300
    1 0.343379  5001
    2 8935.160028 21119
    3 14528.964417 27552
    4 2930.886877 -2979
    5 12192.917427 -3267
    6 6599.517753 22605
    7 -229.752723     0
    8 2258.347283 -2786
    9 -1285.256683     9
   10 1716.514519 10019
   11 140.197218 16402
   12 -1307.382147     2
   13 7067.719931 12882
   14 5313.309496 25490
   15 2426.561458 10438
   16 131.539155 23433
   17 -225.538020     5
   18 4234.500995 17080
   19 3726.668646 11863
   20 5396.075820 28698
   21 -374.916781     1
   22 1496.275861  6611
   23 201.544089  5525
   24 -916.910659     6
   25 -155.960476     8
   26 -1600.100082     1
   27 11169.907316 25096
   28 -512.036896     8
   29 -1830.689939     7
   30 1392.116645 -3202
   31 9786.822935 29956
   32 529.003681 23649
   33 -572.516696     5
   34 2708.919896 19086
   35 -291.496338     1
   36 265.902430  5763
   37 2054.385601 19573
   38 11449.509133 27063
   39 -91.723243     7
   40 9557.459381 23419
   41 885.920864 26823
   42 -660.295303     2
   43 6591.930296 20275
   44 3690.280671 20882
   45 3869.875151 19868
   46 -904.717139     8
   47 -263.832810     7
   48 -680.687875     1
   49 964.126130  7208
   50 -642.767043     1
   51 -1476.499083     2
   52 5595.187461 24961
   53 802.803128 25395
   54 3130.612321 31497
   55 -883.452530     1
   56 696.431846 22654
   57 4222.926010  9613
   58 -1064.737100     3
   59 6370.805884 19985
   60 1880.608729  7593
   61 942.441806 15343
   62 24396.941309 -2908
   63 -386.770445     6
   64 -132.745427     5
   65 766.421596  7104
   66 -2381.576950     3
   67 -292.076880     0
   68 18168.426720 25634
   69 1364.006349 22064
   70 -715.793225     3
   71 2525.790200 26647
   72 7837.355118 30568
   73 -667.449639     1
   74 2419.294788 23628
   75 322.611174  6257
   76 944.804223 19979
   77 -549.052747     9
   78 9144.029055 18258
   79 1098.708521  7568
   80 15277.818192 27553
   81 9452.315421 17082
   82 -618.864026     2
   83 9069.524593 20949
   84 7617.727664 27106
   85 317.035269 18544
   86 2894.866347 11255
   87 2999.214667 28714
   88 2806.833686 13149
   89 12497.709613 -3029
   90 -690.978587     4
   91 17172.515583 15842
   92 3103.752572 11271
   93 7229.931322 20863
   94 9555.826272 28772
   95 -567.355433     5
   96 -1218.755271     9
   97 -3357.220452     9
   98 1541.413186 26222
   99 28.797136  6573
  100 7645.967477 27037
  101 100.677428  5828
  102 -1647.241535     9
  103 6007.440589 17746
  104 -4541.322759     1
  105 28.686404  5314
  106 13247.014866 -3121
  107 8687.027822 28962
  108 -1696.091253     1
  109 82.419059 28513
  110 283.690837 17081
  111 7753.188230 -2851
  112 3982.281533 18467
  113 8253.685151 32528
  114 -717.702413     4
  115 -1296.347425     9
  116 1775.164399 15984
  117 7790.076602 -3174
  118 -616.992996     8
  119 18522.725965 -2932
  120 10993.988053 -2959
  121 19902.794164 24028
  122 -150.135463     1
  123 4841.178970 -2860
  124 11893.265561 27549
  125 5247.774163 -2858
  126 16893.615776 -3047
  127 13393.981268 31634
  128 -136.647612     5
  129 759.380437 13009
  130 -1081.938373     9
  131 790.512376 23283
  132 8903.914449 19384
  133 10314.557299 19765
  134 15175.865211 19456
  135 1190.133086 -3258
  136 1393.009059  6602
  137 436.454197  9234
  138 6428.824980 18370
  139 2122.672700 11832
  140 8310.088092 28847
  141 2201.581232 11524
  142 6912.880498 30512
  143 -3052.379797     7
  144 7846.047883 26094
  145 15603.772944 28238
  146 -350.189588     4
  147 3119.139979 28525
  148 -227.505786     4
  149 -154.404678     7
  150 41.026231  5294
  151 7066.884569 15172
  152 -1090.601418     8
  153 8779.547749 26958
  154 8032.398459 -3076
  155 -1506.394539     1
  156 6212.599739 24828
  157 -1473.103212     7
  158 418.093201  5731
  159 -1058.064202     1
  160 12300.398071 20722
  161 357.168155  8195
  162 508.171681  6887
  163 1014.853744  8101
  164 474.114939  7558
  165 -840.971765     9
  166 -259.160474     1
  167 1004.183160 12462
  168 -11.565625     9
  169 172.971057  6250
  170 10994.285515 22861
  171 5849.146670 18695
  172 5192.868951 29490
  173 -3785.830321     7
  174 -1759.751747     1
  175 -116.464800     8
  176 2874.135646 30213
  177 -1339.897683     9
  178 -2404.989297     4
  179 9317.469396 16841
  180 7004.943199 31142
  181 1015.102296  8905
  182 1713.634464 23518
  183 11801.398693 31181
  184 -2075.439082     0
  185 2220.813276 11201
  186 -345.606407     3
  187 -712.381844     1
  188 360.031736  8731
  189 -338.116469     0
  190 130.336529  5594
  191 696.838906 25258
  192 4695.841552 13869
  193 3728.014850 16140
  194 -2660.680763     1
  195 -2025.577032     4
  196 22595.565271 -3187
  197 2491.013033 12350
  198 3644.488187 29250
  199 -1228.394068     5
  200 8700.380063 21020
  201 1389.914989 11709
  202 9569.075264 17541
  203 -755.335320     3
  204 -1014.566100     5
  205 5623.005433 25824
  206 -310.024712     2
  207 3559.691126 15814
  208 343.606263 25022
  209 -801.073690     5
  210 263.357364  5251
  211 650.467637  6080
  212 17206.421960 20517
  213 11231.302686 28377
  214 2368.478468 -3191
  215 -1565.288206     5
  216 -1199.578832     7
  217 176.755112  6281
  218 4090.461395 26838
  219 -3622.634483     3
  220 -575.182614     0
  221 1719.536998 17350
  222 242.197477 14458
  223 -239.999980     5
  224 2220.771158 -3122
  225 17902.477398 26527
  226 23642.492234 20425
  227 16353.802242 -3204
  228 22529.937500 29261
  229 4629.324463 17613
  230 6301.434478 -3214
  231 103.677557 30599
  232 14277.255952 27069
  233 319.296713  7552
  234 -717.180406     3
  235 2508.455769  9764
  236 -492.754238     2
  237 5364.071992 16817
  238 8312.249243 -2897
  239 6096.272453 13720
  240 -1498.793145     4
  241 242.463687  5876
  242 4226.052168 -3192
  243 14122.161146 26854
  244 856.269866 24497
  245 -666.103363     1
  246 -512.395656     2
  247 89.703344  5546
  248 1974.605770 27208
  249 -2531.611405     3
  250 7178.431211 12189
  251 22715.257072 -2797
  252 116.140472 10355
  253 700.911413 -3109
  254 0.500891  5080
  255 13754.146248 -2848
  256 569.967992 28594
  257 388.935330 27728
  258 -866.780038     1
  259 3592.022450 17216
  260 83.466312  5214
  261 19284.509015 24666
  262 -897.429273     7
  263 26.789556  5074
  264 -1341.772092     0
  265 -43.427817     6
  266 1712.840204 21029
  267 2693.042457 21240
  268 8757.779890 32269
  269 8805.308923 28404
  270 -976.278795     7
  271 1800.908533  8066
  272 4700.771345 -3250
  273 2003.527016  8236
  274 3595.587999 13977
  275 -920.702289     2
  276 13120.563831 30687
  277 13008.365918 31575
  278 1112.628507 28229
  279 16004.900950 -2983
  280 -1185.615773     2
  281 4181.066701 28859
  282 3365.285274 11530
  283 -536.142484     7
  284 2138.053897 15765
  285 5570.811891 20705
  286 16682.900552 29767
  287 4599.324091 19460
  288 1338.365304 22963
  289 6335.081846 21428
  290 -707.622237     6
  291 5525.873578 31421
  292 2115.224433 26578
  293 36.952443 15799
  294 1323.580709  8784
  295 -104.829961     8
  296 -2529.087934     2
  297 8360.766220 -3018
  298 3300.865574 23046
  299 2289.515426 19927
  300 5944.349733 24137
