300
    1 608.019239     1
    2 19469.893405 16119
    3 3539.342412 22552
    4 -308.980983     7
    5 -2216.803901     3
    6 2101.392051 17605
    7 -1016.066875     0
    8 -761.408149     6
    9 -727.851948     9
   10 2718.966376  5019
   11 13683.961500 11402
   12 -1487.154383     2
   13 3712.498215  7882
   14 1101.908777 20490
   15 1176.875236  5438
   16 21396.087981 18433
   17 -1390.523598     5
   18 1650.409556 12080
   19 3165.840853  6863
   20 3435.880478 23698
   21 -1126.462890     1
   22 2297.891949  1611
   23 1389.418774   525
   24 -469.187882     6
   25 -1226.644300     8
   26 -333.856096     1
   27 8546.771177 20096
   28 -296.120674     8
   29 -206.433340     7
   30 -2368.633621     1
   31 9638.116254 24956
   32 1129.106918 18649
   33 -260.560878     5
   34 7368.750935 14086
   35 -1087.284548     1
   36 1751.228817   763
   37 4113.734236 14573
   38 10673.328649 22063
   39 -803.719903     7
   40 27646.807335 18419
   41 4096.581066 21823
   42 -255.902146     2
   43 11758.523771 15275
   44 2973.497173 15882
   45 1313.658770 14868
   46 -230.864843     8
   47 -640.074763     7
   48 -532.188513     1
   49 5102.381409  2208
   50 -926.541022     1
   51 -43.379694     2
   52 4330.918588 19961
   53 10201.534579 20395
   54 20443.335224 26497
   55 -572.623580     1
   56 1945.493382 17654
   57 1886.780545  4613
   58 -1547.909704     3
   59 3908.010946 14985
   60 2809.891901  2593
   61 5352.107542 10343
   62 -1094.400106     5
   63 -609.099287     6
   64 -344.788410     5
   65 6104.928678  2104
   66 -1188.904408     3
   67 -1830.614508     0
   68 15814.674128 20634
   69 6504.318393 17064
   70 -1743.853309     3
   71 30535.021591 21647
   72 14926.142521 25568
   73 -416.885676     1
   74 4834.447803 18628
   75 1329.626770  1257
   76 5410.653822 14979
   77 -2410.506873     9
   78 172.165924 13258
   79 3455.232962  2568
   80 5662.602951 22553
   81 5869.845935 12082
   82 -1177.625145     2
   83 1306.532640 15949
   84 5260.943624 22106
   85 4734.722529 13544
   86 1369.889351  6255
   87 5680.792778 23714
   88 4653.871712  8149
   89 -4509.288990     6
   90 -52.182539     4
   91 9011.432034 10842
   92 5676.370601  6271
   93 6216.901896 15863
   94 14290.526921 23772
   95 -363.361644     5
   96 -229.386782     9
   97 -1547.417356     9
   98 1288.695947 21222
   99 1973.162808  1573
  100 18406.442534 22037
  101 455.932845   828
  102 -234.374673     9
  103 3062.369418 12746
  104 -64.332365     1
  105 1094.582326   314
  106 -2211.234055     9
  107 21646.437187 23962
  108 -1393.829376     1
  109 3870.693153 23513
  110 1682.154463 12081
  111 -944.336850     9
  112 11649.645386 13467
  113 28165.147801 27528
  114 -354.953143     4
  115 -364.533862     9
  116 17733.280560 10984
  117 -349.202121     4
  118 -1284.095939     8
  119 -2432.166043     3
  120 -1968.805296     1
  121 14474.204496 19028
  122 -387.807310     1
  123 -1221.273114     9
  124 11294.182001 22549
  125 -1761.007582     5
  126 -622.098569     8
  127 16057.303507 26634
  128 -128.246815     5
  129 1640.853397  8009
  130 -62.528128     9
  131 1847.121916 18283
  132 5216.406340 14384
  133 13694.860377 14765
  134 20009.649192 14456
  135 -1836.699503     3
  136 2734.529882  1602
  137 6205.421258  4234
  138 17878.005516 13370
  139 12292.926904  6832
  140 11207.703079 23847
  141 3631.337843  6524
  142 14024.593703 25512
  143 -1462.160684     7
  144 10776.503269 21094
  145 29906.320880 23238
  146 -59.601745     4
  147 14778.632759 23525
  148 -1267.876510     4
  149 -267.373419     7
  150 5123.426673   294
  151 330.212651 10172
  152 -668.058092     8
  153 11402.976773 21958
  154 -375.425066     2
  155 -693.142954     1
  156 14104.930129 19828
  157 -180.140072     7
  158 958.049633   731
  159 -166.149209     1
  160 4626.645140 15722
  161 3320.964531  3195
  162 4780.092419  1887
  163 4247.538825  3101
  164 7590.289902  2558
  165 -3291.200292     9
  166 -838.470215     1
  167 1759.969885  7462
  168 -991.317291     9
  169 1310.664432  1250
  170 12087.409400 17861
  171 5894.252556 13695
  172 22711.549062 24490
  173 -1256.438534     7
  174 -683.918614     1
  175 -329.640643     8
  176 5070.768747 25213
  177 -232.531084     9
  178 -1222.237398     4
  179 8293.563904 11841
  180 12461.946379 26142
  181 5447.895726  3905
  182 15857.030811 18518
  183 7680.758381 26181
  184 -123.034760     0
  185 2415.852219  6201
  186 -384.619492     3
  187 -993.894687     1
  188 5827.155795  3731
  189 -173.665422     0
  190 1885.331940   594
  191 435.303617 20258
  192 6306.261256  8869
  193 2943.528649 11140
  194 -9.662179     1
  195 -268.525728     4
  196 -1319.265448     6
  197 3792.108197  7350
  198 31190.239326 24250
  199 -393.750074     5
  200 2237.476188 16020
  201 856.709706  6709
  202 3396.055604 12541
  203 -269.542990     3
  204 -588.155399     5
  205 10596.652581 20824
  206 -997.978414     2
  207 7931.171988 10814
  208 3269.327621 20022
  209 -104.092531     5
  210 1742.276599   251
  211 135.340038  1080
  212 19391.159439 15517
  213 13750.843453 23377
  214 -3104.752520     2
  215 -214.057203     5
  216 -286.446301     7
  217 1587.778865  1281
  218 11171.868176 21838
  219 -234.439551     3
  220 -141.600019     0
  221 3795.971153 12350
  222 17010.526567  9458
  223 -414.721118     5
  224 -72.592554     0
  225 5636.620087 21527
  226 12256.277156 15425
  227 -2035.585124     8
  228 16930.061289 24261
  229 1024.005269 12613
  230 -775.366334     3
  231 4702.495602 25599
  232 4790.296597 22069
  233 2594.942229  2552
  234 -490.073279     3
  235 9691.528504  4764
  236 -515.556967     2
  237 851.775376 11817
  238 -29.771560     9
  239 3293.772302  8720
  240 -1626.170472     4
  241 4143.776404   876
  242 -807.718520     4
  243 789.257100 21854
  244 17027.853895 19497
  245 -380.844777     1
  246 -1607.771024     2
  247 1701.742398   546
  248 20164.687285 22208
  249 -197.040006     3
  250 2964.943087  7189
  251 -1085.443663     8
  252 6131.830837  5355
  253 -311.473706     9
  254 2088.889128    80
  255 -2015.438956     5
  256 35518.767018 23594
  257 2190.499583 22728
  258 -1972.934874     1
  259 2460.478145 12216
  260 2679.556256   214
  261 25571.312895 19666
  262 -114.903625     7
  263 1320.435409    74
  264 -831.938000     0
  265 -875.946964     6
  266 10765.882197 16029
  267 11560.743477 16240
  268 1517.729222 27269
  269 15189.911445 23404
  270 -2057.465582     7
  271 28.680677  3066
  272 -2515.767778     9
  273 442.337087  3236
  274 5149.786536  8977
  275 -282.051474     2
  276 10425.941265 25687
  277 12089.913550 26575
  278 14499.568763 23229
  279 -2170.698548     4
  280 -538.284042     2
  281 1326.378587 23859
  282 1440.865925  6530
  283 -575.697671     7
  284 8142.020420 10765
  285 2636.310721 15705
  286 1293.990917 24767
  287 30832.370926 14460
  288 9134.914512 17963
  289 11548.473603 16428
  290 -1683.626757     6
  291 3731.426921 26421
  292 5827.627695 21578
  293 6955.437064 10799
  294 349.377129  3784
  295 -1087.200570     8
  296 -630.489263     2
  297 -645.606182     8
  298 6106.702640 18046
  299 14014.025404 14927
  300 3945.276016 19137
