300
    1 3271.670701     1
    2 14861.929633 16119
    3 9285.870243 22552
    4 -2044.882461     7
    5 -1506.217364     3
    6 5845.119285 17605
    7 -308.192756     0
    8 -159.126458     6
    9 -1585.501548     9
   10 1806.777433  5019
   11 4944.170600 11402
   12 -11.256451     2
   13 494.616118  7882
   14 16081.561776 20490
   15 4610.145491  5438
   16 8805.568452 18433
   17 -1171.084322     5
   18 12038.122010 12080
   19 5760.777685  6863
   20 5479.450025 23698
   21 -1829.370687     1
   22 234.720931  1611
   23 399.619533   525
   24 -638.297794     6
   25 -742.335597     8
   26 -1507.244577     1
   27 12528.960719 20096
   28 -1772.721102     8
   29 -226.271404     7
   30 -810.727399     1
   31 6562.714930 24956
   32 3330.074683 18649
   33 -489.988483     5
   34 11624.747027 14086
   35 -1617.058653     1
   36 1301.867057   763
   37 9667.202637 14573
   38 38271.284983 22063
   39 -297.000925     7
   40 23310.653456 18419
   41 5708.972814 21823
   42 -629.764765     2
   43 4407.354351 15275
   44 6963.975644 15882
   45 6571.687726 14868
   46 -844.527077     8
   47 -1468.985663     7
   48 -224.249941     1
   49 1297.941252  2208
   50 -7.965417     1
   51 -623.082314     2
   52 12610.683393 19961
   53 11553.274627 20395
   54 13780.521046 26497
   55 -632.806341     1
   56 14609.835863 17654
   57 3447.411400  4613
   58 -1081.911203     3
   59 887.164013 14985
   60 4673.611445  2593
   61 11733.186112 10343
   62 -921.402664     5
   63 -41.772373     6
   64 -488.069757     5
   65 7473.137218  2104
   66 -397.339938     3
   67 -306.892186     0
   68 9725.528543 20634
   69 14322.688641 17064
   70 -1213.597872     3
   71 11953.903439 21647
   72 14141.795889 25568
   73 -1413.289120     1
   74 13378.575264 18628
   75 212.148040  1257
   76 6244.114702 14979
   77 -1185.825710     9
   78 4724.719196 13258
   79 3659.629171  2568
   80 21795.254172 22553
   81 22410.695243 12082
   82 -996.842812     2
   83 1018.533215 15949
   84 3065.110574 22106
   85 3139.160090 13544
   86 62.248750  6255
   87 5247.705978 23714
   88 14430.095725  8149
   89 -1284.322013     6
   90 -736.840694     4
   91 12019.396304 10842
   92 7322.780036  6271
   93 5192.298837 15863
   94 9239.902001 23772
   95 -368.991103     5
   96 -1387.201467     9
   97 -936.650083     9
   98 8281.609298 21222
   99 1179.528974  1573
  100 16347.516528 22037
  101 6475.979743   828
  102 -2116.351166     9
  103 17382.604983 12746
  104 -583.534829     1
  105 4295.263254   314
  106 -2294.806678     9
  107 11765.548483 23962
  108 -1426.276583     1
  109 7249.408210 23513
  110 8669.550289 12081
  111 -2452.421737     9
  112 2126.919779 13467
  113 11959.630225 27528
  114 -65.043271     4
  115 -1042.833080     9
  116 2502.326172 10984
  117 -1278.801296     4
  118 -610.716099     8
  119 -1144.551485     3
  120 -2616.932508     1
  121 18398.764486 19028
  122 -1484.102509     1
  123 -431.598916     9
  124 10475.020912 22549
  125 -1193.415306     5
  126 -338.243707     8
  127 15443.626657 26634
  128 -1472.081857     5
  129 5716.236207  8009
  130 -627.413802     9
  131 29255.374294 18283
  132 2433.063599 14384
  133 13502.277273 14765
  134 7527.778265 14456
  135 -3067.037607     3
  136 730.593456  1602
  137 1588.174102  4234
  138 24436.124334 13370
  139 7082.589177  6832
  140 8983.122621 23847
  141 3665.334779  6524
  142 13528.841813 25512
  143 -139.210290     7
  144 29855.040547 21094
  145 19061.653347 23238
  146 -188.823739     4
  147 1919.652225 23525
  148 -155.824157     4
  149 -534.313770     7
  150 1335.383112   294
  151 6032.647720 10172
  152 -720.684641     8
  153 18049.969563 21958
  154 -1087.354470     2
  155 -1853.037148     1
  156 2994.332327 19828
  157 -436.679667     7
  158 4979.901925   731
  159 -348.906012     1
  160 5846.758494 15722
  161 4580.831130  3195
  162 3508.660918  1887
  163 75.059912  3101
  164 4192.202241  2558
  165 -1608.469570     9
  166 -1050.918651     1
  167 5043.926010  7462
  168 -87.602667     9
  169 2261.417268  1250
  170 13970.586674 17861
  171 8747.642815 13695
  172 18404.381927 24490
  173 -113.797863     7
  174 -999.573364     1
  175 -1768.480365     8
  176 27084.038647 25213
  177 -1871.618150     9
  178 -2373.072401     4
  179 8368.223884 11841
  180 5862.457804 26142
  181 2941.566216  3905
  182 19410.190627 18518
  183 24004.949869 26181
  184 -1246.993584     0
  185 7168.065464  6201
  186 -228.206815     3
  187 -510.456626     1
  188 3003.121832  3731
  189 -661.714285     0
  190 2844.172310   594
  191 11842.858172 20258
  192 758.523769  8869
  193 7729.254068 11140
  194 -74.754623     1
  195 -580.027150     4
  196 -1601.218464     6
  197 3286.521507  7350
  198 10962.242438 24250
  199 -2613.563731     5
  200 2054.277815 16020
  201 57.275601  6709
  202 5540.705611 12541
  203 -1374.018346     3
  204 -1305.112203     5
  205 5289.124930 20824
  206 -928.726334     2
  207 1844.531774 10814
  208 8052.200251 20022
  209 -151.523835     5
  210 1877.672992   251
  211 5268.004214  1080
  212 10959.033382 15517
  213 12418.856107 23377
  214 -990.023360     2
  215 -412.725085     5
  216 -855.969130     7
  217 26.795917  1281
  218 1720.958319 21838
  219 -1014.501288     3
  220 -17.943354     0
  221 11602.965083 12350
  222 19360.299761  9458
  223 -224.436042     5
  224 -2391.519713     0
  225 6804.330968 21527
  226 14897.481266 15425
  227 -1115.288853     8
  228 4979.528767 24261
  229 1173.380472 12613
  230 -253.423195     3
  231 19351.418031 25599
  232 34656.543483 22069
  233 795.727713  2552
  234 -94.977112     3
  235 10416.821284  4764
  236 -2093.136791     2
  237 7691.779968 11817
  238 -1013.250733     9
  239 3645.448810  8720
  240 -175.054782     4
  241 2727.206899   876
  242 -105.900428     4
  243 12233.206383 21854
  244 2735.186623 19497
  245 -895.365673     1
  246 -1547.713178     2
  247 402.658877   546
  248 20967.450752 22208
  249 -701.391612     3
  250 4639.464662  7189
  251 -258.336646     8
  252 5802.781595  5355
  253 -2866.044232     9
  254 2408.318731    80
  255 -25.069013     5
  256 3915.881082 23594
  257 11159.786798 22728
  258 -1739.667573     1
  259 7340.017198 12216
  260 170.889717   214
  261 2443.707413 19666
  262 -1527.647248     7
  263 1303.413576    74
  264 -1695.574869     0
  265 -1779.495858     6
  266 1963.260439 16029
  267 2799.144041 16240
  268 4765.984348 27269
  269 14432.088444 23404
  270 -858.815109     7
  271 519.978513  3066
  272 -1880.720920     9
  273 54.004201  3236
  274 2123.833210  8977
  275 -1233.043977     2
  276 6389.531726 25687
  277 17345.362244 26575
  278 18071.341455 23229
  279 -82.430933     4
  280 -1505.972218     2
  281 17305.436400 23859
  282 3512.005713  6530
  283 -881.344219     7
  284 19919.079325 10765
  285 23941.293895 15705
  286 2279.625096 24767
  287 16577.341058 14460
  288 31717.146706 17963
  289 20723.310093 16428
  290 -350.445946     6
  291 4505.063649 26421
  292 12600.952986 21578
  293 960.761612 10799
  294 892.943704  3784
  295 -223.529909     8
  296 -341.259596     2
  297 -1460.550390     8
  298 14665.670466 18046
  299 1305.378687 14927
  300 23830.438936 19137
