300
    1 524.263561     1
    2 6805.240661 16119
    3 9977.659558 22552
    4 -417.942186     7
    5 -1506.896226     3
    6 15672.343331 17605
    7 -1292.249276     0
    8 -668.296203     6
    9 -202.515275     9
   10 1512.140053  5019
   11 5536.376640 11402
   12 -493.950885     2
   13 179.743363  7882
   14 37445.171961 20490
   15 238.305773  5438
   16 7791.907991 18433
   17 -170.560528     5
   18 12183.142643 12080
   19 7231.841580  6863
   20 24109.198905 23698
   21 -249.315272     1
   22 1028.799066  1611
   23 1349.437952   525
   24 -520.924288     6
   25 -648.853770     8
   26 -1115.078844     1
   27 1290.668726 20096
   28 -515.775605     8
   29 -1578.960836     7
   30 -39.893660     1
   31 79.240788 24956
   32 21165.573769 18649
   33 -1993.672562     5
   34 17817.910646 14086
   35 -637.252685     1
   36 1641.578539   763
   37 8880.902157 14573
   38 14430.779817 22063
   39 -395.794196     7
   40 5074.444718 18419
   41 27397.840727 21823
   42 -545.314674     2
   43 4049.905192 15275
   44 12927.782626 15882
   45 2097.849259 14868
   46 -67.127531     8
   47 -509.318299     7
   48 -8.958125     1
   49 2670.369389  2208
   50 -181.392543     1
   51 -750.711428     2
   52 6474.928767 19961
   53 1147.800048 20395
   54 7264.643217 26497
   55 -532.019612     1
   56 4217.785263 17654
   57 2380.844540  4613
   58 -760.385509     3
   59 18573.842837 14985
   60 224.942539  2593
   61 2868.522947 10343
   62 -1387.316411     5
   63 -255.013327     6
   64 -1508.181413     5
   65 2433.798700  2104
   66 -2417.883485     3
   67 -1473.862042     0
   68 26542.059441 20634
   69 7578.877438 17064
   70 -977.275958     3
   71 8508.309368 21647
   72 162.628320 25568
   73 -1088.392043     1
   74 18817.174239 18628
   75 3286.395098  1257
   76 11862.738748 14979
   77 -2281.517806     9
   78 15120.891264 13258
   79 2310.844600  2568
   80 291.645108 22553
   81 4472.104718 12082
   82 -1029.169805     2
   83 3495.616825 15949
   84 16686.603400 22106
   85 11256.780028 13544
   86 590.706909  6255
   87 20597.521599 23714
   88 5372.192247  8149
   89 -1367.612301     6
   90 -751.145082     4
   91 15211.175095 10842
   92 5022.575466  6271
   93 1541.427052 15863
   94 11252.317957 23772
   95 -562.519483     5
   96 -272.560057     9
   97 -83.332673     9
   98 4668.111843 21222
   99 1214.255304  1573
  100 31366.082435 22037
  101 742.510821   828
  102 -1405.125103     9
  103 7921.953969 12746
  104 -1633.225877     1
  105 3288.677428   314
  106 -493.514406     9
  107 13081.697904 23962
  108 -946.484893     1
  109 17091.677644 23513
  110 3708.678980 12081
  111 -3182.511433     9
  112 6485.129253 13467
  113 3537.760538 27528
  114 -1237.658310     4
  115 -181.001084     9
  116 6387.582177 10984
  117 -1277.210454     4
  118 -2.925196     8
  119 -575.006294     3
  120 -1422.815292     1
  121 12866.560894 19028
  122 -1112.739889     1
  123 -2476.322997     9
  124 5289.054299 22549
  125 -2385.490295     5
  126 -1690.347446     8
  127 4651.830442 26634
  128 -188.235885     5
  129 4077.493418  8009
  130 -298.748777     9
  131 804.725102 18283
  132 7057.083568 14384
  133 2916.868852 14765
  134 2127.692056 14456
  135 -2307.755328     3
  136 3580.644162  1602
  137 7840.007019  4234
  138 1382.237395 13370
  139 3100.740104  6832
  140 13029.517589 23847
  141 927.880601  6524
  142 2118.020879 25512
  143 -54.071488     7
  144 5046.727615 21094
  145 19588.154509 23238
  146 -466.497095     4
  147 5127.754126 23525
  148 -136.321355     4
  149 -1627.067414     7
  150 2485.103161   294
  151 5099.986321 10172
  152 -2312.691843     8
  153 10999.748884 21958
  154 -593.169551     2
  155 -1792.334745     1
  156 2818.047662 19828
  157 -1260.303361     7
  158 1780.717578   731
  159 -457.810266     1
  160 5042.487964 15722
  161 633.820189  3195
  162 2225.327514  1887
  163 3670.259754  3101
  164 1829.527854  2558
  165 -201.427915     9
  166 -1460.974325     1
  167 12242.353800  7462
  168 -2271.941085     9
  169 160.648235  1250
  170 26296.899632 17861
  171 9920.822236 13695
  172 143.245946 24490
  173 -1509.946863     7
  174 -882.621436     1
  175 -305.847020     8
  176 3044.753179 25213
  177 -273.661945     9
  178 -134.504956     4
  179 2140.317254 11841
  180 13519.711594 26142
  181 1609.806595  3905
  182 19655.538806 18518
  183 7851.849482 26181
  184 -1317.448042     0
  185 9809.096988  6201
  186 -85.112504     3
  187 -297.460931     1
  188 1517.853597  3731
  189 -799.466393     0
  190 1175.901539   594
  191 5255.318265 20258
  192 2880.151891  8869
  193 9313.872220 11140
  194 -1807.500283     1
  195 -332.152755     4
  196 -1954.858488     6
  197 2367.103739  7350
  198 192.666127 24250
  199 -211.933831     5
  200 11213.870454 16020
  201 3231.853157  6709
  202 11262.091660 12541
  203 -1904.382207     3
  204 -817.692641     5
  205 2496.266123 20824
  206 -300.040164     2
  207 6342.277470 10814
  208 13718.112389 20022
  209 -1705.023767     5
  210 3811.695287   251
  211 1968.651318  1080
  212 754.922051 15517
  213 1218.009823 23377
  214 -2616.348497     2
  215 -1368.084065     5
  216 -1400.672780     7
  217 1915.207273  1281
  218 3853.322655 21838
  219 -203.929998     3
  220 -576.828190     0
  221 3218.797661 12350
  222 1386.878152  9458
  223 -865.953529     5
  224 -135.307509     0
  225 35534.904344 21527
  226 10424.160895 15425
  227 -701.223519     8
  228 16633.027757 24261
  229 10947.707734 12613
  230 -1784.557785     3
  231 2202.126371 25599
  232 2308.806076 22069
  233 4162.037902  2552
  234 -592.590898     3
  235 2439.464921  4764
  236 -746.832188     2
  237 16543.738526 11817
  238 -391.359266     9
  239 5173.829017  8720
  240 -387.978970     4
  241 1928.896262   876
  242 -2942.898287     4
  243 1569.840174 21854
  244 4550.346314 19497
  245 -727.921057     1
  246 -2520.297084     2
  247 2087.224181   546
  248 6361.861023 22208
  249 -96.043132     3
  250 1660.984759  7189
  251 -1918.243565     8
  252 2320.799680  5355
  253 -1217.353520     9
  254 3188.791637    80
  255 -1107.872303     5
  256 2805.837827 23594
  257 4978.881662 22728
  258 -47.520434     1
  259 5420.325897 12216
  260 2903.312037   214
  261 15015.622216 19666
  262 -1239.521152     7
  263 3380.996785    74
  264 -26.744128     0
  265 -896.109732     6
  266 8558.589168 16029
  267 5339.888582 16240
  268 8123.890989 27269
  269 23759.386432 23404
  270 -384.977075     7
  271 2598.592231  3066
  272 -1568.662722     9
  273 3740.532306  3236
  274 2471.295146  8977
  275 -1883.652130     2
  276 13141.931835 25687
  277 24164.940712 26575
  278 26396.775311 23229
  279 -451.668229     4
  280 -1047.478162     2
  281 16170.521936 23859
  282 702.597856  6530
  283 -1286.013926     7
  284 7077.218929 10765
  285 7831.975888 15705
  286 10924.920725 24767
  287 2351.400700 14460
  288 7167.875596 17963
  289 1760.364404 16428
  290 -691.476943     6
  291 1703.772038 26421
  292 17129.167589 21578
  293 6124.296663 10799
  294 1295.587889  3784
  295 -2310.723979     8
  296 -867.831070     2
  297 -1397.944629     8
  298 5827.821963 18046
  299 12128.278501 14927
  300 10397.680240 19137
