300
    1 812.871129     1
    2 9916.838215 16119
    3 6292.456291 22552
    4 -888.862602     7
    5 -438.202107     3
    6 6632.035065 17605
    7 -1016.770321     0
    8 -321.757287     6
    9 -2271.361946     9
   10 4536.874718  5019
   11 2700.806014 11402
   12 -655.148528     2
   13 3142.874500  7882
   14 4330.825779 20490
   15 3111.463474  5438
   16 2952.319881 18433
   17 -182.892568     5
   18 2142.001167 12080
   19 249.967524  6863
   20 48.505817 23698
   21 -650.613836     1
   22 3706.301491  1611
   23 3300.298974   525
   24 -1160.546089     6
   25 -881.948649     8
   26 -1224.175881     1
   27 21628.339905 20096
   28 -1229.599797     8
   29 -422.940839     7
   30 -153.669551     1
   31 3563.668957 24956
   32 3184.859764 18649
   33 -1543.213624     5
   34 6080.452557 14086
   35 -491.121911     1
   36 2457.573737   763
   37 785.247468 14573
   38 28959.370653 22063
   39 -645.509703     7
   40 6562.916906 18419
   41 12.507142 21823
   42 -2240.415107     2
   43 5194.844599 15275
   44 118.996684 15882
   45 15819.110230 14868
   46 -138.435400     8
   47 -1256.470858     7
   48 -1812.239545     1
   49 807.127187  2208
   50 -154.176802     1
   51 -906.803659     2
   52 8808.146652 19961
   53 4431.178443 20395
   54 16086.800853 26497
   55 -1381.347859     1
   56 11542.742991 17654
   57 2234.745306  4613
   58 -748.851552     3
   59 10907.183986 14985
   60 2254.684241  2593
   61 6052.218087 10343
   62 -1093.402483     5
   63 -895.600537     6
   64 -384.065897     5
   65 1263.431077  2104
   66 -1899.994617     3
   67 -513.371969     0
   68 22878.428960 20634
   69 7979.498708 17064
   70 -817.480992     3
   71 13675.485100 21647
   72 24160.523251 25568
   73 -28.753125     1
   74 3645.979552 18628
   75 1129.815464  1257
   76 22500.956519 14979
   77 -776.173064     9
   78 6216.057912 13258
   79 4447.390568  2568
   80 8043.663080 22553
   81 19321.920150 12082
   82 -44.907672     2
   83 3689.254855 15949
   84 4529.827763 22106
   85 5621.920661 13544
   86 6972.036372  6255
   87 17460.414588 23714
   88 3360.884918  8149
   89 -1312.093403     6
   90 -134.695580     4
   91 2678.552049 10842
   92 364.865951  6271
   93 108.482445 15863
   94 26357.729821 23772
   95 -692.890281     5
   96 -505.106931     9
   97 -1952.467723     9
   98 8915.000409 21222
   99 614.219033  1573
  100 13723.993346 22037
  101 1856.255259   828
  102 -260.396808     9
  103 6899.515541 12746
  104 -874.079627     1
  105 3692.211084   314
  106 -1804.579150     9
  107 35614.315125 23962
  108 -1272.130816     1
  109 22121.529593 23513
  110 10821.367714 12081
  111 -722.773786     9
  112 9827.676520 13467
  113 4454.784104 27528
  114 -848.134396     4
  115 -1680.602861     9
  116 10953.340350 10984
  117 -2067.335476     4
  118 -212.102997     8
  119 -2098.141867     3
  120 -2432.018487     1
  121 3167.127399 19028
  122 -1879.336380     1
  123 -1421.212890     9
  124 6793.540484 22549
  125 -1130.275227     5
  126 -1485.139884     8
  127 5158.742922 26634
  128 -394.253522     5
  129 2273.936781  8009
  130 -326.031369     9
  131 21749.357535 18283
  132 2590.676729 14384
  133 8067.398773 14765
  134 4128.504489 14456
  135 -117.697020     3
  136 1268.478079  1602
  137 8619.124467  4234
  138 8871.521151 13370
  139 6760.146074  6832
  140 13631.954070 23847
  141 4218.542915  6524
  142 1178.038101 25512
  143 -1099.279120     7
  144 9829.136936 21094
  145 5803.740899 23238
  146 -625.690925     4
  147 2936.948059 23525
  148 -235.156956     4
  149 -676.266931     7
  150 3096.979275   294
  151 1841.041620 10172
  152 -1472.832227     8
  153 5749.761318 21958
  154 -1284.874643     2
  155 -325.162419     1
  156 6611.275636 19828
  157 -1842.360365     7
  158 999.063860   731
  159 -598.989158     1
  160 7887.089003 15722
  161 5304.526192  3195
  162 1210.230494  1887
  163 4625.011317  3101
  164 2594.501151  2558
  165 -1328.122465     9
  166 -876.327090     1
  167 564.939865  7462
  168 -147.005886     9
  169 2078.567765  1250
  170 10411.236520 17861
  171 6365.157899 13695
  172 4775.524898 24490
  173 -176.643335     7
  174 -983.284724     1
  175 -2006.880513     8
  176 19021.401624 25213
  177 -2.127215     9
  178 -759.010265     4
  179 383.346527 11841
  180 16131.536760 26142
  181 684.815091  3905
  182 11835.338338 18518
  183 14347.899554 26181
  184 -21.054156     0
  185 250.101653  6201
  186 -163.283100     3
  187 -0.547970     1
  188 5485.703891  3731
  189 -759.133596     0
  190 5081.365750   594
  191 22799.306065 20258
  192 5975.900210  8869
  193 4120.361311 11140
  194 -2342.985546     1
  195 -1444.347835     4
  196 -4297.277086     6
  197 6529.149104  7350
  198 32440.582071 24250
  199 -1587.686610     5
  200 8357.206247 16020
  201 3201.250000  6709
  202 8615.222206 12541
  203 -1455.222986     3
  204 -878.650133     5
  205 30088.192426 20824
  206 -879.222796     2
  207 5120.165166 10814
  208 6102.304900 20022
  209 -358.372880     5
  210 5483.857505   251
  211 3957.290562  1080
  212 14234.984617 15517
  213 19799.778888 23377
  214 -319.472318     2
  215 -465.997438     5
  216 -737.948610     7
  217 2920.296964  1281
  218 3271.307425 21838
  219 -980.167619     3
  220 -1389.798107     0
  221 10466.216559 12350
  222 306.680163  9458
  223 -89.155575     5
  224 -2625.199786     0
  225 6974.856441 21527
  226 23302.271141 15425
  227 -304.408876     8
  228 22044.714846 24261
  229 25266.007848 12613
  230 -2085.364328     3
  231 12516.545492 25599
  232 13437.862429 22069
  233 2396.094375  2552
  234 -371.834086     3
  235 3847.044456  4764
  236 -1572.714484     2
  237 5695.627597 11817
  238 -2375.220723     9
  239 2656.094026  8720
  240 -959.229239     4
  241 3138.551480   876
  242 -2340.156747     4
  243 8466.197383 21854
  244 5273.826002 19497
  245 -414.609444     1
  246 -568.053635     2
  247 174.181555   546
  248 5997.444528 22208
  249 -673.466486     3
  250 3887.433013  7189
  251 -1490.315826     8
  252 559.729610  5355
  253 -823.434907     9
  254 1340.065003    80
  255 -646.994341     5
  256 8866.882187 23594
  257 3321.913692 22728
  258 -722.556762     1
  259 6659.879905 12216
  260 2136.677762   214
  261 4105.525069 19666
  262 -543.794333     7
  263 3481.256453    74
  264 -816.274772     0
  265 -614.568231     6
  266 6354.553088 16029
  267 10365.603758 16240
  268 11930.555375 27269
  269 15083.445571 23404
  270 -632.043571     7
  271 1858.640689  3066
  272 -1790.601462     9
  273 644.052671  3236
  274 2270.937955  8977
  275 -634.763945     2
  276 5829.044399 25687
  277 6748.438266 26575
  278 10047.778293 23229
  279 -269.408326     4
  280 -351.818926     2
  281 5399.529662 23859
  282 1254.376594  6530
  283 -428.372413     7
  284 4989.520689 10765
  285 11257.498784 15705
  286 26138.230879 24767
  287 1199.301845 14460
  288 16264.148848 17963
  289 5817.693999 16428
  290 -50.202828     6
  291 21527.368919 26421
  292 11403.713515 21578
  293 1972.648221 10799
  294 374.550865  3784
  295 -687.643683     8
  296 -140.598620     2
  297 -210.363931     8
  298 18272.303512 18046
  299 7815.115965 14927
  300 2671.642743 19137
