100
    1 1390.809560     1
    2 16793.278559 16119
    3 13378.150160 22552
    4 -2529.155682     7
    5 -1815.473219     3
    6 7827.874064 17605
    7 -400.714811     0
    8 -1193.074350     6
    9 -1715.492511     9
   10 2404.147856  5019
   11 4428.766018 11402
   12 -1132.596453     2
   13 14695.103004  7882
   14 19468.152469 20490
   15 1665.785358  5438
   16 3121.311825 18433
   17 -475.121691     5
   18 15894.634340 12080
   19 1474.195064  6863
   20 29119.406918 23698
   21 -182.860431     1
   22 2685.550766  1611
   23 2846.622271   525
   24 -390.772031     6
   25 -163.766310     8
   26 -469.353768     1
   27 4729.011146 20096
   28 -1060.342314     8
   29 -375.132261     7
   30 -1574.966924     1
   31 1162.459972 24956
   32 11506.334336 18649
   33 -705.093662     5
   34 14690.544056 14086
   35 -12.075687     1
   36 502.873386   763
   37 6009.892250 14573
   38 2241.145582 22063
   39 -1468.638372     7
   40 3085.160961 18419
   41 13508.485292 21823
   42 -1384.253740     2
   43 17815.713954 15275
   44 3544.798204 15882
   45 3152.135090 14868
   46 -544.373939     8
   47 -1127.813984     7
   48 -527.656373     1
   49 3802.716250  2208
   50 -170.649171     1
   51 -885.547908     2
   52 21034.755259 19961
   53 141.077588 20395
   54 16658.904134 26497
   55 -2293.538281     1
   56 18376.568184 17654
   57 9579.000206  4613
   58 -551.313818     3
   59 9402.092316 14985
   60 2971.864149  2593
   61 9381.377459 10343
   62 -371.489275     5
   63 -854.280376     6
   64 -870.173743     5
   65 4388.761534  2104
   66 -284.896661     3
   67 -863.470636     0
   68 3654.778693 20634
   69 4047.957369 17064
   70 -63.343279     3
   71 9835.330166 21647
   72 33341.605235 25568
   73 -1253.142152     1
   74 17425.836392 18628
   75 1035.834371  1257
   76 6487.820585 14979
   77 -1648.458541     9
   78 7821.408718 13258
   79 4218.265640  2568
   80 3950.496592 22553
   81 4644.265737 12082
   82 -146.851236     2
   83 12061.405523 15949
   84 954.945611 22106
   85 5097.439007 13544
   86 9510.410017  6255
   87 1811.975024 23714
   88 74.846891  8149
   89 -573.355265     6
   90 -1421.850934     4
   91 15309.918934 10842
   92 4315.483352  6271
   93 12351.446045 15863
   94 12736.274324 23772
   95 -167.360701     5
   96 -328.559076     9
   97 -1506.572859     9
   98 20132.310782 21222
   99 1730.123986  1573
  100 6881.346287 22037
