300
    1 963.909242     1
    2 1939.338617 16119
    3 7370.673872 22552
    4 -597.625793     7
    5 -368.233277     3
    6 5125.406702 17605
    7 -856.667350     0
    8 -2005.235707     6
    9 -521.188939     9
   10 2707.159520  5019
   11 17873.629887 11402
   12 -558.624158     2
   13 5981.087515  7882
   14 7720.854012 20490
   15 6443.910825  5438
   16 8284.010993 18433
   17 -1932.215398     5
   18 859.231291 12080
   19 4869.866198  6863
   20 11854.610122 23698
   21 -1222.891559     1
   22 1286.502920  1611
   23 2720.187556   525
   24 -95.780093     6
   25 -514.179481     8
   26 -657.621268     1
   27 7532.095958 20096
   28 -564.359923     8
   29 -682.754517     7
   30 -841.146842     1
   31 6416.666044 24956
   32 12426.711622 18649
   33 -1164.255721     5
   34 2214.206478 14086
   35 -1155.203070     1
   36 3831.807473   763
   37 1932.308169 14573
   38 13792.532104 22063
   39 -401.128405     7
   40 9519.639889 18419
   41 2422.349234 21823
   42 -152.997359     2
   43 12592.113921 15275
   44 257.237143 15882
   45 3259.092004 14868
   46 -1057.262194     8
   47 -1134.814147     7
   48 -295.419842     1
   49 458.813657  2208
   50 -379.214912     1
   51 -1498.014363     2
   52 2240.882098 19961
   53 1826.885000 20395
   54 9003.492891 26497
   55 -1054.366317     1
   56 8425.036341 17654
   57 3831.193914  4613
   58 -347.768601     3
   59 6869.748514 14985
   60 56.842665  2593
   61 4935.274916 10343
   62 -572.752149     5
   63 -123.176066     6
   64 -1133.692571     5
   65 671.224885  2104
   66 -9.548122     3
   67 -356.404259     0
   68 2064.115245 20634
   69 102.212632 17064
   70 -596.070448     3
   71 7947.098423 21647
   72 3548.391500 25568
   73 -103.340079     1
   74 23399.797988 18628
   75 6571.374932  1257
   76 13046.729945 14979
   77 -385.348332     9
   78 1551.175130 13258
   79 3449.795898  2568
   80 1697.218403 22553
   81 6366.268280 12082
   82 -1619.897901     2
   83 10733.836392 15949
   84 22324.017392 22106
   85 7961.072669 13544
   86 3364.376742  6255
   87 10568.196499 23714
   88 9599.032036  8149
   89 -115.979884     6
   90 -573.531716     4
   91 1941.672228 10842
   92 3496.724551  6271
   93 4333.803196 15863
   94 24270.584568 23772
   95 -12.986858     5
   96 -486.420587     9
   97 -935.414875     9
   98 25056.702503 21222
   99 5588.193084  1573
  100 16171.159835 22037
  101 2299.395958   828
  102 -105.315838     9
  103 504.099244 12746
  104 -2017.024638     1
  105 5916.027088   314
  106 -1908.916350     9
  107 580.079055 23962
  108 -1037.940175     1
  109 4412.715317 23513
  110 10094.644864 12081
  111 -17.779313     9
  112 2446.071003 13467
  113 6084.723051 27528
  114 -109.357970     4
  115 -378.815943     9
  116 749.478290 10984
  117 -62.203261     4
  118 -452.628731     8
  119 -980.727016     3
  120 -603.678343     1
  121 7557.010962 19028
  122 -1126.065196     1
  123 -886.200911     9
  124 26668.023350 22549
  125 -278.724486     5
  126 -3012.308599     8
  127 13420.447244 26634
  128 -64.487984     5
  129 199.694279  8009
  130 -817.143508     9
  131 7255.921496 18283
  132 1903.843011 14384
  133 2876.650569 14765
  134 6957.960510 14456
  135 -1640.316439     3
  136 2791.598834  1602
  137 27.207938  4234
  138 2233.772910 13370
  139 4462.291413  6832
  140 29075.812061 23847
  141 2937.110763  6524
  142 18777.698196 25512
  143 -2731.902755     7
  144 19874.834688 21094
  145 2012.684084 23238
  146 -80.958212     4
  147 28115.311119 23525
  148 -215.311836     4
  149 -728.959026     7
  150 1541.099799   294
  151 4783.602708 10172
  152 -624.015875     8
  153 32403.955855 21958
  154 -1114.079158     2
  155 -1403.939251     1
  156 14490.774879 19828
  157 -679.311323     7
  158 653.459578   731
  159 -993.489876     1
  160 385.448988 15722
  161 2073.823187  3195
  162 5352.163139  1887
  163 1048.856597  3101
  164 2705.118459  2558
  165 -3407.049611     9
  166 -428.083989     1
  167 3302.098498  7462
  168 -935.280457     9
  169 4390.585646  1250
  170 2622.681169 17861
  171 1572.927642 13695
  172 21960.174011 24490
  173 -1100.249136     7
  174 -696.647601     1
  175 -233.178747     8
  176 7437.271562 25213
  177 -771.350216     9
  178 -872.039387     4
  179 4108.664773 11841
  180 8111.574050 26142
  181 5105.054088  3905
  182 10523.620357 18518
  183 9128.299557 26181
  184 -211.903495     0
  185 1966.969775  6201
  186 -496.300489     3
  187 -863.411288     1
  188 166.647000  3731
  189 -38.077285     0
  190 3624.300075   594
  191 2104.303653 20258
  192 5914.309262  8869
  193 5634.657847 11140
  194 -3706.631242     1
  195 -579.438872     4
  196 -409.655776     6
  197 10304.653893  7350
  198 36800.895400 24250
  199 -1745.230359     5
  200 4524.150596 16020
  201 4845.769237  6709
  202 2440.546161 12541
  203 -8.036566     3
  204 -152.517157     5
  205 3783.537788 20824
  206 -1597.623347     2
  207 2518.896063 10814
  208 950.755568 20022
  209 -154.235137     5
  210 2774.791847   251
  211 386.560912  1080
  212 18599.235375 15517
  213 644.655875 23377
  214 -580.294035     2
  215 -607.815781     5
  216 -481.937081     7
  217 6290.540033  1281
  218 3138.459079 21838
  219 -2.263708     3
  220 -719.279392     0
  221 15367.529781 12350
  222 10386.805882  9458
  223 -253.570933     5
  224 -59.354388     0
  225 1767.874395 21527
  226 9728.357880 15425
  227 -801.406999     8
  228 5011.895332 24261
  229 1707.572066 12613
  230 -854.416848     3
  231 5250.607993 25599
  232 14023.886643 22069
  233 2587.930990  2552
  234 -547.755494     3
  235 5862.733506  4764
  236 -181.166229     2
  237 6764.813628 11817
  238 -125.812940     9
  239 14005.072081  8720
  240 -1436.640486     4
  241 2693.596537   876
  242 -1015.548984     4
  243 8141.187485 21854
  244 3123.690470 19497
  245 -1493.149861     1
  246 -359.306876     2
  247 1281.402577   546
  248 3213.462855 22208
  249 -171.152554     3
  250 2499.138646  7189
  251 -998.884385     8
  252 908.773288  5355
  253 -1190.751523     9
  254 3373.925700    80
  255 -4108.603301     5
  256 827.473833 23594
  257 11743.167304 22728
  258 -466.261606     1
  259 4817.139302 12216
  260 358.280081   214
  261 1551.321494 19666
  262 -371.762242     7
  263 591.834925    74
  264 -1655.818099     0
  265 -1286.860012     6
  266 4693.833216 16029
  267 1452.480251 16240
  268 21214.065172 27269
  269 12120.339578 23404
  270 -534.939962     7
  271 3235.643488  3066
  272 -2067.711825     9
  273 2068.920564  3236
  274 1885.469313  8977
  275 -1945.739898     2
  276 18045.634491 25687
  277 3196.955530 26575
  278 12344.878951 23229
  279 -1033.686142     4
  280 -978.116976     2
  281 11713.482695 23859
  282 27.037401  6530
  283 -1095.675152     7
  284 10627.649674 10765
  285 1738.912932 15705
  286 14066.028689 24767
  287 20620.885490 14460
  288 8755.595735 17963
  289 6625.568066 16428
  290 -900.063260     6
  291 16211.406536 26421
  292 2236.024772 21578
  293 13257.407148 10799
  294 3445.311375  3784
  295 -1321.888542     8
  296 -28.466310     2
  297 -2968.149439     8
  298 2674.090686 18046
  299 3078.895208 14927
  300 2650.573156 19137
