300
    1 711.828822     1
    2 9991.832012 16119
    3 11397.685064 22552
    4 -2463.013758     7
    5 -484.812763     3
    6 3386.303234 17605
    7 -276.905204     0
    8 -1162.965055     6
    9 -448.900309     9
   10 3887.506608  5019
   11 10735.861793 11402
   12 -517.396861     2
   13 11618.395236  7882
   14 3928.492565 20490
   15 2247.722606  5438
   16 4414.058065 18433
   17 -901.284562     5
   18 15412.504823 12080
   19 6848.783529  6863
   20 4060.453872 23698
   21 -708.124512     1
   22 6739.197290  1611
   23 1300.614707   525
   24 -1029.687367     6
   25 -114.518409     8
   26 -237.312997     1
   27 8033.585943 20096
   28 -2613.360353     8
   29 -1183.202597     7
   30 -501.264856     1
   31 20360.345313 24956
   32 12367.695016 18649
   33 -594.118657     5
   34 11780.923698 14086
   35 -1907.335215     1
   36 507.201711   763
   37 7493.882642 14573
   38 5474.573370 22063
   39 -224.357967     7
   40 4187.710939 18419
   41 23801.085653 21823
   42 -1392.315140     2
   43 11806.904440 15275
   44 10302.333170 15882
   45 458.663622 14868
   46 -134.337792     8
   47 -924.999213     7
   48 -627.311554     1
   49 1378.662328  2208
   50 -601.349387     1
   51 -229.266018     2
   52 4827.806469 19961
   53 10698.831493 20395
   54 18710.681083 26497
   55 -715.302932     1
   56 11229.567088 17654
   57 1478.200596  4613
   58 -335.901968     3
   59 14101.840618 14985
   60 2322.369364  2593
   61 14913.328564 10343
   62 -584.632176     5
   63 -698.529505     6
   64 -892.657505     5
   65 4632.295400  2104
   66 -246.354279     3
   67 -200.672543     0
   68 10547.180751 20634
   69 25609.059119 17064
   70 -321.784317     3
   71 1425.464164 21647
   72 4361.156786 25568
   73 -611.086396     1
   74 27317.460677 18628
   75 1780.787809  1257
   76 14086.004547 14979
   77 -694.065560     9
   78 8637.470697 13258
   79 1694.482413  2568
   80 15472.979836 22553
   81 7492.589008 12082
   82 -431.030046     2
   83 1427.394135 15949
   84 258.659797 22106
   85 11846.537545 13544
   86 2674.286297  6255
   87 11302.017307 23714
   88 8708.796964  8149
   89 -2340.742199     6
   90 -2040.668341     4
   91 10328.286652 10842
   92 7606.594358  6271
   93 3617.146021 15863
   94 18779.952308 23772
   95 -772.699870     5
   96 -86.166547     9
   97 -949.246015     9
   98 21565.190478 21222
   99 3924.151830  1573
  100 3210.632790 22037
  101 2499.551761   828
  102 -169.076348     9
  103 1904.434081 12746
  104 -1041.030274     1
  105 4779.272516   314
  106 -743.069250     9
  107 9318.814020 23962
  108 -2421.406312     1
  109 3383.881872 23513
  110 15273.934866 12081
  111 -3729.257924     9
  112 12131.124133 13467
  113 855.211040 27528
  114 -1235.069193     4
  115 -862.843840     9
  116 14198.344108 10984
  117 -255.559485     4
  118 -745.294105     8
  119 -571.619254     3
  120 -297.200356     1
  121 10256.812407 19028
  122 -335.925407     1
  123 -228.335942     9
  124 13452.617787 22549
  125 -1637.318705     5
  126 -2052.063298     8
  127 165.408890 26634
  128 -94.310418     5
  129 6418.527161  8009
  130 -328.530832     9
  131 2403.093218 18283
  132 375.351225 14384
  133 1207.054808 14765
  134 4659.866001 14456
  135 -581.534974     3
  136 5856.436008  1602
  137 709.885544  4234
  138 5755.141453 13370
  139 9230.185991  6832
  140 7378.238776 23847
  141 2054.751386  6524
  142 17992.024971 25512
  143 -261.710013     7
  144 3479.577613 21094
  145 1990.408576 23238
  146 -66.990019     4
  147 14929.890460 23525
  148 -284.231584     4
  149 -1070.283283     7
  150 2646.226241   294
  151 5087.146165 10172
  152 -1532.224839     8
  153 37374.004741 21958
  154 -298.071365     2
  155 -74.160607     1
  156 916.401172 19828
  157 -390.972856     7
  158 466.058001   731
  159 -1707.248955     1
  160 8400.186496 15722
  161 2728.249660  3195
  162 307.403273  1887
  163 693.074331  3101
  164 2269.469908  2558
  165 -2192.332786     9
  166 -1138.104571     1
  167 2516.973346  7462
  168 -909.656768     9
  169 4150.005578  1250
  170 832.087201 17861
  171 7148.215594 13695
  172 317.737923 24490
  173 -991.565648     7
  174 -1125.457106     1
  175 -212.299163     8
  176 15413.334344 25213
  177 -5.440664     9
  178 -668.044979     4
  179 3759.461832 11841
  180 22564.196715 26142
  181 9.239750  3905
  182 4480.712641 18518
  183 32561.604786 26181
  184 -1803.065028     0
  185 1230.493050  6201
  186 -1052.762517     3
  187 -54.710339     1
  188 2378.244799  3731
  189 -1024.275708     0
  190 724.012183   594
  191 12198.676553 20258
  192 3831.152248  8869
  193 2265.997323 11140
  194 -20.223940     1
  195 -540.979745     4
  196 -336.298837     6
  197 2635.553549  7350
  198 9874.187856 24250
  199 -2365.920269     5
  200 2117.217771 16020
  201 3082.487033  6709
  202 8939.995345 12541
  203 -181.566649     3
  204 -1443.212975     5
  205 7492.088499 20824
  206 -699.848382     2
  207 15367.200021 10814
  208 4353.166884 20022
  209 -982.123037     5
  210 755.849168   251
  211 2182.007687  1080
  212 463.170825 15517
  213 10986.624525 23377
  214 -1016.618874     2
  215 -178.918188     5
  216 -1023.216692     7
  217 7855.926896  1281
  218 14796.351861 21838
  219 -1896.564688     3
  220 -257.847924     0
  221 9509.853281 12350
  222 200.931827  9458
  223 -762.949227     5
  224 -897.746064     0
  225 6386.468776 21527
  226 2761.606407 15425
  227 -111.799329     8
  228 15512.598677 24261
  229 17095.839263 12613
  230 -867.746085     3
  231 22132.945703 25599
  232 7584.898983 22069
  233 3908.217870  2552
  234 -2475.911785     3
  235 4012.467492  4764
  236 -1060.198754     2
  237 5065.779039 11817
  238 -107.263585     9
  239 909.868493  8720
  240 -308.286392     4
  241 1922.810615   876
  242 -1366.262098     4
  243 18816.882023 21854
  244 14473.164514 19497
  245 -1011.640438     1
  246 -837.985054     2
  247 2228.233602   546
  248 15804.715106 22208
  249 -1172.603380     3
  250 319.357188  7189
  251 -1921.003681     8
  252 5603.807930  5355
  253 -481.707863     9
  254 1166.704480    80
  255 -813.737722     5
  256 168.137681 23594
  257 12627.908734 22728
  258 -1037.210531     1
  259 11644.707855 12216
  260 857.984681   214
  261 5921.764254 19666
  262 -456.433018     7
  263 1337.482058    74
  264 -639.294977     0
  265 -1066.494658     6
  266 3075.573002 16029
  267 10106.320438 16240
  268 11365.182446 27269
  269 20196.624832 23404
  270 -246.381876     7
  271 918.759911  3066
  272 -535.978264     9
  273 1983.488657  3236
  274 5869.021944  8977
  275 -482.546845     2
  276 4307.576859 25687
  277 14299.380728 26575
  278 15635.146232 23229
  279 -2113.231517     4
  280 -541.881268     2
  281 2266.050121 23859
  282 1094.091256  6530
  283 -801.441613     7
  284 6621.111249 10765
  285 18553.360273 15705
  286 10600.713963 24767
  287 5255.083047 14460
  288 8659.039826 17963
  289 6099.859751 16428
  290 -908.538410     6
  291 23798.461325 26421
  292 4326.612446 21578
  293 7951.131574 10799
  294 4585.375466  3784
  295 -2143.748275     8
  296 -503.133789     2
  297 -249.049334     8
  298 2614.086617 18046
  299 12645.529083 14927
  300 11306.843498 19137
