300
    1 2609.981334     1
    2 34415.062417 16119
    3 1052.859228 22552
    4 -3967.522569     7
    5 -352.744331     3
    6 5550.448963 17605
    7 -1601.181864     0
    8 -1783.918437     6
    9 -406.017337     9
   10 3664.259045  5019
   11 5551.213214 11402
   12 -569.286724     2
   13 2298.197906  7882
   14 14821.542102 20490
   15 15091.326082  5438
   16 16409.105447 18433
   17 -1818.691034     5
   18 3139.420998 12080
   19 5470.592449  6863
   20 3971.201750 23698
   21 -861.445824     1
   22 5664.421115  1611
   23 2091.837578   525
   24 -541.309494     6
   25 -790.804904     8
   26 -76.349293     1
   27 4518.049221 20096
   28 -885.168314     8
   29 -861.895768     7
   30 -1172.054218     1
   31 3342.020508 24956
   32 18299.604886 18649
   33 -1431.728473     5
   34 11454.346812 14086
   35 -2596.065127     1
   36 4214.288962   763
   37 8750.198288 14573
   38 16874.447992 22063
   39 -1686.715614     7
   40 6992.780076 18419
   41 17337.596145 21823
   42 -452.773991     2
   43 7267.426443 15275
   44 7121.705706 15882
   45 3075.600227 14868
   46 -242.049895     8
   47 -1092.292539     7
   48 -528.483590     1
   49 2003.838066  2208
   50 -425.660315     1
   51 -457.996090     2
   52 2527.784139 19961
   53 23062.399060 20395
   54 8620.771775 26497
   55 -319.702442     1
   56 4692.685242 17654
   57 1996.226266  4613
   58 -2082.005280     3
   59 7047.211356 14985
   60 2202.257879  2593
   61 10385.755320 10343
   62 -944.582918     5
   63 -56.704278     6
   64 -715.956585     5
   65 3271.733969  2104
   66 -1876.556072     3
   67 -1488.448046     0
   68 11100.358692 20634
   69 6456.838149 17064
   70 -68.739573     3
   71 33.922599 21647
   72 15997.548136 25568
   73 -833.175941     1
   74 6444.261417 18628
   75 975.781193  1257
   76 2389.592484 14979
   77 -1213.624094     9
   78 1897.739313 13258
   79 2754.226526  2568
   80 14274.079676 22553
   81 4906.630998 12082
   82 -200.612856     2
   83 8310.473937 15949
   84 3862.627731 22106
   85 16460.751989 13544
   86 3748.781357  6255
   87 6453.438675 23714
   88 75.558751  8149
   89 -137.389149     6
   90 -474.710344     4
   91 10055.257099 10842
   92 2403.085973  6271
   93 7211.599530 15863
   94 19606.758958 23772
   95 -345.324071     5
   96 -142.105571     9
   97 -326.299685     9
   98 4561.268743 21222
   99 339.911434  1573
  100 4303.604200 22037
  101 2613.781482   828
  102 -681.415724     9
  103 1878.591731 12746
  104 -783.946325     1
  105 4736.019283   314
  106 -2457.810687     9
  107 16416.143454 23962
  108 -1381.807802     1
  109 11650.635416 23513
  110 18863.040182 12081
  111 -1249.749054     9
  112 3495.301773 13467
  113 11591.906794 27528
  114 -1158.531186     4
  115 -490.092925     9
  116 2544.899591 10984
  117 -973.714405     4
  118 -237.805039     8
  119 -274.981775     3
  120 -354.660407     1
  121 12989.717917 19028
  122 -1818.116376     1
  123 -2155.584951     9
  124 979.994645 22549
  125 -1102.482546     5
  126 -128.343182     8
  127 1130.463439 26634
  128 -1641.661155     5
  129 6942.542916  8009
  130 -598.086912     9
  131 13661.320811 18283
  132 16836.643729 14384
  133 1780.885481 14765
  134 6435.590440 14456
  135 -2876.846008     3
  136 2382.367455  1602
  137 479.915308  4234
  138 5219.520390 13370
  139 1012.383950  6832
  140 1757.786973 23847
  141 6046.760307  6524
  142 6202.536406 25512
  143 -57.441359     7
  144 15987.338097 21094
  145 19677.889215 23238
  146 -319.243881     4
  147 1839.916510 23525
  148 -201.371073     4
  149 -4.684388     7
  150 2840.142661   294
  151 4231.508318 10172
  152 -705.766067     8
  153 3835.669609 21958
  154 -270.174420     2
  155 -417.527283     1
  156 14192.731826 19828
  157 -1839.133228     7
  158 908.097885   731
  159 -80.890665     1
  160 4715.813705 15722
  161 3495.202603  3195
  162 782.088433  1887
  163 3357.700096  3101
  164 4458.270832  2558
  165 -1010.433067     9
  166 -496.441268     1
  167 4750.207762  7462
  168 -162.648904     9
  169 3772.033547  1250
  170 1452.422784 17861
  171 7138.256336 13695
  172 10258.484626 24490
  173 -1738.118090     7
  174 -441.240973     1
  175 -38.292338     8
  176 6518.162580 25213
  177 -1614.605622     9
  178 -754.619493     4
  179 10295.977231 11841
  180 19752.187150 26142
  181 3132.557556  3905
  182 14494.398200 18518
  183 13920.504603 26181
  184 -1332.629740     0
  185 5851.385304  6201
  186 -52.749043     3
  187 -326.611405     1
  188 1696.266254  3731
  189 -154.203745     0
  190 1939.874598   594
  191 2963.887679 20258
  192 1033.471063  8869
  193 9880.517557 11140
  194 -321.948511     1
  195 -288.251225     4
  196 -293.145701     6
  197 2942.268513  7350
  198 19299.352506 24250
  199 -58.261024     5
  200 14658.464293 16020
  201 5221.595464  6709
  202 8667.954070 12541
  203 -1422.438702     3
  204 -570.050489     5
  205 25078.759334 20824
  206 -780.081103     2
  207 4987.551144 10814
  208 10542.272468 20022
  209 -2174.516399     5
  210 1424.894395   251
  211 3110.059185  1080
  212 8198.287517 15517
  213 6260.524697 23377
  214 -1451.759268     2
  215 -612.242119     5
  216 -623.360474     7
  217 2327.599622  1281
  218 7620.442786 21838
  219 -716.333695     3
  220 -1087.897878     0
  221 19445.291077 12350
  222 7406.678728  9458
  223 -815.849115     5
  224 -121.962459     0
  225 10467.117546 21527
  226 9269.284499 15425
  227 -1542.855581     8
  228 11637.423225 24261
  229 11381.427078 12613
  230 -1429.331429     3
  231 14720.412577 25599
  232 8899.152743 22069
  233 6774.524181  2552
  234 -536.746328     3
  235 3024.441558  4764
  236 -384.959003     2
  237 8320.377224 11817
  238 -622.330959     9
  239 1283.229012  8720
  240 -303.027668     4
  241 2224.595734   876
  242 -1893.134989     4
  243 20679.498841 21854
  244 4667.189047 19497
  245 -995.872681     1
  246 -1502.320649     2
  247 928.492279   546
  248 25554.191805 22208
  249 -220.099117     3
  250 6543.974732  7189
  251 -324.624818     8
  252 2595.354236  5355
  253 -287.334898     9
  254 1613.454591    80
  255 -626.486961     5
  256 10688.602769 23594
  257 14748.764956 22728
  258 -1366.317076     1
  259 22601.525908 12216
  260 2490.761601   214
  261 8693.568020 19666
  262 -107.174621     7
  263 188.368755    74
  264 -788.542673     0
  265 -17.163005     6
  266 6643.615254 16029
  267 1679.598794 16240
  268 1138.832739 27269
  269 12953.414608 23404
  270 -905.645127     7
  271 1627.068555  3066
  272 -3287.547886     9
  273 2140.864699  3236
  274 130.305179  8977
  275 -494.060145     2
  276 14167.557485 25687
  277 9560.254250 26575
  278 24921.023523 23229
  279 -537.000660     4
  280 -583.745170     2
  281 26033.723946 23859
  282 5305.249053  6530
  283 -511.090678     7
  284 106.652994 10765
  285 16450.031021 15705
  286 4723.739611 24767
  287 6859.868861 14460
  288 26277.014653 17963
  289 5854.643849 16428
  290 -994.013520     6
  291 7751.732317 26421
  292 4379.687232 21578
  293 4503.608377 10799
  294 1158.221337  3784
  295 -118.712149     8
  296 -377.228131     2
  297 -104.785040     8
  298 2759.871480 18046
  299 1515.077195 14927
  300 10616.903283 19137
