300
    1 2138.447340     1
    2 11160.823040 16119
    3 9665.825321 22552
    4 -694.725419     7
    5 -2430.720720     3
    6 8816.519212 17605
    7 -628.653773     0
    8 -769.684630     6
    9 -410.836610     9
   10 1815.571728  5019
   11 2275.877789 11402
   12 -1131.374059     2
   13 2578.289011  7882
   14 22.012870 20490
   15 840.709377  5438
   16 13388.046506 18433
   17 -633.861434     5
   18 2902.831227 12080
   19 6494.264231  6863
   20 28958.200625 23698
   21 -270.676664     1
   22 1426.480181  1611
   23 2348.594945   525
   24 -935.228829     6
   25 -180.043554     8
   26 -181.540614     1
   27 22009.459901 20096
   28 -2906.067178     8
   29 -85.604104     7
   30 -2973.633166     1
   31 3198.783431 24956
   32 12171.452364 18649
   33 -1200.543758     5
   34 17007.836537 14086
   35 -664.616256     1
   36 1630.991779   763
   37 5485.939329 14573
   38 11166.995728 22063
   39 -1550.848595     7
   40 916.810750 18419
   41 16452.919617 21823
   42 -2369.293516     2
   43 1147.719788 15275
   44 7242.323116 15882
   45 15072.746774 14868
   46 -2050.236961     8
   47 -394.562101     7
   48 -1016.690672     1
   49 2409.134342  2208
   50 -366.126059     1
   51 -252.539910     2
   52 5469.292984 19961
   53 20534.868377 20395
   54 2452.655224 26497
   55 -1223.508698     1
   56 17022.867804 17654
   57 2385.992017  4613
   58 -1743.401634     3
   59 21457.651007 14985
   60 120.349931  2593
   61 11079.187083 10343
   62 -487.791467     5
   63 -395.343198     6
   64 -1264.094464     5
   65 5110.142095  2104
   66 -172.391788     3
   67 -1767.770194     0
   68 9440.225552 20634
   69 9095.734954 17064
   70 -910.308938     3
   71 2321.760253 21647
   72 11889.896441 25568
   73 -891.511383     1
   74 30669.501437 18628
   75 2286.317526  1257
   76 5144.656304 14979
   77 -144.278308     9
   78 2996.470508 13258
   79 3919.925975  2568
   80 10879.299465 22553
   81 9813.062420 12082
   82 -581.690188     2
   83 5572.640591 15949
   84 12397.711112 22106
   85 9955.033241 13544
   86 304.271934  6255
   87 7698.147946 23714
   88 1005.394706  8149
   89 -67.611041     6
   90 -1617.541885     4
   91 15168.060319 10842
   92 9396.179189  6271
   93 19.890133 15863
   94 29494.922309 23772
   95 -467.570495     5
   96 -1093.302248     9
   97 -2826.320964     9
   98 4478.842690 21222
   99 1265.413831  1573
  100 9485.370100 22037
  101 2035.411016   828
  102 -793.125195     9
  103 1634.804910 12746
  104 -656.102821     1
  105 983.445944   314
  106 -1129.183456     9
  107 3428.761100 23962
  108 -1862.131482     1
  109 13579.149437 23513
  110 13222.998054 12081
  111 -157.849387     9
  112 4589.872768 13467
  113 9491.220278 27528
  114 -983.375533     4
  115 -1241.003587     9
  116 5438.440057 10984
  117 -391.811578     4
  118 -669.903274     8
  119 -1297.145878     3
  120 -553.038318     1
  121 3613.519076 19028
  122 -1454.267188     1
  123 -11.506821     9
  124 7620.588714 22549
  125 -1372.983943     5
  126 -3196.330815     8
  127 7858.534661 26634
  128 -364.036428     5
  129 1669.588603  8009
  130 -293.580902     9
  131 18550.860397 18283
  132 4621.768340 14384
  133 7906.783479 14765
  134 5139.095597 14456
  135 -441.573329     3
  136 3189.374533  1602
  137 5420.114412  4234
  138 3714.550131 13370
  139 2413.439171  6832
  140 4018.229441 23847
  141 7439.266970  6524
  142 34175.025159 25512
  143 -44.092390     7
  144 9952.948752 21094
  145 6110.333677 23238
  146 -983.275553     4
  147 14721.854565 23525
  148 -269.299049     4
  149 -223.175435     7
  150 3809.674416   294
  151 1317.966253 10172
  152 -755.296990     8
  153 22599.729408 21958
  154 -1291.393577     2
  155 -328.913182     1
  156 13739.759017 19828
  157 -692.330097     7
  158 4406.594916   731
  159 -277.962837     1
  160 8260.085065 15722
  161 653.260821  3195
  162 1951.891659  1887
  163 484.510202  3101
  164 3279.579734  2558
  165 -1221.378562     9
  166 -583.658123     1
  167 6413.504745  7462
  168 -558.999153     9
  169 2028.260223  1250
  170 10656.455127 17861
  171 2922.040303 13695
  172 4884.251196 24490
  173 -245.206113     7
  174 -1283.668830     1
  175 -167.189903     8
  176 5793.600050 25213
  177 -198.371527     9
  178 -619.216819     4
  179 4523.000346 11841
  180 2979.483718 26142
  181 2736.586960  3905
  182 14330.354968 18518
  183 9942.363950 26181
  184 -952.404020     0
  185 4084.242264  6201
  186 -181.463403     3
  187 -732.161799     1
  188 2396.887071  3731
  189 -698.510088     0
  190 311.564547   594
  191 471.768309 20258
  192 9079.946458  8869
  193 10127.551281 11140
  194 -64.049220     1
  195 -1130.204858     4
  196 -315.858762     6
  197 7818.545281  7350
  198 19871.941935 24250
  199 -254.875463     5
  200 10572.332590 16020
  201 2857.694184  6709
  202 9545.020652 12541
  203 -662.990577     3
  204 -598.480615     5
  205 4385.073023 20824
  206 -128.685683     2
  207 3367.026201 10814
  208 16378.729634 20022
  209 -972.085108     5
  210 2137.457734   251
  211 693.745446  1080
  212 13698.456599 15517
  213 16757.862636 23377
  214 -573.533498     2
  215 -1384.277590     5
  216 -70.707998     7
  217 2761.392856  1281
  218 21550.833436 21838
  219 -906.469877     3
  220 -11.998084     0
  221 3116.683468 12350
  222 1016.035069  9458
  223 -300.934593     5
  224 -796.236997     0
  225 9478.791669 21527
  226 10054.389079 15425
  227 -206.747823     8
  228 31029.542148 24261
  229 11947.199545 12613
  230 -731.159048     3
  231 14704.588698 25599
  232 8947.248603 22069
  233 2194.121313  2552
  234 -1253.746545     3
  235 3664.988066  4764
  236 -446.213225     2
  237 6567.032705 11817
  238 -2240.874440     9
  239 5727.579478  8720
  240 -626.834931     4
  241 895.673209   876
  242 -3370.546144     4
  243 19060.052195 21854
  244 6047.541086 19497
  245 -36.297893     1
  246 -521.986424     2
  247 5891.032112   546
  248 7673.446972 22208
  249 -190.644593     3
  250 4644.847164  7189
  251 -337.406391     8
  252 6239.326807  5355
  253 -1404.760985     9
  254 2355.951855    80
  255 -762.747185     5
  256 18254.890942 23594
  257 9430.451210 22728
  258 -1485.596637     1
  259 4337.972311 12216
  260 5299.299638   214
  261 18771.236881 19666
  262 -431.947365     7
  263 168.846066    74
  264 -2385.303860     0
  265 -58.199369     6
  266 2349.323555 16029
  267 3232.238259 16240
  268 285.679934 27269
  269 11114.032957 23404
  270 -1881.339363     7
  271 3427.346224  3066
  272 -1120.430978     9
  273 134.705227  3236
  274 9929.796411  8977
  275 -716.495911     2
  276 6884.362585 25687
  277 36327.789463 26575
  278 15495.959457 23229
  279 -966.969474     4
  280 -194.645722     2
  281 21815.789695 23859
  282 3623.145889  6530
  283 -176.558989     7
  284 62.795797 10765
  285 18943.234762 15705
  286 6077.356930 24767
  287 9920.715661 14460
  288 8575.462524 17963
  289 1071.075775 16428
  290 -83.925554     6
  291 9934.207625 26421
  292 6646.999952 21578
  293 1859.402192 10799
  294 3877.352154  3784
  295 -852.655756     8
  296 -278.940603     2
  297 -1407.060058     8
  298 25635.139987 18046
  299 372.447426 14927
  300 10825.138427 19137
