300
    1 3674.521328     1
    2 7620.696615 16119
    3 9922.830730 22552
    4 -1123.067635     7
    5 -155.460748     3
    6 13984.473362 17605
    7 -875.829361     0
    8 -484.109064     6
    9 -1597.902406     9
   10 1935.045366  5019
   11 3972.671873 11402
   12 -136.403491     2
   13 2814.974289  7882
   14 5168.566813 20490
   15 2791.885874  5438
   16 4341.565914 18433
   17 -270.168786     5
   18 10594.981010 12080
   19 2174.640647  6863
   20 9708.209313 23698
   21 -2075.637236     1
   22 1924.892005  1611
   23 1727.532893   525
   24 -125.275929     6
   25 -671.563229     8
   26 -925.935020     1
   27 11567.997582 20096
   28 -680.529963     8
   29 -340.423952     7
   30 -3403.796717     1
   31 1609.625612 24956
   32 5319.864766 18649
   33 -1889.288817     5
   34 8934.993538 14086
   35 -417.181138     1
   36 5865.529174   763
   37 6268.623229 14573
   38 3813.721358 22063
   39 -2001.091817     7
   40 12184.814434 18419
   41 14610.518356 21823
   42 -158.871165     2
   43 6166.819131 15275
   44 18867.028075 15882
   45 7640.791787 14868
   46 -1199.069363     8
   47 -836.144803     7
   48 -369.883794     1
   49 2552.610717  2208
   50 -887.568246     1
   51 -1948.018512     2
   52 8216.739172 19961
   53 1956.451134 20395
   54 6602.329314 26497
   55 -706.849372     1
   56 22559.171346 17654
   57 1529.525513  4613
   58 -2103.432775     3
   59 3320.136353 14985
   60 2650.155356  2593
   61 10589.650476 10343
   62 -3887.439776     5
   63 -178.011403     6
   64 -220.766826     5
   65 1939.921932  2104
   66 -708.534589     3
   67 -2594.125596     0
   68 1618.621553 20634
   69 14198.039206 17064
   70 -1414.395761     3
   71 19726.392202 21647
   72 3638.649103 25568
   73 -10.134620     1
   74 5157.589004 18628
   75 1409.891586  1257
   76 2550.541333 14979
   77 -1111.445275     9
   78 7168.911285 13258
   79 249.712453  2568
   80 3455.201608 22553
   81 3240.826847 12082
   82 -534.545161     2
   83 21236.522511 15949
   84 15178.668643 22106
   85 5168.569318 13544
   86 623.691280  6255
   87 6138.442637 23714
   88 5992.425904  8149
   89 -1020.609943     6
   90 -428.479361     4
   91 9308.857141 10842
   92 6194.392918  6271
   93 1857.573184 15863
   94 7779.509441 23772
   95 -864.317656     5
   96 -870.728137     9
   97 -328.186418     9
   98 14923.591785 21222
   99 2711.309012  1573
  100 19308.723477 22037
  101 1585.486588   828
  102 -430.176140     9
  103 5331.509215 12746
  104 -2830.055756     1
  105 7044.801499   314
  106 -26.630559     9
  107 15440.859122 23962
  108 -546.777222     1
  109 15380.085215 23513
  110 7345.935806 12081
  111 -1186.908341     9
  112 487.785655 13467
  113 17127.546089 27528
  114 -852.617817     4
  115 -1937.843152     9
  116 6076.667309 10984
  117 -2219.918298     4
  118 -418.224943     8
  119 -1080.361514     3
  120 -965.696234     1
  121 17850.514080 19028
  122 -87.339036     1
  123 -1770.291988     9
  124 8160.675885 22549
  125 -2075.081045     5
  126 -1347.492579     8
  127 27944.433374 26634
  128 -206.460343     5
  129 5921.386937  8009
  130 -262.268431     9
  131 1431.664625 18283
  132 1819.962991 14384
  133 3471.078896 14765
  134 8342.743728 14456
  135 -1729.623047     3
  136 2611.845660  1602
  137 9079.296104  4234
  138 8628.967983 13370
  139 1452.286028  6832
  140 12883.826860 23847
  141 6143.310822  6524
  142 7781.721867 25512
  143 -937.340571     7
  144 31954.516355 21094
  145 9543.637203 23238
  146 -1371.669383     4
  147 13918.630663 23525
  148 -203.407375     4
  149 -583.155512     7
  150 189.743444   294
  151 267.688772 10172
  152 -2342.048474     8
  153 7338.447986 21958
  154 -970.614948     2
  155 -90.742331     1
  156 32900.424872 19828
  157 -275.855351     7
  158 3441.085821   731
  159 -285.271603     1
  160 5531.384767 15722
  161 3604.478977  3195
  162 7056.199592  1887
  163 3218.241496  3101
  164 6192.298724  2558
  165 -58.177841     9
  166 -637.636649     1
  167 2576.402015  7462
  168 -923.432890     9
  169 1247.676671  1250
  170 4706.940617 17861
  171 8533.384149 13695
  172 20577.010433 24490
  173 -151.685580     7
  174 -1419.918376     1
  175 -1351.557766     8
  176 16156.994884 25213
  177 -676.143939     9
  178 -291.050635     4
  179 8368.356258 11841
  180 1471.570178 26142
  181 174.905022  3905
  182 4803.681648 18518
  183 14304.985305 26181
  184 -3275.840633     0
  185 2674.390523  6201
  186 -327.520070     3
  187 -454.388484     1
  188 7398.750278  3731
  189 -1608.036392     0
  190 771.704508   594
  191 15979.454195 20258
  192 6445.095383  8869
  193 245.219443 11140
  194 -253.253949     1
  195 -1475.834098     4
  196 -1094.457985     6
  197 2405.781419  7350
  198 12997.328897 24250
  199 -652.483292     5
  200 19039.139647 16020
  201 1289.406170  6709
  202 18833.396297 12541
  203 -239.608834     3
  204 -753.290383     5
  205 6195.363148 20824
  206 -7.146843     2
  207 5922.399036 10814
  208 3307.372529 20022
  209 -615.425879     5
  210 1446.192637   251
  211 263.477785  1080
  212 16075.606497 15517
  213 2184.119508 23377
  214 -103.077244     2
  215 -2492.588194     5
  216 -72.507760     7
  217 15.045857  1281
  218 9207.976349 21838
  219 -602.068379     3
  220 -2868.283638     0
  221 7054.606601 12350
  222 2309.377824  9458
  223 -349.847182     5
  224 -982.357029     0
  225 9558.198404 21527
  226 5015.927564 15425
  227 -1402.371864     8
  228 8272.472636 24261
  229 14048.205516 12613
  230 -598.118181     3
  231 440.299259 25599
  232 4026.545798 22069
  233 882.626609  2552
  234 -806.940810     3
  235 4422.696832  4764
  236 -437.828313     2
  237 10517.047337 11817
  238 -718.329381     9
  239 8071.383761  8720
  240 -682.465206     4
  241 1363.237809   876
  242 -313.014132     4
  243 25127.020189 21854
  244 11745.651961 19497
  245 -269.694598     1
  246 -217.341756     2
  247 1424.437526   546
  248 14202.859339 22208
  249 -1733.156566     3
  250 4924.929858  7189
  251 -78.045599     8
  252 5378.662812  5355
  253 -437.418531     9
  254 2694.926949    80
  255 -928.950216     5
  256 11355.521718 23594
  257 9117.321859 22728
  258 -1918.085331     1
  259 4143.675222 12216
  260 261.476047   214
  261 21008.102037 19666
  262 -653.918438     7
  263 595.990885    74
  264 -1581.289924     0
  265 -231.791961     6
  266 330.834697 16029
  267 12896.795063 16240
  268 1266.226235 27269
  269 10019.994972 23404
  270 -102.016575     7
  271 106.856202  3066
  272 -269.126783     9
  273 16.988435  3236
  274 12163.772767  8977
  275 -241.010806     2
  276 15186.423051 25687
  277 34660.261482 26575
  278 7721.773435 23229
  279 -1650.729069     4
  280 -856.999319     2
  281 14714.215189 23859
  282 1111.410736  6530
  283 -1485.175556     7
  284 5587.139779 10765
  285 1608.030766 15705
  286 1913.909840 24767
  287 19126.018987 14460
  288 3535.420878 17963
  289 14951.696948 16428
  290 -661.156393     6
  291 17147.328648 26421
  292 6002.432160 21578
  293 12873.759120 10799
  294 365.631493  3784
  295 -532.818015     8
  296 -607.788438     2
  297 -2146.959665     8
  298 5780.118124 18046
  299 1457.492551 14927
  300 3875.788645 19137
