300
    1 383.647000     1
    2 1332.288783 16119
    3 17089.664641 22552
    4 -1247.901160     7
    5 -168.291949     3
    6 591.971833 17605
    7 -693.016591     0
    8 -1851.624393     6
    9 -1140.638066     9
   10 1626.086018  5019
   11 4188.052863 11402
   12 -807.834692     2
   13 1170.280903  7882
   14 11058.261942 20490
   15 12164.545253  5438
   16 5944.506272 18433
   17 -1418.272929     5
   18 33.531476 12080
   19 2247.876813  6863
   20 20527.423305 23698
   21 -622.912653     1
   22 4738.060311  1611
   23 2672.524000   525
   24 -472.314437     6
   25 -1283.879917     8
   26 -595.976569     1
   27 1141.972254 20096
   28 -673.850625     8
   29 -551.570238     7
   30 -562.816703     1
   31 8680.402798 24956
   32 4813.240877 18649
   33 -1782.249638     5
   34 17870.206750 14086
   35 -301.431869     1
   36 8483.851736   763
   37 3444.886050 14573
   38 8673.592064 22063
   39 -1174.454750     7
   40 8860.750750 18419
   41 21040.974589 21823
   42 -234.870253     2
   43 12336.020293 15275
   44 8824.960394 15882
   45 4275.395786 14868
   46 -383.243226     8
   47 -1534.054571     7
   48 -300.791510     1
   49 2278.011851  2208
   50 -713.507910     1
   51 -1398.955695     2
   52 3787.705061 19961
   53 3708.513577 20395
   54 9998.675119 26497
   55 -655.979643     1
   56 8104.815872 17654
   57 7152.576852  4613
   58 -387.410637     3
   59 7383.680681 14985
   60 2761.734509  2593
   61 9685.927780 10343
   62 -716.426243     5
   63 -222.949576     6
   64 -445.866991     5
   65 3390.626262  2104
   66 -816.151156     3
   67 -2159.210906     0
   68 1257.045038 20634
   69 5898.885854 17064
   70 -568.482605     3
   71 17416.317336 21647
   72 6426.535089 25568
   73 -1364.832060     1
   74 3784.015489 18628
   75 3327.935928  1257
   76 11018.339434 14979
   77 -2001.441401     9
   78 2780.190572 13258
   79 2243.983372  2568
   80 13702.014436 22553
   81 10454.210348 12082
   82 -531.502004     2
   83 13102.133660 15949
   84 4137.026445 22106
   85 7030.506941 13544
   86 4421.261003  6255
   87 6868.113962 23714
   88 494.018744  8149
   89 -2013.913189     6
   90 -661.145959     4
   91 6537.129041 10842
   92 9623.440119  6271
   93 18432.327350 15863
   94 1507.665414 23772
   95 -792.760012     5
   96 -601.463624     9
   97 -2023.236011     9
   98 8871.490598 21222
   99 5626.968949  1573
  100 6498.550233 22037
  101 2824.342516   828
  102 -612.492692     9
  103 15229.340321 12746
  104 -478.931671     1
  105 2638.370552   314
  106 -979.172502     9
  107 6655.982100 23962
  108 -652.379680     1
  109 24467.118781 23513
  110 6479.992190 12081
  111 -1094.555294     9
  112 7931.567802 13467
  113 21721.396884 27528
  114 -95.558647     4
  115 -1401.821782     9
  116 5354.953783 10984
  117 -2259.279309     4
  118 -989.726754     8
  119 -2508.442085     3
  120 -200.901010     1
  121 9205.958828 19028
  122 -1285.202206     1
  123 -2038.778413     9
  124 6410.267389 22549
  125 -258.694428     5
  126 -275.353670     8
  127 10048.888543 26634
  128 -888.038488     5
  129 4449.046334  8009
  130 -707.519884     9
  131 11920.921809 18283
  132 6656.120505 14384
  133 1907.455317 14765
  134 5813.542590 14456
  135 -412.219269     3
  136 1699.678762  1602
  137 4947.245155  4234
  138 13213.998229 13370
  139 8304.518161  6832
  140 1498.527397 23847
  141 3655.599321  6524
  142 5502.268142 25512
  143 -1269.392487     7
  144 6245.769848 21094
  145 8109.565715 23238
  146 -324.491323     4
  147 10749.565489 23525
  148 -417.609952     4
  149 -816.351630     7
  150 25.385079   294
  151 2053.037427 10172
  152 -360.935854     8
  153 19500.045445 21958
  154 -2585.426348     2
  155 -104.042530     1
  156 3898.387977 19828
  157 -610.476945     7
  158 4649.343274   731
  159 -210.797786     1
  160 1781.311752 15722
  161 1201.852781  3195
  162 4239.074599  1887
  163 1214.941675  3101
  164 1038.201000  2558
  165 -163.627662     9
  166 -888.942880     1
  167 4529.711881  7462
  168 -338.933524     9
  169 252.741443  1250
  170 6756.731752 17861
  171 18213.903078 13695
  172 6469.579573 24490
  173 -704.316006     7
  174 -702.359562     1
  175 -699.886490     8
  176 4134.756514 25213
  177 -649.748439     9
  178 -895.243056     4
  179 679.275777 11841
  180 30202.094923 26142
  181 6337.321227  3905
  182 9978.293024 18518
  183 11994.247338 26181
  184 -150.978553     0
  185 1240.293880  6201
  186 -1427.052112     3
  187 -416.451595     1
  188 1930.878222  3731
  189 -166.842524     0
  190 280.933477   594
  191 7851.821351 20258
  192 2462.215799  8869
  193 10471.354645 11140
  194 -343.231146     1
  195 -2732.528746     4
  196 -94.747894     6
  197 2162.240697  7350
  198 1701.588106 24250
  199 -898.411421     5
  200 11778.997888 16020
  201 2331.002854  6709
  202 2681.583183 12541
  203 -694.823039     3
  204 -130.155988     5
  205 7415.761966 20824
  206 -239.257139     2
  207 3316.160355 10814
  208 6298.095692 20022
  209 -622.735482     5
  210 1672.685660   251
  211 2279.815319  1080
  212 3489.245648 15517
  213 8607.313352 23377
  214 -1074.857462     2
  215 -2402.988598     5
  216 -439.994343     7
  217 751.225239  1281
  218 5486.338517 21838
  219 -760.174370     3
  220 -526.155701     0
  221 7485.065638 12350
  222 7613.151565  9458
  223 -173.865621     5
  224 -434.272583     0
  225 10767.825908 21527
  226 15360.477897 15425
  227 -2180.829086     8
  228 1456.550228 24261
  229 1044.036003 12613
  230 -162.838937     3
  231 3599.364626 25599
  232 17665.932358 22069
  233 7344.047700  2552
  234 -1378.352143     3
  235 2690.323138  4764
  236 -326.252725     2
  237 956.455207 11817
  238 -553.730548     9
  239 4376.232219  8720
  240 -953.746566     4
  241 209.175315   876
  242 -111.962635     4
  243 3363.357494 21854
  244 5693.248453 19497
  245 -464.213506     1
  246 -641.607333     2
  247 4354.054044   546
  248 1388.300636 22208
  249 -456.073348     3
  250 3595.347465  7189
  251 -503.010368     8
  252 2905.844841  5355
  253 -2411.627273     9
  254 2466.476347    80
  255 -1273.531477     5
  256 12184.813552 23594
  257 9366.710134 22728
  258 -193.409343     1
  259 10694.526886 12216
  260 2074.505772   214
  261 11976.653455 19666
  262 -459.989293     7
  263 4245.969809    74
  264 -376.132474     0
  265 -460.075442     6
  266 11883.305908 16029
  267 17983.679286 16240
  268 7045.191659 27269
  269 15977.776283 23404
  270 -1378.347164     7
  271 5045.002001  3066
  272 -1562.250569     9
  273 835.448090  3236
  274 4261.198875  8977
  275 -1268.818393     2
  276 15667.316148 25687
  277 12583.149045 26575
  278 6781.461104 23229
  279 -2288.631606     4
  280 -691.386549     2
  281 18199.946194 23859
  282 8599.424454  6530
  283 -1174.286852     7
  284 350.646387 10765
  285 5095.027491 15705
  286 4707.440059 24767
  287 11779.809466 14460
  288 4486.276980 17963
  289 17280.183362 16428
  290 -310.321599     6
  291 10311.090439 26421
  292 14197.830646 21578
  293 14068.447962 10799
  294 7905.819356  3784
  295 -1382.503462     8
  296 -1650.658841     2
  297 -1737.516389     8
  298 8143.455165 18046
  299 2124.373168 14927
  300 7007.506504 19137
