300
    1 2182.831818     1
    2 6889.540119 16119
    3 6702.547863 22552
    4 -831.117977     7
    5 -2146.063047     3
    6 15587.570977 17605
    7 -423.335900     0
    8 -835.636378     6
    9 -242.995995     9
   10 5134.717492  5019
   11 8105.661529 11402
   12 -158.614572     2
   13 13246.829550  7882
   14 75.010965 20490
   15 7208.828513  5438
   16 28330.819457 18433
   17 -226.107944     5
   18 1479.249118 12080
   19 4108.594054  6863
   20 14684.951282 23698
   21 -1024.488496     1
   22 587.976834  1611
   23 1616.360134   525
   24 -870.786154     6
   25 -919.400662     8
   26 -1003.864072     1
   27 11007.489257 20096
   28 -1876.070399     8
   29 -456.229810     7
   30 -2292.655746     1
   31 15854.729428 24956
   32 2173.923542 18649
   33 -494.158428     5
   34 10195.158296 14086
   35 -1652.553544     1
   36 576.672902   763
   37 5226.804506 14573
   38 18088.225099 22063
   39 -64.793017     7
   40 6744.990035 18419
   41 11744.879627 21823
   42 -312.543290     2
   43 1182.555306 15275
   44 12515.159271 15882
   45 8794.481026 14868
   46 -54.420312     8
   47 -250.087272     7
   48 -225.215231     1
   49 2999.744713  2208
   50 -455.839819     1
   51 -742.976903     2
   52 1115.296899 19961
   53 26422.884745 20395
   54 2711.020859 26497
   55 -2570.150847     1
   56 9528.731617 17654
   57 1481.794132  4613
   58 -911.947334     3
   59 4547.892754 14985
   60 4063.323572  2593
   61 7618.424340 10343
   62 -2080.933884     5
   63 -623.012891     6
   64 -1563.289848     5
   65 949.888034  2104
   66 -268.732176     3
   67 -321.653636     0
   68 11474.837756 20634
   69 9585.777754 17064
   70 -797.755279     3
   71 987.002178 21647
   72 25389.194917 25568
   73 -415.438350     1
   74 10441.347789 18628
   75 4829.805131  1257
   76 15531.519950 14979
   77 -737.613391     9
   78 4205.350298 13258
   79 1782.136815  2568
   80 18605.901219 22553
   81 1613.052435 12082
   82 -336.061396     2
   83 6449.077108 15949
   84 3587.863893 22106
   85 3188.167568 13544
   86 1837.377212  6255
   87 1882.728230 23714
   88 4867.955341  8149
   89 -762.614568     6
   90 -422.631274     4
   91 17772.060339 10842
   92 7697.265688  6271
   93 3118.212050 15863
   94 12259.417333 23772
   95 -700.581870     5
   96 -571.668419     9
   97 -1230.412398     9
   98 7976.954563 21222
   99 1063.787984  1573
  100 22035.045213 22037
  101 2743.382568   828
  102 -243.002400     9
  103 11879.227800 12746
  104 -266.755963     1
  105 2097.455018   314
  106 -2389.061577     9
  107 18333.520548 23962
  108 -255.680779     1
  109 5391.525708 23513
  110 10238.463239 12081
  111 -1376.185587     9
  112 4478.326709 13467
  113 13734.365615 27528
  114 -139.918991     4
  115 -923.153240     9
  116 10093.735169 10984
  117 -517.326583     4
  118 -397.188669     8
  119 -2314.529553     3
  120 -1741.303540     1
  121 8670.805734 19028
  122 -744.251976     1
  123 -595.898699     9
  124 4779.023300 22549
  125 -687.097521     5
  126 -1191.635564     8
  127 603.189890 26634
  128 -705.498998     5
  129 11904.132782  8009
  130 -238.422785     9
  131 7857.783607 18283
  132 3736.957222 14384
  133 17847.264718 14765
  134 5648.639499 14456
  135 -1179.651275     3
  136 1134.911047  1602
  137 5664.906244  4234
  138 10326.722025 13370
  139 5732.546840  6832
  140 7017.628280 23847
  141 3516.066413  6524
  142 7593.740324 25512
  143 -635.168759     7
  144 1570.901144 21094
  145 16185.859232 23238
  146 -268.164123     4
  147 12788.965664 23525
  148 -559.108635     4
  149 -1209.711196     7
  150 1017.687572   294
  151 3434.233979 10172
  152 -697.061561     8
  153 14499.907053 21958
  154 -484.109164     2
  155 -1651.841079     1
  156 4612.490969 19828
  157 -709.961345     7
  158 1224.305548   731
  159 -1424.882419     1
  160 5232.473211 15722
  161 997.027387  3195
  162 721.758382  1887
  163 2071.933007  3101
  164 3285.382293  2558
  165 -1323.251377     9
  166 -265.436930     1
  167 4518.868855  7462
  168 -842.097019     9
  169 3104.252344  1250
  170 1008.242541 17861
  171 793.288322 13695
  172 472.154749 24490
  173 -1262.487031     7
  174 -1610.238762     1
  175 -298.392262     8
  176 7974.212683 25213
  177 -509.281727     9
  178 -612.688268     4
  179 5224.855946 11841
  180 28054.185419 26142
  181 1605.907706  3905
  182 6984.304275 18518
  183 19517.779328 26181
  184 -159.842238     0
  185 10510.691933  6201
  186 -322.411061     3
  187 -1298.839774     1
  188 3466.461682  3731
  189 -227.277244     0
  190 4234.375871   594
  191 12620.676899 20258
  192 8444.092382  8869
  193 13493.851892 11140
  194 -499.932178     1
  195 -3129.590334     4
  196 -1095.913476     6
  197 638.929628  7350
  198 30748.038306 24250
  199 -1029.414024     5
  200 9889.963771 16020
  201 4892.172325  6709
  202 5029.124410 12541
  203 -1.423111     3
  204 -30.894289     5
  205 1718.540864 20824
  206 -842.625269     2
  207 9892.137368 10814
  208 11037.670389 20022
  209 -453.548531     5
  210 1038.384262   251
  211 926.979946  1080
  212 9295.787786 15517
  213 9228.673261 23377
  214 -1684.886149     2
  215 -2170.710359     5
  216 -262.144446     7
  217 3850.318994  1281
  218 5298.374291 21838
  219 -693.119477     3
  220 -1399.433914     0
  221 988.299526 12350
  222 6504.313365  9458
  223 -911.237303     5
  224 -2289.913693     0
  225 3638.760164 21527
  226 14372.572140 15425
  227 -3513.360798     8
  228 8141.272488 24261
  229 2645.259013 12613
  230 -2104.092166     3
  231 17097.367686 25599
  232 3087.263455 22069
  233 1494.896605  2552
  234 -85.297103     3
  235 5315.447441  4764
  236 -761.853279     2
  237 20645.168707 11817
  238 -1321.378599     9
  239 5572.863782  8720
  240 -521.904227     4
  241 763.718441   876
  242 -786.107104     4
  243 4004.499105 21854
  244 8552.778235 19497
  245 -304.838111     1
  246 -371.945787     2
  247 5580.296761   546
  248 680.354426 22208
  249 -577.000701     3
  250 1902.340033  7189
  251 -2108.204869     8
  252 5289.548706  5355
  253 -3573.529525     9
  254 1607.441995    80
  255 -1032.322760     5
  256 14569.256462 23594
  257 14478.608033 22728
  258 -271.269841     1
  259 3919.780308 12216
  260 1335.610922   214
  261 9968.504664 19666
  262 -313.853363     7
  263 4237.959820    74
  264 -633.095729     0
  265 -338.595772     6
  266 3973.376331 16029
  267 15716.324506 16240
  268 4347.632699 27269
  269 7668.044765 23404
  270 -583.163533     7
  271 1872.013660  3066
  272 -953.962390     9
  273 7051.611203  3236
  274 5151.508218  8977
  275 -1219.125989     2
  276 13747.089496 25687
  277 2641.571419 26575
  278 23343.020570 23229
  279 -540.730010     4
  280 -437.230431     2
  281 2852.321083 23859
  282 1285.198600  6530
  283 -1410.004603     7
  284 633.272753 10765
  285 7375.711181 15705
  286 7740.592599 24767
  287 14611.864133 14460
  288 7043.885025 17963
  289 14409.079315 16428
  290 -1200.623442     6
  291 15865.891308 26421
  292 9671.868274 21578
  293 17920.946212 10799
  294 318.480638  3784
  295 -1384.123829     8
  296 -1271.818541     2
  297 -744.182171     8
  298 9043.763636 18046
  299 8030.116827 14927
  300 11583.079034 19137
