300
    1 1050.970509     1
    2 17330.489408 16119
    3 10491.099350 22552
    4 -1012.852274     7
    5 -774.308848     3
    6 4188.519504 17605
    7 -542.122956     0
    8 -657.363836     6
    9 -473.822160     9
   10 782.949135  5019
   11 8686.780028 11402
   12 -4.824258     2
   13 7898.490410  7882
   14 3053.780621 20490
   15 2035.844708  5438
   16 1323.122078 18433
   17 -273.117904     5
   18 1776.387892 12080
   19 1997.565574  6863
   20 5380.501797 23698
   21 -35.603568     1
   22 2739.661673  1611
   23 4802.155425   525
   24 -142.066321     6
   25 -402.946317     8
   26 -81.455922     1
   27 3937.740703 20096
   28 -1159.331722     8
   29 -1228.604567     7
   30 -1589.879107     1
   31 21098.535965 24956
   32 3238.601645 18649
   33 -1148.979120     5
   34 2666.285332 14086
   35 -94.539848     1
   36 550.018526   763
   37 25026.272529 14573
   38 21913.059214 22063
   39 -896.976892     7
   40 3730.332902 18419
   41 10531.257144 21823
   42 -1440.186053     2
   43 3223.181083 15275
   44 3478.349454 15882
   45 3312.884734 14868
   46 -430.930420     8
   47 -736.636562     7
   48 -801.632088     1
   49 1930.919562  2208
   50 -523.287019     1
   51 -110.308261     2
   52 925.330023 19961
   53 7183.450484 20395
   54 9610.092556 26497
   55 -234.879571     1
   56 15597.766418 17654
   57 1255.140196  4613
   58 -621.063332     3
   59 1797.903998 14985
   60 1039.218274  2593
   61 302.882733 10343
   62 -19.047613     5
   63 -523.082360     6
   64 -1184.294720     5
   65 2858.019251  2104
   66 -1246.783646     3
   67 -547.718703     0
   68 21027.079169 20634
   69 19085.853191 17064
   70 -525.320319     3
   71 33164.065972 21647
   72 38490.555288 25568
   73 -1354.229970     1
   74 3217.027049 18628
   75 1568.729037  1257
   76 6807.952213 14979
   77 -4.333865     9
   78 15960.771019 13258
   79 1671.363607  2568
   80 6888.331228 22553
   81 12738.459429 12082
   82 -1178.579863     2
   83 24171.729219 15949
   84 8195.665854 22106
   85 11076.292554 13544
   86 2501.179781  6255
   87 5727.830934 23714
   88 7947.171400  8149
   89 -936.761965     6
   90 -1560.380386     4
   91 3976.879875 10842
   92 82.126009  6271
   93 12504.538547 15863
   94 24545.186233 23772
   95 -596.813626     5
   96 -366.761135     9
   97 -446.540859     9
   98 12901.533225 21222
   99 2817.077125  1573
  100 18685.046529 22037
  101 4320.192675   828
  102 -67.324539     9
  103 948.293073 12746
  104 -15.069466     1
  105 1571.545872   314
  106 -580.621638     9
  107 11143.141000 23962
  108 -995.583207     1
  109 1313.376243 23513
  110 10588.585450 12081
  111 -800.905167     9
  112 12946.703819 13467
  113 19272.400514 27528
  114 -1414.960574     4
  115 -786.862158     9
  116 17552.347926 10984
  117 -682.655390     4
  118 -361.555795     8
  119 -1001.912702     3
  120 -2028.000901     1
  121 3999.900214 19028
  122 -1369.625450     1
  123 -116.180594     9
  124 3489.226410 22549
  125 -1613.662124     5
  126 -151.971884     8
  127 21489.830538 26634
  128 -2021.777306     5
  129 7476.955862  8009
  130 -374.137155     9
  131 1461.001438 18283
  132 16994.743176 14384
  133 10147.159335 14765
  134 10687.689875 14456
  135 -2573.692222     3
  136 1042.615432  1602
  137 1248.496388  4234
  138 5811.704027 13370
  139 10561.399421  6832
  140 12058.859099 23847
  141 4871.775199  6524
  142 4733.834186 25512
  143 -235.483058     7
  144 12174.066875 21094
  145 19669.128382 23238
  146 -855.881643     4
  147 7186.508304 23525
  148 -276.690009     4
  149 -105.867475     7
  150 2069.539793   294
  151 1.376656 10172
  152 -2183.441313     8
  153 8737.813482 21958
  154 -1445.014422     2
  155 -690.933569     1
  156 2989.584515 19828
  157 -107.697246     7
  158 1480.219654   731
  159 -93.626204     1
  160 6285.837236 15722
  161 2723.409810  3195
  162 10276.294852  1887
  163 3114.434602  3101
  164 5887.056871  2558
  165 -1253.044350     9
  166 -1511.934882     1
  167 527.963200  7462
  168 -986.155267     9
  169 4406.063597  1250
  170 5429.033171 17861
  171 12764.064911 13695
  172 10763.880939 24490
  173 -1793.020890     7
  174 -1239.207082     1
  175 -785.254704     8
  176 8549.779216 25213
  177 -176.024160     9
  178 -478.396737     4
  179 8635.210747 11841
  180 7114.389269 26142
  181 4566.712014  3905
  182 8861.004075 18518
  183 13601.110552 26181
  184 -2665.219190     0
  185 8124.509807  6201
  186 -296.539499     3
  187 -508.402038     1
  188 8316.421980  3731
  189 -1108.463481     0
  190 5214.297010   594
  191 11342.554863 20258
  192 9703.920439  8869
  193 4455.609135 11140
  194 -587.561222     1
  195 -2139.683335     4
  196 -2342.123377     6
  197 6195.378932  7350
  198 62.253061 24250
  199 -262.407231     5
  200 4864.286800 16020
  201 4573.110059  6709
  202 13342.693942 12541
  203 -525.587543     3
  204 -376.519525     5
  205 6118.598273 20824
  206 -807.780937     2
  207 1999.839396 10814
  208 13234.154478 20022
  209 -1642.799258     5
  210 351.340032   251
  211 4392.571395  1080
  212 9009.480273 15517
  213 2101.624313 23377
  214 -672.930705     2
  215 -1064.699869     5
  216 -793.697152     7
  217 2604.452295  1281
  218 23498.454173 21838
  219 -659.866450     3
  220 -697.563990     0
  221 784.222408 12350
  222 7890.723256  9458
  223 -1830.977346     5
  224 -2796.941091     0
  225 19808.855630 21527
  226 5204.723746 15425
  227 -222.883925     8
  228 16977.731531 24261
  229 6693.614258 12613
  230 -792.106683     3
  231 21763.692813 25599
  232 10780.429892 22069
  233 391.248517  2552
  234 -940.614933     3
  235 2084.199825  4764
  236 -101.323081     2
  237 1214.278412 11817
  238 -1171.272827     9
  239 7551.707558  8720
  240 -1028.415082     4
  241 1629.206543   876
  242 -2009.733620     4
  243 17804.541831 21854
  244 14755.631359 19497
  245 -1758.284320     1
  246 -26.100893     2
  247 453.657918   546
  248 8806.336981 22208
  249 -264.318224     3
  250 4817.937357  7189
  251 -868.958284     8
  252 1800.535042  5355
  253 -1302.716143     9
  254 1948.494623    80
  255 -1725.759834     5
  256 8484.661987 23594
  257 166.775983 22728
  258 -582.506622     1
  259 17602.253666 12216
  260 1213.301989   214
  261 2299.455744 19666
  262 -736.450320     7
  263 111.564226    74
  264 -1802.392701     0
  265 -344.283891     6
  266 5397.415527 16029
  267 8893.805420 16240
  268 3375.701492 27269
  269 6606.204940 23404
  270 -1581.761216     7
  271 8211.879767  3066
  272 -399.840416     9
  273 4102.971143  3236
  274 11115.024178  8977
  275 -802.290692     2
  276 22887.446900 25687
  277 8452.938103 26575
  278 7504.121346 23229
  279 -166.316666     4
  280 -321.168153     2
  281 36580.393299 23859
  282 4786.574483  6530
  283 -737.738976     7
  284 3423.676201 10765
  285 12603.134147 15705
  286 14474.419427 24767
  287 3537.095236 14460
  288 1690.197786 17963
  289 11705.669951 16428
  290 -117.082175     6
  291 3485.898510 26421
  292 437.953202 21578
  293 5044.390340 10799
  294 1210.569531  3784
  295 -821.003289     8
  296 -1869.806888     2
  297 -1630.598574     8
  298 13723.775780 18046
  299 1058.686360 14927
  300 5194.347911 19137
