300
    1 2447.493997     1
    2 4374.626592 16119
    3 7959.503305 22552
    4 -672.677885     7
    5 -489.337195     3
    6 6601.846925 17605
    7 -1082.700618     0
    8 -410.173062     6
    9 -166.213644     9
   10 202.169388  5019
   11 3976.262311 11402
   12 -484.719852     2
   13 3873.182264  7882
   14 18476.828928 20490
   15 4751.160142  5438
   16 18648.751113 18433
   17 -823.034277     5
   18 3468.942579 12080
   19 6126.320253  6863
   20 1268.851137 23698
   21 -188.185853     1
   22 2719.991485  1611
   23 1395.950148   525
   24 -696.117581     6
   25 -273.629067     8
   26 -1173.758628     1
   27 31715.202883 20096
   28 -424.099501     8
   29 -136.202484     7
   30 -545.540710     1
   31 16554.114126 24956
   32 3588.016868 18649
   33 -2666.645437     5
   34 1153.265140 14086
   35 -1299.399561     1
   36 2629.791845   763
   37 3401.852948 14573
   38 10386.586539 22063
   39 -71.779293     7
   40 7784.973954 18419
   41 22170.163390 21823
   42 -1960.448973     2
   43 10642.502522 15275
   44 5728.891448 15882
   45 5410.085267 14868
   46 -47.869574     8
   47 -723.493734     7
   48 -183.064873     1
   49 366.444755  2208
   50 -149.880724     1
   51 -906.982789     2
   52 3342.899014 19961
   53 4196.630157 20395
   54 12634.718095 26497
   55 -51.006750     1
   56 27311.779374 17654
   57 1132.367021  4613
   58 -1982.339874     3
   59 7954.248203 14985
   60 4232.556489  2593
   61 1728.042007 10343
   62 -536.080300     5
   63 -31.755203     6
   64 -576.814357     5
   65 844.152789  2104
   66 -50.537926     3
   67 -671.773338     0
   68 9821.344764 20634
   69 4000.480846 17064
   70 -1166.251348     3
   71 1462.526914 21647
   72 336.347493 25568
   73 -1614.260258     1
   74 3089.903759 18628
   75 250.740205  1257
   76 4889.828309 14979
   77 -37.778202     9
   78 12420.862663 13258
   79 3128.244271  2568
   80 14371.163679 22553
   81 7299.503887 12082
   82 -1140.471930     2
   83 11668.450613 15949
   84 16956.367056 22106
   85 12291.721945 13544
   86 889.351274  6255
   87 27874.321305 23714
   88 8556.099834  8149
   89 -480.880403     6
   90 -1176.533879     4
   91 4117.422369 10842
   92 5780.246073  6271
   93 11102.763080 15863
   94 2091.682899 23772
   95 -1548.578732     5
   96 -851.606011     9
   97 -473.565571     9
   98 16675.142445 21222
   99 2648.500170  1573
  100 9477.777505 22037
  101 27.166494   828
  102 -216.031811     9
  103 13825.985739 12746
  104 -1882.571178     1
  105 2961.305464   314
  106 -1639.391811     9
  107 3346.181814 23962
  108 -982.367143     1
  109 15700.180978 23513
  110 13285.901507 12081
  111 -1392.041639     9
  112 4922.457193 13467
  113 4293.461319 27528
  114 -846.316318     4
  115 -178.683194     9
  116 8103.381267 10984
  117 -716.470148     4
  118 -498.516564     8
  119 -1211.685138     3
  120 -550.947875     1
  121 6108.167039 19028
  122 -1733.064947     1
  123 -300.758853     9
  124 30887.744083 22549
  125 -203.653964     5
  126 -664.898963     8
  127 7552.066079 26634
  128 -2089.993697     5
  129 2743.066852  8009
  130 -604.468074     9
  131 9924.535800 18283
  132 11774.762558 14384
  133 4941.268866 14765
  134 5645.077360 14456
  135 -205.893992     3
  136 1720.602259  1602
  137 1451.686159  4234
  138 6527.290146 13370
  139 4701.040643  6832
  140 12546.768107 23847
  141 9767.573258  6524
  142 11409.655716 25512
  143 -20.670476     7
  144 6140.917818 21094
  145 17058.152840 23238
  146 -1258.299759     4
  147 8595.186857 23525
  148 -675.141098     4
  149 -779.308500     7
  150 1050.966350   294
  151 5264.437337 10172
  152 -182.028677     8
  153 2309.676749 21958
  154 -861.392245     2
  155 -333.418338     1
  156 10505.513311 19828
  157 -436.624945     7
  158 4056.294225   731
  159 -880.985597     1
  160 26109.008324 15722
  161 6982.201301  3195
  162 2408.761408  1887
  163 2688.257796  3101
  164 2894.888398  2558
  165 -924.529837     9
  166 -1277.773606     1
  167 2434.676879  7462
  168 -1120.896048     9
  169 60.413813  1250
  170 8557.630945 17861
  171 4940.827927 13695
  172 9695.364405 24490
  173 -634.222685     7
  174 -211.378233     1
  175 -438.673189     8
  176 10997.184484 25213
  177 -6.257493     9
  178 -1038.628138     4
  179 434.293172 11841
  180 11971.162504 26142
  181 5804.370333  3905
  182 10560.797287 18518
  183 2260.142611 26181
  184 -2338.775150     0
  185 3867.296129  6201
  186 -545.257777     3
  187 -1617.051091     1
  188 1676.698418  3731
  189 -163.260798     0
  190 3389.608298   594
  191 2706.609599 20258
  192 3724.464900  8869
  193 1664.176954 11140
  194 -1437.856674     1
  195 -406.437634     4
  196 -2802.717348     6
  197 2720.315663  7350
  198 13718.747240 24250
  199 -303.498005     5
  200 7639.435331 16020
  201 3363.086529  6709
  202 21065.720902 12541
  203 -225.541036     3
  204 -198.556135     5
  205 12587.030527 20824
  206 -54.800832     2
  207 1556.773251 10814
  208 10117.851294 20022
  209 -1397.781762     5
  210 2760.062973   251
  211 303.429431  1080
  212 15466.031617 15517
  213 13459.897184 23377
  214 -1166.955853     2
  215 -231.365137     5
  216 -284.984762     7
  217 3692.396121  1281
  218 13146.580134 21838
  219 -243.388595     3
  220 -1137.413417     0
  221 8533.786741 12350
  222 10398.912025  9458
  223 -1505.099951     5
  224 -2795.111742     0
  225 6556.191460 21527
  226 12678.099190 15425
  227 -2188.604096     8
  228 15606.249205 24261
  229 14523.730002 12613
  230 -61.661081     3
  231 12963.308564 25599
  232 15364.642595 22069
  233 5434.635757  2552
  234 -769.896281     3
  235 6508.516044  4764
  236 -113.892573     2
  237 8458.086165 11817
  238 -1301.324014     9
  239 1022.215220  8720
  240 -354.112522     4
  241 2932.779093   876
  242 -388.839898     4
  243 16722.913171 21854
  244 12164.594868 19497
  245 -454.565063     1
  246 -1871.279228     2
  247 2152.811793   546
  248 1168.023651 22208
  249 -929.986943     3
  250 3414.817392  7189
  251 -214.410428     8
  252 6261.309984  5355
  253 -1148.199883     9
  254 1550.357534    80
  255 -552.631137     5
  256 18019.854075 23594
  257 11917.845168 22728
  258 -354.724225     1
  259 16492.972236 12216
  260 2394.695155   214
  261 2798.662978 19666
  262 -620.667098     7
  263 2433.851214    74
  264 -1956.371091     0
  265 -409.356762     6
  266 11153.067120 16029
  267 827.860670 16240
  268 30107.006242 27269
  269 11202.553131 23404
  270 -111.981866     7
  271 547.985372  3066
  272 -1261.383187     9
  273 1511.865327  3236
  274 1739.578203  8977
  275 -2678.571993     2
  276 9839.228086 25687
  277 8480.343944 26575
  278 3752.165583 23229
  279 -1091.145137     4
  280 -1132.420899     2
  281 5241.799999 23859
  282 2163.043775  6530
  283 -128.199419     7
  284 11438.118360 10765
  285 22264.731115 15705
  286 17465.705187 24767
  287 3359.749273 14460
  288 8016.097691 17963
  289 4964.719313 16428
  290 -328.438215     6
  291 10303.883743 26421
  292 8779.059446 21578
  293 2131.026363 10799
  294 2253.092845  3784
  295 -1087.413689     8
  296 -1185.262449     2
  297 -904.838857     8
  298 1891.158916 18046
  299 4719.623525 14927
  300 4212.877980 19137
