300
    1 37.141532     1
    2 26673.001870 16119
    3 16654.677434 22552
    4 -1522.277072     7
    5 -886.255821     3
    6 7088.623962 17605
    7 -35.898769     0
    8 -207.380574     6
    9 -962.431317     9
   10 3998.722151  5019
   11 8918.240975 11402
   12 -432.063520     2
   13 1415.675210  7882
   14 8816.216802 20490
   15 1289.756832  5438
   16 1072.970372 18433
   17 -827.462624     5
   18 10090.127600 12080
   19 8516.074929  6863
   20 9814.878400 23698
   21 -547.733857     1
   22 783.806239  1611
   23 483.255149   525
   24 -103.490858     6
   25 -309.926396     8
   26 -875.308027     1
   27 3283.607935 20096
   28 -201.247958     8
   29 -3000.206998     7
   30 -554.325221     1
   31 10359.721733 24956
   32 2524.854470 18649
   33 -438.939105     5
   34 8520.065397 14086
   35 -1202.125989     1
   36 127.619662   763
   37 7351.884673 14573
   38 15883.831336 22063
   39 -1109.047798     7
   40 2186.394196 18419
   41 4062.325937 21823
   42 -418.784808     2
   43 3012.872055 15275
   44 4885.957044 15882
   45 961.347326 14868
   46 -221.880796     8
   47 -682.810659     7
   48 -698.202803     1
   49 3614.071480  2208
   50 -364.064982     1
   51 -484.876785     2
   52 9609.482472 19961
   53 13319.115780 20395
   54 9588.247431 26497
   55 -56.715814     1
   56 1767.044934 17654
   57 4307.236473  4613
   58 -678.247718     3
   59 9915.295161 14985
   60 1348.485080  2593
   61 1479.609245 10343
   62 -385.419219     5
   63 -583.821530     6
   64 -1424.154810     5
   65 3321.721996  2104
   66 -541.365415     3
   67 -1565.118435     0
   68 16205.852703 20634
   69 15170.471567 17064
   70 -408.527413     3
   71 16641.816300 21647
   72 2455.449858 25568
   73 -872.053695     1
   74 9501.122248 18628
   75 3941.267391  1257
   76 2520.630667 14979
   77 -709.067304     9
   78 6624.015358 13258
   79 3879.241533  2568
   80 7701.283607 22553
   81 13174.725099 12082
   82 -260.846922     2
   83 10061.508040 15949
   84 14717.018181 22106
   85 2263.400802 13544
   86 5017.681038  6255
   87 22173.499439 23714
   88 5543.867047  8149
   89 -1803.615615     6
   90 -699.845836     4
   91 14902.130785 10842
   92 53.199451  6271
   93 7823.738798 15863
   94 9942.508044 23772
   95 -1449.034822     5
   96 -178.508853     9
   97 -506.381621     9
   98 9548.619178 21222
   99 1063.995753  1573
  100 12423.197594 22037
  101 363.986882   828
  102 -380.616862     9
  103 4922.259227 12746
  104 -1040.442114     1
  105 3386.399714   314
  106 -532.043007     9
  107 22436.562184 23962
  108 -463.082165     1
  109 13179.124009 23513
  110 4691.356894 12081
  111 -1390.501573     9
  112 10182.461918 13467
  113 17059.278653 27528
  114 -1132.956392     4
  115 -464.676042     9
  116 5422.745051 10984
  117 -1846.119906     4
  118 -275.636562     8
  119 -1281.707684     3
  120 -1369.925192     1
  121 14443.442979 19028
  122 -61.521875     1
  123 -1974.642696     9
  124 12041.327302 22549
  125 -501.730390     5
  126 -1343.054018     8
  127 8365.637781 26634
  128 -622.214520     5
  129 4148.629397  8009
  130 -226.812348     9
  131 2878.917685 18283
  132 4877.915129 14384
  133 8343.676430 14765
  134 3464.960576 14456
  135 -962.332352     3
  136 3136.351013  1602
  137 10075.981305  4234
  138 7350.390705 13370
  139 3193.910235  6832
  140 7478.881965 23847
  141 712.136123  6524
  142 17329.046402 25512
  143 -1343.081725     7
  144 4486.725044 21094
  145 13958.154452 23238
  146 -1153.335582     4
  147 8787.709871 23525
  148 -448.968249     4
  149 -165.471749     7
  150 356.777639   294
  151 6105.332351 10172
  152 -712.959929     8
  153 18179.415673 21958
  154 -2769.745113     2
  155 -660.393851     1
  156 5699.318552 19828
  157 -796.705227     7
  158 17.692661   731
  159 -338.228661     1
  160 10424.104601 15722
  161 2713.924939  3195
  162 545.275238  1887
  163 3891.205800  3101
  164 1547.221232  2558
  165 -337.166163     9
  166 -169.012191     1
  167 987.430179  7462
  168 -450.513922     9
  169 1660.837269  1250
  170 21803.982173 17861
  171 5737.510795 13695
  172 9341.415544 24490
  173 -488.201464     7
  174 -1183.824615     1
  175 -178.148763     8
  176 406.694896 25213
  177 -771.771046     9
  178 -2428.830997     4
  179 5039.102025 11841
  180 13885.591679 26142
  181 2789.103747  3905
  182 618.284069 18518
  183 25685.118680 26181
  184 -347.905877     0
  185 2006.477203  6201
  186 -61.646847     3
  187 -1031.597600     1
  188 80.610692  3731
  189 -545.537818     0
  190 2615.638524   594
  191 13479.740022 20258
  192 5477.717631  8869
  193 15298.561658 11140
  194 -426.927123     1
  195 -17.274172     4
  196 -753.317538     6
  197 3258.538444  7350
  198 3363.560163 24250
  199 -1136.596309     5
  200 10317.209300 16020
  201 9677.801811  6709
  202 10421.287804 12541
  203 -69.634315     3
  204 -658.966875     5
  205 13623.494675 20824
  206 -2296.970388     2
  207 8915.978756 10814
  208 15812.947828 20022
  209 -296.253282     5
  210 4244.694580   251
  211 1739.136878  1080
  212 7463.685165 15517
  213 194.164686 23377
  214 -56.560437     2
  215 -3095.857544     5
  216 -1677.922278     7
  217 2155.673638  1281
  218 5875.855110 21838
  219 -675.302772     3
  220 -2055.726828     0
  221 4797.593874 12350
  222 3020.654192  9458
  223 -253.519371     5
  224 -983.761423     0
  225 10195.004391 21527
  226 1012.221771 15425
  227 -1496.847485     8
  228 15890.168958 24261
  229 9679.564672 12613
  230 -959.792076     3
  231 6910.291042 25599
  232 3460.550040 22069
  233 971.719297  2552
  234 -86.214796     3
  235 222.806156  4764
  236 -284.269311     2
  237 12383.447551 11817
  238 -839.207432     9
  239 5731.816871  8720
  240 -1168.765005     4
  241 4983.648465   876
  242 -2197.374001     4
  243 5702.162994 21854
  244 36592.891646 19497
  245 -46.241903     1
  246 -2521.795906     2
  247 2276.415665   546
  248 3895.559361 22208
  249 -146.745882     3
  250 4968.279992  7189
  251 -3353.824153     8
  252 3432.922729  5355
  253 -1373.301181     9
  254 2248.056639    80
  255 -73.574172     5
  256 13575.276256 23594
  257 6672.423963 22728
  258 -804.195276     1
  259 4958.558225 12216
  260 2336.312354   214
  261 18244.329653 19666
  262 -235.380280     7
  263 1693.982664    74
  264 -1043.964994     0
  265 -724.489034     6
  266 4008.975277 16029
  267 14439.132835 16240
  268 8329.621615 27269
  269 18574.322715 23404
  270 -1052.738578     7
  271 7999.628630  3066
  272 -742.238108     9
  273 4195.839084  3236
  274 3103.243060  8977
  275 -452.760065     2
  276 8410.955980 25687
  277 31197.852140 26575
  278 6377.126358 23229
  279 -1396.470518     4
  280 -693.889745     2
  281 3087.116808 23859
  282 2954.863238  6530
  283 -966.354250     7
  284 5933.704316 10765
  285 10119.425563 15705
  286 8523.180837 24767
  287 13066.527089 14460
  288 4242.726972 17963
  289 9665.906626 16428
  290 -620.207921     6
  291 9596.925348 26421
  292 3175.666029 21578
  293 12427.535831 10799
  294 3451.663314  3784
  295 -707.625117     8
  296 -538.818904     2
  297 -1671.513992     8
  298 9362.940483 18046
  299 9564.578563 14927
  300 4755.820796 19137
