300
    1 2032.653069     1
    2 20569.748738 16119
    3 20322.999503 22552
    4 -647.003105     7
    5 -331.395040     3
    6 6021.441533 17605
    7 -183.759725     0
    8 -246.950166     6
    9 -457.688101     9
   10 3093.187420  5019
   11 6984.676881 11402
   12 -238.145958     2
   13 4416.408963  7882
   14 3906.262716 20490
   15 5054.905086  5438
   16 5793.154500 18433
   17 -1570.030771     5
   18 11346.791648 12080
   19 380.430859  6863
   20 4799.813828 23698
   21 -827.825054     1
   22 3125.548477  1611
   23 1120.216211   525
   24 -961.854706     6
   25 -64.348964     8
   26 -310.886550     1
   27 10321.193148 20096
   28 -239.935135     8
   29 -170.076278     7
   30 -446.238480     1
   31 7592.567089 24956
   32 14766.830809 18649
   33 -2122.630625     5
   34 5534.255316 14086
   35 -344.216566     1
   36 1189.773677   763
   37 4960.559819 14573
   38 12485.086763 22063
   39 -1278.676803     7
   40 12576.620682 18419
   41 5483.606251 21823
   42 -1042.726334     2
   43 3569.117913 15275
   44 5905.281017 15882
   45 1045.875001 14868
   46 -1309.721575     8
   47 -754.308466     7
   48 -320.219228     1
   49 4108.386345  2208
   50 -90.969303     1
   51 -1005.897966     2
   52 17234.704949 19961
   53 6462.774913 20395
   54 26076.041013 26497
   55 -2794.286162     1
   56 4626.594165 17654
   57 933.727578  4613
   58 -973.836546     3
   59 13351.365528 14985
   60 4919.573317  2593
   61 19801.320703 10343
   62 -525.444945     5
   63 -34.242975     6
   64 -1220.575009     5
   65 5758.113735  2104
   66 -1298.856802     3
   67 -554.362594     0
   68 712.038082 20634
   69 2050.570116 17064
   70 -1037.246118     3
   71 21042.308304 21647
   72 35898.533799 25568
   73 -107.751496     1
   74 12647.106701 18628
   75 1070.525895  1257
   76 2113.490281 14979
   77 -275.374927     9
   78 12631.302357 13258
   79 4181.015651  2568
   80 24652.511467 22553
   81 4118.390281 12082
   82 -274.100126     2
   83 26214.388658 15949
   84 12474.238860 22106
   85 9702.342957 13544
   86 7828.463573  6255
   87 7281.668956 23714
   88 5357.825968  8149
   89 -2840.809604     6
   90 -1165.003886     4
   91 5855.287886 10842
   92 5602.627637  6271
   93 23448.414997 15863
   94 8222.145415 23772
   95 -774.944208     5
   96 -280.196665     9
   97 -1154.910498     9
   98 10535.241177 21222
   99 1710.983796  1573
  100 12608.821334 22037
  101 3495.579242   828
  102 -732.154542     9
  103 4204.747071 12746
  104 -639.080220     1
  105 298.377000   314
  106 -3062.149496     9
  107 14943.998367 23962
  108 -1230.227735     1
  109 4844.704995 23513
  110 8267.179501 12081
  111 -430.410105     9
  112 5501.711110 13467
  113 11768.614276 27528
  114 -1238.585370     4
  115 -752.177311     9
  116 6830.190646 10984
  117 -589.595468     4
  118 -850.856631     8
  119 -895.039303     3
  120 -2529.159438     1
  121 25119.659600 19028
  122 -550.255614     1
  123 -807.566489     9
  124 3581.136712 22549
  125 -109.361564     5
  126 -1850.493991     8
  127 13462.549709 26634
  128 -169.476569     5
  129 6025.411503  8009
  130 -663.402530     9
  131 1043.381340 18283
  132 9611.927722 14384
  133 3838.345314 14765
  134 987.217810 14456
  135 -756.852931     3
  136 1353.503562  1602
  137 1954.905200  4234
  138 14708.010199 13370
  139 2330.128146  6832
  140 3406.215230 23847
  141 2017.134768  6524
  142 19005.603947 25512
  143 -51.670730     7
  144 1894.660733 21094
  145 5427.691645 23238
  146 -952.217464     4
  147 5144.218592 23525
  148 -677.043680     4
  149 -569.595098     7
  150 435.602671   294
  151 5445.217390 10172
  152 -1600.223801     8
  153 372.787855 21958
  154 -312.871355     2
  155 -1223.410667     1
  156 17939.048182 19828
  157 -594.897862     7
  158 2799.496289   731
  159 -1800.530488     1
  160 7398.764884 15722
  161 3866.465181  3195
  162 1975.258564  1887
  163 7807.628249  3101
  164 4679.005078  2558
  165 -311.064604     9
  166 -762.520776     1
  167 4267.330355  7462
  168 -249.167939     9
  169 4008.915097  1250
  170 1233.423512 17861
  171 8295.905616 13695
  172 11714.647193 24490
  173 -1326.142218     7
  174 -321.500300     1
  175 -124.220457     8
  176 7193.821841 25213
  177 -542.886031     9
  178 -414.112817     4
  179 10112.827595 11841
  180 5948.561100 26142
  181 826.575523  3905
  182 12554.042118 18518
  183 13995.704116 26181
  184 -139.822736     0
  185 1074.719118  6201
  186 -502.792969     3
  187 -1071.072575     1
  188 3023.563753  3731
  189 -641.569600     0
  190 4639.902370   594
  191 8664.954467 20258
  192 8910.196674  8869
  193 10866.678678 11140
  194 -518.226930     1
  195 -1195.342647     4
  196 -2287.062458     6
  197 11785.456623  7350
  198 3131.654446 24250
  199 -1882.772883     5
  200 7954.508188 16020
  201 1533.203337  6709
  202 2721.539717 12541
  203 -272.307365     3
  204 -376.513326     5
  205 32269.840336 20824
  206 -21.372376     2
  207 10372.210578 10814
  208 3422.837748 20022
  209 -372.597518     5
  210 684.532878   251
  211 1352.185959  1080
  212 3906.282424 15517
  213 16098.804870 23377
  214 -932.291790     2
  215 -3071.200895     5
  216 -26.900706     7
  217 2328.026894  1281
  218 9023.660157 21838
  219 -33.160345     3
  220 -1127.214305     0
  221 11611.905290 12350
  222 2569.008556  9458
  223 -80.218340     5
  224 -3034.395842     0
  225 2448.848566 21527
  226 11970.182996 15425
  227 -74.706448     8
  228 12756.401194 24261
  229 2439.877661 12613
  230 -2518.103061     3
  231 7697.770709 25599
  232 14655.276941 22069
  233 3028.254634  2552
  234 -2667.291954     3
  235 1409.081861  4764
  236 -117.161601     2
  237 2289.307876 11817
  238 -1281.102336     9
  239 7555.981978  8720
  240 -1666.632634     4
  241 1128.129238   876
  242 -592.202594     4
  243 141.308941 21854
  244 11183.578631 19497
  245 -361.535535     1
  246 -553.783321     2
  247 1087.074684   546
  248 9130.372206 22208
  249 -1136.843175     3
  250 7444.819397  7189
  251 -1101.019940     8
  252 5092.288495  5355
  253 -2133.560187     9
  254 1126.336253    80
  255 -1620.901617     5
  256 8326.642239 23594
  257 14541.368074 22728
  258 -1009.759380     1
  259 995.149118 12216
  260 838.648370   214
  261 12782.224423 19666
  262 -620.131194     7
  263 729.995881    74
  264 -350.372323     0
  265 -162.291896     6
  266 3826.556261 16029
  267 8076.815837 16240
  268 9250.865597 27269
  269 12742.849728 23404
  270 -262.045762     7
  271 5774.070105  3066
  272 -1627.992095     9
  273 2264.549449  3236
  274 8788.234458  8977
  275 -2522.392528     2
  276 3549.208929 25687
  277 7628.545362 26575
  278 15583.797401 23229
  279 -782.789306     4
  280 -163.442092     2
  281 2730.212882 23859
  282 3338.130951  6530
  283 -319.238306     7
  284 1516.698576 10765
  285 13633.004236 15705
  286 3661.514074 24767
  287 13229.103637 14460
  288 20996.613678 17963
  289 968.213226 16428
  290 -1568.508112     6
  291 1570.281381 26421
  292 11138.230079 21578
  293 372.729207 10799
  294 2194.465197  3784
  295 -726.459831     8
  296 -983.616793     2
  297 -3410.390546     8
  298 9978.868987 18046
  299 20590.447642 14927
  300 11442.648453 19137
