300
    1 5361.933180     1
    2 2500.192254 16119
    3 19146.700165 22552
    4 -1.219201     7
    5 -575.126135     3
    6 2758.616657 17605
    7 -1171.799167     0
    8 -402.010905     6
    9 -127.719891     9
   10 364.059206  5019
   11 9840.847576 11402
   12 -1198.673629     2
   13 4694.123195  7882
   14 17567.490614 20490
   15 2659.883545  5438
   16 2804.116790 18433
   17 -1105.184491     5
   18 4672.145337 12080
   19 13.995192  6863
   20 10980.923606 23698
   21 -1160.495963     1
   22 816.962646  1611
   23 1296.467383   525
   24 -603.581946     6
   25 -51.396485     8
   26 -1579.929720     1
   27 7422.528538 20096
   28 -748.173430     8
   29 -558.374340     7
   30 -162.199690     1
   31 10989.448211 24956
   32 9110.708814 18649
   33 -2205.859903     5
   34 6158.489866 14086
   35 -958.583381     1
   36 2160.123206   763
   37 5699.577324 14573
   38 8371.302837 22063
   39 -554.855807     7
   40 11186.200869 18419
   41 18399.166394 21823
   42 -730.652888     2
   43 19035.511989 15275
   44 18258.309533 15882
   45 14316.480511 14868
   46 -1224.451796     8
   47 -871.573203     7
   48 -563.280274     1
   49 2545.809809  2208
   50 -172.440957     1
   51 -355.836346     2
   52 4.229589 19961
   53 1260.135323 20395
   54 8510.392113 26497
   55 -370.659562     1
   56 11265.800988 17654
   57 8981.723946  4613
   58 -1066.303239     3
   59 4538.457911 14985
   60 3439.171359  2593
   61 4273.671612 10343
   62 -1680.474540     5
   63 -470.271578     6
   64 -102.592837     5
   65 1316.675777  2104
   66 -732.991084     3
   67 -1159.395863     0
   68 17958.060147 20634
   69 5172.969150 17064
   70 -1174.340696     3
   71 16088.143005 21647
   72 14134.903702 25568
   73 -1214.653724     1
   74 23673.229416 18628
   75 4308.898317  1257
   76 1859.617403 14979
   77 -1181.944467     9
   78 478.248721 13258
   79 1053.249503  2568
   80 4868.995259 22553
   81 1136.965882 12082
   82 -99.187756     2
   83 5400.171717 15949
   84 16430.064950 22106
   85 3521.361892 13544
   86 1222.964773  6255
   87 17528.539570 23714
   88 6572.917476  8149
   89 -1268.316382     6
   90 -1139.812941     4
   91 14497.867144 10842
   92 1874.790583  6271
   93 15413.686243 15863
   94 10676.815226 23772
   95 -46.381508     5
   96 -789.197299     9
   97 -946.091379     9
   98 7827.325489 21222
   99 2142.970467  1573
  100 4202.943823 22037
  101 2428.932572   828
  102 -251.264437     9
  103 2762.297512 12746
  104 -2266.672601     1
  105 8657.971491   314
  106 -2114.740599     9
  107 21220.300188 23962
  108 -434.287199     1
  109 7834.456142 23513
  110 1442.425524 12081
  111 -1431.078115     9
  112 12319.279400 13467
  113 10893.243944 27528
  114 -1137.743021     4
  115 -503.465795     9
  116 1537.794784 10984
  117 -2411.029158     4
  118 -618.656489     8
  119 -621.985979     3
  120 -43.559066     1
  121 1460.164093 19028
  122 -1088.828449     1
  123 -812.720279     9
  124 9849.568600 22549
  125 -193.404011     5
  126 -2836.181871     8
  127 1152.028742 26634
  128 -966.759303     5
  129 10246.064805  8009
  130 -116.280206     9
  131 28841.738877 18283
  132 13319.813183 14384
  133 10832.681366 14765
  134 2965.052846 14456
  135 -1334.178738     3
  136 3130.840690  1602
  137 1148.756636  4234
  138 15451.482031 13370
  139 4295.330900  6832
  140 45961.080199 23847
  141 2460.549416  6524
  142 12430.259206 25512
  143 -1732.905417     7
  144 22071.934818 21094
  145 11029.641252 23238
  146 -232.024718     4
  147 13685.608815 23525
  148 -418.393274     4
  149 -1194.307542     7
  150 4176.703701   294
  151 16028.573823 10172
  152 -1471.565296     8
  153 6245.508645 21958
  154 -111.055035     2
  155 -270.023410     1
  156 556.232236 19828
  157 -1195.084888     7
  158 1813.217092   731
  159 -285.947125     1
  160 1719.285595 15722
  161 7439.652718  3195
  162 280.206405  1887
  163 5587.033351  3101
  164 1432.443262  2558
  165 -858.118930     9
  166 -1018.563017     1
  167 3717.672614  7462
  168 -613.508672     9
  169 3487.304760  1250
  170 4669.939559 17861
  171 1467.729828 13695
  172 8452.795858 24490
  173 -263.505919     7
  174 -781.083792     1
  175 -632.952865     8
  176 13683.931363 25213
  177 -1305.289674     9
  178 -216.691437     4
  179 9561.200962 11841
  180 15256.479940 26142
  181 2973.179151  3905
  182 2246.862361 18518
  183 16873.584983 26181
  184 -216.042943     0
  185 1648.433960  6201
  186 -325.594776     3
  187 -375.796106     1
  188 5095.416909  3731
  189 -620.176168     0
  190 899.521184   594
  191 12475.815923 20258
  192 8333.890631  8869
  193 838.675140 11140
  194 -1523.430281     1
  195 -845.779162     4
  196 -1387.478406     6
  197 10353.189028  7350
  198 10287.254410 24250
  199 -1885.102396     5
  200 2870.856546 16020
  201 5639.169659  6709
  202 6266.151496 12541
  203 -364.475850     3
  204 -247.837410     5
  205 2031.979685 20824
  206 -139.031799     2
  207 8848.662383 10814
  208 3892.512843 20022
  209 -1164.879896     5
  210 429.428097   251
  211 4810.141709  1080
  212 2101.698969 15517
  213 1027.575070 23377
  214 -1503.090181     2
  215 -1678.872643     5
  216 -903.184372     7
  217 1877.693302  1281
  218 18043.195140 21838
  219 -1091.028066     3
  220 -881.117290     0
  221 1440.310280 12350
  222 607.930663  9458
  223 -299.208080     5
  224 -1538.240803     0
  225 22414.190301 21527
  226 2534.389209 15425
  227 -3958.048808     8
  228 16518.025654 24261
  229 15172.003537 12613
  230 -513.261227     3
  231 3433.339984 25599
  232 656.708520 22069
  233 1279.964161  2552
  234 -2843.872634     3
  235 2821.500670  4764
  236 -436.126015     2
  237 703.711580 11817
  238 -1492.982332     9
  239 4878.965145  8720
  240 -85.623647     4
  241 37.422128   876
  242 -85.976668     4
  243 10976.691919 21854
  244 2028.893482 19497
  245 -789.496610     1
  246 -784.019499     2
  247 3341.807845   546
  248 21509.163613 22208
  249 -512.544788     3
  250 5754.214926  7189
  251 -363.314618     8
  252 5969.528794  5355
  253 -725.821894     9
  254 2615.221641    80
  255 -2557.649246     5
  256 8201.793400 23594
  257 3749.093140 22728
  258 -1333.575525     1
  259 6068.832178 12216
  260 906.335179   214
  261 8388.496318 19666
  262 -436.834472     7
  263 39.191011    74
  264 -488.876042     0
  265 -670.516611     6
  266 15724.367104 16029
  267 7529.916389 16240
  268 3640.938127 27269
  269 24750.506581 23404
  270 -579.525762     7
  271 1037.185050  3066
  272 -102.564885     9
  273 8908.327378  3236
  274 555.422509  8977
  275 -931.243182     2
  276 13761.960093 25687
  277 1778.960636 26575
  278 25561.341452 23229
  279 -693.982204     4
  280 -666.106907     2
  281 2948.844670 23859
  282 9129.479904  6530
  283 -50.971469     7
  284 2091.280050 10765
  285 13655.431060 15705
  286 2695.942745 24767
  287 6902.820280 14460
  288 27236.970660 17963
  289 12701.004589 16428
  290 -837.066102     6
  291 6480.501571 26421
  292 21515.907779 21578
  293 4503.973310 10799
  294 4929.956130  3784
  295 -1388.745054     8
  296 -559.373450     2
  297 -77.069524     8
  298 3885.453135 18046
  299 17739.308907 14927
  300 14298.913955 19137
