300
    1 2520.210855     1
    2 6901.189482 16119
    3 831.532825 22552
    4 -2453.033296     7
    5 -4502.964888     3
    6 2589.909317 17605
    7 -32.370555     0
    8 -3135.000578     6
    9 -519.718229     9
   10 8945.440567  5019
   11 8803.234016 11402
   12 -160.072682     2
   13 9324.103485  7882
   14 4444.366603 20490
   15 4362.958313  5438
   16 10379.314227 18433
   17 -1613.418844     5
   18 7699.775424 12080
   19 3065.327877  6863
   20 435.034196 23698
   21 -1338.596885     1
   22 5478.532294  1611
   23 2674.946926   525
   24 -480.046911     6
   25 -577.799210     8
   26 -1350.156406     1
   27 19722.255516 20096
   28 -2399.756390     8
   29 -2740.057841     7
   30 -1169.414066     1
   31 20293.056707 24956
   32 3958.256328 18649
   33 -1345.598556     5
   34 6895.316391 14086
   35 -390.866413     1
   36 3812.190595   763
   37 11815.580534 14573
   38 19275.230566 22063
   39 -697.748866     7
   40 2122.394608 18419
   41 8253.301039 21823
   42 -1691.004710     2
   43 3537.782201 15275
   44 7205.290384 15882
   45 9058.433092 14868
   46 -267.217163     8
   47 -592.839157     7
   48 -450.514490     1
   49 8837.377499  2208
   50 -369.600021     1
   51 -1078.012156     2
   52 14742.280388 19961
   53 10992.123395 20395
   54 3137.814425 26497
   55 -230.692288     1
   56 5285.891516 17654
   57 6815.459780  4613
   58 -37.320446     3
   59 12039.907975 14985
   60 688.388022  2593
   61 14751.628263 10343
   62 -2852.368707     5
   63 -322.038990     6
   64 -1103.382225     5
   65 6521.914707  2104
   66 -43.710673     3
   67 -941.596364     0
   68 17100.397923 20634
   69 16949.086353 17064
   70 -605.127820     3
   71 4245.831526 21647
   72 13705.942275 25568
   73 -787.986674     1
   74 7410.368288 18628
   75 3372.990778  1257
   76 530.127400 14979
   77 -1545.318200     9
   78 10225.181468 13258
   79 3526.311706  2568
   80 2956.220988 22553
   81 15896.232194 12082
   82 -413.017152     2
   83 4551.810432 15949
   84 17126.492801 22106
   85 11821.917016 13544
   86 1109.716320  6255
   87 21177.764519 23714
   88 4400.147988  8149
   89 -1951.446219     6
   90 -1321.173994     4
   91 6428.409343 10842
   92 924.547957  6271
   93 6154.317690 15863
   94 6422.863884 23772
   95 -40.514200     5
   96 -224.424868     9
   97 -125.241047     9
   98 8875.588902 21222
   99 4045.290377  1573
  100 1914.522092 22037
  101 935.356826   828
  102 -468.283519     9
  103 4235.842043 12746
  104 -712.367630     1
  105 1380.850866   314
  106 -1329.793684     9
  107 2453.286820 23962
  108 -416.912398     1
  109 6638.772430 23513
  110 10406.571836 12081
  111 -1908.441561     9
  112 1880.594026 13467
  113 7299.942949 27528
  114 -1124.088541     4
  115 -1070.264229     9
  116 4115.187551 10984
  117 -2835.783391     4
  118 -1282.337482     8
  119 -936.793154     3
  120 -768.528912     1
  121 30682.244649 19028
  122 -600.400651     1
  123 -1480.599124     9
  124 5484.642320 22549
  125 -1390.803262     5
  126 -1433.471034     8
  127 33510.095049 26634
  128 -2337.897141     5
  129 7842.568264  8009
  130 -520.038155     9
  131 20324.035406 18283
  132 10546.078438 14384
  133 17126.165313 14765
  134 5113.498056 14456
  135 -802.823151     3
  136 3861.999301  1602
  137 2165.138239  4234
  138 14635.067348 13370
  139 5340.183997  6832
  140 21472.039177 23847
  141 6335.950881  6524
  142 8557.322972 25512
  143 -228.871283     7
  144 9427.626333 21094
  145 9700.020258 23238
  146 -391.392238     4
  147 3296.048455 23525
  148 -918.394254     4
  149 -1238.750174     7
  150 2790.217927   294
  151 1947.971798 10172
  152 -1220.408081     8
  153 5780.160251 21958
  154 -1932.291767     2
  155 -370.999855     1
  156 2800.867631 19828
  157 -1096.074698     7
  158 781.173329   731
  159 -1272.203203     1
  160 7192.045466 15722
  161 2283.751067  3195
  162 3850.369755  1887
  163 7276.666326  3101
  164 1299.019979  2558
  165 -486.872974     9
  166 -425.826093     1
  167 2905.270962  7462
  168 -625.287693     9
  169 5498.141958  1250
  170 14051.497812 17861
  171 1247.552296 13695
  172 10268.377893 24490
  173 -287.812608     7
  174 -571.241292     1
  175 -828.896453     8
  176 10037.704784 25213
  177 -1090.866857     9
  178 -701.765312     4
  179 2492.080364 11841
  180 5817.319791 26142
  181 4137.247188  3905
  182 8698.975139 18518
  183 2664.669852 26181
  184 -594.337717     0
  185 3118.937882  6201
  186 -407.865505     3
  187 -404.623565     1
  188 1669.586214  3731
  189 -101.309707     0
  190 423.451479   594
  191 8683.222903 20258
  192 7459.160699  8869
  193 7273.619762 11140
  194 -312.522028     1
  195 -1697.206686     4
  196 -1479.054565     6
  197 4719.462878  7350
  198 20583.881424 24250
  199 -1925.133524     5
  200 147.345950 16020
  201 2272.234159  6709
  202 9055.573927 12541
  203 -1597.412047     3
  204 -1065.308822     5
  205 27071.978960 20824
  206 -673.799955     2
  207 16352.742083 10814
  208 9127.029028 20022
  209 -696.023426     5
  210 3363.528922   251
  211 4053.451690  1080
  212 3894.062751 15517
  213 36224.476298 23377
  214 -716.738847     2
  215 -255.191804     5
  216 -41.993005     7
  217 2822.766021  1281
  218 7676.851789 21838
  219 -1352.845547     3
  220 -746.147056     0
  221 4645.318608 12350
  222 1340.342814  9458
  223 -575.664948     5
  224 -1339.042595     0
  225 16568.684081 21527
  226 4239.619203 15425
  227 -2153.809986     8
  228 11920.067367 24261
  229 6037.434879 12613
  230 -1574.312063     3
  231 27113.719704 25599
  232 3263.824566 22069
  233 2150.313301  2552
  234 -1134.827837     3
  235 2136.302456  4764
  236 -276.323573     2
  237 1546.799039 11817
  238 -527.277033     9
  239 7541.437597  8720
  240 -1063.944383     4
  241 4485.731586   876
  242 -317.662559     4
  243 12285.491307 21854
  244 7538.283069 19497
  245 -865.750728     1
  246 -938.681950     2
  247 801.863940   546
  248 8445.513197 22208
  249 -558.606875     3
  250 4764.939274  7189
  251 -1197.857687     8
  252 2773.680653  5355
  253 -641.219993     9
  254 1485.390448    80
  255 -2023.905435     5
  256 2870.153655 23594
  257 23696.538045 22728
  258 -308.256087     1
  259 6391.255386 12216
  260 1337.158971   214
  261 942.889824 19666
  262 -92.061861     7
  263 1125.211779    74
  264 -1074.444162     0
  265 -764.444200     6
  266 7530.976895 16029
  267 6161.497005 16240
  268 1683.264144 27269
  269 9425.338292 23404
  270 -955.582554     7
  271 4416.068101  3066
  272 -273.125895     9
  273 7012.430021  3236
  274 6871.912804  8977
  275 -1074.788043     2
  276 11734.784758 25687
  277 22660.025575 26575
  278 3039.899639 23229
  279 -585.833570     4
  280 -431.365802     2
  281 21559.813839 23859
  282 5574.606971  6530
  283 -1382.627681     7
  284 1384.947907 10765
  285 8073.723149 15705
  286 8501.636646 24767
  287 1084.640449 14460
  288 2114.641400 17963
  289 5146.290206 16428
  290 -939.247599     6
  291 16887.901742 26421
  292 10195.925100 21578
  293 9553.378756 10799
  294 858.755672  3784
  295 -1300.282062     8
  296 -1200.363540     2
  297 -2959.791215     8
  298 8526.453716 18046
  299 2644.658858 14927
  300 5834.578026 19137
