300
    1 32.258309     1
    2 15322.748305 16119
    3 2022.705822 22552
    4 -24.881402     7
    5 -794.537832     3
    6 29.546827 17605
    7 -514.471438     0
    8 -1060.008320     6
    9 -1955.898303     9
   10 681.178781  5019
   11 7178.644363 11402
   12 -156.856824     2
   13 2919.614831  7882
   14 5428.653443 20490
   15 454.178840  5438
   16 4496.324684 18433
   17 -706.001874     5
   18 18948.539239 12080
   19 3663.417228  6863
   20 17859.804526 23698
   21 -775.247362     1
   22 3268.232298  1611
   23 3274.161361   525
   24 -217.730257     6
   25 -506.041313     8
   26 -793.905301     1
   27 15288.025133 20096
   28 -705.428283     8
   29 -737.864073     7
   30 -265.302232     1
   31 10509.232704 24956
   32 21000.086627 18649
   33 -94.539010     5
   34 20267.735106 14086
   35 -3956.635306     1
   36 1290.060796   763
   37 8637.490517 14573
   38 4547.498377 22063
   39 -780.721866     7
   40 6756.614329 18419
   41 1431.792665 21823
   42 -346.965194     2
   43 3224.788556 15275
   44 20960.397266 15882
   45 4437.946489 14868
   46 -269.117446     8
   47 -181.740460     7
   48 -465.551078     1
   49 3009.351819  2208
   50 -210.270451     1
   51 -407.198270     2
   52 22546.007415 19961
   53 8970.079442 20395
   54 46514.031351 26497
   55 -2327.793987     1
   56 1050.551769 17654
   57 6094.026771  4613
   58 -996.367809     3
   59 10817.390848 14985
   60 5244.630047  2593
   61 19145.413640 10343
   62 -1510.094462     5
   63 -101.317013     6
   64 -2641.437029     5
   65 6263.474061  2104
   66 -837.906556     3
   67 -3401.559033     0
   68 25034.687555 20634
   69 6364.652625 17064
   70 -1441.056053     3
   71 822.803785 21647
   72 777.441795 25568
   73 -1800.606217     1
   74 3560.705288 18628
   75 4241.744030  1257
   76 6624.750265 14979
   77 -1221.266890     9
   78 10243.011018 13258
   79 708.044534  2568
   80 9324.294385 22553
   81 4483.032020 12082
   82 -518.349495     2
   83 1565.870649 15949
   84 13389.751086 22106
   85 6633.194788 13544
   86 1109.210401  6255
   87 6655.975283 23714
   88 7174.073798  8149
   89 -926.981672     6
   90 -964.161600     4
   91 3953.424941 10842
   92 4398.683046  6271
   93 14175.425457 15863
   94 5309.421443 23772
   95 -586.675049     5
   96 -551.818446     9
   97 -1354.413619     9
   98 4935.788402 21222
   99 2985.251785  1573
  100 1117.892687 22037
  101 315.674595   828
  102 -1267.284539     9
  103 2591.456678 12746
  104 -137.045929     1
  105 1414.207691   314
  106 -370.190750     9
  107 19637.740191 23962
  108 -1270.239472     1
  109 14661.209073 23513
  110 7510.665431 12081
  111 -101.236947     9
  112 1492.295351 13467
  113 16241.555190 27528
  114 -263.345737     4
  115 -493.904107     9
  116 2225.872056 10984
  117 -2269.186353     4
  118 -251.029883     8
  119 -1091.963210     3
  120 -152.925738     1
  121 10708.959567 19028
  122 -1525.273501     1
  123 -448.202159     9
  124 5280.043953 22549
  125 -352.730331     5
  126 -1989.105086     8
  127 18917.862516 26634
  128 -1249.994730     5
  129 4414.364587  8009
  130 -164.381815     9
  131 369.944753 18283
  132 4219.941369 14384
  133 3534.199562 14765
  134 946.191655 14456
  135 -476.113870     3
  136 672.451995  1602
  137 8526.602121  4234
  138 7098.573488 13370
  139 9356.986990  6832
  140 8076.725359 23847
  141 5056.034376  6524
  142 15750.982263 25512
  143 -313.282446     7
  144 10473.631043 21094
  145 1027.177398 23238
  146 -357.853123     4
  147 9748.575166 23525
  148 -313.721792     4
  149 -103.699786     7
  150 1870.166511   294
  151 1804.027075 10172
  152 -3306.338817     8
  153 5435.201609 21958
  154 -2537.323216     2
  155 -267.235450     1
  156 10788.446039 19828
  157 -1297.994347     7
  158 531.351271   731
  159 -859.530624     1
  160 8230.291062 15722
  161 1878.552977  3195
  162 3117.509107  1887
  163 4369.229692  3101
  164 3029.499800  2558
  165 -762.610766     9
  166 -2846.479926     1
  167 1493.401971  7462
  168 -1509.107986     9
  169 7059.356284  1250
  170 13068.218803 17861
  171 19177.497079 13695
  172 8209.506687 24490
  173 -3148.322442     7
  174 -843.758876     1
  175 -105.238862     8
  176 2288.809350 25213
  177 -600.923185     9
  178 -1595.183830     4
  179 7376.826049 11841
  180 3693.613668 26142
  181 2386.726334  3905
  182 576.004422 18518
  183 15850.201330 26181
  184 -1317.162378     0
  185 3347.503147  6201
  186 -47.471553     3
  187 -719.201723     1
  188 1820.148836  3731
  189 -1481.724089     0
  190 2389.938749   594
  191 7116.285763 20258
  192 4012.111086  8869
  193 17157.624207 11140
  194 -904.330366     1
  195 -33.753855     4
  196 -1472.171759     6
  197 3295.674086  7350
  198 13608.726721 24250
  199 -918.560364     5
  200 1455.170560 16020
  201 1047.019788  6709
  202 5452.589358 12541
  203 -726.488293     3
  204 -1363.213663     5
  205 13412.999557 20824
  206 -122.204149     2
  207 12443.923645 10814
  208 11930.949542 20022
  209 -949.411434     5
  210 2198.665009   251
  211 520.073654  1080
  212 1557.184257 15517
  213 2497.476133 23377
  214 -1033.296697     2
  215 -347.834916     5
  216 -1158.936910     7
  217 1025.521463  1281
  218 30795.672852 21838
  219 -309.951011     3
  220 -391.065169     0
  221 2217.243823 12350
  222 3687.370683  9458
  223 -546.433405     5
  224 -2045.806044     0
  225 17426.247050 21527
  226 19535.000923 15425
  227 -20.098849     8
  228 9092.064700 24261
  229 4486.969519 12613
  230 -2894.090545     3
  231 14200.279734 25599
  232 36841.673486 22069
  233 4528.498466  2552
  234 -2907.251187     3
  235 2262.682828  4764
  236 -182.200112     2
  237 2661.814603 11817
  238 -987.500692     9
  239 5721.197870  8720
  240 -1156.349885     4
  241 2681.783729   876
  242 -911.132059     4
  243 11206.663717 21854
  244 3983.658843 19497
  245 -468.903730     1
  246 -13.178658     2
  247 129.740510   546
  248 16637.554996 22208
  249 -230.523330     3
  250 7841.316452  7189
  251 -2900.967039     8
  252 3070.556368  5355
  253 -2339.700058     9
  254 2021.075657    80
  255 -1128.369821     5
  256 13789.941670 23594
  257 3288.172485 22728
  258 -868.678315     1
  259 1243.305589 12216
  260 1864.245580   214
  261 940.734623 19666
  262 -54.280188     7
  263 362.935642    74
  264 -1199.947910     0
  265 -1723.994736     6
  266 4780.460989 16029
  267 1437.277765 16240
  268 18553.709874 27269
  269 2603.409869 23404
  270 -769.211124     7
  271 3958.041488  3066
  272 -344.639296     9
  273 3031.314521  3236
  274 6037.378707  8977
  275 -322.261374     2
  276 4579.475599 25687
  277 1076.939944 26575
  278 3570.827591 23229
  279 -2093.572425     4
  280 -609.849560     2
  281 9701.608674 23859
  282 10516.402442  6530
  283 -2343.447278     7
  284 4508.233559 10765
  285 3658.827429 15705
  286 13916.909236 24767
  287 8974.065637 14460
  288 7329.120191 17963
  289 701.182715 16428
  290 -649.933300     6
  291 18260.635836 26421
  292 4339.610135 21578
  293 2671.626717 10799
  294 946.345959  3784
  295 -1592.472629     8
  296 -84.847938     2
  297 -465.111927     8
  298 11783.544813 18046
  299 3749.370595 14927
  300 21879.886690 19137
