300
    1 3785.311216     1
    2 2304.016613 16119
    3 22070.734979 22552
    4 -1552.025740     7
    5 -434.528404     3
    6 2725.038920 17605
    7 -567.379294     0
    8 -1150.096516     6
    9 -196.691909     9
   10 6877.804946  5019
   11 11913.235886 11402
   12 -1120.085784     2
   13 11242.066673  7882
   14 2182.027218 20490
   15 616.010820  5438
   16 9892.778365 18433
   17 -393.332029     5
   18 8314.911709 12080
   19 3759.620026  6863
   20 17220.608723 23698
   21 -1147.289120     1
   22 6181.084191  1611
   23 5611.194440   525
   24 -806.723896     6
   25 -725.694825     8
   26 -404.309661     1
   27 13133.256183 20096
   28 -2348.527179     8
   29 -399.282753     7
   30 -954.106260     1
   31 5055.167548 24956
   32 27823.936714 18649
   33 -418.425460     5
   34 17896.347818 14086
   35 -213.102249     1
   36 285.844595   763
   37 9045.223673 14573
   38 100.784439 22063
   39 -1663.353812     7
   40 8331.802293 18419
   41 10463.380405 21823
   42 -269.915717     2
   43 323.254982 15275
   44 11629.876615 15882
   45 3479.435064 14868
   46 -1277.143106     8
   47 -146.058385     7
   48 -6.351500     1
   49 2194.262118  2208
   50 -200.999437     1
   51 -818.816558     2
   52 2438.881738 19961
   53 11968.395904 20395
   54 28494.171060 26497
   55 -1499.460051     1
   56 10599.264079 17654
   57 3069.091716  4613
   58 -53.486873     3
   59 2193.557792 14985
   60 7243.805210  2593
   61 7250.054440 10343
   62 -185.093613     5
   63 -49.959271     6
   64 -976.405039     5
   65 1313.318864  2104
   66 -938.028298     3
   67 -32.772119     0
   68 4182.999935 20634
   69 6601.938303 17064
   70 -257.248493     3
   71 12742.561259 21647
   72 32110.601552 25568
   73 -578.384216     1
   74 17021.081251 18628
   75 4149.057116  1257
   76 1127.983831 14979
   77 -392.196375     9
   78 4078.613453 13258
   79 3047.771610  2568
   80 26204.268525 22553
   81 14328.624015 12082
   82 -790.831819     2
   83 23327.658109 15949
   84 19239.467035 22106
   85 8797.713805 13544
   86 7397.970360  6255
   87 30232.953960 23714
   88 8956.467181  8149
   89 -3531.505660     6
   90 -642.816011     4
   91 5090.361846 10842
   92 1499.884722  6271
   93 4720.759312 15863
   94 231.750603 23772
   95 -325.423380     5
   96 -817.965883     9
   97 -1399.961330     9
   98 15092.962342 21222
   99 1633.015706  1573
  100 427.528848 22037
  101 2440.630847   828
  102 -755.042780     9
  103 9053.616217 12746
  104 -9.665964     1
  105 1125.941799   314
  106 -233.171684     9
  107 3677.697252 23962
  108 -875.636390     1
  109 9680.459698 23513
  110 617.843751 12081
  111 -990.928604     9
  112 3720.908170 13467
  113 39772.420351 27528
  114 -560.100319     4
  115 -509.267213     9
  116 8695.513333 10984
  117 -1391.171598     4
  118 -1611.943424     8
  119 -1680.888767     3
  120 -364.022258     1
  121 1921.432931 19028
  122 -116.113286     1
  123 -121.386704     9
  124 3373.383429 22549
  125 -930.727926     5
  126 -1121.263294     8
  127 6707.751555 26634
  128 -903.971355     5
  129 9541.884808  8009
  130 -287.831851     9
  131 9504.441703 18283
  132 10824.110966 14384
  133 16300.123106 14765
  134 983.151828 14456
  135 -445.777537     3
  136 1044.365481  1602
  137 6212.939350  4234
  138 5662.420833 13370
  139 8624.705775  6832
  140 11611.224883 23847
  141 4544.196255  6524
  142 6092.767322 25512
  143 -1505.827274     7
  144 4608.990772 21094
  145 15403.674984 23238
  146 -1540.292472     4
  147 7711.066701 23525
  148 -446.214642     4
  149 -982.377211     7
  150 289.434765   294
  151 7455.091334 10172
  152 -877.944797     8
  153 13519.555424 21958
  154 -636.041510     2
  155 -194.417712     1
  156 3824.572285 19828
  157 -1027.352522     7
  158 1596.549814   731
  159 -1381.852689     1
  160 7711.498178 15722
  161 897.081963  3195
  162 830.017325  1887
  163 1408.856361  3101
  164 2004.315268  2558
  165 -1736.431175     9
  166 -180.547043     1
  167 4582.639349  7462
  168 -619.979587     9
  169 4026.069922  1250
  170 3721.026076 17861
  171 14968.785935 13695
  172 10436.344963 24490
  173 -906.515940     7
  174 -19.318376     1
  175 -1505.939073     8
  176 18781.018329 25213
  177 -283.715245     9
  178 -2456.396430     4
  179 10724.609169 11841
  180 24306.730455 26142
  181 8045.684855  3905
  182 9236.493898 18518
  183 12356.930883 26181
  184 -394.832988     0
  185 6678.980934  6201
  186 -909.002165     3
  187 -1097.502096     1
  188 4833.565803  3731
  189 -269.344293     0
  190 3165.729643   594
  191 16027.558427 20258
  192 6366.708305  8869
  193 15059.946481 11140
  194 -118.061123     1
  195 -164.105967     4
  196 -258.807331     6
  197 2325.372574  7350
  198 10124.174235 24250
  199 -1299.529199     5
  200 9812.178809 16020
  201 1342.752821  6709
  202 8414.158375 12541
  203 -662.805876     3
  204 -21.531485     5
  205 16029.815701 20824
  206 -1495.084240     2
  207 7990.576677 10814
  208 14869.710662 20022
  209 -916.915343     5
  210 782.800388   251
  211 8585.355850  1080
  212 10368.778016 15517
  213 7229.847190 23377
  214 -541.431637     2
  215 -1794.308767     5
  216 -1649.950497     7
  217 2769.821668  1281
  218 4642.301603 21838
  219 -305.725769     3
  220 -1375.903859     0
  221 1599.535802 12350
  222 148.282590  9458
  223 -342.212922     5
  224 -331.418320     0
  225 17079.694081 21527
  226 12086.195783 15425
  227 -1249.657262     8
  228 2212.166171 24261
  229 11662.093790 12613
  230 -3480.044775     3
  231 1060.298803 25599
  232 4937.608919 22069
  233 859.902885  2552
  234 -78.434064     3
  235 1648.767165  4764
  236 -996.576401     2
  237 129.943963 11817
  238 -419.047925     9
  239 3094.581054  8720
  240 -299.938663     4
  241 1570.634852   876
  242 -167.187864     4
  243 4840.110530 21854
  244 12846.510826 19497
  245 -308.113094     1
  246 -2473.025252     2
  247 2925.153102   546
  248 20131.097685 22208
  249 -998.991807     3
  250 8172.265294  7189
  251 -2186.821373     8
  252 2132.093563  5355
  253 -30.150332     9
  254 153.957549    80
  255 -12.991664     5
  256 24831.829826 23594
  257 35536.026616 22728
  258 -1111.162243     1
  259 1355.927331 12216
  260 6085.944375   214
  261 8051.882558 19666
  262 -166.032140     7
  263 6019.542755    74
  264 -2788.909600     0
  265 -236.516201     6
  266 2124.562023 16029
  267 599.451148 16240
  268 14240.690175 27269
  269 19786.187718 23404
  270 -1189.391913     7
  271 3515.842762  3066
  272 -2056.777344     9
  273 445.832404  3236
  274 3173.286107  8977
  275 -755.272245     2
  276 223.924471 25687
  277 2736.253334 26575
  278 8958.385135 23229
  279 -1966.104261     4
  280 -1776.518444     2
  281 14808.530144 23859
  282 8635.324739  6530
  283 -1210.195517     7
  284 252.310911 10765
  285 7339.454274 15705
  286 6225.712047 24767
  287 9260.088284 14460
  288 22480.634301 17963
  289 11194.514066 16428
  290 -306.755318     6
  291 7895.862543 26421
  292 20896.854802 21578
  293 4370.075579 10799
  294 747.186650  3784
  295 -1272.247833     8
  296 -2348.659594     2
  297 -245.548823     8
  298 14706.665433 18046
  299 948.294800 14927
  300 5755.607799 19137
