300
    1 2660.671813     1
    2 14461.691065 16119
    3 9095.838131 22552
    4 -1402.535677     7
    5 -1894.249153     3
    6 20050.623603 17605
    7 -849.807107     0
    8 -940.849802     6
    9 -1311.309337     9
   10 117.336376  5019
   11 11265.307166 11402
   12 -750.895438     2
   13 2171.276391  7882
   14 6654.386166 20490
   15 2465.155669  5438
   16 22242.101740 18433
   17 -606.653628     5
   18 4109.509987 12080
   19 6168.553965  6863
   20 20853.686686 23698
   21 -1247.564970     1
   22 6172.431023  1611
   23 3206.871984   525
   24 -94.081978     6
   25 -597.252949     8
   26 -308.095583     1
   27 3711.849661 20096
   28 -241.931165     8
   29 -152.084751     7
   30 -151.244933     1
   31 16834.297769 24956
   32 4525.841127 18649
   33 -1320.876314     5
   34 1449.308755 14086
   35 -314.302879     1
   36 2435.897161   763
   37 7711.875018 14573
   38 15451.743904 22063
   39 -957.630072     7
   40 4072.802826 18419
   41 2672.688428 21823
   42 -420.780384     2
   43 878.329650 15275
   44 2628.503479 15882
   45 410.526106 14868
   46 -493.093608     8
   47 -155.974982     7
   48 -76.610104     1
   49 1691.494196  2208
   50 -742.137026     1
   51 -955.704508     2
   52 4330.497399 19961
   53 1106.948974 20395
   54 7586.238524 26497
   55 -1230.959528     1
   56 2991.176757 17654
   57 3770.699899  4613
   58 -1088.210427     3
   59 14534.888849 14985
   60 2013.103571  2593
   61 257.154632 10343
   62 -629.416859     5
   63 -431.891342     6
   64 -2499.782480     5
   65 2181.666962  2104
   66 -648.229301     3
   67 -1294.336487     0
   68 7160.041188 20634
   69 9355.702004 17064
   70 -810.888993     3
   71 20161.062129 21647
   72 1965.775722 25568
   73 -336.478167     1
   74 7900.462215 18628
   75 16.657087  1257
   76 19708.195595 14979
   77 -1029.619445     9
   78 9283.063320 13258
   79 978.218110  2568
   80 6402.561137 22553
   81 168.052659 12082
   82 -301.016269     2
   83 20067.506698 15949
   84 5423.114077 22106
   85 7971.582384 13544
   86 1248.227907  6255
   87 19003.649802 23714
   88 403.571645  8149
   89 -620.988522     6
   90 -433.033542     4
   91 907.714603 10842
   92 5212.839098  6271
   93 29598.063644 15863
   94 1163.402086 23772
   95 -948.811586     5
   96 -70.816638     9
   97 -122.277186     9
   98 35067.218972 21222
   99 1303.117807  1573
  100 20433.194607 22037
  101 2907.241228   828
  102 -662.367875     9
  103 490.536800 12746
  104 -1485.905056     1
  105 7354.449166   314
  106 -1732.081779     9
  107 3100.488553 23962
  108 -395.961807     1
  109 3402.004540 23513
  110 645.510248 12081
  111 -1385.125537     9
  112 10943.379686 13467
  113 22497.983081 27528
  114 -682.341683     4
  115 -1749.122566     9
  116 16608.510361 10984
  117 -1970.134681     4
  118 -7.288357     8
  119 -1918.432220     3
  120 -1266.645248     1
  121 7874.784371 19028
  122 -2380.566423     1
  123 -1026.397981     9
  124 6000.007280 22549
  125 -598.558397     5
  126 -1490.919539     8
  127 9714.318100 26634
  128 -118.081694     5
  129 15616.785686  8009
  130 -471.763621     9
  131 1281.291751 18283
  132 1185.185790 14384
  133 6699.118929 14765
  134 6152.175276 14456
  135 -1292.186238     3
  136 2701.029723  1602
  137 1116.304635  4234
  138 850.176958 13370
  139 1834.212475  6832
  140 10707.148002 23847
  141 12574.327797  6524
  142 10239.310146 25512
  143 -2851.064464     7
  144 9090.623930 21094
  145 4164.160128 23238
  146 -186.769712     4
  147 9237.443140 23525
  148 -322.404483     4
  149 -1066.175797     7
  150 819.579183   294
  151 141.654272 10172
  152 -775.340750     8
  153 18319.947107 21958
  154 -1195.135394     2
  155 -800.228540     1
  156 4242.790694 19828
  157 -1123.947598     7
  158 904.750737   731
  159 -2269.038169     1
  160 14769.636506 15722
  161 6426.783116  3195
  162 1039.389064  1887
  163 2257.287642  3101
  164 2034.072383  2558
  165 -385.816717     9
  166 -763.520451     1
  167 7671.576544  7462
  168 -1485.718187     9
  169 2381.446783  1250
  170 438.597843 17861
  171 5425.196103 13695
  172 15446.288877 24490
  173 -497.073282     7
  174 -336.123787     1
  175 -63.271205     8
  176 1545.777978 25213
  177 -779.258601     9
  178 -1243.967788     4
  179 2388.750423 11841
  180 22389.713082 26142
  181 1699.966687  3905
  182 11053.926156 18518
  183 3614.985253 26181
  184 -908.685179     0
  185 15110.884606  6201
  186 -402.783503     3
  187 -1019.834948     1
  188 2132.432371  3731
  189 -1168.627915     0
  190 3618.704155   594
  191 8527.242523 20258
  192 549.465540  8869
  193 4160.170730 11140
  194 -878.922747     1
  195 -1457.576459     4
  196 -113.713638     6
  197 284.094330  7350
  198 8915.436867 24250
  199 -1941.515440     5
  200 7524.731875 16020
  201 1967.239438  6709
  202 1165.953201 12541
  203 -647.745832     3
  204 -615.761475     5
  205 10353.600786 20824
  206 -393.545410     2
  207 1884.737269 10814
  208 1493.336918 20022
  209 -476.806990     5
  210 503.479853   251
  211 4644.948190  1080
  212 18933.716174 15517
  213 35582.355569 23377
  214 -677.346981     2
  215 -979.197191     5
  216 -679.360302     7
  217 3750.969471  1281
  218 4920.635014 21838
  219 -779.771301     3
  220 -1076.493866     0
  221 3164.155734 12350
  222 14860.823700  9458
  223 -184.172476     5
  224 -617.456510     0
  225 18323.010496 21527
  226 2656.097709 15425
  227 -1164.144966     8
  228 15129.191225 24261
  229 3022.194600 12613
  230 -302.995185     3
  231 16830.578750 25599
  232 3233.716558 22069
  233 3416.713876  2552
  234 -376.810636     3
  235 3281.856681  4764
  236 -129.378331     2
  237 11979.994487 11817
  238 -1071.511856     9
  239 6207.106171  8720
  240 -513.409058     4
  241 950.001229   876
  242 -184.411762     4
  243 19772.794519 21854
  244 7077.799439 19497
  245 -94.706045     1
  246 -459.614579     2
  247 195.921477   546
  248 14147.358238 22208
  249 -779.582263     3
  250 4634.311779  7189
  251 -590.888778     8
  252 2455.380823  5355
  253 -1741.485826     9
  254 64.369333    80
  255 -1092.746734     5
  256 1446.876774 23594
  257 3866.116333 22728
  258 -499.874396     1
  259 6175.760667 12216
  260 1222.965521   214
  261 5665.851555 19666
  262 -130.930637     7
  263 322.775338    74
  264 -3591.401944     0
  265 -26.559829     6
  266 8122.243960 16029
  267 1171.269120 16240
  268 16662.717167 27269
  269 8074.524825 23404
  270 -749.085110     7
  271 5131.045065  3066
  272 -1796.013325     9
  273 5276.956320  3236
  274 6107.859329  8977
  275 -1071.199524     2
  276 10951.192733 25687
  277 5861.470237 26575
  278 9809.236888 23229
  279 -122.978057     4
  280 -1838.716628     2
  281 12078.240812 23859
  282 5667.238365  6530
  283 -1349.567804     7
  284 5279.340448 10765
  285 3207.236868 15705
  286 267.154536 24767
  287 9705.759410 14460
  288 23824.646574 17963
  289 6268.883274 16428
  290 -676.400748     6
  291 16095.428751 26421
  292 6538.278234 21578
  293 3828.270817 10799
  294 446.052630  3784
  295 -1735.642825     8
  296 -180.106870     2
  297 -207.521994     8
  298 1909.501945 18046
  299 2219.487790 14927
  300 23668.145928 19137
