300
    1 2792.439231     1
    2 101.802521 16119
    3 21898.689967 22552
    4 -2033.463824     7
    5 -3285.095016     3
    6 5069.013725 17605
    7 -25.268316     0
    8 -552.603544     6
    9 -1498.142497     9
   10 2804.756511  5019
   11 5546.644272 11402
   12 -536.947349     2
   13 3649.334007  7882
   14 6097.246375 20490
   15 4256.977929  5438
   16 17062.281941 18433
   17 -256.678463     5
   18 1476.666695 12080
   19 6979.424224  6863
   20 205.654063 23698
   21 -1949.047097     1
   22 2996.378852  1611
   23 1634.110247   525
   24 -153.541761     6
   25 -244.908209     8
   26 -358.326666     1
   27 5177.810350 20096
   28 -1246.328945     8
   29 -765.904830     7
   30 -159.643114     1
   31 5552.564241 24956
   32 8216.482699 18649
   33 -624.129259     5
   34 530.079155 14086
   35 -1631.158473     1
   36 2531.366268   763
   37 4183.871619 14573
   38 15548.423439 22063
   39 -302.510679     7
   40 16522.301921 18419
   41 13347.957818 21823
   42 -825.741671     2
   43 1023.131775 15275
   44 3525.130202 15882
   45 25954.282143 14868
   46 -725.129605     8
   47 -102.322277     7
   48 -129.243081     1
   49 670.548108  2208
   50 -1251.249504     1
   51 -567.998672     2
   52 7374.186912 19961
   53 5638.339326 20395
   54 21090.639521 26497
   55 -1486.296293     1
   56 29333.791356 17654
   57 6451.975583  4613
   58 -12.214113     3
   59 9566.830856 14985
   60 661.339855  2593
   61 3072.828074 10343
   62 -868.743545     5
   63 -438.319813     6
   64 -644.160390     5
   65 228.365576  2104
   66 -1291.683668     3
   67 -570.324062     0
   68 7318.369903 20634
   69 17799.410330 17064
   70 -835.913886     3
   71 6236.346108 21647
   72 45299.017197 25568
   73 -1359.550355     1
   74 10779.838293 18628
   75 3940.320365  1257
   76 17950.690246 14979
   77 -846.756962     9
   78 12795.571042 13258
   79 4222.781812  2568
   80 16434.284696 22553
   81 3095.330725 12082
   82 -64.945304     2
   83 9828.158359 15949
   84 899.216770 22106
   85 2734.776321 13544
   86 3429.455569  6255
   87 7895.276366 23714
   88 2385.536051  8149
   89 -1159.505222     6
   90 -1857.733349     4
   91 9961.729256 10842
   92 2939.149741  6271
   93 21.589768 15863
   94 10148.271403 23772
   95 -939.042817     5
   96 -27.018017     9
   97 -188.709517     9
   98 9850.118364 21222
   99 2847.236292  1573
  100 4390.331843 22037
  101 1416.765288   828
  102 -405.902781     9
  103 9281.620802 12746
  104 -621.231650     1
  105 3234.395892   314
  106 -1262.171540     9
  107 34297.515187 23962
  108 -695.830424     1
  109 486.749582 23513
  110 1345.716462 12081
  111 -487.035826     9
  112 5197.622937 13467
  113 13633.644108 27528
  114 -604.478153     4
  115 -32.812481     9
  116 16988.313594 10984
  117 -174.403500     4
  118 -136.688796     8
  119 -3616.829027     3
  120 -1415.923996     1
  121 21351.892901 19028
  122 -1405.212288     1
  123 -1463.235253     9
  124 8527.131182 22549
  125 -805.959602     5
  126 -2227.989949     8
  127 11054.262827 26634
  128 -344.077324     5
  129 2344.739058  8009
  130 -421.563612     9
  131 15489.910205 18283
  132 20455.558525 14384
  133 17063.864083 14765
  134 758.060868 14456
  135 -704.490650     3
  136 1577.526078  1602
  137 317.825507  4234
  138 16068.413834 13370
  139 5699.605116  6832
  140 10224.937470 23847
  141 3553.871024  6524
  142 3108.193645 25512
  143 -508.871101     7
  144 7346.822745 21094
  145 24356.148550 23238
  146 -126.448644     4
  147 1113.727386 23525
  148 -477.306372     4
  149 -1172.234019     7
  150 1866.203035   294
  151 5413.702783 10172
  152 -891.961988     8
  153 9671.543170 21958
  154 -856.262478     2
  155 -236.691879     1
  156 4913.848582 19828
  157 -2338.038080     7
  158 4750.655848   731
  159 -274.862637     1
  160 22786.269569 15722
  161 1066.611389  3195
  162 2698.338183  1887
  163 1746.025935  3101
  164 5968.757638  2558
  165 -1402.668017     9
  166 -1847.805886     1
  167 6544.122094  7462
  168 -275.081560     9
  169 293.221840  1250
  170 5754.802675 17861
  171 8338.893788 13695
  172 7091.060093 24490
  173 -146.898983     7
  174 -2.465876     1
  175 -394.513739     8
  176 6985.543770 25213
  177 -192.017730     9
  178 -1652.403123     4
  179 11879.416783 11841
  180 7534.768233 26142
  181 95.130421  3905
  182 4910.114157 18518
  183 11906.893043 26181
  184 -536.359329     0
  185 4875.458651  6201
  186 -121.333709     3
  187 -769.131921     1
  188 1327.407321  3731
  189 -879.733290     0
  190 2973.739621   594
  191 1209.257573 20258
  192 9883.172820  8869
  193 3347.108711 11140
  194 -871.091847     1
  195 -277.543541     4
  196 -1121.233541     6
  197 13764.840870  7350
  198 1024.975794 24250
  199 -1564.006560     5
  200 2149.506350 16020
  201 1025.030623  6709
  202 9012.525330 12541
  203 -582.938825     3
  204 -863.003302     5
  205 3706.253828 20824
  206 -46.437757     2
  207 8683.557553 10814
  208 28545.807604 20022
  209 -1994.179706     5
  210 2134.092189   251
  211 2858.578323  1080
  212 1172.761644 15517
  213 4302.763852 23377
  214 -1133.335436     2
  215 -572.258322     5
  216 -419.676596     7
  217 1021.574362  1281
  218 19165.537417 21838
  219 -758.784782     3
  220 -174.577378     0
  221 9231.667991 12350
  222 10626.299418  9458
  223 -735.142038     5
  224 -970.746759     0
  225 19517.515660 21527
  226 17136.328189 15425
  227 -204.684017     8
  228 7270.311302 24261
  229 10276.506641 12613
  230 -652.468813     3
  231 15599.400845 25599
  232 21552.660781 22069
  233 1267.674713  2552
  234 -286.387749     3
  235 5459.332652  4764
  236 -211.422838     2
  237 18219.937655 11817
  238 -1092.300812     9
  239 407.925440  8720
  240 -377.343914     4
  241 4783.055472   876
  242 -1076.005761     4
  243 11186.056011 21854
  244 14209.241728 19497
  245 -248.908922     1
  246 -1187.883215     2
  247 1408.348314   546
  248 24828.496543 22208
  249 -595.385912     3
  250 2155.330033  7189
  251 -2459.077826     8
  252 4381.521086  5355
  253 -240.150827     9
  254 1657.290394    80
  255 -1785.377019     5
  256 23901.226743 23594
  257 1748.413094 22728
  258 -1316.377648     1
  259 4340.334865 12216
  260 2634.318320   214
  261 8014.330270 19666
  262 -1018.746370     7
  263 1751.879647    74
  264 -1100.927569     0
  265 -847.743921     6
  266 1504.342558 16029
  267 2082.484526 16240
  268 4312.107173 27269
  269 3362.746913 23404
  270 -1602.023587     7
  271 2652.015314  3066
  272 -2150.145993     9
  273 1856.609483  3236
  274 2961.784695  8977
  275 -593.946623     2
  276 1942.439151 25687
  277 5488.953590 26575
  278 5897.155729 23229
  279 -154.638033     4
  280 -187.681259     2
  281 1400.497248 23859
  282 6943.742354  6530
  283 -196.466719     7
  284 622.984836 10765
  285 2695.464608 15705
  286 4790.556246 24767
  287 151.081675 14460
  288 8402.834902 17963
  289 6127.513445 16428
  290 -659.425542     6
  291 6930.904730 26421
  292 7129.486194 21578
  293 14638.150737 10799
  294 470.582153  3784
  295 -1239.522896     8
  296 -1412.669397     2
  297 -85.512056     8
  298 1222.882159 18046
  299 5139.186689 14927
  300 0.017743 19137
