300
    1 888.434192     1
    2 4566.728184 16119
    3 5685.695371 22552
    4 -2016.022043     7
    5 -998.099412     3
    6 4127.613309 17605
    7 -326.872396     0
    8 -1165.483910     6
    9 -162.957774     9
   10 1396.605526  5019
   11 5942.217446 11402
   12 -1078.792327     2
   13 1349.758036  7882
   14 24413.243574 20490
   15 11373.934783  5438
   16 13903.506830 18433
   17 -71.747840     5
   18 6380.445215 12080
   19 4914.585585  6863
   20 13209.530436 23698
   21 -1619.867764     1
   22 2360.486081  1611
   23 3403.696198   525
   24 -283.189715     6
   25 -58.608255     8
   26 -84.097238     1
   27 1777.112346 20096
   28 -3163.772178     8
   29 -940.986709     7
   30 -48.829419     1
   31 16647.501907 24956
   32 17680.140299 18649
   33 -645.330626     5
   34 8855.790294 14086
   35 -1996.882703     1
   36 4290.993204   763
   37 3644.197332 14573
   38 10799.909571 22063
   39 -671.624602     7
   40 15531.235508 18419
   41 18011.072481 21823
   42 -3023.425914     2
   43 7231.357725 15275
   44 26596.358284 15882
   45 2718.353097 14868
   46 -164.389376     8
   47 -717.535266     7
   48 -845.267194     1
   49 2544.080086  2208
   50 -144.452344     1
   51 -545.308992     2
   52 14957.565940 19961
   53 17981.430395 20395
   54 5268.299516 26497
   55 -112.526703     1
   56 1448.295797 17654
   57 3319.306834  4613
   58 -472.300871     3
   59 14046.969680 14985
   60 6663.260908  2593
   61 198.280782 10343
   62 -854.354151     5
   63 -126.674196     6
   64 -81.201753     5
   65 2828.040099  2104
   66 -261.812020     3
   67 -942.873783     0
   68 9573.654938 20634
   69 13819.347641 17064
   70 -539.917692     3
   71 14135.747633 21647
   72 17387.260495 25568
   73 -1959.466555     1
   74 10266.767321 18628
   75 3261.747860  1257
   76 3417.933923 14979
   77 -91.252690     9
   78 14736.572032 13258
   79 2877.061168  2568
   80 2163.876810 22553
   81 1540.848919 12082
   82 -362.620721     2
   83 3120.752068 15949
   84 18096.622206 22106
   85 12839.584472 13544
   86 4855.915460  6255
   87 4761.431477 23714
   88 4241.388754  8149
   89 -1291.484003     6
   90 -819.857198     4
   91 2070.873907 10842
   92 3720.254493  6271
   93 1469.740092 15863
   94 9404.365618 23772
   95 -901.997549     5
   96 -767.977084     9
   97 -744.040828     9
   98 28925.373643 21222
   99 7977.853679  1573
  100 8954.476999 22037
  101 1133.930539   828
  102 -354.668092     9
  103 4913.869146 12746
  104 -1031.283566     1
  105 1109.536890   314
  106 -3931.488133     9
  107 8342.146535 23962
  108 -3339.591082     1
  109 4637.531650 23513
  110 12345.505031 12081
  111 -578.097227     9
  112 9060.623752 13467
  113 30013.657546 27528
  114 -22.464229     4
  115 -787.415533     9
  116 10747.675073 10984
  117 -163.222597     4
  118 -119.404016     8
  119 -981.746123     3
  120 -828.527152     1
  121 7119.806702 19028
  122 -1155.904368     1
  123 -1051.117119     9
  124 3847.111435 22549
  125 -15.144345     5
  126 -224.299228     8
  127 4501.436520 26634
  128 -94.451015     5
  129 5406.954410  8009
  130 -904.825282     9
  131 1304.552917 18283
  132 2987.293716 14384
  133 3215.269957 14765
  134 5326.354397 14456
  135 -1330.836065     3
  136 2152.719662  1602
  137 855.942159  4234
  138 1074.569196 13370
  139 2349.978270  6832
  140 6799.078378 23847
  141 5943.581754  6524
  142 20887.744717 25512
  143 -2540.341963     7
  144 17268.442287 21094
  145 292.403204 23238
  146 -682.541180     4
  147 5580.317068 23525
  148 -1234.353079     4
  149 -186.139694     7
  150 1952.153784   294
  151 1535.257557 10172
  152 -572.618412     8
  153 12712.263089 21958
  154 -1320.577515     2
  155 -1405.969177     1
  156 12963.417710 19828
  157 -2316.234548     7
  158 1431.795964   731
  159 -227.653342     1
  160 1142.506437 15722
  161 2340.357674  3195
  162 1979.821812  1887
  163 3551.787753  3101
  164 150.651834  2558
  165 -1879.420110     9
  166 -1672.015163     1
  167 6312.048527  7462
  168 -777.936668     9
  169 3408.640381  1250
  170 2767.869148 17861
  171 7178.085728 13695
  172 22721.571684 24490
  173 -1078.343132     7
  174 -220.134663     1
  175 -1390.312504     8
  176 17062.819134 25213
  177 -566.681833     9
  178 -475.672043     4
  179 5170.579395 11841
  180 804.683732 26142
  181 2256.425578  3905
  182 3505.875108 18518
  183 8857.152218 26181
  184 -2057.171555     0
  185 2586.786132  6201
  186 -280.039064     3
  187 -2397.324626     1
  188 1129.437026  3731
  189 -1051.891311     0
  190 352.004100   594
  191 9304.171239 20258
  192 7483.374548  8869
  193 26327.218308 11140
  194 -1693.879143     1
  195 -267.266712     4
  196 -1250.720446     6
  197 4831.355594  7350
  198 9074.029673 24250
  199 -340.173335     5
  200 4038.204787 16020
  201 783.910875  6709
  202 3042.767020 12541
  203 -851.638802     3
  204 -2065.265682     5
  205 8685.824242 20824
  206 -1986.562024     2
  207 2.114767 10814
  208 5750.497613 20022
  209 -695.364178     5
  210 670.208224   251
  211 2651.367893  1080
  212 4726.584371 15517
  213 25000.120812 23377
  214 -433.960147     2
  215 -469.564343     5
  216 -503.725022     7
  217 4310.300134  1281
  218 12220.444061 21838
  219 -518.403684     3
  220 -695.160442     0
  221 2005.070157 12350
  222 256.327686  9458
  223 -213.923575     5
  224 -2345.219441     0
  225 3843.723251 21527
  226 9286.036997 15425
  227 -489.041206     8
  228 3161.895972 24261
  229 5074.928456 12613
  230 -1147.052716     3
  231 5772.049955 25599
  232 5239.404026 22069
  233 5311.699903  2552
  234 -935.473034     3
  235 3239.439111  4764
  236 -1218.031318     2
  237 9653.611305 11817
  238 -1887.522501     9
  239 836.235393  8720
  240 -442.447284     4
  241 936.179273   876
  242 -295.653806     4
  243 11159.782387 21854
  244 11707.123342 19497
  245 -1094.383162     1
  246 -994.915396     2
  247 3174.347832   546
  248 2466.370956 22208
  249 -324.314796     3
  250 1352.548072  7189
  251 -185.490054     8
  252 928.464379  5355
  253 -372.245093     9
  254 1562.350792    80
  255 -1584.825997     5
  256 22079.451611 23594
  257 6313.033640 22728
  258 -609.190290     1
  259 13971.967733 12216
  260 525.857485   214
  261 19085.123296 19666
  262 -788.031455     7
  263 1377.754640    74
  264 -361.307311     0
  265 -931.609947     6
  266 24041.209848 16029
  267 8528.540739 16240
  268 42250.897223 27269
  269 2307.730561 23404
  270 -111.607525     7
  271 6289.429886  3066
  272 -1965.365195     9
  273 1029.491605  3236
  274 6615.342461  8977
  275 -1383.079990     2
  276 10327.097945 25687
  277 19385.077823 26575
  278 18839.446175 23229
  279 -1253.696170     4
  280 -15.056821     2
  281 602.942159 23859
  282 6623.551088  6530
  283 -387.217178     7
  284 14018.719550 10765
  285 10097.252132 15705
  286 1675.826940 24767
  287 15856.344954 14460
  288 10590.036371 17963
  289 9025.690649 16428
  290 -804.732385     6
  291 19291.255219 26421
  292 4948.195097 21578
  293 7921.711744 10799
  294 680.283965  3784
  295 -532.182868     8
  296 -2339.254954     2
  297 -62.165017     8
  298 13003.783355 18046
  299 1978.051928 14927
  300 2899.541248 19137
