300
    1 1148.399835     1
    2 11807.288211 16119
    3 8543.313420 22552
    4 -985.368900     7
    5 -1022.837161     3
    6 8451.395040 17605
    7 -779.151034     0
    8 -300.956925     6
    9 -214.278111     9
   10 2191.653120  5019
   11 11104.192266 11402
   12 -406.455963     2
   13 5440.572777  7882
   14 18685.510458 20490
   15 4680.257513  5438
   16 14281.003017 18433
   17 -428.838486     5
   18 17829.852235 12080
   19 1016.772751  6863
   20 3918.870891 23698
   21 -44.899102     1
   22 1477.041478  1611
   23 156.024862   525
   24 -892.572885     6
   25 -322.103106     8
   26 -691.700390     1
   27 9537.978802 20096
   28 -979.624437     8
   29 -1171.600691     7
   30 -663.448391     1
   31 7262.079753 24956
   32 13859.090566 18649
   33 -160.763868     5
   34 15891.345627 14086
   35 -2396.498422     1
   36 566.836858   763
   37 7924.039690 14573
   38 14300.261207 22063
   39 -1874.395422     7
   40 6009.162867 18419
   41 6561.386102 21823
   42 -40.047728     2
   43 6073.672514 15275
   44 23299.008605 15882
   45 6049.744778 14868
   46 -712.244427     8
   47 -295.133532     7
   48 -1375.176933     1
   49 1445.762216  2208
   50 -152.252970     1
   51 -186.332414     2
   52 13055.672640 19961
   53 9457.078457 20395
   54 1102.318295 26497
   55 -829.381330     1
   56 4920.075758 17654
   57 3523.609264  4613
   58 -651.548404     3
   59 3200.682295 14985
   60 4673.993041  2593
   61 2858.313421 10343
   62 -28.342763     5
   63 -726.150694     6
   64 -1839.993704     5
   65 3025.330019  2104
   66 -189.248543     3
   67 -440.596981     0
   68 3682.730710 20634
   69 12813.857984 17064
   70 -866.085703     3
   71 20108.773651 21647
   72 22815.848149 25568
   73 -785.360510     1
   74 1172.914835 18628
   75 934.149810  1257
   76 7504.594529 14979
   77 -549.681405     9
   78 9793.516141 13258
   79 2561.767264  2568
   80 4220.425369 22553
   81 11635.399963 12082
   82 -130.031012     2
   83 6220.414219 15949
   84 2351.366258 22106
   85 3834.399851 13544
   86 1764.132294  6255
   87 6243.501947 23714
   88 6093.373410  8149
   89 -1376.963033     6
   90 -5.601042     4
   91 7765.068277 10842
   92 896.418973  6271
   93 8852.839662 15863
   94 8211.045462 23772
   95 -218.163284     5
   96 -144.714483     9
   97 -97.764705     9
   98 9546.659131 21222
   99 6991.925575  1573
  100 20.521859 22037
  101 3543.410404   828
  102 -628.426863     9
  103 2950.779383 12746
  104 -1964.282174     1
  105 4898.673851   314
  106 -1484.678008     9
  107 683.625057 23962
  108 -181.335244     1
  109 38573.681793 23513
  110 317.778189 12081
  111 -2141.544431     9
  112 16302.035664 13467
  113 15931.728054 27528
  114 -1017.046702     4
  115 -222.835232     9
  116 1210.693444 10984
  117 -86.212918     4
  118 -650.948845     8
  119 -1504.900784     3
  120 -331.134897     1
  121 24332.561290 19028
  122 -1252.474039     1
  123 -574.341996     9
  124 23912.017739 22549
  125 -898.426635     5
  126 -1738.224761     8
  127 14063.390473 26634
  128 -374.561195     5
  129 3104.351729  8009
  130 -448.464754     9
  131 2168.443601 18283
  132 5509.707748 14384
  133 14058.814400 14765
  134 12211.605191 14456
  135 -426.267531     3
  136 312.115431  1602
  137 1679.593013  4234
  138 9395.387190 13370
  139 11558.784859  6832
  140 108.372259 23847
  141 11365.733995  6524
  142 20292.596164 25512
  143 -805.124641     7
  144 11029.997901 21094
  145 8192.246927 23238
  146 -352.544184     4
  147 5032.467353 23525
  148 -776.784957     4
  149 -2515.321020     7
  150 418.966544   294
  151 1527.436152 10172
  152 -694.173703     8
  153 18919.854527 21958
  154 -2146.135194     2
  155 -318.306374     1
  156 17496.835270 19828
  157 -1238.361444     7
  158 3910.551758   731
  159 -1463.241417     1
  160 9800.461484 15722
  161 584.651321  3195
  162 2426.414726  1887
  163 5570.033006  3101
  164 5550.474394  2558
  165 -781.944722     9
  166 -1454.097845     1
  167 16814.521347  7462
  168 -602.700777     9
  169 5651.836247  1250
  170 16041.595166 17861
  171 6204.686165 13695
  172 1273.618159 24490
  173 -992.603423     7
  174 -131.589312     1
  175 -849.470432     8
  176 16338.591070 25213
  177 -123.321440     9
  178 -524.331573     4
  179 2506.245090 11841
  180 1188.878839 26142
  181 4988.166559  3905
  182 10314.792731 18518
  183 5135.766453 26181
  184 -2084.680206     0
  185 95.280540  6201
  186 -489.502443     3
  187 -49.219803     1
  188 2529.382158  3731
  189 -75.971265     0
  190 3262.262768   594
  191 9753.467566 20258
  192 5639.593155  8869
  193 6706.050003 11140
  194 -1345.652198     1
  195 -785.271350     4
  196 -469.994916     6
  197 3976.464082  7350
  198 8221.291197 24250
  199 -391.809850     5
  200 9322.237579 16020
  201 12489.793127  6709
  202 11723.982038 12541
  203 -1732.683201     3
  204 -1444.935175     5
  205 5518.606330 20824
  206 -989.083172     2
  207 4298.049411 10814
  208 2567.571988 20022
  209 -1661.131140     5
  210 3493.392178   251
  211 6031.530293  1080
  212 7108.221242 15517
  213 414.756031 23377
  214 -433.954204     2
  215 -2100.211691     5
  216 -400.875033     7
  217 2278.281164  1281
  218 15029.472627 21838
  219 -604.998758     3
  220 -40.192678     0
  221 2588.994023 12350
  222 5217.126602  9458
  223 -576.011198     5
  224 -554.544661     0
  225 4590.191752 21527
  226 1481.111147 15425
  227 -1679.953896     8
  228 5306.682495 24261
  229 1320.613741 12613
  230 -764.660708     3
  231 2818.897292 25599
  232 12374.725708 22069
  233 535.647016  2552
  234 -163.804814     3
  235 2409.571387  4764
  236 -298.047492     2
  237 13303.541987 11817
  238 -240.219891     9
  239 3231.663965  8720
  240 -40.568376     4
  241 4815.359977   876
  242 -1446.491831     4
  243 11444.927394 21854
  244 10069.653943 19497
  245 -193.797921     1
  246 -834.009093     2
  247 1625.732939   546
  248 18856.914278 22208
  249 -902.808659     3
  250 10751.894791  7189
  251 -1036.711842     8
  252 2470.978098  5355
  253 -1225.683427     9
  254 450.568982    80
  255 -456.141879     5
  256 19053.434492 23594
  257 1986.470396 22728
  258 -590.348547     1
  259 18326.834085 12216
  260 852.863687   214
  261 8083.001064 19666
  262 -93.097725     7
  263 1598.558925    74
  264 -1510.093461     0
  265 -433.593436     6
  266 11322.537914 16029
  267 8838.814474 16240
  268 20930.932934 27269
  269 515.215972 23404
  270 -64.945427     7
  271 12714.315769  3066
  272 -493.537623     9
  273 56.109194  3236
  274 723.373007  8977
  275 -578.943408     2
  276 7418.428064 25687
  277 2901.341562 26575
  278 1291.520457 23229
  279 -253.166367     4
  280 -133.530166     2
  281 2945.765421 23859
  282 6646.828956  6530
  283 -671.553196     7
  284 970.758141 10765
  285 21672.174959 15705
  286 5454.275540 24767
  287 10272.965100 14460
  288 14768.572121 17963
  289 8113.372851 16428
  290 -1030.611952     6
  291 8650.965179 26421
  292 9738.329938 21578
  293 6017.624022 10799
  294 10115.327647  3784
  295 -727.244983     8
  296 -1132.557082     2
  297 -1545.407331     8
  298 503.731774 18046
  299 5973.479842 14927
  300 23131.449470 19137
