300
    1 2093.780852     1
    2 4183.377299 16119
    3 20871.739090 22552
    4 -268.127506     7
    5 -2243.720716     3
    6 31626.793253 17605
    7 -231.482840     0
    8 -953.495888     6
    9 -1003.804607     9
   10 8151.713707  5019
   11 3568.700024 11402
   12 -600.115701     2
   13 3612.420518  7882
   14 2435.137787 20490
   15 4072.739278  5438
   16 5817.266635 18433
   17 -1548.532048     5
   18 4296.116440 12080
   19 4418.843964  6863
   20 43.602142 23698
   21 -1138.540730     1
   22 638.748132  1611
   23 1493.251346   525
   24 -70.417464     6
   25 -573.956425     8
   26 -422.259282     1
   27 10712.894668 20096
   28 -479.695661     8
   29 -2383.368247     7
   30 -1562.478012     1
   31 529.029304 24956
   32 4781.493393 18649
   33 -334.373367     5
   34 9377.537442 14086
   35 -1486.163836     1
   36 3330.615209   763
   37 1530.925329 14573
   38 21667.734083 22063
   39 -1521.598492     7
   40 10347.511078 18419
   41 25312.057249 21823
   42 -252.718648     2
   43 1742.278612 15275
   44 158.545133 15882
   45 6595.148748 14868
   46 -1601.737042     8
   47 -820.269237     7
   48 -604.010387     1
   49 298.541728  2208
   50 -1155.232408     1
   51 -34.952059     2
   52 4348.853163 19961
   53 11414.549909 20395
   54 4940.874180 26497
   55 -748.172991     1
   56 11964.591945 17654
   57 13949.812793  4613
   58 -155.364704     3
   59 9108.862968 14985
   60 765.709428  2593
   61 14386.778242 10343
   62 -938.516037     5
   63 -1014.580316     6
   64 -1672.511150     5
   65 946.068952  2104
   66 -1193.710206     3
   67 -476.535343     0
   68 12045.304610 20634
   69 26334.413419 17064
   70 -674.344335     3
   71 1504.431358 21647
   72 10947.091450 25568
   73 -1158.369996     1
   74 1076.522827 18628
   75 2216.192549  1257
   76 9661.701769 14979
   77 -2137.085854     9
   78 4602.984295 13258
   79 1447.007936  2568
   80 0.162592 22553
   81 12091.199997 12082
   82 -1229.611711     2
   83 3136.027721 15949
   84 13604.433992 22106
   85 2848.926981 13544
   86 10086.321580  6255
   87 14807.911114 23714
   88 3000.749611  8149
   89 -1491.367863     6
   90 -237.703800     4
   91 391.925271 10842
   92 1608.999039  6271
   93 6771.618744 15863
   94 1500.733067 23772
   95 -498.905899     5
   96 -250.361815     9
   97 -774.826078     9
   98 2798.528960 21222
   99 741.270391  1573
  100 9424.418863 22037
  101 3272.604796   828
  102 -513.247232     9
  103 5751.806183 12746
  104 -92.581231     1
  105 822.124422   314
  106 -725.887753     9
  107 5232.009572 23962
  108 -2171.020976     1
  109 5917.371883 23513
  110 17111.270096 12081
  111 -2068.047720     9
  112 5803.400170 13467
  113 31410.581854 27528
  114 -1483.756924     4
  115 -1253.585982     9
  116 780.271785 10984
  117 -1312.576128     4
  118 -267.556542     8
  119 -1347.217346     3
  120 -2730.510754     1
  121 4404.173317 19028
  122 -343.137503     1
  123 -1435.845759     9
  124 5026.384048 22549
  125 -949.657119     5
  126 -132.890275     8
  127 25099.109395 26634
  128 -24.555053     5
  129 2182.226585  8009
  130 -189.910264     9
  131 9024.800826 18283
  132 15917.690472 14384
  133 9723.488494 14765
  134 8113.369979 14456
  135 -689.509545     3
  136 437.535743  1602
  137 5463.530345  4234
  138 2667.282371 13370
  139 6372.667678  6832
  140 4457.232564 23847
  141 12237.624192  6524
  142 22524.326836 25512
  143 -1414.252518     7
  144 6445.393003 21094
  145 211.374317 23238
  146 -1405.745470     4
  147 12157.406118 23525
  148 -760.874020     4
  149 -227.675647     7
  150 1245.920766   294
  151 2912.729328 10172
  152 -36.430284     8
  153 26182.545956 21958
  154 -443.160526     2
  155 -1154.886837     1
  156 27866.642781 19828
  157 -335.038273     7
  158 5541.625735   731
  159 -735.629929     1
  160 5414.574713 15722
  161 5961.404531  3195
  162 5026.716155  1887
  163 4997.222064  3101
  164 2452.972376  2558
  165 -201.557544     9
  166 -197.201586     1
  167 3027.636606  7462
  168 -168.360181     9
  169 4618.430094  1250
  170 13336.535656 17861
  171 2017.137093 13695
  172 3102.902792 24490
  173 -476.433744     7
  174 -414.227753     1
  175 -48.035886     8
  176 22364.445888 25213
  177 -583.681639     9
  178 -1375.905980     4
  179 5778.221327 11841
  180 4115.935920 26142
  181 997.655140  3905
  182 9216.179790 18518
  183 23642.745522 26181
  184 -201.939117     0
  185 5493.227170  6201
  186 -105.987012     3
  187 -343.787404     1
  188 2134.402185  3731
  189 -447.720179     0
  190 419.871864   594
  191 14387.704975 20258
  192 3984.489855  8869
  193 7722.951104 11140
  194 -1869.948592     1
  195 -1166.831807     4
  196 -3016.490116     6
  197 3852.458466  7350
  198 3325.534650 24250
  199 -324.183352     5
  200 7826.253368 16020
  201 12220.302879  6709
  202 2634.154234 12541
  203 -612.867284     3
  204 -75.426867     5
  205 5809.955031 20824
  206 -1135.411446     2
  207 5422.026047 10814
  208 6883.166621 20022
  209 -1229.938930     5
  210 5079.495725   251
  211 842.496912  1080
  212 2206.102315 15517
  213 25172.689183 23377
  214 -2655.186857     2
  215 -1901.465863     5
  216 -237.614820     7
  217 8348.801956  1281
  218 39769.220531 21838
  219 -634.377609     3
  220 -176.457433     0
  221 12126.376169 12350
  222 1445.046277  9458
  223 -101.860641     5
  224 -1070.958803     0
  225 22445.279494 21527
  226 350.376519 15425
  227 -90.889734     8
  228 10790.862634 24261
  229 1576.217191 12613
  230 -2394.769324     3
  231 14877.382476 25599
  232 11889.262383 22069
  233 1996.530612  2552
  234 -1907.170809     3
  235 2578.603904  4764
  236 -492.443628     2
  237 13883.303672 11817
  238 -448.262579     9
  239 3712.894005  8720
  240 -624.832233     4
  241 403.219733   876
  242 -3005.757712     4
  243 14116.529528 21854
  244 2975.989429 19497
  245 -682.478296     1
  246 -585.721644     2
  247 3314.084062   546
  248 28374.602066 22208
  249 -674.494995     3
  250 4886.666052  7189
  251 -667.341815     8
  252 10901.063337  5355
  253 -3412.240576     9
  254 2987.743010    80
  255 -1464.310528     5
  256 775.448536 23594
  257 11302.540257 22728
  258 -1068.727106     1
  259 2891.239940 12216
  260 1691.311248   214
  261 274.958452 19666
  262 -1019.052381     7
  263 2258.980833    74
  264 -1105.022618     0
  265 -378.740533     6
  266 2240.285850 16029
  267 15247.045424 16240
  268 22747.308632 27269
  269 27268.652885 23404
  270 -778.693549     7
  271 2515.041496  3066
  272 -7.458409     9
  273 408.899911  3236
  274 1184.292593  8977
  275 -1343.660724     2
  276 10805.243210 25687
  277 13736.688749 26575
  278 7468.253662 23229
  279 -686.107131     4
  280 -247.583865     2
  281 12895.677502 23859
  282 10234.731952  6530
  283 -259.352869     7
  284 4580.778051 10765
  285 125.915732 15705
  286 9075.448674 24767
  287 9965.050344 14460
  288 7104.623407 17963
  289 16836.805501 16428
  290 -1727.991738     6
  291 16777.040969 26421
  292 17530.739731 21578
  293 5323.626382 10799
  294 5011.483761  3784
  295 -279.646882     8
  296 -1900.569685     2
  297 -670.072033     8
  298 7288.959320 18046
  299 4657.916466 14927
  300 15653.416862 19137
