300
    1 1464.583605     1
    2 916.590330 16119
    3 25315.029905 22552
    4 -1906.030048     7
    5 -1239.969903     3
    6 6366.450859 17605
    7 -1029.584261     0
    8 -892.999834     6
    9 -1319.358240     9
   10 4266.719827  5019
   11 7756.809355 11402
   12 -858.885799     2
   13 1754.291663  7882
   14 9271.494875 20490
   15 2599.729534  5438
   16 7366.679948 18433
   17 -459.527814     5
   18 4483.414137 12080
   19 5486.085187  6863
   20 21316.035070 23698
   21 -714.488772     1
   22 3067.454276  1611
   23 3875.673090   525
   24 -1107.372699     6
   25 -177.877424     8
   26 -594.444488     1
   27 8387.056509 20096
   28 -646.576489     8
   29 -1645.471103     7
   30 -313.153793     1
   31 15019.569166 24956
   32 5211.176043 18649
   33 -1603.352726     5
   34 5555.018372 14086
   35 -838.896877     1
   36 508.440090   763
   37 9512.761633 14573
   38 11299.744891 22063
   39 -1604.071923     7
   40 3256.659173 18419
   41 15620.957167 21823
   42 -1021.600597     2
   43 10106.559550 15275
   44 5862.873792 15882
   45 15190.387562 14868
   46 -339.180677     8
   47 -855.447542     7
   48 -543.001837     1
   49 6168.828550  2208
   50 -230.162734     1
   51 -145.299247     2
   52 2738.462138 19961
   53 7011.616130 20395
   54 6409.203306 26497
   55 -952.544272     1
   56 1698.570362 17654
   57 932.172918  4613
   58 -367.292479     3
   59 2848.066662 14985
   60 1351.223186  2593
   61 4312.602260 10343
   62 -393.390083     5
   63 -92.728798     6
   64 -2530.438164     5
   65 879.679066  2104
   66 -461.474787     3
   67 -2200.135692     0
   68 20448.858650 20634
   69 11718.772353 17064
   70 -856.185271     3
   71 1398.527072 21647
   72 19115.415703 25568
   73 -933.083822     1
   74 14817.685211 18628
   75 1344.698591  1257
   76 5606.943098 14979
   77 -1460.253585     9
   78 2702.836763 13258
   79 3397.379620  2568
   80 12905.401005 22553
   81 10150.354796 12082
   82 -41.778028     2
   83 14932.867754 15949
   84 11068.931074 22106
   85 9101.541991 13544
   86 1943.967293  6255
   87 11900.922700 23714
   88 1764.340146  8149
   89 -1045.311819     6
   90 -1392.418382     4
   91 1931.593619 10842
   92 2881.144281  6271
   93 2644.427002 15863
   94 3781.177196 23772
   95 -342.753063     5
   96 -313.488795     9
   97 -1042.555937     9
   98 16270.244383 21222
   99 1725.465598  1573
  100 6830.539588 22037
  101 3644.705525   828
  102 -719.969039     9
  103 15201.949416 12746
  104 -1255.568781     1
  105 2277.295516   314
  106 -1234.039230     9
  107 18154.224320 23962
  108 -68.284752     1
  109 18177.874075 23513
  110 5428.939179 12081
  111 -80.422048     9
  112 8762.529449 13467
  113 18150.251941 27528
  114 -666.675251     4
  115 -684.500114     9
  116 3645.329671 10984
  117 -390.676553     4
  118 -419.251786     8
  119 -53.373491     3
  120 -50.791225     1
  121 7274.026750 19028
  122 -998.761172     1
  123 -3062.806311     9
  124 9512.440753 22549
  125 -920.840904     5
  126 -1513.264979     8
  127 31724.200235 26634
  128 -1063.327295     5
  129 8291.269889  8009
  130 -201.156108     9
  131 4548.286420 18283
  132 11011.169458 14384
  133 19888.688248 14765
  134 1904.291053 14456
  135 -823.862495     3
  136 4418.266079  1602
  137 6957.524421  4234
  138 10216.330216 13370
  139 10845.579801  6832
  140 14019.178889 23847
  141 4921.896169  6524
  142 18672.076211 25512
  143 -256.126909     7
  144 5267.622147 21094
  145 3024.169677 23238
  146 -147.986491     4
  147 7922.248371 23525
  148 -453.970030     4
  149 -118.882621     7
  150 1166.247085   294
  151 2713.477396 10172
  152 -1743.815130     8
  153 1984.992885 21958
  154 -200.206845     2
  155 -1811.527523     1
  156 2220.330724 19828
  157 -602.856201     7
  158 1044.702875   731
  159 -935.997944     1
  160 4819.258153 15722
  161 1058.533529  3195
  162 3146.506265  1887
  163 2621.619769  3101
  164 2027.252098  2558
  165 -3303.118389     9
  166 -270.792904     1
  167 7812.524017  7462
  168 -977.618306     9
  169 4723.048610  1250
  170 19390.373106 17861
  171 613.403319 13695
  172 28866.478655 24490
  173 -1688.578341     7
  174 -729.863175     1
  175 -2244.563138     8
  176 20423.291726 25213
  177 -1943.292121     9
  178 -121.257475     4
  179 1805.305772 11841
  180 8078.484471 26142
  181 2344.250755  3905
  182 25764.946251 18518
  183 9949.900865 26181
  184 -1026.254531     0
  185 683.277051  6201
  186 -33.644783     3
  187 -1290.608761     1
  188 5616.128040  3731
  189 -1759.503369     0
  190 207.861710   594
  191 1190.276312 20258
  192 4232.457270  8869
  193 7789.308221 11140
  194 -428.517476     1
  195 -1029.077114     4
  196 -1662.596414     6
  197 3927.957940  7350
  198 3701.037079 24250
  199 -548.230176     5
  200 118.928897 16020
  201 4404.838551  6709
  202 278.170382 12541
  203 -1039.064505     3
  204 -1087.201722     5
  205 3362.907836 20824
  206 -274.182201     2
  207 3395.442786 10814
  208 9868.044693 20022
  209 -789.084412     5
  210 1543.855307   251
  211 2863.664012  1080
  212 2554.371307 15517
  213 5833.593487 23377
  214 -1240.294727     2
  215 -1220.907897     5
  216 -1120.070617     7
  217 1018.100722  1281
  218 11503.288657 21838
  219 -4.896246     3
  220 -925.745438     0
  221 5777.412662 12350
  222 13019.642063  9458
  223 -1080.687760     5
  224 -349.148876     0
  225 2512.392234 21527
  226 11356.808172 15425
  227 -822.817367     8
  228 17847.289031 24261
  229 484.395617 12613
  230 -724.257938     3
  231 15310.228514 25599
  232 20473.289790 22069
  233 318.472350  2552
  234 -1056.731416     3
  235 899.679352  4764
  236 -407.376695     2
  237 715.214843 11817
  238 -49.483665     9
  239 10583.536930  8720
  240 -485.062957     4
  241 596.418439   876
  242 -2943.357072     4
  243 15514.891482 21854
  244 21251.904930 19497
  245 -306.355460     1
  246 -3380.662648     2
  247 828.890443   546
  248 2437.930334 22208
  249 -188.260518     3
  250 33.996409  7189
  251 -322.762562     8
  252 5742.804482  5355
  253 -502.679391     9
  254 4965.294145    80
  255 -3547.790191     5
  256 16654.785766 23594
  257 769.378529 22728
  258 -2060.890864     1
  259 975.978425 12216
  260 2052.080593   214
  261 2542.798555 19666
  262 -541.639857     7
  263 1308.879349    74
  264 -2136.768940     0
  265 -880.959978     6
  266 27253.808230 16029
  267 13650.416435 16240
  268 18948.004305 27269
  269 4411.837853 23404
  270 -1062.360669     7
  271 1709.753090  3066
  272 -146.274783     9
  273 1716.973232  3236
  274 1761.722536  8977
  275 -4375.742112     2
  276 17581.849534 25687
  277 4294.410831 26575
  278 15411.487545 23229
  279 -60.509527     4
  280 -821.854481     2
  281 35667.526448 23859
  282 4932.485397  6530
  283 -24.563699     7
  284 12093.313633 10765
  285 1366.529517 15705
  286 11235.957697 24767
  287 40.990227 14460
  288 14516.126956 17963
  289 6905.554313 16428
  290 -1809.640354     6
  291 289.185937 26421
  292 9416.020780 21578
  293 81.439220 10799
  294 9287.546607  3784
  295 -364.335411     8
  296 -43.958706     2
  297 -1733.020332     8
  298 25055.396934 18046
  299 4996.733422 14927
  300 3819.873049 19137
