100
    1 1643.782655     1
    2 7881.398730 16119
    3 14771.410386 22552
    4 -684.898530     7
    5 -123.067395     3
    6 4848.991681 17605
    7 -545.030444     0
    8 -828.520021     6
    9 -1700.298942     9
   10 332.363700  5019
   11 9248.742184 11402
   12 -532.680579     2
   13 8632.336150  7882
   14 7675.473550 20490
   15 5485.281711  5438
   16 4433.924890 18433
   17 -221.643056     5
   18 9030.206244 12080
   19 935.556299  6863
   20 36140.061784 23698
   21 -443.014986     1
   22 5095.755944  1611
   23 3180.080707   525
   24 -3245.384891     6
   25 -193.049141     8
   26 -200.443103     1
   27 843.712146 20096
   28 -287.442636     8
   29 -904.830716     7
   30 -1117.342331     1
   31 28519.750360 24956
   32 12475.828651 18649
   33 -317.567685     5
   34 4438.311423 14086
   35 -1784.156734     1
   36 3159.786302   763
   37 9247.699508 14573
   38 2689.611441 22063
   39 -251.279775     7
   40 907.604147 18419
   41 7171.694011 21823
   42 -90.834856     2
   43 4830.040135 15275
   44 13366.158814 15882
   45 19200.662283 14868
   46 -335.087803     8
   47 -926.321842     7
   48 -754.007063     1
   49 4319.496323  2208
   50 -99.521047     1
   51 -478.060178     2
   52 19258.539479 19961
   53 61.485768 20395
   54 3241.061016 26497
   55 -319.915184     1
   56 12775.085352 17654
   57 3125.001776  4613
   58 -870.383245     3
   59 11046.201031 14985
   60 7406.387208  2593
   61 7620.606325 10343
   62 -556.126650     5
   63 -144.731962     6
   64 -307.226969     5
   65 1687.088716  2104
   66 -666.322862     3
   67 -1173.387092     0
   68 2847.597001 20634
   69 9954.520799 17064
   70 -789.087530     3
   71 13865.908585 21647
   72 1159.961083 25568
   73 -199.330757     1
   74 17336.167191 18628
   75 4937.735366  1257
   76 24844.105736 14979
   77 -471.972933     9
   78 7653.866099 13258
   79 738.884315  2568
   80 6330.801942 22553
   81 4362.867115 12082
   82 -452.330386     2
   83 2828.922117 15949
   84 8909.480766 22106
   85 2668.269182 13544
   86 6086.628557  6255
   87 14891.068934 23714
   88 8591.066013  8149
   89 -1273.100210     6
   90 -88.016889     4
   91 3227.445407 10842
   92 2395.260173  6271
   93 532.823576 15863
   94 5071.660787 23772
   95 -370.056756     5
   96 -245.318835     9
   97 -2263.412795     9
   98 29144.884778 21222
   99 2550.082344  1573
  100 13315.131276 22037
