300
    1 938.019431     1
    2 5008.772388 16119
    3 5555.619366 22552
    4 -1298.031811     7
    5 -1431.591187     3
    6 5417.721612 17605
    7 -644.538452     0
    8 -578.095233     6
    9 -560.844592     9
   10 3651.413987  5019
   11 934.201865 11402
   12 -447.477594     2
   13 12552.521428  7882
   14 7315.544948 20490
   15 5436.476759  5438
   16 424.581260 18433
   17 -153.451623     5
   18 6667.562974 12080
   19 7968.519589  6863
   20 13806.700154 23698
   21 -740.368665     1
   22 1373.178083  1611
   23 2723.646883   525
   24 -1609.852577     6
   25 -931.863280     8
   26 -605.411461     1
   27 10167.584274 20096
   28 -2123.080127     8
   29 -1077.160619     7
   30 -3227.829957     1
   31 15198.512747 24956
   32 10583.405488 18649
   33 -225.674423     5
   34 2036.871595 14086
   35 -661.983059     1
   36 207.822844   763
   37 16558.378468 14573
   38 501.076600 22063
   39 -778.069289     7
   40 926.908003 18419
   41 1191.330886 21823
   42 -1943.846773     2
   43 7522.584978 15275
   44 9274.763559 15882
   45 2209.586111 14868
   46 -1082.028151     8
   47 -1824.650761     7
   48 -1331.655907     1
   49 7741.966281  2208
   50 -273.465684     1
   51 -544.335028     2
   52 12542.096121 19961
   53 8808.608937 20395
   54 7300.809167 26497
   55 -1697.998432     1
   56 11927.274342 17654
   57 1835.893400  4613
   58 -674.829610     3
   59 608.550568 14985
   60 1047.752554  2593
   61 14791.665859 10343
   62 -603.411121     5
   63 -430.102800     6
   64 -1735.245758     5
   65 1945.080649  2104
   66 -631.290082     3
   67 -22.485161     0
   68 131.905151 20634
   69 11067.679484 17064
   70 -968.041378     3
   71 7139.307729 21647
   72 16054.066090 25568
   73 -782.874163     1
   74 11264.652074 18628
   75 3239.486238  1257
   76 2369.571602 14979
   77 -1175.249157     9
   78 9610.519540 13258
   79 1512.607873  2568
   80 17825.487613 22553
   81 23953.320331 12082
   82 -2.925474     2
   83 19160.912806 15949
   84 10189.276430 22106
   85 4321.989592 13544
   86 13.598776  6255
   87 15969.009952 23714
   88 11180.042386  8149
   89 -950.476223     6
   90 -626.388568     4
   91 11268.739225 10842
   92 8504.427283  6271
   93 1514.035777 15863
   94 9592.572885 23772
   95 -347.789766     5
   96 -274.658656     9
   97 -292.882234     9
   98 36301.882225 21222
   99 1288.681198  1573
  100 18899.460500 22037
  101 2709.971302   828
  102 -657.903396     9
  103 4884.081627 12746
  104 -243.864400     1
  105 2467.615113   314
  106 -117.551736     9
  107 13199.657342 23962
  108 -42.850320     1
  109 31318.778621 23513
  110 6863.892707 12081
  111 -2271.853260     9
  112 9367.052569 13467
  113 5852.171671 27528
  114 -825.966323     4
  115 -817.006652     9
  116 6851.748789 10984
  117 -2536.794571     4
  118 -756.603509     8
  119 -498.805949     3
  120 -41.468125     1
  121 5087.079282 19028
  122 -1476.729309     1
  123 -196.459355     9
  124 11728.588271 22549
  125 -1610.722903     5
  126 -2282.007783     8
  127 15763.899263 26634
  128 -672.528475     5
  129 4727.351136  8009
  130 -121.949181     9
  131 1304.042767 18283
  132 1177.533479 14384
  133 7478.992161 14765
  134 10735.503818 14456
  135 -112.136060     3
  136 2549.902434  1602
  137 1813.045221  4234
  138 5197.690194 13370
  139 5095.198331  6832
  140 8518.318202 23847
  141 1558.741366  6524
  142 33654.442352 25512
  143 -1597.531557     7
  144 5884.346216 21094
  145 555.660662 23238
  146 -212.367392     4
  147 29453.472682 23525
  148 -464.998186     4
  149 -260.719629     7
  150 2170.410770   294
  151 1943.912824 10172
  152 -1566.161772     8
  153 10442.965462 21958
  154 -1125.159043     2
  155 -179.105350     1
  156 24113.021356 19828
  157 -176.896830     7
  158 630.527629   731
  159 -118.421049     1
  160 6284.086314 15722
  161 3930.792449  3195
  162 51.900569  1887
  163 5264.412994  3101
  164 1041.100708  2558
  165 -1042.220573     9
  166 -1999.429893     1
  167 6948.306942  7462
  168 -860.247650     9
  169 1332.528226  1250
  170 8336.109472 17861
  171 15145.552576 13695
  172 21945.222098 24490
  173 -543.653575     7
  174 -99.883959     1
  175 -663.883279     8
  176 2787.961633 25213
  177 -1063.779190     9
  178 -2893.316324     4
  179 6744.059729 11841
  180 2219.513305 26142
  181 5331.413544  3905
  182 6657.384180 18518
  183 148.478122 26181
  184 -1908.963859     0
  185 4190.520734  6201
  186 -537.223485     3
  187 -883.672196     1
  188 7825.423264  3731
  189 -301.934075     0
  190 2280.447685   594
  191 665.146685 20258
  192 1002.682706  8869
  193 2217.879068 11140
  194 -1941.831864     1
  195 -380.324485     4
  196 -1210.496577     6
  197 5082.981727  7350
  198 16151.221860 24250
  199 -798.164239     5
  200 6546.454556 16020
  201 1806.521327  6709
  202 944.792061 12541
  203 -2592.149099     3
  204 -1806.727202     5
  205 3341.057727 20824
  206 -422.328578     2
  207 1060.528049 10814
  208 15915.496785 20022
  209 -675.451518     5
  210 1406.794298   251
  211 1859.707721  1080
  212 3383.889384 15517
  213 16462.324427 23377
  214 -2741.935229     2
  215 -840.635462     5
  216 -46.062057     7
  217 17.729537  1281
  218 3571.638803 21838
  219 -479.145965     3
  220 -365.834400     0
  221 11893.571826 12350
  222 9464.690584  9458
  223 -484.279034     5
  224 -192.409674     0
  225 5599.560110 21527
  226 41.436526 15425
  227 -73.291862     8
  228 10518.921418 24261
  229 10489.946413 12613
  230 -717.032859     3
  231 6523.353812 25599
  232 16455.016822 22069
  233 1449.997077  2552
  234 -321.379795     3
  235 4773.567163  4764
  236 -332.105410     2
  237 1120.017252 11817
  238 -46.587530     9
  239 5704.991891  8720
  240 -78.726058     4
  241 3852.703114   876
  242 -734.849160     4
  243 275.796115 21854
  244 25605.486416 19497
  245 -586.051586     1
  246 -914.253795     2
  247 1040.606079   546
  248 18117.566515 22208
  249 -627.824674     3
  250 1972.742102  7189
  251 -1720.987946     8
  252 1336.637658  5355
  253 -4795.336277     9
  254 1591.469914    80
  255 -2278.147416     5
  256 5559.645345 23594
  257 7734.813083 22728
  258 -2343.776166     1
  259 3707.062148 12216
  260 1046.669334   214
  261 7401.716950 19666
  262 -304.261888     7
  263 2000.616822    74
  264 -1948.496852     0
  265 -171.560134     6
  266 3276.968119 16029
  267 12271.848519 16240
  268 1971.295433 27269
  269 20586.271866 23404
  270 -78.764088     7
  271 1986.320378  3066
  272 -981.533595     9
  273 1462.963229  3236
  274 7215.777567  8977
  275 -720.899775     2
  276 7977.325599 25687
  277 12346.698865 26575
  278 3832.387332 23229
  279 -1618.910011     4
  280 -441.282448     2
  281 14858.857375 23859
  282 3711.031891  6530
  283 -344.371123     7
  284 380.441025 10765
  285 13163.702817 15705
  286 8988.865928 24767
  287 2734.480676 14460
  288 15298.183335 17963
  289 6213.440236 16428
  290 -406.529247     6
  291 4811.667758 26421
  292 3782.891748 21578
  293 4913.169371 10799
  294 729.568491  3784
  295 -2094.841111     8
  296 -467.460761     2
  297 -1429.591852     8
  298 359.851060 18046
  299 17225.532602 14927
  300 9615.434867 19137
