300
    1 2523.936781     1
    2 4383.355006 16119
    3 2617.119429 22552
    4 -339.841139     7
    5 -1209.264844     3
    6 9440.097219 17605
    7 -909.623842     0
    8 -388.836530     6
    9 -14.632138     9
   10 1154.021933  5019
   11 2395.100322 11402
   12 -1036.737157     2
   13 3644.014103  7882
   14 13938.150477 20490
   15 4738.158540  5438
   16 3889.721555 18433
   17 -2633.721974     5
   18 6008.057609 12080
   19 108.975584  6863
   20 18445.644984 23698
   21 -501.636319     1
   22 717.645385  1611
   23 4092.748024   525
   24 -641.189234     6
   25 -178.761583     8
   26 -612.525987     1
   27 7050.960573 20096
   28 -355.447491     8
   29 -397.692905     7
   30 -3390.842387     1
   31 45604.297147 24956
   32 5524.824842 18649
   33 -498.672358     5
   34 15921.272720 14086
   35 -1175.693154     1
   36 1601.210781   763
   37 8180.747457 14573
   38 3988.879437 22063
   39 -14.996362     7
   40 11396.949738 18419
   41 962.528377 21823
   42 -1665.746706     2
   43 8517.020346 15275
   44 17923.404804 15882
   45 655.781281 14868
   46 -182.020450     8
   47 -302.765023     7
   48 -348.053652     1
   49 2424.647805  2208
   50 -1208.477263     1
   51 -126.864146     2
   52 11630.190525 19961
   53 37190.090841 20395
   54 2461.790640 26497
   55 -469.159373     1
   56 4985.496296 17654
   57 2739.397135  4613
   58 -560.112891     3
   59 12835.017803 14985
   60 6312.319471  2593
   61 184.560400 10343
   62 -523.726921     5
   63 -103.315844     6
   64 -1397.831359     5
   65 4076.062513  2104
   66 -1027.730975     3
   67 -67.862150     0
   68 7209.737179 20634
   69 14453.511420 17064
   70 -454.855628     3
   71 4721.975312 21647
   72 2380.564723 25568
   73 -123.306559     1
   74 25267.558282 18628
   75 1793.965456  1257
   76 1757.575967 14979
   77 -1162.593558     9
   78 3464.815067 13258
   79 2263.034480  2568
   80 8468.430812 22553
   81 14697.873980 12082
   82 -225.849928     2
   83 11617.329149 15949
   84 4878.015322 22106
   85 3030.928447 13544
   86 1177.114927  6255
   87 14582.442219 23714
   88 10314.128862  8149
   89 -154.153630     6
   90 -1482.759771     4
   91 10795.182023 10842
   92 3858.861437  6271
   93 10127.711023 15863
   94 16207.426325 23772
   95 -184.342204     5
   96 -659.868977     9
   97 -388.633817     9
   98 12536.545651 21222
   99 644.644402  1573
  100 2620.893569 22037
  101 2934.960329   828
  102 -676.735604     9
  103 12924.735064 12746
  104 -300.436370     1
  105 2371.289114   314
  106 -724.254371     9
  107 2463.611798 23962
  108 -114.116200     1
  109 15428.366648 23513
  110 12364.477671 12081
  111 -56.213678     9
  112 13040.006614 13467
  113 21369.974268 27528
  114 -588.006176     4
  115 -795.120106     9
  116 4177.045546 10984
  117 -1741.832563     4
  118 -503.556128     8
  119 -132.461909     3
  120 -1295.025725     1
  121 2572.086152 19028
  122 -1436.790476     1
  123 -1172.085786     9
  124 3167.186191 22549
  125 -1753.842914     5
  126 -236.640943     8
  127 16996.383711 26634
  128 -962.937261     5
  129 2860.644643  8009
  130 -897.215643     9
  131 16477.508931 18283
  132 1476.986991 14384
  133 18832.069691 14765
  134 16733.325076 14456
  135 -731.525136     3
  136 1168.836289  1602
  137 5541.959164  4234
  138 4780.969253 13370
  139 2721.943659  6832
  140 14574.200905 23847
  141 6657.861505  6524
  142 18701.106878 25512
  143 -280.536855     7
  144 20880.090721 21094
  145 21401.590764 23238
  146 -1028.279081     4
  147 18666.277518 23525
  148 -334.863199     4
  149 -514.812182     7
  150 2024.686853   294
  151 2599.026371 10172
  152 -485.059734     8
  153 31935.392105 21958
  154 -2.058630     2
  155 -194.912447     1
  156 14718.274990 19828
  157 -1697.905198     7
  158 1175.913438   731
  159 -323.736077     1
  160 6952.874079 15722
  161 2650.292840  3195
  162 592.046708  1887
  163 2041.052774  3101
  164 3974.768597  2558
  165 -742.666985     9
  166 -323.157972     1
  167 5417.822020  7462
  168 -492.336544     9
  169 2323.656545  1250
  170 24072.380588 17861
  171 8084.110711 13695
  172 21136.067431 24490
  173 -292.565730     7
  174 -892.578697     1
  175 -181.236989     8
  176 4567.039621 25213
  177 -930.935046     9
  178 -632.868698     4
  179 7476.138608 11841
  180 18852.258637 26142
  181 1028.687326  3905
  182 27550.899748 18518
  183 10550.307277 26181
  184 -53.945000     0
  185 4501.317040  6201
  186 -201.984057     3
  187 -1098.254072     1
  188 2435.951678  3731
  189 -199.907707     0
  190 1851.568187   594
  191 8959.022526 20258
  192 7659.526219  8869
  193 2917.395013 11140
  194 -739.725918     1
  195 -2176.223560     4
  196 -422.309720     6
  197 4783.505731  7350
  198 11460.280151 24250
  199 -1390.085822     5
  200 13363.011762 16020
  201 6081.057672  6709
  202 1684.657589 12541
  203 -608.328908     3
  204 -1194.221893     5
  205 4487.441426 20824
  206 -1441.795815     2
  207 4823.488322 10814
  208 2229.955219 20022
  209 -1420.444770     5
  210 3489.286874   251
  211 3633.037233  1080
  212 4417.793090 15517
  213 902.102777 23377
  214 -1990.058149     2
  215 -559.270672     5
  216 -622.522500     7
  217 7580.979310  1281
  218 9494.933183 21838
  219 -91.812703     3
  220 -103.598421     0
  221 6611.439039 12350
  222 5897.236725  9458
  223 -624.714839     5
  224 -1689.925349     0
  225 6592.846070 21527
  226 7113.184772 15425
  227 -820.823137     8
  228 7395.661816 24261
  229 30.171510 12613
  230 -122.160616     3
  231 9940.846628 25599
  232 13061.988795 22069
  233 5594.607287  2552
  234 -396.136320     3
  235 405.620937  4764
  236 -66.094537     2
  237 6123.804809 11817
  238 -1864.400744     9
  239 10158.767267  8720
  240 -103.740739     4
  241 6388.517506   876
  242 -1021.260732     4
  243 5949.737509 21854
  244 2752.558940 19497
  245 -708.028939     1
  246 -3737.726094     2
  247 991.421104   546
  248 16796.515309 22208
  249 -704.167022     3
  250 2975.151036  7189
  251 -812.980571     8
  252 85.627630  5355
  253 -2098.712992     9
  254 972.815629    80
  255 -838.943044     5
  256 32604.490679 23594
  257 1394.366168 22728
  258 -565.518448     1
  259 2515.058108 12216
  260 1705.578954   214
  261 2405.790958 19666
  262 -408.781795     7
  263 1923.866748    74
  264 -974.610337     0
  265 -481.864586     6
  266 5995.873185 16029
  267 6091.612649 16240
  268 47509.988618 27269
  269 3982.154452 23404
  270 -1145.566733     7
  271 824.425001  3066
  272 -195.695692     9
  273 73.210713  3236
  274 10850.193615  8977
  275 -1066.473310     2
  276 7691.535652 25687
  277 4191.575013 26575
  278 14905.560714 23229
  279 -1461.273659     4
  280 -149.422692     2
  281 18731.842458 23859
  282 1657.062327  6530
  283 -1584.183115     7
  284 2716.001919 10765
  285 14098.618615 15705
  286 9583.509703 24767
  287 1921.777865 14460
  288 15201.631250 17963
  289 3149.549023 16428
  290 -1243.781741     6
  291 3030.419739 26421
  292 3795.324400 21578
  293 13603.722422 10799
  294 622.029226  3784
  295 -244.770517     8
  296 -2634.380681     2
  297 -1627.923963     8
  298 3385.398029 18046
  299 4477.878148 14927
  300 2030.731477 19137
