300
    1 2133.225702     1
    2 9415.045466 16119
    3 5328.594058 22552
    4 -13.528956     7
    5 -2773.888320     3
    6 3339.286483 17605
    7 -472.826635     0
    8 -274.642267     6
    9 -89.410787     9
   10 1708.874252  5019
   11 1030.576276 11402
   12 -1379.200268     2
   13 5993.316592  7882
   14 15997.297804 20490
   15 1566.501562  5438
   16 16748.503528 18433
   17 -878.951802     5
   18 6575.679104 12080
   19 13871.543885  6863
   20 6988.216685 23698
   21 -1242.775566     1
   22 1150.011803  1611
   23 578.760161   525
   24 -118.601894     6
   25 -57.452274     8
   26 -491.155891     1
   27 294.902772 20096
   28 -41.605321     8
   29 -338.459122     7
   30 -3307.469244     1
   31 8758.968338 24956
   32 2935.076416 18649
   33 -248.796888     5
   34 2664.820882 14086
   35 -0.527843     1
   36 1811.614161   763
   37 6682.399782 14573
   38 2184.494262 22063
   39 -694.856194     7
   40 9167.204351 18419
   41 6769.739966 21823
   42 -1321.421348     2
   43 5124.493793 15275
   44 1227.726792 15882
   45 9623.953341 14868
   46 -334.326735     8
   47 -317.610644     7
   48 -601.585584     1
   49 490.059846  2208
   50 -852.338226     1
   51 -322.192238     2
   52 14916.916997 19961
   53 1621.382912 20395
   54 2535.793146 26497
   55 -2892.281502     1
   56 7785.925286 17654
   57 1814.918043  4613
   58 -169.663258     3
   59 19.086722 14985
   60 4494.245682  2593
   61 12035.450156 10343
   62 -2811.535546     5
   63 -8.987995     6
   64 -1927.760010     5
   65 2253.633176  2104
   66 -131.842482     3
   67 -55.996226     0
   68 7609.757680 20634
   69 3049.915279 17064
   70 -1065.550462     3
   71 6332.972142 21647
   72 10712.169430 25568
   73 -320.344276     1
   74 804.637207 18628
   75 1600.852276  1257
   76 2684.566863 14979
   77 -344.595486     9
   78 1751.381686 13258
   79 2648.146656  2568
   80 14501.128326 22553
   81 495.757904 12082
   82 -796.841934     2
   83 11927.775885 15949
   84 839.863867 22106
   85 3843.045033 13544
   86 5248.451594  6255
   87 8488.101388 23714
   88 4208.604015  8149
   89 -201.742127     6
   90 -455.303442     4
   91 7871.712748 10842
   92 3812.466253  6271
   93 20606.852501 15863
   94 13440.219863 23772
   95 -22.614586     5
   96 -505.029229     9
   97 -754.831591     9
   98 5156.118924 21222
   99 1222.065642  1573
  100 3743.053781 22037
  101 1138.982792   828
  102 -730.323640     9
  103 14492.288816 12746
  104 -243.075019     1
  105 2020.558950   314
  106 -1746.889225     9
  107 21501.141063 23962
  108 -554.550974     1
  109 25731.294207 23513
  110 5408.469981 12081
  111 -835.192520     9
  112 6219.639641 13467
  113 30013.176985 27528
  114 -316.570265     4
  115 -288.295841     9
  116 6671.097727 10984
  117 -632.598620     4
  118 -419.236710     8
  119 -1688.727106     3
  120 -6.671130     1
  121 9337.900823 19028
  122 -772.556685     1
  123 -765.158727     9
  124 15740.828091 22549
  125 -1968.750026     5
  126 -1238.080219     8
  127 15208.729629 26634
  128 -1291.128937     5
  129 13417.474539  8009
  130 -724.257659     9
  131 4645.930069 18283
  132 3755.961070 14384
  133 3570.104090 14765
  134 11248.107630 14456
  135 -3023.453810     3
  136 2317.350075  1602
  137 2316.153858  4234
  138 12217.090412 13370
  139 722.819553  6832
  140 15340.426389 23847
  141 5224.243491  6524
  142 3993.720499 25512
  143 -585.256026     7
  144 8982.895392 21094
  145 6126.713989 23238
  146 -70.740234     4
  147 2737.246509 23525
  148 -482.360292     4
  149 -558.869137     7
  150 624.381380   294
  151 3079.525077 10172
  152 -895.996894     8
  153 168.328736 21958
  154 -2198.391822     2
  155 -508.082186     1
  156 2177.375056 19828
  157 -1170.557223     7
  158 4347.771772   731
  159 -277.637245     1
  160 16096.677287 15722
  161 3907.021398  3195
  162 904.052646  1887
  163 1923.935715  3101
  164 528.286450  2558
  165 -1044.762242     9
  166 -2065.094768     1
  167 7956.988503  7462
  168 -192.662583     9
  169 2854.670595  1250
  170 18663.260538 17861
  171 3743.663512 13695
  172 3185.022866 24490
  173 -49.702139     7
  174 -850.202886     1
  175 -2740.040530     8
  176 22226.438461 25213
  177 -350.549443     9
  178 -1627.012763     4
  179 8621.183568 11841
  180 8360.100671 26142
  181 4650.861179  3905
  182 6046.215247 18518
  183 12807.360927 26181
  184 -743.526018     0
  185 7593.668364  6201
  186 -353.638608     3
  187 -556.919343     1
  188 4670.635445  3731
  189 -1080.726500     0
  190 2587.329643   594
  191 18510.906142 20258
  192 3202.398777  8869
  193 15728.526230 11140
  194 -1395.038855     1
  195 -666.801399     4
  196 -1440.647930     6
  197 493.623287  7350
  198 3745.562076 24250
  199 -1683.703496     5
  200 19900.965484 16020
  201 2277.094416  6709
  202 8075.654681 12541
  203 -2706.600644     3
  204 -395.702353     5
  205 2171.781060 20824
  206 -2038.190817     2
  207 1568.904873 10814
  208 10789.861258 20022
  209 -481.102092     5
  210 135.374103   251
  211 1748.540695  1080
  212 3072.311643 15517
  213 7694.860854 23377
  214 -97.243525     2
  215 -582.998364     5
  216 -69.460750     7
  217 1596.967667  1281
  218 9546.371673 21838
  219 -81.738134     3
  220 -428.548128     0
  221 9136.467750 12350
  222 7708.747437  9458
  223 -937.053938     5
  224 -2197.040411     0
  225 1677.381891 21527
  226 7867.803404 15425
  227 -514.465960     8
  228 11024.904364 24261
  229 8251.457817 12613
  230 -1673.408800     3
  231 5330.989720 25599
  232 7803.883819 22069
  233 247.262076  2552
  234 -3011.275019     3
  235 3536.405264  4764
  236 -440.483390     2
  237 1897.287735 11817
  238 -811.053443     9
  239 8249.276768  8720
  240 -853.784860     4
  241 1343.924510   876
  242 -721.112745     4
  243 15713.039210 21854
  244 25687.912511 19497
  245 -332.237253     1
  246 -173.729539     2
  247 3648.195770   546
  248 20459.795080 22208
  249 -485.748210     3
  250 118.342239  7189
  251 -158.095269     8
  252 10824.914753  5355
  253 -220.246196     9
  254 2237.265218    80
  255 -1312.037611     5
  256 2053.220274 23594
  257 7554.805581 22728
  258 -2296.590166     1
  259 7.552304 12216
  260 1828.945578   214
  261 3622.498184 19666
  262 -1701.515482     7
  263 444.652690    74
  264 -2373.313647     0
  265 -18.947895     6
  266 2501.201826 16029
  267 3539.005158 16240
  268 1885.636413 27269
  269 2648.134956 23404
  270 -516.863294     7
  271 3366.485757  3066
  272 -2332.424098     9
  273 4482.489769  3236
  274 4736.976191  8977
  275 -1200.434608     2
  276 2623.378386 25687
  277 28273.551026 26575
  278 12851.615866 23229
  279 -927.374394     4
  280 -228.011499     2
  281 29430.841275 23859
  282 2455.812636  6530
  283 -255.577817     7
  284 3335.474598 10765
  285 14574.610839 15705
  286 19279.341532 24767
  287 14647.010537 14460
  288 893.465199 17963
  289 12021.514594 16428
  290 -635.565593     6
  291 4429.499767 26421
  292 7231.174557 21578
  293 13279.210362 10799
  294 1949.705513  3784
  295 -769.210819     8
  296 -1476.521915     2
  297 -820.542633     8
  298 16196.973608 18046
  299 16636.598614 14927
  300 12121.249870 19137
