300
    1 1568.548484     1
    2 26406.279271 16119
    3 7514.892626 22552
    4 -206.520014     7
    5 -828.826109     3
    6 11935.002219 17605
    7 -867.021112     0
    8 -1283.177209     6
    9 -1839.453870     9
   10 609.300941  5019
   11 27.976177 11402
   12 -630.819341     2
   13 2276.525376  7882
   14 2087.636650 20490
   15 6634.563670  5438
   16 16953.520980 18433
   17 -192.626672     5
   18 8179.093978 12080
   19 2747.379044  6863
   20 8579.937294 23698
   21 -1057.900785     1
   22 4123.439379  1611
   23 1898.210173   525
   24 -1856.802439     6
   25 -543.541059     8
   26 -70.764534     1
   27 6659.343103 20096
   28 -1368.984089     8
   29 -1620.787824     7
   30 -1342.795841     1
   31 21198.495316 24956
   32 666.479001 18649
   33 -400.076547     5
   34 9180.124807 14086
   35 -991.060285     1
   36 1176.204544   763
   37 13009.167700 14573
   38 18160.310932 22063
   39 -2401.729691     7
   40 855.281358 18419
   41 6659.254106 21823
   42 -991.021266     2
   43 4058.626853 15275
   44 3769.313464 15882
   45 902.029199 14868
   46 -435.972849     8
   47 -117.070012     7
   48 -1281.506441     1
   49 1231.734972  2208
   50 -1135.714452     1
   51 -1614.612200     2
   52 16525.544029 19961
   53 22709.959751 20395
   54 12860.445094 26497
   55 -947.725738     1
   56 8916.268548 17654
   57 7190.916021  4613
   58 -976.421696     3
   59 4949.040644 14985
   60 611.040663  2593
   61 4490.355053 10343
   62 -2715.464935     5
   63 -550.516746     6
   64 -455.860590     5
   65 1392.457583  2104
   66 -952.201849     3
   67 -1708.866967     0
   68 3384.078514 20634
   69 8653.647414 17064
   70 -330.784443     3
   71 8854.692127 21647
   72 3523.924352 25568
   73 -1552.725293     1
   74 12142.561857 18628
   75 1762.519803  1257
   76 6319.154138 14979
   77 -917.467468     9
   78 3132.798790 13258
   79 7255.789794  2568
   80 5516.767183 22553
   81 2795.942724 12082
   82 -341.493173     2
   83 7548.858605 15949
   84 14367.981120 22106
   85 1781.366290 13544
   86 3870.101736  6255
   87 8546.024429 23714
   88 629.844562  8149
   89 -2054.621298     6
   90 -1305.157537     4
   91 3008.710275 10842
   92 6387.422125  6271
   93 12197.992706 15863
   94 1518.800766 23772
   95 -665.403264     5
   96 -402.140472     9
   97 -1439.033383     9
   98 8682.450842 21222
   99 1669.230032  1573
  100 1127.042642 22037
  101 3234.663587   828
  102 -1683.886081     9
  103 889.235353 12746
  104 -1976.150971     1
  105 4692.001173   314
  106 -2441.338429     9
  107 23406.249309 23962
  108 -58.468013     1
  109 5569.441409 23513
  110 3482.205794 12081
  111 -606.758105     9
  112 10889.114166 13467
  113 10727.485623 27528
  114 -33.672568     4
  115 -438.708550     9
  116 18698.727515 10984
  117 -682.409827     4
  118 -211.676101     8
  119 -313.859522     3
  120 -882.276658     1
  121 2574.040954 19028
  122 -448.131796     1
  123 -1339.910648     9
  124 13885.983031 22549
  125 -2196.779110     5
  126 -1883.407621     8
  127 1346.826330 26634
  128 -488.113289     5
  129 591.625966  8009
  130 -552.139669     9
  131 9713.881202 18283
  132 10293.038848 14384
  133 14267.742051 14765
  134 5118.385146 14456
  135 -3091.400957     3
  136 2119.140092  1602
  137 2766.734479  4234
  138 2906.258200 13370
  139 2412.484504  6832
  140 1751.928854 23847
  141 2533.872934  6524
  142 247.399345 25512
  143 -372.433240     7
  144 8431.309806 21094
  145 15750.935143 23238
  146 -883.949963     4
  147 1772.107553 23525
  148 -449.643424     4
  149 -328.813202     7
  150 1802.596589   294
  151 3804.655267 10172
  152 -480.263060     8
  153 1740.728795 21958
  154 -1115.048842     2
  155 -254.840482     1
  156 33304.419412 19828
  157 -1003.096164     7
  158 1378.000374   731
  159 -520.750845     1
  160 8550.932284 15722
  161 8050.679899  3195
  162 1960.827433  1887
  163 3481.308830  3101
  164 865.760681  2558
  165 -301.112441     9
  166 -2188.756631     1
  167 2652.866925  7462
  168 -68.220623     9
  169 2871.991036  1250
  170 1490.016795 17861
  171 3648.919483 13695
  172 8296.718586 24490
  173 -85.564657     7
  174 -640.223772     1
  175 -678.662834     8
  176 38908.505421 25213
  177 -1051.817536     9
  178 -1166.314048     4
  179 8943.809190 11841
  180 16471.114545 26142
  181 9385.094686  3905
  182 8431.731087 18518
  183 20336.751603 26181
  184 -2557.242741     0
  185 1158.683563  6201
  186 -99.794434     3
  187 -1113.758071     1
  188 2672.697143  3731
  189 -2002.011959     0
  190 460.965183   594
  191 13551.077378 20258
  192 2711.175749  8869
  193 5606.461957 11140
  194 -2071.564385     1
  195 -57.190529     4
  196 -1212.899846     6
  197 6280.171899  7350
  198 35200.638861 24250
  199 -664.678643     5
  200 3032.727953 16020
  201 1836.080707  6709
  202 6479.548289 12541
  203 -1052.959932     3
  204 -173.173320     5
  205 14568.243205 20824
  206 -1984.856405     2
  207 6838.590353 10814
  208 860.552464 20022
  209 -849.684561     5
  210 1724.736655   251
  211 5973.416703  1080
  212 9193.916820 15517
  213 14118.777932 23377
  214 -1638.783388     2
  215 -531.872208     5
  216 -509.440188     7
  217 3841.903886  1281
  218 923.720846 21838
  219 -1447.628787     3
  220 -2111.503837     0
  221 4924.888505 12350
  222 2536.129196  9458
  223 -225.590113     5
  224 -1080.894120     0
  225 1536.345579 21527
  226 4960.727703 15425
  227 -1430.117465     8
  228 32667.411444 24261
  229 334.758576 12613
  230 -2240.828062     3
  231 12566.632021 25599
  232 2376.007380 22069
  233 7262.515140  2552
  234 -1061.963139     3
  235 4517.380075  4764
  236 -413.939330     2
  237 3219.640732 11817
  238 -968.436051     9
  239 15239.617453  8720
  240 -328.929317     4
  241 857.976132   876
  242 -1966.288603     4
  243 1939.928019 21854
  244 25167.304931 19497
  245 -130.526651     1
  246 -578.759798     2
  247 2525.959826   546
  248 4228.134416 22208
  249 -691.478337     3
  250 6870.328784  7189
  251 -807.077904     8
  252 2556.944669  5355
  253 -1915.209634     9
  254 889.852868    80
  255 -607.108255     5
  256 4053.448443 23594
  257 1497.909359 22728
  258 -1295.353871     1
  259 3215.775000 12216
  260 95.608869   214
  261 5397.852282 19666
  262 -857.867771     7
  263 3342.324343    74
  264 -1441.600649     0
  265 -171.896014     6
  266 7511.603788 16029
  267 11276.545398 16240
  268 9174.940309 27269
  269 493.289254 23404
  270 -1884.093752     7
  271 3959.887035  3066
  272 -3282.196307     9
  273 9420.300075  3236
  274 3000.957047  8977
  275 -1373.557211     2
  276 9179.766393 25687
  277 8281.065476 26575
  278 9232.569069 23229
  279 -1053.950751     4
  280 -189.842585     2
  281 11531.174540 23859
  282 7133.685346  6530
  283 -1315.616333     7
  284 5441.700769 10765
  285 362.452916 15705
  286 5364.428067 24767
  287 5259.445813 14460
  288 13361.343072 17963
  289 4311.627992 16428
  290 -638.388804     6
  291 28603.807504 26421
  292 14977.324206 21578
  293 13776.928936 10799
  294 2844.112076  3784
  295 -1184.458926     8
  296 -1192.704015     2
  297 -2243.099816     8
  298 13072.675191 18046
  299 6590.698068 14927
  300 6540.674710 19137
