300
    1 5230.159883     1
    2 13965.709075 16119
    3 22144.003731 22552
    4 -361.812088     7
    5 -1505.219235     3
    6 6141.690840 17605
    7 -250.070217     0
    8 -1518.773697     6
    9 -5.955455     9
   10 330.630555  5019
   11 2527.280397 11402
   12 -2124.385640     2
   13 4814.221114  7882
   14 21062.576422 20490
   15 6046.463682  5438
   16 12.995358 18433
   17 -1273.446520     5
   18 4348.586172 12080
   19 4529.234481  6863
   20 9603.125910 23698
   21 -1090.350967     1
   22 898.913376  1611
   23 7073.237878   525
   24 -935.986383     6
   25 -521.701027     8
   26 -337.675632     1
   27 8978.016380 20096
   28 -1396.382008     8
   29 -2228.588113     7
   30 -744.935619     1
   31 17936.430293 24956
   32 3559.442644 18649
   33 -621.741607     5
   34 13334.757692 14086
   35 -1132.725204     1
   36 6538.698772   763
   37 342.922851 14573
   38 7707.310869 22063
   39 -1024.683511     7
   40 19330.025099 18419
   41 13269.647973 21823
   42 -567.316638     2
   43 6068.311283 15275
   44 15200.104534 15882
   45 13564.616626 14868
   46 -902.355187     8
   47 -967.956404     7
   48 -1175.198421     1
   49 7826.110448  2208
   50 -1046.648015     1
   51 -13.501419     2
   52 12221.964028 19961
   53 4619.156164 20395
   54 24330.379999 26497
   55 -291.087344     1
   56 8299.256137 17654
   57 2639.477353  4613
   58 -1223.244147     3
   59 6995.841007 14985
   60 3186.421001  2593
   61 1222.392978 10343
   62 -260.332219     5
   63 -43.808949     6
   64 -291.813132     5
   65 535.359671  2104
   66 -1038.281920     3
   67 -857.390508     0
   68 2464.461893 20634
   69 17814.437433 17064
   70 -953.579657     3
   71 4805.340760 21647
   72 12831.765638 25568
   73 -894.824301     1
   74 11239.457235 18628
   75 2375.094021  1257
   76 8581.829041 14979
   77 -179.188649     9
   78 10716.587100 13258
   79 1014.991185  2568
   80 2053.674944 22553
   81 1414.910685 12082
   82 -1659.202041     2
   83 23193.612282 15949
   84 22616.978456 22106
   85 6649.825770 13544
   86 2095.927462  6255
   87 4940.322664 23714
   88 2546.179645  8149
   89 -946.453194     6
   90 -782.350980     4
   91 2847.729513 10842
   92 2181.291109  6271
   93 9374.883275 15863
   94 22381.070256 23772
   95 -1200.749754     5
   96 -1329.643400     9
   97 -648.461639     9
   98 31314.695307 21222
   99 1641.836921  1573
  100 19733.675036 22037
  101 722.684608   828
  102 -611.567037     9
  103 175.164699 12746
  104 -95.676892     1
  105 525.553663   314
  106 -1650.931029     9
  107 96.009041 23962
  108 -1664.450643     1
  109 16616.504823 23513
  110 11319.185419 12081
  111 -1431.570705     9
  112 2277.203948 13467
  113 11749.167775 27528
  114 -575.730937     4
  115 -1506.227097     9
  116 5331.573480 10984
  117 -207.483634     4
  118 -306.306067     8
  119 -918.666573     3
  120 -466.885833     1
  121 3903.938336 19028
  122 -114.934357     1
  123 -774.854820     9
  124 17407.753278 22549
  125 -1480.949531     5
  126 -2623.825349     8
  127 6778.245923 26634
  128 -398.903568     5
  129 11246.579933  8009
  130 -166.763165     9
  131 17663.601992 18283
  132 8115.362974 14384
  133 3823.516328 14765
  134 4734.248972 14456
  135 -2997.181732     3
  136 94.092742  1602
  137 4308.056559  4234
  138 3791.315029 13370
  139 149.594747  6832
  140 21359.954772 23847
  141 1595.353652  6524
  142 371.164590 25512
  143 -474.835548     7
  144 19235.068514 21094
  145 10169.530228 23238
  146 -976.715432     4
  147 3474.695674 23525
  148 -408.641950     4
  149 -48.073798     7
  150 258.856924   294
  151 7135.206599 10172
  152 -1425.416196     8
  153 11872.496271 21958
  154 -439.109375     2
  155 -46.787936     1
  156 5695.749327 19828
  157 -242.593857     7
  158 5800.847497   731
  159 -498.959998     1
  160 2640.406393 15722
  161 4930.296572  3195
  162 219.001253  1887
  163 5032.035550  3101
  164 2241.390059  2558
  165 -840.244130     9
  166 -895.437181     1
  167 12227.082143  7462
  168 -674.077173     9
  169 793.279387  1250
  170 7501.327690 17861
  171 7335.139998 13695
  172 7766.655330 24490
  173 -1584.441519     7
  174 -1319.161945     1
  175 -143.105915     8
  176 7053.677325 25213
  177 -311.920632     9
  178 -2729.972445     4
  179 699.016396 11841
  180 12964.245822 26142
  181 180.732220  3905
  182 9344.695456 18518
  183 10043.617094 26181
  184 -2069.640838     0
  185 3440.889780  6201
  186 -327.200655     3
  187 -952.716134     1
  188 1531.804091  3731
  189 -1637.741965     0
  190 5454.125154   594
  191 5669.303272 20258
  192 7307.674032  8869
  193 320.930675 11140
  194 -330.591203     1
  195 -165.809434     4
  196 -817.499682     6
  197 5738.535032  7350
  198 9203.585055 24250
  199 -598.526428     5
  200 6920.120612 16020
  201 4123.970705  6709
  202 6401.725225 12541
  203 -746.150575     3
  204 -391.867282     5
  205 3669.100003 20824
  206 -593.789217     2
  207 7721.682255 10814
  208 1549.645563 20022
  209 -445.961495     5
  210 4805.158216   251
  211 213.515658  1080
  212 11920.312879 15517
  213 12372.614614 23377
  214 -30.897061     2
  215 -1623.652788     5
  216 -1044.966552     7
  217 3294.714147  1281
  218 9422.701256 21838
  219 -206.695876     3
  220 -973.406516     0
  221 7830.904967 12350
  222 22356.195945  9458
  223 -432.488691     5
  224 -2891.810090     0
  225 15302.158169 21527
  226 15033.005307 15425
  227 -2312.880797     8
  228 5675.167009 24261
  229 3722.243432 12613
  230 -935.052555     3
  231 13057.475392 25599
  232 7294.159590 22069
  233 8044.478521  2552
  234 -1407.974240     3
  235 4835.165362  4764
  236 -1278.493456     2
  237 10093.195170 11817
  238 -292.423911     9
  239 4457.795780  8720
  240 -11.999262     4
  241 146.874436   876
  242 -1863.518648     4
  243 9104.625475 21854
  244 20512.050936 19497
  245 -1418.401618     1
  246 -936.510823     2
  247 3709.405271   546
  248 6450.120521 22208
  249 -579.896464     3
  250 5778.133727  7189
  251 -1508.982609     8
  252 6154.926754  5355
  253 -1190.972591     9
  254 4327.746248    80
  255 -2334.979459     5
  256 7254.528160 23594
  257 30397.932947 22728
  258 -1141.291696     1
  259 8791.189245 12216
  260 88.603868   214
  261 6289.510273 19666
  262 -726.173115     7
  263 1450.830444    74
  264 -818.168270     0
  265 -1089.711766     6
  266 1140.604052 16029
  267 9494.953773 16240
  268 4611.043019 27269
  269 25804.627090 23404
  270 -363.633548     7
  271 2446.006354  3066
  272 -4326.332981     9
  273 618.437022  3236
  274 5383.404073  8977
  275 -1049.915224     2
  276 20199.192624 25687
  277 23657.126954 26575
  278 11446.004374 23229
  279 -2403.472185     4
  280 -323.386583     2
  281 5793.177020 23859
  282 2073.392778  6530
  283 -879.039798     7
  284 13728.441779 10765
  285 5290.187344 15705
  286 19630.119270 24767
  287 1492.139614 14460
  288 7474.093799 17963
  289 9189.266589 16428
  290 -1500.753030     6
  291 1909.179536 26421
  292 4134.937958 21578
  293 2114.026233 10799
  294 1788.219093  3784
  295 -884.536535     8
  296 -773.688878     2
  297 -1490.742832     8
  298 2709.774321 18046
  299 959.474616 14927
  300 8520.158635 19137
