300
    1 1709.528656     1
    2 6737.405088 16119
    3 7817.339204 22552
    4 -1739.251147     7
    5 -1378.424609     3
    6 14727.701821 17605
    7 -476.564364     0
    8 -2515.261046     6
    9 -576.928541     9
   10 1329.216237  5019
   11 11992.187193 11402
   12 -1483.468500     2
   13 12661.592547  7882
   14 4557.278770 20490
   15 1126.447987  5438
   16 9588.380311 18433
   17 -182.340766     5
   18 8766.597514 12080
   19 5565.822140  6863
   20 15936.964753 23698
   21 -1805.309425     1
   22 4758.338218  1611
   23 1103.249968   525
   24 -434.792300     6
   25 -358.467607     8
   26 -402.093152     1
   27 4882.771537 20096
   28 -1212.655640     8
   29 -1907.652296     7
   30 -1474.521891     1
   31 7735.897053 24956
   32 4400.059008 18649
   33 -912.711841     5
   34 13662.873416 14086
   35 -358.050821     1
   36 3095.014668   763
   37 6132.852586 14573
   38 19940.611537 22063
   39 -177.184683     7
   40 6730.659932 18419
   41 20495.938862 21823
   42 -1281.565404     2
   43 7413.107561 15275
   44 15140.325356 15882
   45 8448.537343 14868
   46 -826.459011     8
   47 -1568.025459     7
   48 -649.184602     1
   49 28.006045  2208
   50 -352.841766     1
   51 -249.001642     2
   52 12467.074246 19961
   53 2112.680985 20395
   54 13755.803335 26497
   55 -544.307531     1
   56 12326.899322 17654
   57 2713.449715  4613
   58 -926.800594     3
   59 5655.736712 14985
   60 4502.854760  2593
   61 1266.703538 10343
   62 -1946.129482     5
   63 -613.895175     6
   64 -914.735082     5
   65 1033.286460  2104
   66 -512.747738     3
   67 -172.809061     0
   68 7066.091327 20634
   69 11137.960881 17064
   70 -748.872970     3
   71 11749.458287 21647
   72 425.976801 25568
   73 -1159.952230     1
   74 24332.339350 18628
   75 59.923943  1257
   76 16534.830014 14979
   77 -915.522843     9
   78 10031.929438 13258
   79 7805.944976  2568
   80 10875.155020 22553
   81 2472.439648 12082
   82 -936.131303     2
   83 22066.520792 15949
   84 11509.340697 22106
   85 14997.515796 13544
   86 4673.551109  6255
   87 10237.561151 23714
   88 6582.856217  8149
   89 -1852.778426     6
   90 -1311.847709     4
   91 10276.107837 10842
   92 4261.415940  6271
   93 10613.888796 15863
   94 16963.788681 23772
   95 -950.842569     5
   96 -253.072423     9
   97 -1201.355680     9
   98 8237.392274 21222
   99 2768.752297  1573
  100 4819.413757 22037
  101 3872.752386   828
  102 -349.560230     9
  103 6898.139140 12746
  104 -1861.990227     1
  105 1653.282544   314
  106 -259.701802     9
  107 45.563802 23962
  108 -580.707805     1
  109 3079.656968 23513
  110 7204.321171 12081
  111 -788.393927     9
  112 8800.440277 13467
  113 11051.021332 27528
  114 -112.258064     4
  115 -620.585403     9
  116 3017.523986 10984
  117 -1224.054328     4
  118 -385.945382     8
  119 -423.430973     3
  120 -1405.817283     1
  121 9943.174762 19028
  122 -617.227136     1
  123 -36.532712     9
  124 1560.687784 22549
  125 -700.532289     5
  126 -1425.813730     8
  127 8815.488228 26634
  128 -701.816111     5
  129 12528.218033  8009
  130 -378.224986     9
  131 8045.598932 18283
  132 8314.298296 14384
  133 13775.069291 14765
  134 9601.045799 14456
  135 -505.310372     3
  136 1823.937579  1602
  137 3764.968779  4234
  138 9062.445418 13370
  139 1504.951235  6832
  140 10393.175366 23847
  141 7614.068738  6524
  142 13605.989743 25512
  143 -1134.247975     7
  144 17043.027916 21094
  145 1565.465344 23238
  146 -412.401605     4
  147 6275.804474 23525
  148 -297.833017     4
  149 -257.638791     7
  150 2979.125221   294
  151 25420.862732 10172
  152 -467.404839     8
  153 8798.797315 21958
  154 -2314.042818     2
  155 -781.318867     1
  156 28209.255785 19828
  157 -500.631799     7
  158 109.835171   731
  159 -649.571445     1
  160 17119.686971 15722
  161 1181.518207  3195
  162 127.962089  1887
  163 3259.327176  3101
  164 632.326120  2558
  165 -910.084610     9
  166 -1622.606981     1
  167 360.552022  7462
  168 -286.532555     9
  169 4436.613438  1250
  170 15327.764379 17861
  171 12200.587348 13695
  172 16834.110660 24490
  173 -1089.458485     7
  174 -175.774517     1
  175 -962.162179     8
  176 629.879031 25213
  177 -1516.761911     9
  178 -526.226599     4
  179 6406.850048 11841
  180 6307.623374 26142
  181 1212.988347  3905
  182 1930.153190 18518
  183 16788.030896 26181
  184 -345.355745     0
  185 149.452404  6201
  186 -46.513544     3
  187 -399.561475     1
  188 4763.976437  3731
  189 -356.419488     0
  190 1462.916218   594
  191 29391.317110 20258
  192 7134.955560  8869
  193 5527.704458 11140
  194 -756.466539     1
  195 -496.379897     4
  196 -1995.084324     6
  197 4790.098487  7350
  198 3600.897952 24250
  199 -239.022706     5
  200 4119.901843 16020
  201 2047.557584  6709
  202 2.140760 12541
  203 -405.687660     3
  204 -459.671219     5
  205 13223.523590 20824
  206 -1865.334002     2
  207 14683.588517 10814
  208 2234.145480 20022
  209 -442.992140     5
  210 1280.567555   251
  211 2498.670693  1080
  212 1726.049253 15517
  213 346.745625 23377
  214 -417.684594     2
  215 -538.650193     5
  216 -611.256131     7
  217 2603.711857  1281
  218 21441.289575 21838
  219 -581.526801     3
  220 -683.787225     0
  221 8946.400772 12350
  222 4055.132978  9458
  223 -2774.928044     5
  224 -728.440690     0
  225 13327.631195 21527
  226 9750.045297 15425
  227 -2441.102725     8
  228 12322.584371 24261
  229 6774.567405 12613
  230 -2172.556230     3
  231 12749.314076 25599
  232 9440.857411 22069
  233 854.777657  2552
  234 -419.908469     3
  235 1935.979085  4764
  236 -15.669916     2
  237 9580.423763 11817
  238 -1532.696135     9
  239 3837.465066  8720
  240 -730.703989     4
  241 3107.431972   876
  242 -1010.084090     4
  243 5731.980806 21854
  244 1186.486445 19497
  245 -324.652917     1
  246 -856.094620     2
  247 1819.222836   546
  248 584.629867 22208
  249 -800.065752     3
  250 1865.864913  7189
  251 -1085.586250     8
  252 3792.573840  5355
  253 -2442.311402     9
  254 1910.201760    80
  255 -1.988108     5
  256 7781.972961 23594
  257 3106.950344 22728
  258 -1099.239494     1
  259 9405.286554 12216
  260 1816.188497   214
  261 15038.902917 19666
  262 -975.400332     7
  263 286.537812    74
  264 -1039.579961     0
  265 -120.536330     6
  266 5990.137394 16029
  267 3637.478745 16240
  268 11946.199070 27269
  269 9888.922408 23404
  270 -1534.031159     7
  271 4251.140426  3066
  272 -3837.534481     9
  273 4628.856986  3236
  274 12159.062641  8977
  275 -609.344348     2
  276 21445.312703 25687
  277 9759.678897 26575
  278 8443.454490 23229
  279 -305.573556     4
  280 -156.413913     2
  281 11772.559723 23859
  282 47.130905  6530
  283 -153.314903     7
  284 2798.191341 10765
  285 9280.021654 15705
  286 19713.429100 24767
  287 2532.620010 14460
  288 16253.445999 17963
  289 1760.376778 16428
  290 -560.241201     6
  291 14362.235542 26421
  292 19905.569461 21578
  293 530.152501 10799
  294 3496.810609  3784
  295 -397.848084     8
  296 -294.582539     2
  297 -1013.263018     8
  298 12104.780632 18046
  299 857.716287 14927
  300 317.253979 19137
