300
    1 228.286732     1
    2 1196.057718 16119
    3 9466.921768 22552
    4 -1605.805757     7
    5 -2214.894400     3
    6 14978.728254 17605
    7 -601.053317     0
    8 -252.085274     6
    9 -991.783652     9
   10 2372.459841  5019
   11 7593.494636 11402
   12 -2949.564988     2
   13 1348.451798  7882
   14 3772.777270 20490
   15 1428.511158  5438
   16 14382.721364 18433
   17 -734.968212     5
   18 11493.321721 12080
   19 4820.687335  6863
   20 6746.250885 23698
   21 -491.899005     1
   22 475.556626  1611
   23 6503.606825   525
   24 -265.585359     6
   25 -981.721101     8
   26 -903.827457     1
   27 21955.978114 20096
   28 -2265.266961     8
   29 -411.764206     7
   30 -744.201901     1
   31 133.722543 24956
   32 17717.636629 18649
   33 -1371.602747     5
   34 11167.723623 14086
   35 -42.245300     1
   36 320.808855   763
   37 3730.678417 14573
   38 21052.799767 22063
   39 -1284.083410     7
   40 2718.869259 18419
   41 17735.831683 21823
   42 -365.505344     2
   43 4923.829850 15275
   44 12784.563920 15882
   45 985.188824 14868
   46 -226.294668     8
   47 -428.803581     7
   48 -1057.229166     1
   49 4805.907318  2208
   50 -789.048430     1
   51 -1432.176912     2
   52 83.541976 19961
   53 9479.621862 20395
   54 18616.219030 26497
   55 -324.615670     1
   56 4101.308594 17654
   57 6782.928091  4613
   58 -206.642968     3
   59 9295.174054 14985
   60 2814.446564  2593
   61 10791.602514 10343
   62 -453.946547     5
   63 -408.117024     6
   64 -926.489263     5
   65 3983.828409  2104
   66 -561.576178     3
   67 -219.323329     0
   68 5091.349118 20634
   69 10992.263315 17064
   70 -696.700961     3
   71 19168.526098 21647
   72 18517.331551 25568
   73 -1248.976785     1
   74 6795.835997 18628
   75 2317.370332  1257
   76 11352.903202 14979
   77 -2161.619940     9
   78 14291.610945 13258
   79 3960.145638  2568
   80 6976.973492 22553
   81 7881.587420 12082
   82 -1038.737983     2
   83 19631.719264 15949
   84 6540.817487 22106
   85 8468.829773 13544
   86 8264.343476  6255
   87 19076.047706 23714
   88 1904.520068  8149
   89 -1525.894920     6
   90 -251.711140     4
   91 3213.969950 10842
   92 9820.254157  6271
   93 20203.669450 15863
   94 10708.383857 23772
   95 -130.104004     5
   96 -633.158637     9
   97 -1330.610869     9
   98 12390.666757 21222
   99 2271.326685  1573
  100 1274.461094 22037
  101 2679.406421   828
  102 -104.906818     9
  103 1804.111215 12746
  104 -1721.482489     1
  105 90.861163   314
  106 -221.755053     9
  107 3882.688255 23962
  108 -75.991610     1
  109 19802.818878 23513
  110 13650.934784 12081
  111 -2082.657188     9
  112 11581.744284 13467
  113 5960.995815 27528
  114 -226.710062     4
  115 -251.438883     9
  116 4838.356601 10984
  117 -482.589317     4
  118 -999.451912     8
  119 -859.518704     3
  120 -1590.953778     1
  121 9780.273742 19028
  122 -110.264608     1
  123 -1201.576740     9
  124 6528.653193 22549
  125 -1702.227200     5
  126 -924.902076     8
  127 16766.600038 26634
  128 -280.669710     5
  129 5164.514684  8009
  130 -534.058090     9
  131 15693.876039 18283
  132 5009.949318 14384
  133 4128.774656 14765
  134 7452.305704 14456
  135 -1651.224583     3
  136 2970.437684  1602
  137 8836.513376  4234
  138 6229.351218 13370
  139 6801.667065  6832
  140 12200.850323 23847
  141 2145.138857  6524
  142 5929.689689 25512
  143 -93.706315     7
  144 1895.759800 21094
  145 11634.494010 23238
  146 -400.817739     4
  147 3676.802075 23525
  148 -325.874047     4
  149 -2153.082013     7
  150 3822.976742   294
  151 4685.723458 10172
  152 -1613.551947     8
  153 1661.962009 21958
  154 -570.560989     2
  155 -826.945839     1
  156 4706.784658 19828
  157 -641.694433     7
  158 5136.171041   731
  159 -108.875758     1
  160 101.080695 15722
  161 2657.438236  3195
  162 5947.199027  1887
  163 2830.174290  3101
  164 6022.679309  2558
  165 -2704.779022     9
  166 -1792.312044     1
  167 11096.060944  7462
  168 -269.343121     9
  169 387.040255  1250
  170 10874.332847 17861
  171 3986.253599 13695
  172 9961.220899 24490
  173 -613.804564     7
  174 -1445.449380     1
  175 -740.890999     8
  176 18615.614224 25213
  177 -738.903892     9
  178 -585.220207     4
  179 10681.482492 11841
  180 31629.333204 26142
  181 7203.918683  3905
  182 8772.096314 18518
  183 399.513076 26181
  184 -666.380242     0
  185 6809.079215  6201
  186 -207.755243     3
  187 -1141.309307     1
  188 7252.481853  3731
  189 -557.203137     0
  190 777.644973   594
  191 14041.973179 20258
  192 2987.071281  8869
  193 8469.333955 11140
  194 -193.660225     1
  195 -385.084480     4
  196 -1025.729435     6
  197 4296.199068  7350
  198 4992.091591 24250
  199 -900.207011     5
  200 2675.124594 16020
  201 615.076729  6709
  202 5183.240147 12541
  203 -929.109065     3
  204 -158.796957     5
  205 2139.599130 20824
  206 -1376.636944     2
  207 17146.604837 10814
  208 11640.908602 20022
  209 -1418.011543     5
  210 2194.258391   251
  211 540.539147  1080
  212 16992.753329 15517
  213 353.050756 23377
  214 -377.773609     2
  215 -389.910591     5
  216 -1754.410909     7
  217 1290.472004  1281
  218 18291.374713 21838
  219 -447.363854     3
  220 -704.239021     0
  221 10196.818811 12350
  222 378.247139  9458
  223 -559.031716     5
  224 -1106.971923     0
  225 22750.097807 21527
  226 11002.229758 15425
  227 -1978.825252     8
  228 9017.766766 24261
  229 5278.475763 12613
  230 -1767.337178     3
  231 1389.357717 25599
  232 19418.325075 22069
  233 4283.938453  2552
  234 -1633.543405     3
  235 1664.040031  4764
  236 -638.069486     2
  237 1876.000090 11817
  238 -777.896482     9
  239 3974.122693  8720
  240 -1438.652570     4
  241 1839.972908   876
  242 -2124.721725     4
  243 19785.051981 21854
  244 18424.627153 19497
  245 -199.207310     1
  246 -2036.126420     2
  247 3033.002428   546
  248 568.226403 22208
  249 -886.259608     3
  250 947.844095  7189
  251 -16.319013     8
  252 6947.773418  5355
  253 -1204.237266     9
  254 136.478658    80
  255 -73.471793     5
  256 26509.575897 23594
  257 7897.447450 22728
  258 -247.946391     1
  259 2433.806039 12216
  260 6586.204084   214
  261 3130.690198 19666
  262 -471.930728     7
  263 4347.013865    74
  264 -1497.355908     0
  265 -508.970544     6
  266 21859.684476 16029
  267 6877.514052 16240
  268 5559.922462 27269
  269 7405.469253 23404
  270 -43.082374     7
  271 3470.873515  3066
  272 -2634.855382     9
  273 1386.815430  3236
  274 2429.644445  8977
  275 -227.733792     2
  276 11718.094725 25687
  277 11147.979208 26575
  278 16616.619542 23229
  279 -1295.877777     4
  280 -52.901067     2
  281 4319.584205 23859
  282 3183.088562  6530
  283 -809.666906     7
  284 7594.970419 10765
  285 13790.656331 15705
  286 18674.637756 24767
  287 11856.255299 14460
  288 11505.512360 17963
  289 5700.679661 16428
  290 -605.896754     6
  291 28153.788976 26421
  292 6728.287342 21578
  293 7969.274730 10799
  294 4030.757763  3784
  295 -2273.207714     8
  296 -639.252522     2
  297 -419.517927     8
  298 5316.683576 18046
  299 8163.342101 14927
  300 14098.495196 19137
