100
    1 1.346681     1
    2 18.247920    19
    3 2.893379    12
    4 0.169016    19
    5 0.977158     3
    6 0.415051     5
    7 1.493088     6
    8 0.588572    10
    9 8.091017    17
   10 2.548963    19
   11 0.868578     2
   12 6.697613    14
   13 0.408562     2
   14 1.938275    10
   15 9.685582    18
   16 3.708331    13
   17 0.993321    11
   18 7.810343    20
   19 1.735139     3
   20 3.591058    18
   21 7.296264     5
   22 11.668894    11
   23 1.435360     5
   24 1.953380    10
   25 4.153663     8
   26 8.037260    15
   27 7.552121    16
   28 2.226468     8
   29 17.285564    19
   30 5.315767    15
   31 4.572765    16
   32 4.623811     9
   33 1.233805     1
   34 0.691954     6
   35 6.396014    15
   36 5.131343     3
   37 1.413941    13
   38 0.443934     3
   39 2.401795    19
   40 9.941893    19
   41 1.033740     3
   42 6.937574    14
   43 2.141904    15
   44 0.825802     2
   45 2.534389     8
   46 9.226683    18
   47 1.850460    19
   48 2.508996     5
   49 0.687120     8
   50 11.625586    15
   51 0.203087     4
   52 0.984088     1
   53 7.098807    15
   54 14.175704    17
   55 0.368488     5
   56 11.407482    14
   57 7.128770    13
   58 2.361581     3
   59 7.513747     5
   60 0.665396    13
   61 1.157581     3
   62 9.923962    11
   63 10.382696    10
   64 4.949488     1
   65 1.526940     4
   66 4.139448     3
   67 19.263558    16
   68 3.267657    14
   69 1.845824     4
   70 4.866128    13
   71 8.343502     7
   72 0.618394     8
   73 0.779920     5
   74 0.946253     8
   75 14.037243    17
   76 22.360819    19
   77 0.207673     7
   78 11.030954    18
   79 8.105453     8
   80 11.945342    13
   81 2.826118     2
   82 9.208996    14
   83 7.650613     9
   84 2.718052     6
   85 3.495672     4
   86 3.621329    15
   87 9.691827    14
   88 9.251110     9
   89 18.288952    20
   90 2.574033    12
   91 0.684370     2
   92 1.375213    11
   93 0.537003     3
   94 9.685520    12
   95 2.685222    11
   96 7.567038     7
   97 7.392964    17
   98 3.145475     2
   99 7.913764    13
  100 10.052195    17
