300
    1 1486.882934     1
    2 8684.010208 16119
    3 18528.566925 22552
    4 -328.851342     7
    5 -774.366196     3
    6 12340.278132 17605
    7 -1348.709610     0
    8 -282.856133     6
    9 -1419.951431     9
   10 3922.231505  5019
   11 800.358573 11402
   12 -1370.317733     2
   13 2449.237252  7882
   14 1604.663991 20490
   15 5659.748847  5438
   16 5159.757467 18433
   17 -292.532437     5
   18 2928.410184 12080
   19 3698.452985  6863
   20 10617.396532 23698
   21 -1332.678480     1
   22 665.886509  1611
   23 655.500667   525
   24 -685.822217     6
   25 -222.031897     8
   26 -1736.048847     1
   27 1090.494079 20096
   28 -885.516264     8
   29 -169.690883     7
   30 -1076.000875     1
   31 9015.894905 24956
   32 13964.088041 18649
   33 -1674.691451     5
   34 8499.391867 14086
   35 -782.103171     1
   36 2439.091183   763
   37 4863.053532 14573
   38 13836.999369 22063
   39 -434.420630     7
   40 14233.085859 18419
   41 29932.701179 21823
   42 -3140.843240     2
   43 4573.894996 15275
   44 1324.981445 15882
   45 3283.887216 14868
   46 -219.637303     8
   47 -1228.720881     7
   48 -215.953694     1
   49 817.958080  2208
   50 -264.211824     1
   51 -693.057278     2
   52 7575.443712 19961
   53 6343.270457 20395
   54 7303.558315 26497
   55 -1269.311543     1
   56 366.517746 17654
   57 107.239043  4613
   58 -1428.345334     3
   59 9117.779311 14985
   60 7242.351693  2593
   61 701.686366 10343
   62 -1895.644385     5
   63 -854.174081     6
   64 -666.377848     5
   65 3532.293372  2104
   66 -580.192006     3
   67 -2391.135684     0
   68 6931.808196 20634
   69 1671.484899 17064
   70 -366.051172     3
   71 2618.532906 21647
   72 26073.556132 25568
   73 -445.924581     1
   74 6295.813726 18628
   75 905.798937  1257
   76 14038.984510 14979
   77 -1235.500777     9
   78 10831.122520 13258
   79 4973.822780  2568
   80 9543.520071 22553
   81 12152.311634 12082
   82 -973.157681     2
   83 4691.350988 15949
   84 15227.962968 22106
   85 6190.907259 13544
   86 10619.207645  6255
   87 3586.667579 23714
   88 72.814437  8149
   89 -1504.036132     6
   90 -2082.531567     4
   91 5658.277252 10842
   92 2369.992763  6271
   93 4483.090756 15863
   94 17557.172315 23772
   95 -909.495105     5
   96 -265.008002     9
   97 -1026.767909     9
   98 16168.051183 21222
   99 702.943880  1573
  100 12361.033472 22037
  101 429.090669   828
  102 -256.599326     9
  103 844.726890 12746
  104 -55.541404     1
  105 3088.014226   314
  106 -2578.263003     9
  107 3870.219489 23962
  108 -660.077149     1
  109 20295.269326 23513
  110 12535.006802 12081
  111 -605.750658     9
  112 15957.088302 13467
  113 2829.211737 27528
  114 -349.946813     4
  115 -849.267789     9
  116 378.626767 10984
  117 -759.776077     4
  118 -938.998152     8
  119 -1762.249591     3
  120 -1433.754313     1
  121 1960.432392 19028
  122 -559.828139     1
  123 -2048.947231     9
  124 16990.710495 22549
  125 -1538.632632     5
  126 -3057.131964     8
  127 18269.231382 26634
  128 -2705.960834     5
  129 7840.419779  8009
  130 -1229.616287     9
  131 7383.296771 18283
  132 13921.204748 14384
  133 6369.042119 14765
  134 14681.959927 14456
  135 -2663.472953     3
  136 1027.774600  1602
  137 4278.566921  4234
  138 5373.342741 13370
  139 2124.187430  6832
  140 15053.043873 23847
  141 4060.490701  6524
  142 134.046180 25512
  143 -46.884976     7
  144 27568.407061 21094
  145 3197.469973 23238
  146 -392.117258     4
  147 12613.422962 23525
  148 -1107.606405     4
  149 -285.223624     7
  150 1666.032214   294
  151 5806.648874 10172
  152 -1120.374256     8
  153 23920.199674 21958
  154 -1523.471249     2
  155 -485.179178     1
  156 7430.238427 19828
  157 -150.800478     7
  158 4423.852909   731
  159 -242.330285     1
  160 8241.101712 15722
  161 9697.964456  3195
  162 2123.245325  1887
  163 2205.223628  3101
  164 3781.152014  2558
  165 -668.930885     9
  166 -898.359219     1
  167 8635.930591  7462
  168 -61.706292     9
  169 4181.868582  1250
  170 16736.465202 17861
  171 2157.192849 13695
  172 3484.725521 24490
  173 -963.783541     7
  174 -385.428868     1
  175 -307.912654     8
  176 16022.402365 25213
  177 -303.408881     9
  178 -1717.135579     4
  179 4171.978661 11841
  180 31972.373317 26142
  181 2968.938093  3905
  182 3830.780534 18518
  183 19932.184068 26181
  184 -178.811967     0
  185 1885.804581  6201
  186 -292.465505     3
  187 -878.677735     1
  188 2733.875341  3731
  189 -234.074640     0
  190 1851.880257   594
  191 8610.616746 20258
  192 803.570840  8869
  193 536.413872 11140
  194 -176.645025     1
  195 -206.786267     4
  196 -1596.085342     6
  197 6817.750836  7350
  198 1524.854600 24250
  199 -1403.749656     5
  200 6609.773281 16020
  201 3007.075577  6709
  202 6607.925771 12541
  203 -2169.960953     3
  204 -280.072537     5
  205 15352.927760 20824
  206 -1637.688920     2
  207 1202.424260 10814
  208 18114.004418 20022
  209 -560.295578     5
  210 160.125904   251
  211 2653.533345  1080
  212 2176.113096 15517
  213 11435.907210 23377
  214 -1879.703099     2
  215 -385.527577     5
  216 -372.063489     7
  217 3138.713477  1281
  218 5695.508717 21838
  219 -380.371936     3
  220 -280.789512     0
  221 4917.929299 12350
  222 1346.392471  9458
  223 -282.368993     5
  224 -5808.389716     0
  225 9828.436285 21527
  226 19322.115593 15425
  227 -441.800349     8
  228 3469.861928 24261
  229 16377.996579 12613
  230 -515.053644     3
  231 5549.200889 25599
  232 7900.107696 22069
  233 2258.379778  2552
  234 -647.101196     3
  235 829.826784  4764
  236 -409.231808     2
  237 9190.771874 11817
  238 -3462.413139     9
  239 7756.069721  8720
  240 -1228.399311     4
  241 7238.413879   876
  242 -2717.108665     4
  243 11401.118141 21854
  244 10751.354088 19497
  245 -310.647112     1
  246 -338.137876     2
  247 3239.145988   546
  248 3436.756660 22208
  249 -721.298319     3
  250 1468.987760  7189
  251 -1200.374147     8
  252 3536.322471  5355
  253 -1553.612396     9
  254 856.258717    80
  255 -3408.372787     5
  256 15991.250482 23594
  257 9431.494196 22728
  258 -1232.414065     1
  259 23036.048306 12216
  260 1045.480114   214
  261 29051.743324 19666
  262 -111.739406     7
  263 3405.037313    74
  264 -1213.161093     0
  265 -748.850070     6
  266 9196.220166 16029
  267 20322.825983 16240
  268 10099.982158 27269
  269 22760.242375 23404
  270 -1534.271915     7
  271 2022.669394  3066
  272 -1503.235654     9
  273 1362.587687  3236
  274 477.046493  8977
  275 -2786.539796     2
  276 20664.713498 25687
  277 12325.649056 26575
  278 6764.999350 23229
  279 -554.790001     4
  280 -386.465022     2
  281 5632.109987 23859
  282 9013.655885  6530
  283 -146.994720     7
  284 1277.660352 10765
  285 2627.991679 15705
  286 15332.701242 24767
  287 3187.394257 14460
  288 221.238362 17963
  289 1595.651426 16428
  290 -985.040895     6
  291 5661.318060 26421
  292 3499.589225 21578
  293 4800.831571 10799
  294 96.575523  3784
  295 -609.519357     8
  296 -340.895389     2
  297 -1452.714201     8
  298 6235.899504 18046
  299 16123.182313 14927
  300 2051.962726 19137
