300
    1 831.546285     1
    2 9919.906558 16119
    3 3334.848522 22552
    4 -1884.445468     7
    5 -2828.855072     3
    6 17536.061640 17605
    7 -588.767798     0
    8 -1831.931530     6
    9 -40.355488     9
   10 1440.168625  5019
   11 192.137216 11402
   12 -441.534090     2
   13 1091.395211  7882
   14 19195.271608 20490
   15 772.413798  5438
   16 7879.698997 18433
   17 -1202.809747     5
   18 10525.528954 12080
   19 5133.863092  6863
   20 24782.677449 23698
   21 -227.908894     1
   22 99.726977  1611
   23 4230.234703   525
   24 -1625.389110     6
   25 -542.745575     8
   26 -1071.488202     1
   27 9772.525522 20096
   28 -694.564924     8
   29 -156.038939     7
   30 -302.186482     1
   31 1764.060631 24956
   32 2624.468195 18649
   33 -929.296022     5
   34 4954.403699 14086
   35 -1704.997049     1
   36 3103.330627   763
   37 5175.380756 14573
   38 375.561099 22063
   39 -183.156956     7
   40 14970.510008 18419
   41 1066.232105 21823
   42 -1141.762775     2
   43 11444.972060 15275
   44 26711.304916 15882
   45 2355.712104 14868
   46 -94.372805     8
   47 -1521.308999     7
   48 -935.292668     1
   49 914.665559  2208
   50 -920.222496     1
   51 -118.712692     2
   52 18255.361541 19961
   53 1538.262204 20395
   54 12842.584794 26497
   55 -1329.737812     1
   56 6841.924768 17654
   57 3050.284470  4613
   58 -247.689255     3
   59 157.328625 14985
   60 4179.161673  2593
   61 11315.396266 10343
   62 -1032.375770     5
   63 -291.489801     6
   64 -23.861445     5
   65 1424.564465  2104
   66 -190.419808     3
   67 -60.231337     0
   68 11029.158417 20634
   69 8115.608507 17064
   70 -206.522995     3
   71 1903.967245 21647
   72 21463.612946 25568
   73 -2018.655611     1
   74 10637.640359 18628
   75 1226.262229  1257
   76 18668.813029 14979
   77 -202.791549     9
   78 5370.550417 13258
   79 4802.862430  2568
   80 24190.247986 22553
   81 3650.575785 12082
   82 -745.636823     2
   83 18655.071190 15949
   84 7922.840917 22106
   85 5506.065078 13544
   86 6994.156876  6255
   87 2698.510346 23714
   88 6849.405000  8149
   89 -1559.102403     6
   90 -341.439016     4
   91 2757.378594 10842
   92 1090.474497  6271
   93 12544.685916 15863
   94 114.873237 23772
   95 -559.291173     5
   96 -554.716566     9
   97 -387.391013     9
   98 10035.011449 21222
   99 4391.028718  1573
  100 10379.692898 22037
  101 2812.245618   828
  102 -1135.814350     9
  103 14464.000379 12746
  104 -219.187657     1
  105 2579.408994   314
  106 -852.396886     9
  107 21719.240463 23962
  108 -570.703513     1
  109 7662.398472 23513
  110 3475.835160 12081
  111 -1533.655452     9
  112 7007.777591 13467
  113 30568.868330 27528
  114 -351.873535     4
  115 -629.626124     9
  116 5456.803605 10984
  117 -708.628086     4
  118 -682.255566     8
  119 -379.469507     3
  120 -709.806787     1
  121 9681.654594 19028
  122 -755.508589     1
  123 -151.288724     9
  124 7470.537787 22549
  125 -567.756845     5
  126 -1036.872025     8
  127 4406.783597 26634
  128 -360.917016     5
  129 9980.628717  8009
  130 -24.404344     9
  131 8645.632645 18283
  132 10165.127057 14384
  133 1804.011247 14765
  134 3108.607402 14456
  135 -2141.847806     3
  136 3546.073487  1602
  137 5035.497956  4234
  138 7726.968051 13370
  139 699.441951  6832
  140 4313.610289 23847
  141 3716.566776  6524
  142 12054.213639 25512
  143 -1366.536957     7
  144 2818.874244 21094
  145 3672.752302 23238
  146 -312.637227     4
  147 17676.280013 23525
  148 -957.674619     4
  149 -1470.820841     7
  150 406.637431   294
  151 4897.010952 10172
  152 -1440.058101     8
  153 19155.811254 21958
  154 -1261.008341     2
  155 -1446.845231     1
  156 16143.692615 19828
  157 -822.542319     7
  158 1905.187779   731
  159 -1842.060754     1
  160 1421.822151 15722
  161 1987.889428  3195
  162 2829.900391  1887
  163 1055.227329  3101
  164 3074.778990  2558
  165 -565.516300     9
  166 -1097.879069     1
  167 5119.570814  7462
  168 -1178.086273     9
  169 510.969010  1250
  170 5406.250711 17861
  171 3106.110436 13695
  172 11891.586764 24490
  173 -927.804052     7
  174 -310.791896     1
  175 -236.212279     8
  176 6616.330702 25213
  177 -892.444824     9
  178 -306.589866     4
  179 5148.020189 11841
  180 20271.397411 26142
  181 299.476241  3905
  182 2379.956082 18518
  183 3451.843514 26181
  184 -1272.481950     0
  185 806.889303  6201
  186 -946.995957     3
  187 -965.103867     1
  188 6085.315624  3731
  189 -38.258245     0
  190 649.128479   594
  191 10955.379651 20258
  192 1510.369961  8869
  193 5286.864824 11140
  194 -750.725487     1
  195 -275.626547     4
  196 -2932.511552     6
  197 2414.783488  7350
  198 17678.777256 24250
  199 -727.296968     5
  200 26049.540750 16020
  201 2247.808825  6709
  202 1659.429435 12541
  203 -364.121981     3
  204 -15.127583     5
  205 9406.831735 20824
  206 -434.733151     2
  207 3389.301863 10814
  208 4432.638580 20022
  209 -257.820068     5
  210 3027.593262   251
  211 8133.405534  1080
  212 3968.285849 15517
  213 36280.879531 23377
  214 -1589.723006     2
  215 -273.354327     5
  216 -169.604482     7
  217 1732.141529  1281
  218 3805.891174 21838
  219 -1384.049404     3
  220 -2536.766217     0
  221 779.360581 12350
  222 6532.332694  9458
  223 -189.400264     5
  224 -147.485816     0
  225 44163.250972 21527
  226 8913.364750 15425
  227 -1815.102444     8
  228 3099.529572 24261
  229 2188.329968 12613
  230 -104.812456     3
  231 8530.721130 25599
  232 2033.784623 22069
  233 2163.379403  2552
  234 -769.124418     3
  235 3854.671429  4764
  236 -20.618174     2
  237 58.362579 11817
  238 -3053.948598     9
  239 11255.069038  8720
  240 -994.238097     4
  241 37.676304   876
  242 -1111.259505     4
  243 8839.331273 21854
  244 20610.024306 19497
  245 -18.303697     1
  246 -901.114976     2
  247 3268.549934   546
  248 29356.492760 22208
  249 -823.396302     3
  250 4249.682360  7189
  251 -31.168491     8
  252 1280.754855  5355
  253 -2633.279568     9
  254 3745.239651    80
  255 -127.524083     5
  256 14671.160714 23594
  257 10220.874259 22728
  258 -2943.402757     1
  259 1517.898608 12216
  260 4652.212083   214
  261 19100.115581 19666
  262 -1060.575969     7
  263 495.411996    74
  264 -2347.235251     0
  265 -422.271567     6
  266 2735.170685 16029
  267 5086.920829 16240
  268 47184.455449 27269
  269 8459.668411 23404
  270 -1762.458733     7
  271 383.229281  3066
  272 -15.171114     9
  273 5487.022909  3236
  274 13828.459856  8977
  275 -166.038312     2
  276 32659.365677 25687
  277 15349.649860 26575
  278 23938.486162 23229
  279 -205.412781     4
  280 -426.139941     2
  281 1740.792047 23859
  282 5771.657735  6530
  283 -864.771294     7
  284 740.608382 10765
  285 4074.519185 15705
  286 14660.523088 24767
  287 18682.325974 14460
  288 15207.578111 17963
  289 12730.177600 16428
  290 -295.010361     6
  291 10021.854525 26421
  292 3702.109120 21578
  293 1136.085750 10799
  294 1603.063873  3784
  295 -601.675218     8
  296 -329.360311     2
  297 -1665.780065     8
  298 12133.344839 18046
  299 14759.471942 14927
  300 21744.298274 19137
