300
    1 200.595228     1
    2 8388.822985 16119
    3 5042.275193 22552
    4 -609.348292     7
    5 -2893.642744     3
    6 16383.328066 17605
    7 -221.744354     0
    8 -3440.084590     6
    9 -83.087979     9
   10 1034.601052  5019
   11 3489.765107 11402
   12 -2352.838835     2
   13 3439.122284  7882
   14 7979.652515 20490
   15 2002.298009  5438
   16 18058.286761 18433
   17 -769.269208     5
   18 3711.536171 12080
   19 8769.733012  6863
   20 18070.117860 23698
   21 -105.266250     1
   22 2348.409087  1611
   23 4898.284693   525
   24 -1029.834995     6
   25 -716.273709     8
   26 -1278.011030     1
   27 4008.382317 20096
   28 -1870.900369     8
   29 -957.251912     7
   30 -1241.068493     1
   31 7729.800167 24956
   32 1362.627662 18649
   33 -11.213002     5
   34 1819.326107 14086
   35 -203.028793     1
   36 503.074053   763
   37 8454.687531 14573
   38 6533.975008 22063
   39 -2259.786121     7
   40 3349.239245 18419
   41 10956.082087 21823
   42 -609.069838     2
   43 13475.996716 15275
   44 9387.823198 15882
   45 1150.201857 14868
   46 -398.255734     8
   47 -741.535149     7
   48 -556.938443     1
   49 5019.324091  2208
   50 -343.831865     1
   51 -270.509535     2
   52 4635.926969 19961
   53 12765.190835 20395
   54 14369.141215 26497
   55 -2278.278331     1
   56 1583.259672 17654
   57 2655.213124  4613
   58 -691.446663     3
   59 10133.670722 14985
   60 1977.918095  2593
   61 480.376431 10343
   62 -156.885062     5
   63 -620.665002     6
   64 -627.184242     5
   65 1049.125436  2104
   66 -763.332593     3
   67 -401.686474     0
   68 8789.990877 20634
   69 8626.714979 17064
   70 -1014.005176     3
   71 25195.837620 21647
   72 1326.787151 25568
   73 -71.351208     1
   74 871.727465 18628
   75 971.706510  1257
   76 5878.860142 14979
   77 -1448.790600     9
   78 1466.589264 13258
   79 1803.435785  2568
   80 3251.817608 22553
   81 16902.045666 12082
   82 -506.413617     2
   83 10432.223171 15949
   84 8680.153557 22106
   85 14285.839128 13544
   86 10126.081007  6255
   87 27664.505269 23714
   88 3549.585952  8149
   89 -386.003448     6
   90 -81.323172     4
   91 2615.788696 10842
   92 10252.934261  6271
   93 25554.305253 15863
   94 27142.695952 23772
   95 -80.167961     5
   96 -793.198842     9
   97 -406.842595     9
   98 15192.955299 21222
   99 1118.585637  1573
  100 713.205386 22037
  101 1313.617965   828
  102 -1320.050438     9
  103 13477.202775 12746
  104 -1654.970776     1
  105 442.140636   314
  106 -997.695172     9
  107 7801.455792 23962
  108 -656.023246     1
  109 3073.692372 23513
  110 3699.636626 12081
  111 -262.612597     9
  112 3269.036945 13467
  113 14242.697094 27528
  114 -1184.951614     4
  115 -1597.578089     9
  116 1462.952746 10984
  117 -1493.962354     4
  118 -879.984486     8
  119 -626.997006     3
  120 -946.926597     1
  121 6092.327097 19028
  122 -1450.114911     1
  123 -516.126814     9
  124 15449.815857 22549
  125 -2337.313495     5
  126 -1412.355820     8
  127 12703.360748 26634
  128 -961.823717     5
  129 2846.750087  8009
  130 -983.504339     9
  131 24708.799234 18283
  132 2417.019695 14384
  133 6014.727248 14765
  134 1302.846536 14456
  135 -2604.122963     3
  136 752.447427  1602
  137 9633.754353  4234
  138 366.596698 13370
  139 2052.805761  6832
  140 3740.017972 23847
  141 3178.946677  6524
  142 26617.854331 25512
  143 -10.808917     7
  144 6715.848997 21094
  145 3513.884711 23238
  146 -904.116481     4
  147 14803.433982 23525
  148 -281.841849     4
  149 -42.236360     7
  150 1425.744862   294
  151 5589.690494 10172
  152 -1797.757936     8
  153 7409.923545 21958
  154 -53.179249     2
  155 -179.017914     1
  156 6549.287793 19828
  157 -604.098316     7
  158 1496.292189   731
  159 -2018.648652     1
  160 2660.825598 15722
  161 1355.707617  3195
  162 1137.124339  1887
  163 498.113334  3101
  164 1948.590390  2558
  165 -1308.477447     9
  166 -2226.478756     1
  167 4009.640050  7462
  168 -534.734573     9
  169 3596.277014  1250
  170 1912.437257 17861
  171 8566.975536 13695
  172 7577.956055 24490
  173 -1438.213771     7
  174 -242.701167     1
  175 -2109.514427     8
  176 37664.451353 25213
  177 -1446.702393     9
  178 -132.424506     4
  179 3334.510875 11841
  180 7648.635681 26142
  181 43.532291  3905
  182 22138.683813 18518
  183 13583.895601 26181
  184 -844.099975     0
  185 1924.150014  6201
  186 -884.486715     3
  187 -1012.935158     1
  188 1010.826913  3731
  189 -1464.124816     0
  190 339.832301   594
  191 26935.202102 20258
  192 14659.253303  8869
  193 2032.215946 11140
  194 -518.887023     1
  195 -944.668160     4
  196 -1741.517312     6
  197 32.538321  7350
  198 19469.773136 24250
  199 -387.466408     5
  200 4210.270189 16020
  201 16311.093415  6709
  202 422.494222 12541
  203 -826.935544     3
  204 -582.567674     5
  205 4297.362950 20824
  206 -809.910407     2
  207 14298.950958 10814
  208 12427.715986 20022
  209 -408.495842     5
  210 576.496531   251
  211 149.532953  1080
  212 10304.224160 15517
  213 10790.374688 23377
  214 -385.945776     2
  215 -276.805637     5
  216 -1403.848496     7
  217 150.860480  1281
  218 3085.849609 21838
  219 -977.017973     3
  220 -189.312522     0
  221 7699.703115 12350
  222 8452.233552  9458
  223 -1762.641824     5
  224 -912.705710     0
  225 28310.983492 21527
  226 4174.815803 15425
  227 -1478.801248     8
  228 11359.326474 24261
  229 18818.379588 12613
  230 -428.908376     3
  231 16846.839506 25599
  232 9233.259495 22069
  233 4515.672883  2552
  234 -1283.303369     3
  235 649.748991  4764
  236 -155.226849     2
  237 8247.614655 11817
  238 -1395.129012     9
  239 9787.751823  8720
  240 -244.641572     4
  241 4011.955362   876
  242 -806.893864     4
  243 5246.233688 21854
  244 5456.744510 19497
  245 -1112.222191     1
  246 -1386.562357     2
  247 1253.368634   546
  248 12294.211950 22208
  249 -209.750599     3
  250 2764.661147  7189
  251 -2707.063160     8
  252 2365.901371  5355
  253 -1485.138141     9
  254 2102.106669    80
  255 -1814.293000     5
  256 4147.839420 23594
  257 2743.935737 22728
  258 -958.188852     1
  259 3969.955033 12216
  260 1317.179663   214
  261 13229.379795 19666
  262 -61.079200     7
  263 1680.186651    74
  264 -712.459984     0
  265 -251.075459     6
  266 9604.967055 16029
  267 3304.232153 16240
  268 9383.140946 27269
  269 11110.800456 23404
  270 -1345.130938     7
  271 6144.868007  3066
  272 -24.699989     9
  273 1749.619856  3236
  274 6622.750852  8977
  275 -802.255205     2
  276 24724.586953 25687
  277 31627.624765 26575
  278 7340.321437 23229
  279 -2848.800694     4
  280 -112.003773     2
  281 5665.365906 23859
  282 12196.478705  6530
  283 -765.246882     7
  284 1456.769435 10765
  285 4756.829998 15705
  286 499.614539 24767
  287 23022.695526 14460
  288 4943.396964 17963
  289 5040.960967 16428
  290 -132.476560     6
  291 14350.577242 26421
  292 4154.690087 21578
  293 7109.041195 10799
  294 4330.125417  3784
  295 -34.811484     8
  296 -1718.135637     2
  297 -1048.148135     8
  298 1550.189460 18046
  299 33.890413 14927
  300 8994.308343 19137
