300
    1 2677.148934     1
    2 15081.933647 16119
    3 9175.220160 22552
    4 -265.051426     7
    5 -67.069397     3
    6 26658.405691 17605
    7 -347.907731     0
    8 -2337.566935     6
    9 -1923.239377     9
   10 5320.515735  5019
   11 1512.600293 11402
   12 -972.799470     2
   13 6734.663382  7882
   14 19818.800748 20490
   15 4314.152436  5438
   16 26167.480472 18433
   17 -473.237628     5
   18 10979.528061 12080
   19 8546.055308  6863
   20 15532.711550 23698
   21 -1581.978855     1
   22 5095.630136  1611
   23 1983.016123   525
   24 -441.536786     6
   25 -516.085834     8
   26 -14.352010     1
   27 2533.716524 20096
   28 -290.297491     8
   29 -838.717478     7
   30 -1582.919426     1
   31 17605.729371 24956
   32 1694.805558 18649
   33 -459.523730     5
   34 2000.306943 14086
   35 -259.411220     1
   36 1662.818062   763
   37 7762.390661 14573
   38 24904.750519 22063
   39 -1056.151016     7
   40 4619.293590 18419
   41 24988.770799 21823
   42 -344.835154     2
   43 8672.932316 15275
   44 764.938244 15882
   45 7004.670284 14868
   46 -960.124002     8
   47 -844.779383     7
   48 -959.949611     1
   49 838.378874  2208
   50 -260.055459     1
   51 -1138.263747     2
   52 2985.350573 19961
   53 2970.822931 20395
   54 25578.734168 26497
   55 -1044.456836     1
   56 23754.004531 17654
   57 56.467048  4613
   58 -432.761821     3
   59 3424.462306 14985
   60 5916.654027  2593
   61 8515.503787 10343
   62 -16.393576     5
   63 -176.691156     6
   64 -1278.622955     5
   65 365.027528  2104
   66 -106.578909     3
   67 -786.620066     0
   68 3588.083797 20634
   69 8190.598413 17064
   70 -338.225613     3
   71 25244.417538 21647
   72 24564.435608 25568
   73 -286.765875     1
   74 3624.484422 18628
   75 2859.771604  1257
   76 16955.197334 14979
   77 -2391.873415     9
   78 6673.370070 13258
   79 2771.221288  2568
   80 21022.127655 22553
   81 11575.485757 12082
   82 -794.834027     2
   83 2432.823259 15949
   84 11630.896469 22106
   85 10027.335899 13544
   86 2951.035105  6255
   87 1651.983902 23714
   88 15364.287406  8149
   89 -1078.275855     6
   90 -656.056266     4
   91 7688.174637 10842
   92 1604.272741  6271
   93 3054.540398 15863
   94 5237.402139 23772
   95 -381.636998     5
   96 -735.389581     9
   97 -2290.641902     9
   98 2669.756463 21222
   99 3768.846227  1573
  100 18681.390899 22037
  101 4698.986559   828
  102 -598.099135     9
  103 10252.569669 12746
  104 -287.470435     1
  105 2912.724791   314
  106 -1426.045491     9
  107 2404.743211 23962
  108 -840.873011     1
  109 8533.506799 23513
  110 5899.916834 12081
  111 -1917.693831     9
  112 10688.252549 13467
  113 24265.644004 27528
  114 -470.429115     4
  115 -873.850453     9
  116 9153.193923 10984
  117 -2786.836574     4
  118 -102.770020     8
  119 -566.216860     3
  120 -1141.063707     1
  121 16866.280116 19028
  122 -818.464884     1
  123 -2731.099260     9
  124 3034.254914 22549
  125 -1248.696369     5
  126 -1389.038711     8
  127 26254.809898 26634
  128 -732.718540     5
  129 8378.008859  8009
  130 -506.545150     9
  131 7027.688551 18283
  132 8325.422211 14384
  133 611.208568 14765
  134 1303.170503 14456
  135 -1000.612718     3
  136 2857.195155  1602
  137 6392.170003  4234
  138 2815.383961 13370
  139 8446.953260  6832
  140 6491.877262 23847
  141 5969.084496  6524
  142 8342.967577 25512
  143 -843.570219     7
  144 15903.955855 21094
  145 10094.566868 23238
  146 -755.957888     4
  147 5337.520847 23525
  148 -417.935254     4
  149 -1317.664061     7
  150 2696.420549   294
  151 5979.017341 10172
  152 -1044.299276     8
  153 27974.741761 21958
  154 -15.628009     2
  155 -1188.315218     1
  156 10586.088529 19828
  157 -761.899898     7
  158 395.617254   731
  159 -288.647076     1
  160 2935.183397 15722
  161 2056.728781  3195
  162 1410.556210  1887
  163 6994.244122  3101
  164 1817.896346  2558
  165 -625.798946     9
  166 -1511.194581     1
  167 3234.458771  7462
  168 -671.350410     9
  169 578.559670  1250
  170 6772.569654 17861
  171 5561.446775 13695
  172 21153.896709 24490
  173 -244.121435     7
  174 -175.105312     1
  175 -1720.726209     8
  176 4207.202615 25213
  177 -517.483638     9
  178 -1344.956770     4
  179 3031.584383 11841
  180 15729.089445 26142
  181 1200.572076  3905
  182 6467.845003 18518
  183 11563.179599 26181
  184 -1757.560432     0
  185 3817.874925  6201
  186 -87.992143     3
  187 -1476.215166     1
  188 5695.010942  3731
  189 -1452.000577     0
  190 1586.045680   594
  191 842.034794 20258
  192 1403.578669  8869
  193 4387.797084 11140
  194 -10.539796     1
  195 -2009.116029     4
  196 -1388.725073     6
  197 955.645497  7350
  198 10216.418846 24250
  199 -773.229183     5
  200 10888.536879 16020
  201 3697.436408  6709
  202 9884.872614 12541
  203 -1063.348764     3
  204 -1559.708819     5
  205 16062.273954 20824
  206 -1484.301685     2
  207 6708.472448 10814
  208 2050.512053 20022
  209 -1292.524897     5
  210 644.641516   251
  211 2878.330590  1080
  212 14695.707951 15517
  213 5323.208262 23377
  214 -285.282391     2
  215 -1271.427365     5
  216 -292.246154     7
  217 4655.348997  1281
  218 556.318127 21838
  219 -1352.796909     3
  220 -895.270298     0
  221 4664.587215 12350
  222 7862.815819  9458
  223 -790.172325     5
  224 -864.372027     0
  225 13371.283827 21527
  226 12814.160654 15425
  227 -56.797141     8
  228 15370.479806 24261
  229 2532.257273 12613
  230 -1065.611973     3
  231 18252.808609 25599
  232 10798.526326 22069
  233 7561.049249  2552
  234 -227.364691     3
  235 3579.810673  4764
  236 -471.051840     2
  237 1618.798870 11817
  238 -339.064357     9
  239 2103.753313  8720
  240 -463.508947     4
  241 2692.595197   876
  242 -1705.904490     4
  243 6812.478018 21854
  244 32128.663133 19497
  245 -341.296147     1
  246 -1109.457716     2
  247 796.964089   546
  248 7310.128199 22208
  249 -851.763122     3
  250 2484.393211  7189
  251 -654.742500     8
  252 2035.818986  5355
  253 -1269.258952     9
  254 4880.850857    80
  255 -384.377057     5
  256 9970.614660 23594
  257 16863.578672 22728
  258 -1165.897112     1
  259 11829.110846 12216
  260 2004.108133   214
  261 9396.413851 19666
  262 -636.865813     7
  263 2897.784262    74
  264 -477.758096     0
  265 -1014.854061     6
  266 7317.262322 16029
  267 7892.788637 16240
  268 17647.680904 27269
  269 4480.554072 23404
  270 -421.842693     7
  271 4295.176406  3066
  272 -913.860565     9
  273 947.470523  3236
  274 1349.817242  8977
  275 -2337.602934     2
  276 7796.848879 25687
  277 6996.455788 26575
  278 5033.883952 23229
  279 -128.130102     4
  280 -144.111503     2
  281 3209.747995 23859
  282 6395.066006  6530
  283 -1070.715073     7
  284 7348.013781 10765
  285 2692.332641 15705
  286 8827.935772 24767
  287 7294.806095 14460
  288 10333.936347 17963
  289 16405.265508 16428
  290 -1118.585388     6
  291 14213.400309 26421
  292 1005.200724 21578
  293 4818.419917 10799
  294 2178.152736  3784
  295 -213.713999     8
  296 -922.894497     2
  297 -1534.256738     8
  298 6130.625608 18046
  299 7131.590658 14927
  300 4060.292764 19137
