300
    1 2499.500072     1
    2 17292.365550 16119
    3 28322.156997 22552
    4 -1956.965432     7
    5 -412.020675     3
    6 3522.430601 17605
    7 -320.805799     0
    8 -465.788197     6
    9 -915.331589     9
   10 9227.067183  5019
   11 9485.737789 11402
   12 -5.307838     2
   13 7320.829875  7882
   14 7063.239732 20490
   15 2551.052338  5438
   16 5385.157560 18433
   17 -390.741968     5
   18 2631.596643 12080
   19 2685.208079  6863
   20 13557.330202 23698
   21 -1421.657459     1
   22 2117.928815  1611
   23 167.907513   525
   24 -387.092719     6
   25 -835.785354     8
   26 -1094.324041     1
   27 17180.031504 20096
   28 -521.360689     8
   29 -119.305209     7
   30 -1175.533101     1
   31 3670.330333 24956
   32 511.220221 18649
   33 -392.268015     5
   34 1820.871710 14086
   35 -411.601499     1
   36 2288.114085   763
   37 17349.133259 14573
   38 4137.700594 22063
   39 -920.994331     7
   40 5016.460253 18419
   41 17174.127582 21823
   42 -1711.072062     2
   43 1225.620357 15275
   44 8965.807788 15882
   45 1089.350337 14868
   46 -1554.660527     8
   47 -1260.912034     7
   48 -985.267331     1
   49 4304.103197  2208
   50 -406.695846     1
   51 -766.865446     2
   52 10379.888257 19961
   53 15925.899219 20395
   54 5490.441882 26497
   55 -186.949253     1
   56 11617.189380 17654
   57 5926.172598  4613
   58 -1768.402888     3
   59 10820.875724 14985
   60 3957.161107  2593
   61 213.211007 10343
   62 -2516.863316     5
   63 -801.545261     6
   64 -720.862599     5
   65 4989.806482  2104
   66 -319.088277     3
   67 -28.581035     0
   68 8130.319110 20634
   69 17306.576902 17064
   70 -625.646635     3
   71 8773.789436 21647
   72 4378.639744 25568
   73 -105.368998     1
   74 15328.634414 18628
   75 5235.470991  1257
   76 9737.075980 14979
   77 -1279.199550     9
   78 983.314861 13258
   79 5341.732282  2568
   80 13806.151650 22553
   81 10086.245183 12082
   82 -846.634787     2
   83 7712.638057 15949
   84 18456.983342 22106
   85 6317.669987 13544
   86 9989.159725  6255
   87 5345.978551 23714
   88 4209.456213  8149
   89 -12.669875     6
   90 -789.870408     4
   91 4060.721606 10842
   92 5587.774935  6271
   93 4743.944329 15863
   94 8416.564834 23772
   95 -125.723272     5
   96 -1068.600206     9
   97 -724.101238     9
   98 6882.388999 21222
   99 2498.067859  1573
  100 2201.884847 22037
  101 92.247711   828
  102 -217.646235     9
  103 8475.116404 12746
  104 -1837.019978     1
  105 2588.143590   314
  106 -1410.403813     9
  107 3843.631267 23962
  108 -359.510673     1
  109 3303.782211 23513
  110 261.248676 12081
  111 -180.941182     9
  112 5560.600950 13467
  113 18652.880113 27528
  114 -625.974782     4
  115 -80.015178     9
  116 14369.631975 10984
  117 -1585.687975     4
  118 -951.518413     8
  119 -415.693007     3
  120 -1631.020600     1
  121 21833.763529 19028
  122 -1423.837431     1
  123 -1894.667754     9
  124 925.344070 22549
  125 -1821.384894     5
  126 -2369.591924     8
  127 12143.939203 26634
  128 -1656.886914     5
  129 6011.006286  8009
  130 -394.636494     9
  131 3979.173516 18283
  132 14637.579183 14384
  133 6218.904191 14765
  134 15979.055123 14456
  135 -653.868364     3
  136 8091.300173  1602
  137 8868.307415  4234
  138 3529.837386 13370
  139 936.535689  6832
  140 12432.637154 23847
  141 2288.035343  6524
  142 30023.373495 25512
  143 -882.051513     7
  144 15472.375582 21094
  145 6498.283944 23238
  146 -830.639955     4
  147 3360.690651 23525
  148 -739.287762     4
  149 -1178.987667     7
  150 722.445650   294
  151 1677.778476 10172
  152 -2.636103     8
  153 2747.780802 21958
  154 -641.801657     2
  155 -681.255514     1
  156 8883.585403 19828
  157 -2485.623330     7
  158 1296.915021   731
  159 -505.855846     1
  160 819.637297 15722
  161 8218.655998  3195
  162 2107.145967  1887
  163 1411.339415  3101
  164 1363.949050  2558
  165 -317.496573     9
  166 -2373.366489     1
  167 4095.396009  7462
  168 -588.084308     9
  169 445.669433  1250
  170 3791.954001 17861
  171 10565.712336 13695
  172 397.268847 24490
  173 -1421.123800     7
  174 -1129.935969     1
  175 -174.172649     8
  176 6680.904534 25213
  177 -2431.194677     9
  178 -741.835865     4
  179 12847.661886 11841
  180 7718.430895 26142
  181 1651.263400  3905
  182 33382.158336 18518
  183 13288.314902 26181
  184 -704.199927     0
  185 2249.800061  6201
  186 -298.438262     3
  187 -1801.250317     1
  188 1506.670160  3731
  189 -759.227677     0
  190 5285.939387   594
  191 15063.562443 20258
  192 4284.176588  8869
  193 3258.940648 11140
  194 -259.866607     1
  195 -482.525004     4
  196 -527.395581     6
  197 10640.279390  7350
  198 9287.914370 24250
  199 -3583.261561     5
  200 2696.288860 16020
  201 1864.418879  6709
  202 5113.935337 12541
  203 -682.926545     3
  204 -1392.764743     5
  205 4307.214233 20824
  206 -220.918252     2
  207 5786.379226 10814
  208 3719.028532 20022
  209 -1373.664062     5
  210 80.471169   251
  211 6055.158125  1080
  212 3892.396325 15517
  213 10169.579330 23377
  214 -342.991131     2
  215 -788.388975     5
  216 -706.530564     7
  217 34.155704  1281
  218 21919.859269 21838
  219 -110.598299     3
  220 -2191.399699     0
  221 5324.609420 12350
  222 4288.416817  9458
  223 -52.200951     5
  224 -327.210041     0
  225 4669.480521 21527
  226 11786.072008 15425
  227 -890.189519     8
  228 20350.963488 24261
  229 5455.897750 12613
  230 -1603.035853     3
  231 2355.554478 25599
  232 588.192228 22069
  233 5589.622458  2552
  234 -497.741399     3
  235 3433.869033  4764
  236 -7.048893     2
  237 823.899107 11817
  238 -998.621424     9
  239 2020.901843  8720
  240 -675.379284     4
  241 931.885565   876
  242 -979.264122     4
  243 8374.569681 21854
  244 3111.641947 19497
  245 -427.127472     1
  246 -1828.850191     2
  247 2841.191607   546
  248 16760.939880 22208
  249 -1955.651860     3
  250 5415.693457  7189
  251 -2162.583679     8
  252 2101.034150  5355
  253 -4758.277191     9
  254 1625.458540    80
  255 -243.466514     5
  256 25720.254666 23594
  257 30774.443276 22728
  258 -1109.055342     1
  259 11338.026977 12216
  260 1321.743718   214
  261 6476.536428 19666
  262 -162.720769     7
  263 1961.669695    74
  264 -1510.235954     0
  265 -325.853255     6
  266 4086.650013 16029
  267 1672.406351 16240
  268 17533.195524 27269
  269 22845.048801 23404
  270 -485.037573     7
  271 4.655297  3066
  272 -28.867522     9
  273 10438.317609  3236
  274 990.931893  8977
  275 -1158.632364     2
  276 4577.427634 25687
  277 8475.194531 26575
  278 3635.977345 23229
  279 -1198.962300     4
  280 -836.053207     2
  281 656.558719 23859
  282 7616.830574  6530
  283 -474.816320     7
  284 8236.154852 10765
  285 15399.870135 15705
  286 3688.666938 24767
  287 3786.164510 14460
  288 3892.792886 17963
  289 3697.759301 16428
  290 -1178.808293     6
  291 17607.292689 26421
  292 9833.270881 21578
  293 1719.182749 10799
  294 759.218845  3784
  295 -1359.841263     8
  296 -585.246726     2
  297 -2128.761918     8
  298 6547.032010 18046
  299 17115.091769 14927
  300 311.545395 19137
