300
    1 3523.103773     1
    2 1552.889717 16119
    3 8965.427973 22552
    4 -20.029432     7
    5 -4116.699081     3
    6 3998.287291 17605
    7 -67.592442     0
    8 -1567.549264     6
    9 -631.355146     9
   10 5340.385334  5019
   11 4832.660862 11402
   12 -345.162516     2
   13 2059.487573  7882
   14 14806.211583 20490
   15 1583.622704  5438
   16 7146.326764 18433
   17 -1982.508229     5
   18 6901.803467 12080
   19 3322.313215  6863
   20 27612.504104 23698
   21 -1047.357464     1
   22 2294.305236  1611
   23 3388.797235   525
   24 -1095.484012     6
   25 -262.421974     8
   26 -926.817040     1
   27 13273.892871 20096
   28 -202.579326     8
   29 -1431.010041     7
   30 -1770.014525     1
   31 10132.953231 24956
   32 17961.660350 18649
   33 -424.732276     5
   34 10779.711788 14086
   35 -1401.451191     1
   36 3729.340845   763
   37 20834.653385 14573
   38 12852.256734 22063
   39 -833.888691     7
   40 11399.806009 18419
   41 14208.143961 21823
   42 -196.958868     2
   43 11552.451319 15275
   44 10865.087517 15882
   45 8339.454410 14868
   46 -348.969741     8
   47 -1639.911648     7
   48 -507.841947     1
   49 1912.934342  2208
   50 -274.198384     1
   51 -934.232061     2
   52 571.204240 19961
   53 10944.599192 20395
   54 19167.653212 26497
   55 -814.826678     1
   56 17971.767078 17654
   57 5904.798012  4613
   58 -28.316671     3
   59 8331.995754 14985
   60 3002.515666  2593
   61 9276.003562 10343
   62 -501.259364     5
   63 -690.984242     6
   64 -134.996102     5
   65 3167.875308  2104
   66 -465.008423     3
   67 -1927.887881     0
   68 2527.074497 20634
   69 12414.404680 17064
   70 -816.213368     3
   71 2235.753166 21647
   72 4500.114034 25568
   73 -213.278012     1
   74 5879.778654 18628
   75 3606.452317  1257
   76 9190.266293 14979
   77 -281.623804     9
   78 13173.318406 13258
   79 2386.651901  2568
   80 9162.654951 22553
   81 3645.862642 12082
   82 -485.999218     2
   83 14074.738564 15949
   84 6127.338846 22106
   85 7586.797188 13544
   86 4101.131550  6255
   87 27421.167084 23714
   88 418.854428  8149
   89 -618.081019     6
   90 -583.023006     4
   91 2761.182093 10842
   92 3913.776343  6271
   93 11814.692490 15863
   94 11976.508106 23772
   95 -606.615083     5
   96 -692.455421     9
   97 -1936.972466     9
   98 5802.465662 21222
   99 1246.730877  1573
  100 5303.978379 22037
  101 3215.528643   828
  102 -750.578900     9
  103 10763.985869 12746
  104 -306.085477     1
  105 2706.495258   314
  106 -1415.258307     9
  107 4482.433042 23962
  108 -416.275264     1
  109 21856.934386 23513
  110 5887.117298 12081
  111 -1328.038599     9
  112 3879.262852 13467
  113 29602.889412 27528
  114 -60.902089     4
  115 -541.873992     9
  116 3165.986107 10984
  117 -542.036439     4
  118 -574.422343     8
  119 -2209.020717     3
  120 -1977.411919     1
  121 8405.952680 19028
  122 -1106.480002     1
  123 -3333.336786     9
  124 4226.247270 22549
  125 -1468.462326     5
  126 -858.521789     8
  127 26759.092915 26634
  128 -1412.710154     5
  129 12125.270323  8009
  130 -349.685648     9
  131 5381.118301 18283
  132 12320.127081 14384
  133 6794.599828 14765
  134 4101.697569 14456
  135 -1602.913299     3
  136 332.626174  1602
  137 4583.257733  4234
  138 4237.839254 13370
  139 990.422708  6832
  140 11159.818270 23847
  141 4028.945598  6524
  142 18193.510752 25512
  143 -917.845542     7
  144 710.680829 21094
  145 4763.839847 23238
  146 -586.958512     4
  147 3621.448332 23525
  148 -1243.785328     4
  149 -1869.984140     7
  150 594.466314   294
  151 2708.811104 10172
  152 -1908.001634     8
  153 12004.521941 21958
  154 -1021.642859     2
  155 -725.898711     1
  156 8270.468395 19828
  157 -469.284911     7
  158 3513.989714   731
  159 -1785.206339     1
  160 19632.316384 15722
  161 1819.474464  3195
  162 4242.118364  1887
  163 5284.546334  3101
  164 8785.068704  2558
  165 -2419.739333     9
  166 -1860.506613     1
  167 821.920992  7462
  168 -1052.155637     9
  169 2850.090277  1250
  170 620.067184 17861
  171 211.800476 13695
  172 1066.139762 24490
  173 -2511.479041     7
  174 -1396.664583     1
  175 -320.777487     8
  176 7848.161586 25213
  177 -199.399770     9
  178 -605.555019     4
  179 6580.419658 11841
  180 9159.722794 26142
  181 6364.036293  3905
  182 7248.050806 18518
  183 9057.757366 26181
  184 -2519.974670     0
  185 59.283916  6201
  186 -152.290323     3
  187 -240.550760     1
  188 3227.261723  3731
  189 -734.579110     0
  190 656.450511   594
  191 10339.907048 20258
  192 3153.814718  8869
  193 11546.313217 11140
  194 -1745.248257     1
  195 -793.671514     4
  196 -178.873233     6
  197 56.879036  7350
  198 9136.999078 24250
  199 -1343.153222     5
  200 4834.739278 16020
  201 4401.984874  6709
  202 14540.688034 12541
  203 -875.399939     3
  204 -374.033989     5
  205 25840.297117 20824
  206 -289.060766     2
  207 7285.750324 10814
  208 2529.320849 20022
  209 -1057.957402     5
  210 1436.567159   251
  211 343.031522  1080
  212 6763.579966 15517
  213 13835.771885 23377
  214 -1746.269402     2
  215 -1953.058913     5
  216 -1088.170282     7
  217 4967.171410  1281
  218 11167.719669 21838
  219 -661.812423     3
  220 -401.400150     0
  221 1197.931450 12350
  222 5967.406894  9458
  223 -993.584018     5
  224 -832.145606     0
  225 26746.174508 21527
  226 8841.582888 15425
  227 -443.642717     8
  228 358.586370 24261
  229 6506.665079 12613
  230 -2733.263068     3
  231 790.507455 25599
  232 215.588215 22069
  233 6357.874086  2552
  234 -2038.105838     3
  235 1641.568906  4764
  236 -684.946041     2
  237 517.187835 11817
  238 -422.332277     9
  239 4300.474127  8720
  240 -2309.882821     4
  241 862.948449   876
  242 -1579.879017     4
  243 8447.902257 21854
  244 429.867844 19497
  245 -428.338235     1
  246 -1798.580899     2
  247 3919.655784   546
  248 115.433815 22208
  249 -283.636245     3
  250 6307.003657  7189
  251 -2178.811536     8
  252 4138.968194  5355
  253 -1715.278144     9
  254 345.572356    80
  255 -946.297860     5
  256 9130.908747 23594
  257 27334.242904 22728
  258 -1104.716682     1
  259 4592.608861 12216
  260 1625.745757   214
  261 14699.937961 19666
  262 -996.090374     7
  263 3762.118042    74
  264 -424.584975     0
  265 -677.608984     6
  266 13036.551900 16029
  267 16729.643295 16240
  268 4070.206750 27269
  269 16316.709905 23404
  270 -396.527523     7
  271 1821.441579  3066
  272 -1006.946147     9
  273 8799.691339  3236
  274 11718.311674  8977
  275 -1159.113558     2
  276 11399.255845 25687
  277 14802.832877 26575
  278 7827.983567 23229
  279 -641.739882     4
  280 -144.252088     2
  281 9970.339766 23859
  282 5752.044708  6530
  283 -1311.079605     7
  284 1164.386162 10765
  285 5888.679905 15705
  286 12851.581541 24767
  287 2383.651688 14460
  288 5220.212116 17963
  289 15253.938807 16428
  290 -350.183686     6
  291 9600.288714 26421
  292 11936.372396 21578
  293 12105.619821 10799
  294 916.443222  3784
  295 -1332.475657     8
  296 -1381.666188     2
  297 -1853.491802     8
  298 7811.106444 18046
  299 11060.644295 14927
  300 5944.922877 19137
