300
    1 4011.011168     1
    2 11915.730880 16119
    3 6005.231373 22552
    4 -1617.635799     7
    5 -826.912272     3
    6 11763.030351 17605
    7 -483.297496     0
    8 -4909.369715     6
    9 -189.912567     9
   10 5209.048823  5019
   11 4918.482777 11402
   12 -1218.100536     2
   13 4678.730406  7882
   14 344.809925 20490
   15 5680.749059  5438
   16 17456.055775 18433
   17 -525.003301     5
   18 7831.880986 12080
   19 1725.352462  6863
   20 329.005643 23698
   21 -385.815602     1
   22 2664.530273  1611
   23 1054.942561   525
   24 -469.080179     6
   25 -1112.639090     8
   26 -221.575843     1
   27 13218.508743 20096
   28 -2143.855761     8
   29 -73.092344     7
   30 -1075.332747     1
   31 26758.860843 24956
   32 5540.014895 18649
   33 -742.932890     5
   34 3440.686466 14086
   35 -1103.808399     1
   36 1974.889769   763
   37 3903.140489 14573
   38 30779.779360 22063
   39 -5.558073     7
   40 19919.792101 18419
   41 9691.970171 21823
   42 -1859.709440     2
   43 6575.158071 15275
   44 8030.231114 15882
   45 5058.254029 14868
   46 -1676.670885     8
   47 -350.600908     7
   48 -25.390324     1
   49 695.073645  2208
   50 -361.164089     1
   51 -318.453370     2
   52 13299.426503 19961
   53 6079.510941 20395
   54 1456.726908 26497
   55 -859.814723     1
   56 16690.708215 17654
   57 12872.494571  4613
   58 -1842.223314     3
   59 12283.679078 14985
   60 6580.394179  2593
   61 6090.542293 10343
   62 -716.984679     5
   63 -47.514107     6
   64 -394.374073     5
   65 4728.241004  2104
   66 -310.394590     3
   67 -799.023031     0
   68 16480.181146 20634
   69 20206.934988 17064
   70 -130.398731     3
   71 4638.567857 21647
   72 13628.450070 25568
   73 -351.308216     1
   74 7723.758525 18628
   75 3737.535128  1257
   76 681.557876 14979
   77 -1156.256702     9
   78 8320.724700 13258
   79 4491.711461  2568
   80 4079.905447 22553
   81 10839.735875 12082
   82 -548.785887     2
   83 11084.266890 15949
   84 16603.108468 22106
   85 13642.770588 13544
   86 6116.697356  6255
   87 8695.378933 23714
   88 6678.751768  8149
   89 -1793.613141     6
   90 -1701.577408     4
   91 10016.713592 10842
   92 2010.888331  6271
   93 7438.701583 15863
   94 20092.795339 23772
   95 -907.492956     5
   96 -59.025142     9
   97 -1166.484882     9
   98 4342.413924 21222
   99 4764.102339  1573
  100 11927.005700 22037
  101 6381.228870   828
  102 -382.325175     9
  103 7581.029208 12746
  104 -965.327008     1
  105 634.434529   314
  106 -1041.638383     9
  107 18535.667684 23962
  108 -977.044346     1
  109 7856.257240 23513
  110 9186.412639 12081
  111 -2411.037310     9
  112 3095.391335 13467
  113 7919.507023 27528
  114 -411.300686     4
  115 -311.120365     9
  116 8743.329670 10984
  117 -2761.469545     4
  118 -790.292858     8
  119 -584.637291     3
  120 -388.965527     1
  121 16478.627822 19028
  122 -60.583551     1
  123 -1899.926642     9
  124 20893.562039 22549
  125 -2120.582206     5
  126 -1446.604923     8
  127 1049.665617 26634
  128 -256.795284     5
  129 4664.686117  8009
  130 -343.274110     9
  131 21594.512490 18283
  132 10490.660622 14384
  133 11170.538675 14765
  134 5835.781708 14456
  135 -1297.085562     3
  136 1408.710480  1602
  137 383.188340  4234
  138 4649.821979 13370
  139 2528.960917  6832
  140 5324.727274 23847
  141 6027.467166  6524
  142 27366.604288 25512
  143 -1911.769292     7
  144 13011.626427 21094
  145 5606.312431 23238
  146 -162.976733     4
  147 3023.180182 23525
  148 -550.321580     4
  149 -1038.058049     7
  150 4368.523200   294
  151 11303.249157 10172
  152 -1309.022515     8
  153 31958.705047 21958
  154 -871.503046     2
  155 -456.116598     1
  156 24138.803878 19828
  157 -538.270657     7
  158 561.572292   731
  159 -71.703867     1
  160 7762.165205 15722
  161 3902.195706  3195
  162 5104.570820  1887
  163 9614.677879  3101
  164 5556.859630  2558
  165 -1243.800729     9
  166 -1924.468746     1
  167 11397.214351  7462
  168 -842.578842     9
  169 836.823274  1250
  170 8370.440149 17861
  171 4043.876867 13695
  172 12292.321864 24490
  173 -1924.516078     7
  174 -65.620465     1
  175 -513.337883     8
  176 13593.043853 25213
  177 -735.077828     9
  178 -2152.299826     4
  179 1052.107343 11841
  180 4608.678725 26142
  181 1418.615758  3905
  182 2941.059501 18518
  183 11102.856932 26181
  184 -2491.160950     0
  185 1415.873878  6201
  186 -415.725078     3
  187 -183.160090     1
  188 429.868382  3731
  189 -84.185815     0
  190 7039.619999   594
  191 2922.641305 20258
  192 7538.324118  8869
  193 303.627673 11140
  194 -1941.879271     1
  195 -904.211455     4
  196 -78.961207     6
  197 274.629882  7350
  198 30982.134395 24250
  199 -1120.770412     5
  200 1692.058699 16020
  201 230.188370  6709
  202 6871.552916 12541
  203 -655.131613     3
  204 -397.677402     5
  205 7295.481643 20824
  206 -652.437833     2
  207 6476.188073 10814
  208 19258.414971 20022
  209 -1196.888558     5
  210 469.814313   251
  211 2448.314777  1080
  212 19353.595363 15517
  213 1710.651479 23377
  214 -2281.825760     2
  215 -392.933839     5
  216 -49.994514     7
  217 1699.566924  1281
  218 2373.229038 21838
  219 -486.666782     3
  220 -380.655605     0
  221 18461.791713 12350
  222 11292.990930  9458
  223 -1199.424961     5
  224 -1886.101696     0
  225 2969.152675 21527
  226 12215.641143 15425
  227 -1773.465593     8
  228 555.198302 24261
  229 17633.502602 12613
  230 -1382.379617     3
  231 19496.572766 25599
  232 22241.316930 22069
  233 337.433109  2552
  234 -78.660625     3
  235 1639.548163  4764
  236 -27.069306     2
  237 178.152644 11817
  238 -538.260047     9
  239 8597.436022  8720
  240 -781.518127     4
  241 2568.975229   876
  242 -870.067590     4
  243 6729.145317 21854
  244 27068.283839 19497
  245 -1121.144055     1
  246 -617.212122     2
  247 516.890820   546
  248 5722.157098 22208
  249 -534.408508     3
  250 8415.192970  7189
  251 -186.444824     8
  252 3353.953783  5355
  253 -975.791339     9
  254 956.905139    80
  255 -446.743708     5
  256 8321.192092 23594
  257 10761.684215 22728
  258 -936.986615     1
  259 5003.716377 12216
  260 398.028010   214
  261 18618.032722 19666
  262 -688.213259     7
  263 4008.489678    74
  264 -290.574510     0
  265 -461.627411     6
  266 25387.671032 16029
  267 2769.786364 16240
  268 26667.728324 27269
  269 7597.939209 23404
  270 -758.682653     7
  271 7893.423571  3066
  272 -519.484589     9
  273 5447.581996  3236
  274 4941.968240  8977
  275 -1055.456960     2
  276 25972.131492 25687
  277 13848.057623 26575
  278 14517.591878 23229
  279 -1591.737382     4
  280 -208.031174     2
  281 10905.702569 23859
  282 219.523445  6530
  283 -1197.381788     7
  284 11056.007830 10765
  285 10215.799937 15705
  286 16026.865516 24767
  287 1518.210876 14460
  288 6209.967142 17963
  289 36668.953970 16428
  290 -755.030183     6
  291 2768.437709 26421
  292 7074.175254 21578
  293 7489.779029 10799
  294 3617.505639  3784
  295 -381.485111     8
  296 -2313.760795     2
  297 -1573.212922     8
  298 29678.621668 18046
  299 5619.636508 14927
  300 6880.120272 19137
