300
    1 1157.037932     1
    2 15979.027820 16119
    3 8516.610010 22552
    4 -1346.390536     7
    5 -191.439708     3
    6 4212.609949 17605
    7 -70.171491     0
    8 -850.083816     6
    9 -251.369779     9
   10 2250.130637  5019
   11 12344.355782 11402
   12 -270.657639     2
   13 7248.828009  7882
   14 25842.412392 20490
   15 190.947577  5438
   16 20302.628730 18433
   17 -488.743718     5
   18 7090.226053 12080
   19 10611.819697  6863
   20 1892.543751 23698
   21 -850.697388     1
   22 9672.053121  1611
   23 1172.759451   525
   24 -1508.337310     6
   25 -465.349830     8
   26 -322.336649     1
   27 3028.993561 20096
   28 -804.753105     8
   29 -1995.455588     7
   30 -472.442684     1
   31 4927.154957 24956
   32 20386.859316 18649
   33 -1161.848486     5
   34 11931.973307 14086
   35 -2073.878949     1
   36 925.950963   763
   37 16002.603773 14573
   38 10490.984787 22063
   39 -749.027326     7
   40 4623.706539 18419
   41 2061.742888 21823
   42 -1157.606601     2
   43 21929.995483 15275
   44 5702.122891 15882
   45 12624.605950 14868
   46 -462.032525     8
   47 -548.655778     7
   48 -206.231203     1
   49 692.744529  2208
   50 -1405.891847     1
   51 -1099.852985     2
   52 4997.816083 19961
   53 2511.555821 20395
   54 3561.926256 26497
   55 -443.452211     1
   56 21461.140189 17654
   57 1181.409520  4613
   58 -1724.260022     3
   59 18544.314157 14985
   60 5567.012101  2593
   61 9026.723499 10343
   62 -387.414904     5
   63 -994.604991     6
   64 -2075.431174     5
   65 4433.105007  2104
   66 -408.196149     3
   67 -1599.550331     0
   68 16976.432892 20634
   69 11355.950740 17064
   70 -562.571378     3
   71 9758.950054 21647
   72 28909.431822 25568
   73 -1365.935693     1
   74 3561.122708 18628
   75 5005.951129  1257
   76 8988.997292 14979
   77 -1474.864505     9
   78 10253.985701 13258
   79 4549.604396  2568
   80 10655.983873 22553
   81 7127.995140 12082
   82 -1579.200723     2
   83 21246.621277 15949
   84 5067.533287 22106
   85 856.447673 13544
   86 1983.454023  6255
   87 11325.650141 23714
   88 1207.634489  8149
   89 -1143.602172     6
   90 -1323.236969     4
   91 6372.237823 10842
   92 2320.049256  6271
   93 1819.374516 15863
   94 14235.110019 23772
   95 -741.414872     5
   96 -20.563165     9
   97 -16.611401     9
   98 4711.254867 21222
   99 5722.856955  1573
  100 9582.811947 22037
  101 1667.757567   828
  102 -1071.536205     9
  103 2302.446576 12746
  104 -267.319977     1
  105 1086.457646   314
  106 -1316.465798     9
  107 27558.353623 23962
  108 -1355.718364     1
  109 12817.196995 23513
  110 153.890966 12081
  111 -214.578233     9
  112 1440.640984 13467
  113 14802.057713 27528
  114 -1337.222268     4
  115 -615.958175     9
  116 1532.481497 10984
  117 -3072.358850     4
  118 -868.476462     8
  119 -1081.152484     3
  120 -3067.161865     1
  121 2983.059702 19028
  122 -1176.803375     1
  123 -1244.378397     9
  124 20107.417655 22549
  125 -605.325800     5
  126 -1216.568675     8
  127 8452.885998 26634
  128 -746.131188     5
  129 6502.025179  8009
  130 -287.848145     9
  131 17209.715490 18283
  132 5490.257549 14384
  133 18783.803314 14765
  134 5302.589319 14456
  135 -1715.960835     3
  136 2953.728599  1602
  137 6321.052111  4234
  138 2071.240150 13370
  139 9803.485050  6832
  140 18953.933303 23847
  141 2810.748418  6524
  142 12564.166413 25512
  143 -1106.894566     7
  144 5227.546064 21094
  145 8323.493683 23238
  146 -140.074945     4
  147 4712.610792 23525
  148 -432.937833     4
  149 -681.068893     7
  150 181.996231   294
  151 4989.760075 10172
  152 -1484.576560     8
  153 10726.946576 21958
  154 -222.137531     2
  155 -257.378508     1
  156 7522.429732 19828
  157 -617.586315     7
  158 818.761992   731
  159 -23.219831     1
  160 4811.384859 15722
  161 2366.126997  3195
  162 1060.256301  1887
  163 1490.447333  3101
  164 408.194633  2558
  165 -25.158487     9
  166 -390.026007     1
  167 6778.380923  7462
  168 -334.938370     9
  169 960.240747  1250
  170 675.779423 17861
  171 151.792199 13695
  172 6245.444238 24490
  173 -1268.354807     7
  174 -59.089008     1
  175 -1678.334402     8
  176 24884.999327 25213
  177 -308.693201     9
  178 -1623.910145     4
  179 7445.767865 11841
  180 17668.968633 26142
  181 620.179499  3905
  182 16782.331027 18518
  183 20158.405543 26181
  184 -832.652269     0
  185 541.912180  6201
  186 -411.984298     3
  187 -2352.001663     1
  188 117.530060  3731
  189 -2247.212164     0
  190 2455.461531   594
  191 14049.989693 20258
  192 13509.646357  8869
  193 8943.146456 11140
  194 -1261.490783     1
  195 -1437.695502     4
  196 -1988.724672     6
  197 3395.776223  7350
  198 1518.157136 24250
  199 -2761.743601     5
  200 11820.373809 16020
  201 6545.948116  6709
  202 3808.735577 12541
  203 -148.293269     3
  204 -1841.106578     5
  205 18357.596602 20824
  206 -2186.755689     2
  207 1864.765088 10814
  208 10075.060312 20022
  209 -198.499151     5
  210 1606.338572   251
  211 2189.932546  1080
  212 2240.335015 15517
  213 12857.340231 23377
  214 -2156.500532     2
  215 -1228.230649     5
  216 -312.751452     7
  217 5714.855196  1281
  218 14188.629316 21838
  219 -183.542629     3
  220 -282.781462     0
  221 1101.776219 12350
  222 3403.615484  9458
  223 -55.099112     5
  224 -148.992773     0
  225 4810.636525 21527
  226 11939.422810 15425
  227 -608.646307     8
  228 3621.667383 24261
  229 14113.458610 12613
  230 -1652.054880     3
  231 33827.528826 25599
  232 9965.460334 22069
  233 3302.693879  2552
  234 -57.782863     3
  235 2387.721922  4764
  236 -586.826718     2
  237 6550.119203 11817
  238 -1981.080607     9
  239 2917.985242  8720
  240 -200.230449     4
  241 4140.118968   876
  242 -1289.774069     4
  243 3498.819501 21854
  244 428.734849 19497
  245 -1344.010937     1
  246 -8.157542     2
  247 2464.265762   546
  248 1967.034598 22208
  249 -927.488226     3
  250 9742.245093  7189
  251 -1155.972300     8
  252 2869.266174  5355
  253 -1272.674027     9
  254 808.436772    80
  255 -2378.241049     5
  256 40543.846704 23594
  257 26174.168229 22728
  258 -184.490127     1
  259 12150.599560 12216
  260 3663.924948   214
  261 15031.445086 19666
  262 -1.667644     7
  263 1379.711034    74
  264 -1998.359039     0
  265 -781.309702     6
  266 23081.013364 16029
  267 514.691676 16240
  268 6067.577290 27269
  269 3633.960694 23404
  270 -56.315935     7
  271 1806.925308  3066
  272 -659.119766     9
  273 2966.783063  3236
  274 1954.399381  8977
  275 -352.210996     2
  276 9536.416552 25687
  277 18343.522420 26575
  278 11305.553067 23229
  279 -2037.427318     4
  280 -55.886855     2
  281 4753.400037 23859
  282 5669.964200  6530
  283 -321.867447     7
  284 5715.310897 10765
  285 14379.547824 15705
  286 9979.764739 24767
  287 7645.596136 14460
  288 11886.961425 17963
  289 11179.627747 16428
  290 -231.183820     6
  291 1819.925102 26421
  292 9699.548866 21578
  293 8153.983920 10799
  294 5990.093937  3784
  295 -1023.164469     8
  296 -95.287189     2
  297 -1234.313610     8
  298 1685.437284 18046
  299 6784.559707 14927
  300 2906.288126 19137
