300
    1 1715.600670     1
    2 25544.785607 16119
    3 2113.829308 22552
    4 -2808.380824     7
    5 -2232.256447     3
    6 9443.284425 17605
    7 -187.583550     0
    8 -1642.284774     6
    9 -2223.539519     9
   10 916.851776  5019
   11 11321.565573 11402
   12 -118.561217     2
   13 5781.031365  7882
   14 26596.143835 20490
   15 2931.760910  5438
   16 7736.546860 18433
   17 -670.685290     5
   18 6346.825042 12080
   19 5747.117943  6863
   20 7832.386033 23698
   21 -1451.780161     1
   22 5161.628413  1611
   23 2546.825465   525
   24 -103.858055     6
   25 -1093.254969     8
   26 -137.127020     1
   27 1234.904718 20096
   28 -23.390369     8
   29 -1684.276557     7
   30 -1020.372614     1
   31 5204.758114 24956
   32 16677.530436 18649
   33 -600.230499     5
   34 3694.769081 14086
   35 -604.427757     1
   36 2836.517551   763
   37 12155.451729 14573
   38 29279.983472 22063
   39 -2013.941718     7
   40 2254.388288 18419
   41 14779.227982 21823
   42 -543.831284     2
   43 3624.082922 15275
   44 2413.235412 15882
   45 8657.133421 14868
   46 -793.577134     8
   47 -513.218022     7
   48 -1633.708250     1
   49 7377.154207  2208
   50 -576.736833     1
   51 -1372.518056     2
   52 2494.207988 19961
   53 4448.547491 20395
   54 488.965742 26497
   55 -1655.581595     1
   56 872.254844 17654
   57 3961.509692  4613
   58 -1338.232254     3
   59 12595.643214 14985
   60 2858.166223  2593
   61 1542.317348 10343
   62 -734.263545     5
   63 -582.813252     6
   64 -594.337440     5
   65 1859.333287  2104
   66 -721.449469     3
   67 -216.611847     0
   68 10282.387990 20634
   69 12725.202316 17064
   70 -147.681269     3
   71 9429.324972 21647
   72 14245.749947 25568
   73 -1265.936878     1
   74 10191.347960 18628
   75 984.849265  1257
   76 5948.180536 14979
   77 -1096.504241     9
   78 8761.402743 13258
   79 2227.138657  2568
   80 14756.868946 22553
   81 19157.517272 12082
   82 -654.163409     2
   83 767.642024 15949
   84 4660.583603 22106
   85 11326.167401 13544
   86 6621.413239  6255
   87 5844.350886 23714
   88 1853.688404  8149
   89 -1566.521253     6
   90 -915.054227     4
   91 21703.746334 10842
   92 8165.032153  6271
   93 274.299332 15863
   94 1345.713508 23772
   95 -1066.536048     5
   96 -1077.007935     9
   97 -1659.152339     9
   98 11883.877933 21222
   99 1407.985270  1573
  100 5122.808415 22037
  101 1549.785303   828
  102 -147.815682     9
  103 6920.788441 12746
  104 -1058.004731     1
  105 9016.820001   314
  106 -313.939477     9
  107 18904.526759 23962
  108 -272.495548     1
  109 12079.604214 23513
  110 2465.172087 12081
  111 -1574.053062     9
  112 5766.624513 13467
  113 13020.915957 27528
  114 -586.206068     4
  115 -400.628307     9
  116 6420.698008 10984
  117 -1295.773740     4
  118 -35.549086     8
  119 -2592.757418     3
  120 -556.008464     1
  121 5896.388208 19028
  122 -502.334128     1
  123 -539.593295     9
  124 8184.684897 22549
  125 -1617.125064     5
  126 -1096.571254     8
  127 19327.264284 26634
  128 -1035.057058     5
  129 12773.992490  8009
  130 -1165.845672     9
  131 16572.192434 18283
  132 5892.698929 14384
  133 1478.358687 14765
  134 12561.287213 14456
  135 -2488.599353     3
  136 1924.654221  1602
  137 6959.633203  4234
  138 6108.604173 13370
  139 409.927345  6832
  140 8323.502035 23847
  141 1573.817996  6524
  142 5897.978525 25512
  143 -284.390148     7
  144 9408.365856 21094
  145 6893.011847 23238
  146 -1090.968424     4
  147 14264.531610 23525
  148 -1061.805955     4
  149 -1195.393451     7
  150 3341.951139   294
  151 653.413541 10172
  152 -886.019704     8
  153 22210.584034 21958
  154 -97.414951     2
  155 -1128.632850     1
  156 30743.565135 19828
  157 -1400.109520     7
  158 3104.110274   731
  159 -559.300759     1
  160 8511.823942 15722
  161 1899.786774  3195
  162 522.471970  1887
  163 5557.248562  3101
  164 4086.418879  2558
  165 -1475.028212     9
  166 -70.779209     1
  167 5559.644256  7462
  168 -543.182596     9
  169 5145.035127  1250
  170 1208.241053 17861
  171 2143.769594 13695
  172 8561.948529 24490
  173 -36.444432     7
  174 -103.331261     1
  175 -941.675660     8
  176 1488.682803 25213
  177 -186.413361     9
  178 -415.362586     4
  179 5663.712631 11841
  180 6680.674168 26142
  181 1077.423553  3905
  182 14201.308102 18518
  183 20893.597689 26181
  184 -659.689023     0
  185 194.362383  6201
  186 -284.489159     3
  187 -2036.202202     1
  188 1259.119810  3731
  189 -231.006113     0
  190 3419.586166   594
  191 14279.362292 20258
  192 10998.395411  8869
  193 5776.562470 11140
  194 -1429.834799     1
  195 -2673.293933     4
  196 -1194.155815     6
  197 7697.071168  7350
  198 9939.319451 24250
  199 -1083.767060     5
  200 3639.580235 16020
  201 4739.062805  6709
  202 11903.309239 12541
  203 -1136.758319     3
  204 -202.026721     5
  205 16602.538802 20824
  206 -1304.049435     2
  207 4101.169708 10814
  208 4741.447321 20022
  209 -238.451260     5
  210 1233.052221   251
  211 3548.292591  1080
  212 5867.281460 15517
  213 2055.901781 23377
  214 -908.736440     2
  215 -2107.492537     5
  216 -822.728883     7
  217 1108.948661  1281
  218 26244.042796 21838
  219 -935.018891     3
  220 -8.779758     0
  221 4033.526462 12350
  222 10203.343259  9458
  223 -744.652611     5
  224 -1640.590220     0
  225 1538.696654 21527
  226 22744.476420 15425
  227 -364.201142     8
  228 6341.677211 24261
  229 12520.998990 12613
  230 -612.372635     3
  231 5615.471714 25599
  232 6601.432549 22069
  233 3887.448919  2552
  234 -1419.998312     3
  235 2099.928434  4764
  236 -138.936668     2
  237 446.540314 11817
  238 -1145.923217     9
  239 13796.750660  8720
  240 -132.816047     4
  241 6273.817722   876
  242 -1630.494567     4
  243 5229.573747 21854
  244 22333.091002 19497
  245 -409.620244     1
  246 -648.874346     2
  247 1707.576996   546
  248 9177.722103 22208
  249 -1052.503843     3
  250 11112.150640  7189
  251 -2386.505097     8
  252 158.454600  5355
  253 -92.428794     9
  254 8555.705900    80
  255 -861.492852     5
  256 26227.073207 23594
  257 11097.292367 22728
  258 -1008.157249     1
  259 2039.311860 12216
  260 5180.420740   214
  261 7303.958370 19666
  262 -28.395350     7
  263 175.813823    74
  264 -1504.379467     0
  265 -338.564571     6
  266 1019.392417 16029
  267 4404.893750 16240
  268 2301.938007 27269
  269 16491.705187 23404
  270 -933.931711     7
  271 601.933423  3066
  272 -1618.129082     9
  273 4844.047141  3236
  274 1285.232431  8977
  275 -1527.654362     2
  276 679.829725 25687
  277 9031.998847 26575
  278 9692.582046 23229
  279 -665.629000     4
  280 -558.548860     2
  281 1150.919411 23859
  282 8477.232793  6530
  283 -616.095781     7
  284 8129.290396 10765
  285 16423.942503 15705
  286 7641.482391 24767
  287 7160.162633 14460
  288 2445.817149 17963
  289 1718.366643 16428
  290 -391.275860     6
  291 10670.109176 26421
  292 9935.118381 21578
  293 2195.085937 10799
  294 6519.764439  3784
  295 -1538.292685     8
  296 -1642.371678     2
  297 -443.347022     8
  298 5427.578208 18046
  299 7211.586294 14927
  300 1174.170761 19137
