300
    1 1825.478734     1
    2 12288.824618 16119
    3 12482.428756 22552
    4 -2186.451752     7
    5 -1129.283546     3
    6 852.452824 17605
    7 -367.704018     0
    8 -1605.459841     6
    9 -811.777505     9
   10 9551.722691  5019
   11 7482.818502 11402
   12 -3989.150720     2
   13 8925.116501  7882
   14 354.836890 20490
   15 144.752587  5438
   16 11771.713378 18433
   17 -649.214977     5
   18 505.941545 12080
   19 535.455221  6863
   20 21955.228064 23698
   21 -489.043945     1
   22 2835.299765  1611
   23 2910.057367   525
   24 -236.311165     6
   25 -583.970930     8
   26 -38.680270     1
   27 3418.387932 20096
   28 -2512.761815     8
   29 -988.046471     7
   30 -1231.378514     1
   31 3081.707973 24956
   32 5444.031174 18649
   33 -7.004261     5
   34 1740.605082 14086
   35 -719.651081     1
   36 4335.059810   763
   37 13724.751624 14573
   38 5513.400246 22063
   39 -107.191585     7
   40 6311.080693 18419
   41 16.705323 21823
   42 -1996.490915     2
   43 7382.573804 15275
   44 6.773447 15882
   45 13561.865606 14868
   46 -5.473100     8
   47 -341.988852     7
   48 -208.310922     1
   49 2999.983348  2208
   50 -1831.300348     1
   51 -94.307294     2
   52 8592.354383 19961
   53 5632.664770 20395
   54 728.598127 26497
   55 -610.170338     1
   56 1204.068024 17654
   57 1331.638043  4613
   58 -94.049632     3
   59 21637.267851 14985
   60 1662.412918  2593
   61 2533.067597 10343
   62 -2555.981909     5
   63 -327.946907     6
   64 -2666.173819     5
   65 8290.640421  2104
   66 -885.468957     3
   67 -148.805666     0
   68 22990.766173 20634
   69 8032.811525 17064
   70 -434.170586     3
   71 7237.984778 21647
   72 4704.224333 25568
   73 -655.241175     1
   74 21823.184828 18628
   75 52.336546  1257
   76 7562.569265 14979
   77 -398.536143     9
   78 13159.308163 13258
   79 1249.325057  2568
   80 407.451632 22553
   81 1120.569128 12082
   82 -628.201460     2
   83 234.651706 15949
   84 97.001189 22106
   85 6283.402514 13544
   86 6317.951239  6255
   87 10439.633948 23714
   88 11696.980844  8149
   89 -615.928952     6
   90 -101.685120     4
   91 918.546561 10842
   92 6061.559265  6271
   93 2120.618421 15863
   94 26197.432369 23772
   95 -650.149735     5
   96 -320.151868     9
   97 -49.412690     9
   98 8626.802180 21222
   99 1986.556170  1573
  100 1647.107363 22037
  101 46.576173   828
  102 -699.745422     9
  103 5090.260025 12746
  104 -2427.206883     1
  105 6.273127   314
  106 -918.873377     9
  107 6786.461206 23962
  108 -243.624955     1
  109 5632.120012 23513
  110 9570.363395 12081
  111 -231.902385     9
  112 7539.147466 13467
  113 15265.807320 27528
  114 -1175.621534     4
  115 -923.294146     9
  116 372.741042 10984
  117 -1317.145111     4
  118 -293.679995     8
  119 -1160.527309     3
  120 -380.828359     1
  121 17604.914870 19028
  122 -756.367734     1
  123 -938.926844     9
  124 20184.887103 22549
  125 -1691.676694     5
  126 -3480.329642     8
  127 685.519149 26634
  128 -758.413193     5
  129 1278.483240  8009
  130 -47.508071     9
  131 12472.980489 18283
  132 1339.938533 14384
  133 3485.920318 14765
  134 1552.927204 14456
  135 -3229.909326     3
  136 3091.143090  1602
  137 3200.459220  4234
  138 1282.854801 13370
  139 6842.116378  6832
  140 19707.818860 23847
  141 274.208024  6524
  142 4406.846068 25512
  143 -26.332764     7
  144 14268.715881 21094
  145 3302.380382 23238
  146 -704.305227     4
  147 243.695375 23525
  148 -321.347677     4
  149 -391.689323     7
  150 715.846386   294
  151 3062.887767 10172
  152 -89.709381     8
  153 10128.414556 21958
  154 -452.912743     2
  155 -204.004623     1
  156 10298.094452 19828
  157 -128.429221     7
  158 1509.907647   731
  159 -333.430347     1
  160 19195.756226 15722
  161 4229.869613  3195
  162 556.871058  1887
  163 445.706446  3101
  164 3243.707795  2558
  165 -566.506912     9
  166 -1538.445590     1
  167 7011.045188  7462
  168 -647.534385     9
  169 2167.228200  1250
  170 4876.541434 17861
  171 1856.801001 13695
  172 14989.458719 24490
  173 -165.564209     7
  174 -1140.926963     1
  175 -203.645872     8
  176 2711.445234 25213
  177 -2029.278576     9
  178 -117.490928     4
  179 13208.742575 11841
  180 9158.229862 26142
  181 298.671282  3905
  182 13011.650403 18518
  183 2155.045778 26181
  184 -510.078419     0
  185 2396.153832  6201
  186 -747.252739     3
  187 -1226.197771     1
  188 832.320970  3731
  189 -885.559787     0
  190 4993.535936   594
  191 5534.638847 20258
  192 7233.596207  8869
  193 1973.717191 11140
  194 -979.442846     1
  195 -520.431595     4
  196 -556.956905     6
  197 12057.226396  7350
  198 9000.055075 24250
  199 -383.413500     5
  200 9058.895723 16020
  201 4134.673209  6709
  202 5339.671028 12541
  203 -2464.706337     3
  204 -161.821920     5
  205 16648.725790 20824
  206 -1055.792516     2
  207 4691.636343 10814
  208 9183.801876 20022
  209 -847.235149     5
  210 5730.429863   251
  211 5665.369482  1080
  212 26915.337303 15517
  213 21808.316821 23377
  214 -1077.379701     2
  215 -649.118567     5
  216 -136.844678     7
  217 2237.945993  1281
  218 6469.830865 21838
  219 -1565.023218     3
  220 -824.019210     0
  221 13037.793351 12350
  222 1249.354946  9458
  223 -247.875225     5
  224 -498.337515     0
  225 2684.234785 21527
  226 3798.982023 15425
  227 -1910.093092     8
  228 3925.718547 24261
  229 9325.374720 12613
  230 -1220.043167     3
  231 1088.763374 25599
  232 2632.560402 22069
  233 2484.529730  2552
  234 -998.909182     3
  235 2068.482076  4764
  236 -483.468224     2
  237 12486.835255 11817
  238 -850.280724     9
  239 5077.811664  8720
  240 -627.042534     4
  241 1140.714874   876
  242 -3458.485258     4
  243 4237.500950 21854
  244 4573.068310 19497
  245 -371.384578     1
  246 -1610.395414     2
  247 5108.875142   546
  248 4017.127591 22208
  249 -201.630222     3
  250 1525.104972  7189
  251 -1924.247872     8
  252 1955.081691  5355
  253 -2943.691158     9
  254 2453.919442    80
  255 -1621.937229     5
  256 13423.905065 23594
  257 850.619985 22728
  258 -241.317063     1
  259 5583.071332 12216
  260 1849.100707   214
  261 4938.734912 19666
  262 -664.634676     7
  263 542.142512    74
  264 -370.308081     0
  265 -593.291606     6
  266 12407.878985 16029
  267 20090.521812 16240
  268 21731.652351 27269
  269 6155.889207 23404
  270 -873.536961     7
  271 5637.835597  3066
  272 -1128.505951     9
  273 5681.572787  3236
  274 1152.708339  8977
  275 -963.693157     2
  276 11484.482534 25687
  277 27298.801302 26575
  278 9383.951782 23229
  279 -782.018252     4
  280 -624.152795     2
  281 8404.017402 23859
  282 5128.234537  6530
  283 -109.124132     7
  284 3628.464189 10765
  285 6540.855116 15705
  286 9672.160629 24767
  287 980.455599 14460
  288 2469.385179 17963
  289 2130.449673 16428
  290 -281.741767     6
  291 6768.948763 26421
  292 6440.396905 21578
  293 13946.026944 10799
  294 512.058468  3784
  295 -1003.286395     8
  296 -799.208704     2
  297 -2125.976262     8
  298 8279.379622 18046
  299 4728.474604 14927
  300 12442.236402 19137
