300
    1 4286.778410     1
    2 3092.595295 16119
    3 14112.776714 22552
    4 -78.732021     7
    5 -413.200298     3
    6 13857.251615 17605
    7 -203.829432     0
    8 -127.387593     6
    9 -934.008531     9
   10 3908.361590  5019
   11 3369.757070 11402
   12 -1711.206296     2
   13 1465.178651  7882
   14 2927.433627 20490
   15 9312.938777  5438
   16 13487.238994 18433
   17 -107.568961     5
   18 6004.618288 12080
   19 8388.721469  6863
   20 19623.638221 23698
   21 -1029.646170     1
   22 4339.316408  1611
   23 1839.928850   525
   24 -205.860313     6
   25 -120.161219     8
   26 -775.068227     1
   27 3252.284322 20096
   28 -2614.123178     8
   29 -375.778267     7
   30 -1576.743047     1
   31 9420.156061 24956
   32 3688.828238 18649
   33 -1539.703705     5
   34 11156.465406 14086
   35 -166.193888     1
   36 2036.791081   763
   37 8340.993708 14573
   38 500.513248 22063
   39 -448.121784     7
   40 9826.551144 18419
   41 9354.303673 21823
   42 -291.187888     2
   43 6063.635920 15275
   44 22692.523054 15882
   45 2298.620431 14868
   46 -116.067561     8
   47 -1868.837944     7
   48 -1049.017232     1
   49 1813.490668  2208
   50 -119.370655     1
   51 -310.623272     2
   52 3605.506255 19961
   53 762.368929 20395
   54 2236.138929 26497
   55 -917.740518     1
   56 4121.950101 17654
   57 5193.791764  4613
   58 -505.691021     3
   59 4053.807027 14985
   60 2062.517140  2593
   61 5757.632416 10343
   62 -816.397155     5
   63 -1821.889972     6
   64 -528.465539     5
   65 3872.823794  2104
   66 -354.264045     3
   67 -84.271147     0
   68 13967.766443 20634
   69 3049.935827 17064
   70 -445.115493     3
   71 7004.827610 21647
   72 9477.288245 25568
   73 -1018.042308     1
   74 6480.790118 18628
   75 5319.574710  1257
   76 5146.690361 14979
   77 -1238.940378     9
   78 9042.804039 13258
   79 504.761093  2568
   80 1657.669146 22553
   81 2833.340262 12082
   82 -387.422960     2
   83 6374.891328 15949
   84 6258.471473 22106
   85 12671.529145 13544
   86 1044.215596  6255
   87 18418.465208 23714
   88 7827.430897  8149
   89 -2155.668881     6
   90 -621.848069     4
   91 15372.387507 10842
   92 3007.200947  6271
   93 7094.093899 15863
   94 11193.332445 23772
   95 -102.103934     5
   96 -223.458213     9
   97 -719.917795     9
   98 4752.048511 21222
   99 1743.971374  1573
  100 12444.053251 22037
  101 6760.839394   828
  102 -379.624360     9
  103 5112.579298 12746
  104 -259.668797     1
  105 2363.381127   314
  106 -2112.011468     9
  107 940.617671 23962
  108 -476.155713     1
  109 9640.195860 23513
  110 10729.528592 12081
  111 -1071.741997     9
  112 1358.617491 13467
  113 6018.334617 27528
  114 -2599.603833     4
  115 -858.307806     9
  116 13470.163082 10984
  117 -32.679489     4
  118 -520.250491     8
  119 -1115.981914     3
  120 -2406.640496     1
  121 5599.787081 19028
  122 -2646.739367     1
  123 -2444.603469     9
  124 20728.668423 22549
  125 -316.075486     5
  126 -2444.854553     8
  127 7721.677929 26634
  128 -548.725780     5
  129 1001.751204  8009
  130 -621.024790     9
  131 2160.179707 18283
  132 17849.442663 14384
  133 367.652310 14765
  134 15018.309158 14456
  135 -3135.178248     3
  136 3.650264  1602
  137 2198.866709  4234
  138 2303.743551 13370
  139 17.727962  6832
  140 11437.278690 23847
  141 2865.188282  6524
  142 25236.991139 25512
  143 -3268.790760     7
  144 1338.319464 21094
  145 8600.387040 23238
  146 -112.443674     4
  147 8765.418748 23525
  148 -286.133245     4
  149 -572.731447     7
  150 18.915688   294
  151 2843.876317 10172
  152 -1316.854520     8
  153 8950.718246 21958
  154 -2187.072626     2
  155 -908.985519     1
  156 1609.727667 19828
  157 -845.582599     7
  158 1590.198787   731
  159 -116.054011     1
  160 6358.974667 15722
  161 1136.630703  3195
  162 2301.691422  1887
  163 1350.732937  3101
  164 4389.838735  2558
  165 -2772.082854     9
  166 -248.627583     1
  167 2736.224676  7462
  168 -1131.004051     9
  169 4726.793110  1250
  170 14129.463248 17861
  171 19717.594692 13695
  172 12921.477420 24490
  173 -27.653701     7
  174 -390.000349     1
  175 -2192.692972     8
  176 2208.568839 25213
  177 -382.463183     9
  178 -104.452021     4
  179 11041.122773 11841
  180 10858.087922 26142
  181 1951.169976  3905
  182 21198.648704 18518
  183 8839.907738 26181
  184 -586.236323     0
  185 4752.478951  6201
  186 -208.117667     3
  187 -1515.562729     1
  188 8294.994008  3731
  189 -752.627745     0
  190 2075.094031   594
  191 19357.233765 20258
  192 8416.653530  8869
  193 4214.909520 11140
  194 -2475.859047     1
  195 -933.861723     4
  196 -1419.785542     6
  197 7268.050451  7350
  198 5098.965111 24250
  199 -3039.477540     5
  200 20203.928826 16020
  201 9758.413646  6709
  202 2337.770368 12541
  203 -978.681282     3
  204 -788.780847     5
  205 7246.699051 20824
  206 -168.228890     2
  207 6085.558881 10814
  208 2081.492075 20022
  209 -170.348545     5
  210 1201.107980   251
  211 3124.766436  1080
  212 9979.573909 15517
  213 5009.664610 23377
  214 -709.348678     2
  215 -419.630596     5
  216 -463.780959     7
  217 2670.034271  1281
  218 12872.722670 21838
  219 -154.814536     3
  220 -1964.455350     0
  221 1041.399027 12350
  222 4410.002957  9458
  223 -144.898426     5
  224 -2867.207261     0
  225 31691.678643 21527
  226 10219.759952 15425
  227 -1190.129893     8
  228 34750.062299 24261
  229 12201.573892 12613
  230 -2202.569780     3
  231 8772.358116 25599
  232 149.693438 22069
  233 171.057917  2552
  234 -1277.587060     3
  235 1990.614569  4764
  236 -748.374565     2
  237 3361.951708 11817
  238 -37.915212     9
  239 5386.881812  8720
  240 -1818.343091     4
  241 528.081879   876
  242 -43.210465     4
  243 8461.091235 21854
  244 2400.358148 19497
  245 -368.730529     1
  246 -557.924969     2
  247 323.255000   546
  248 13227.135243 22208
  249 -1043.439151     3
  250 8309.708301  7189
  251 -1200.268873     8
  252 3369.092334  5355
  253 -2172.352281     9
  254 3718.610156    80
  255 -1528.485279     5
  256 8222.681909 23594
  257 3006.086267 22728
  258 -1032.545314     1
  259 16023.959500 12216
  260 1684.654864   214
  261 12122.053051 19666
  262 -643.408669     7
  263 4897.950594    74
  264 -626.382151     0
  265 -1046.438508     6
  266 5966.495936 16029
  267 7736.519897 16240
  268 9789.963901 27269
  269 25047.128690 23404
  270 -29.504517     7
  271 5454.270067  3066
  272 -1589.440833     9
  273 5463.434455  3236
  274 3905.592971  8977
  275 -2451.869049     2
  276 4754.746555 25687
  277 11176.525587 26575
  278 13419.920040 23229
  279 -568.346416     4
  280 -947.230618     2
  281 1382.918191 23859
  282 1334.106516  6530
  283 -488.246308     7
  284 6362.226654 10765
  285 13007.730238 15705
  286 1227.719111 24767
  287 9789.280419 14460
  288 10393.857333 17963
  289 11242.764501 16428
  290 -425.872009     6
  291 15517.313209 26421
  292 10865.434575 21578
  293 5467.349988 10799
  294 2423.388398  3784
  295 -1169.349427     8
  296 -283.462483     2
  297 -495.840104     8
  298 4260.037110 18046
  299 4882.043124 14927
  300 14644.833626 19137
