300
    1 1816.526437     1
    2 20266.404308 16119
    3 13383.352757 22552
    4 -831.360106     7
    5 -1036.139262     3
    6 16307.646932 17605
    7 -311.089521     0
    8 -597.422463     6
    9 -34.863976     9
   10 3368.425465  5019
   11 11791.590153 11402
   12 -738.448842     2
   13 5516.030517  7882
   14 8375.766758 20490
   15 9911.139459  5438
   16 11919.802242 18433
   17 -696.342695     5
   18 1155.558962 12080
   19 242.831352  6863
   20 25212.756761 23698
   21 -167.899604     1
   22 3319.442867  1611
   23 6145.730516   525
   24 -467.073655     6
   25 -558.769757     8
   26 -644.382798     1
   27 15340.998350 20096
   28 -1172.871490     8
   29 -935.994178     7
   30 -1005.167350     1
   31 4712.914474 24956
   32 12366.574457 18649
   33 -221.200370     5
   34 13634.144634 14086
   35 -161.809555     1
   36 2087.362998   763
   37 15806.341681 14573
   38 21574.792344 22063
   39 -866.157664     7
   40 5923.199849 18419
   41 2741.661560 21823
   42 -393.765001     2
   43 1300.453469 15275
   44 2902.994670 15882
   45 4012.281774 14868
   46 -301.663776     8
   47 -1853.413636     7
   48 -1053.393913     1
   49 2673.579014  2208
   50 -1072.770008     1
   51 -213.017990     2
   52 1804.368641 19961
   53 2816.546507 20395
   54 674.007464 26497
   55 -104.407529     1
   56 7578.379969 17654
   57 4169.423719  4613
   58 -1485.046967     3
   59 4224.553455 14985
   60 3084.084157  2593
   61 12862.511003 10343
   62 -108.969511     5
   63 -758.208471     6
   64 -571.118306     5
   65 1513.399465  2104
   66 -949.626244     3
   67 -524.112841     0
   68 6718.721508 20634
   69 502.372412 17064
   70 -777.599671     3
   71 8047.281709 21647
   72 24587.058765 25568
   73 -1031.686487     1
   74 2824.455984 18628
   75 714.727043  1257
   76 4464.620825 14979
   77 -935.306732     9
   78 6306.171666 13258
   79 6966.227777  2568
   80 3614.368149 22553
   81 12130.895261 12082
   82 -528.063684     2
   83 5862.384006 15949
   84 6151.915714 22106
   85 8146.498342 13544
   86 833.381931  6255
   87 5571.967670 23714
   88 423.371261  8149
   89 -449.138200     6
   90 -1835.692864     4
   91 6805.646860 10842
   92 1455.291700  6271
   93 20737.391104 15863
   94 6129.641709 23772
   95 -686.502423     5
   96 -467.758270     9
   97 -1387.362882     9
   98 7346.043510 21222
   99 601.479246  1573
  100 4453.741567 22037
  101 2240.459916   828
  102 -944.607132     9
  103 8584.732276 12746
  104 -422.825249     1
  105 5054.539076   314
  106 -2085.126945     9
  107 513.794270 23962
  108 -2200.388312     1
  109 3380.199222 23513
  110 10178.955080 12081
  111 -201.513128     9
  112 15703.528225 13467
  113 5753.455299 27528
  114 -385.539217     4
  115 -1034.405833     9
  116 6181.491950 10984
  117 -3121.655701     4
  118 -500.351552     8
  119 -1259.409204     3
  120 -327.283476     1
  121 3310.199453 19028
  122 -1312.394552     1
  123 -1038.356073     9
  124 34213.841992 22549
  125 -2.427517     5
  126 -2688.392268     8
  127 12109.883266 26634
  128 -500.042793     5
  129 2678.158978  8009
  130 -362.469166     9
  131 19151.536723 18283
  132 10936.047856 14384
  133 8454.901951 14765
  134 3877.118908 14456
  135 -887.242479     3
  136 738.424880  1602
  137 816.864352  4234
  138 4853.146265 13370
  139 2614.187007  6832
  140 3346.092986 23847
  141 2034.711357  6524
  142 15561.791838 25512
  143 -2121.789337     7
  144 19303.892146 21094
  145 11103.100048 23238
  146 -242.169912     4
  147 7389.527137 23525
  148 -697.492671     4
  149 -1395.343626     7
  150 468.733545   294
  151 1592.910279 10172
  152 -303.161447     8
  153 9931.445847 21958
  154 -2288.773742     2
  155 -545.758676     1
  156 1092.040636 19828
  157 -247.667524     7
  158 133.725213   731
  159 -168.791433     1
  160 1339.649999 15722
  161 4387.215543  3195
  162 1234.114102  1887
  163 5979.333358  3101
  164 828.665150  2558
  165 -1434.799533     9
  166 -1345.758704     1
  167 991.373664  7462
  168 -267.511936     9
  169 704.794734  1250
  170 4795.517896 17861
  171 8596.699588 13695
  172 35831.385089 24490
  173 -519.933732     7
  174 -482.750054     1
  175 -1027.020501     8
  176 9098.371314 25213
  177 -50.988956     9
  178 -24.453716     4
  179 5214.127618 11841
  180 2442.459521 26142
  181 1298.362863  3905
  182 3174.285011 18518
  183 7706.484997 26181
  184 -736.773008     0
  185 1871.589737  6201
  186 -135.384972     3
  187 -1090.373912     1
  188 1745.981296  3731
  189 -712.625134     0
  190 4533.953405   594
  191 10480.440848 20258
  192 6773.865555  8869
  193 765.878142 11140
  194 -1158.301946     1
  195 -671.160091     4
  196 -2200.585052     6
  197 1926.309384  7350
  198 10100.973020 24250
  199 -1646.705407     5
  200 704.110729 16020
  201 6260.531195  6709
  202 9844.743845 12541
  203 -368.028634     3
  204 -1371.426621     5
  205 8866.619584 20824
  206 -3.025456     2
  207 1299.312755 10814
  208 26997.112507 20022
  209 -528.287359     5
  210 576.172575   251
  211 6431.845321  1080
  212 5972.489611 15517
  213 2912.481701 23377
  214 -446.523332     2
  215 -1017.958813     5
  216 -552.654916     7
  217 3545.719214  1281
  218 3736.358402 21838
  219 -1225.399368     3
  220 -47.864897     0
  221 1175.994938 12350
  222 10994.837839  9458
  223 -793.393478     5
  224 -749.592863     0
  225 31478.659018 21527
  226 5230.164159 15425
  227 -1578.595800     8
  228 7803.314248 24261
  229 4772.987144 12613
  230 -1155.906419     3
  231 9702.278880 25599
  232 3592.970594 22069
  233 5157.715851  2552
  234 -1936.851941     3
  235 1204.634051  4764
  236 -67.944323     2
  237 25526.192248 11817
  238 -1176.804841     9
  239 5028.510633  8720
  240 -169.874483     4
  241 2072.375725   876
  242 -2016.452278     4
  243 20840.861999 21854
  244 9483.449047 19497
  245 -1193.348631     1
  246 -508.641896     2
  247 1619.344336   546
  248 14998.714003 22208
  249 -489.677717     3
  250 1540.508480  7189
  251 -612.804705     8
  252 14.277392  5355
  253 -942.810058     9
  254 3759.065178    80
  255 -599.032349     5
  256 1337.880894 23594
  257 23804.676539 22728
  258 -3188.463696     1
  259 2496.760923 12216
  260 3856.720040   214
  261 12662.930606 19666
  262 -356.579085     7
  263 3632.852469    74
  264 -401.948633     0
  265 -811.754312     6
  266 6383.525775 16029
  267 5369.886668 16240
  268 18686.286302 27269
  269 10633.553512 23404
  270 -68.885253     7
  271 7777.548460  3066
  272 -700.905523     9
  273 1570.765897  3236
  274 10584.966310  8977
  275 -2243.252498     2
  276 2395.535548 25687
  277 20892.924163 26575
  278 4606.800367 23229
  279 -1096.028550     4
  280 -683.433656     2
  281 21364.635407 23859
  282 6517.572636  6530
  283 -63.052534     7
  284 2734.572522 10765
  285 1540.183494 15705
  286 19637.554341 24767
  287 14699.657708 14460
  288 10275.047256 17963
  289 3341.479469 16428
  290 -1113.257627     6
  291 9312.612554 26421
  292 15479.436788 21578
  293 10075.458907 10799
  294 7886.846341  3784
  295 -1484.907857     8
  296 -128.004547     2
  297 -1612.275635     8
  298 8048.183788 18046
  299 12354.541673 14927
  300 11698.167464 19137
