300
    1 804.541198     1
    2 2848.428791 16119
    3 4367.056535 22552
    4 -367.663844     7
    5 -1174.655275     3
    6 12998.768983 17605
    7 -536.282020     0
    8 -798.009429     6
    9 -428.708793     9
   10 6022.752151  5019
   11 8040.734004 11402
   12 -788.980764     2
   13 2754.326541  7882
   14 1807.420036 20490
   15 2319.222804  5438
   16 5774.040440 18433
   17 -377.595549     5
   18 2261.990504 12080
   19 8752.847697  6863
   20 2929.609765 23698
   21 -236.349730     1
   22 1353.282256  1611
   23 212.688539   525
   24 -433.378984     6
   25 -23.284790     8
   26 -857.646558     1
   27 3527.974901 20096
   28 -449.602854     8
   29 -1385.997727     7
   30 -1326.841756     1
   31 7536.335803 24956
   32 25169.270293 18649
   33 -2063.376255     5
   34 7914.377626 14086
   35 -1433.293783     1
   36 113.258088   763
   37 4165.518062 14573
   38 3325.120146 22063
   39 -1308.638029     7
   40 15113.677219 18419
   41 1133.486983 21823
   42 -790.225171     2
   43 2539.996164 15275
   44 12719.580695 15882
   45 7309.340103 14868
   46 -1602.142168     8
   47 -999.850929     7
   48 -775.834054     1
   49 1162.693448  2208
   50 -776.821586     1
   51 -2661.889458     2
   52 8861.691285 19961
   53 5103.645032 20395
   54 22984.124389 26497
   55 -399.410812     1
   56 9594.865516 17654
   57 9674.889587  4613
   58 -753.226887     3
   59 28638.984195 14985
   60 1346.142374  2593
   61 1312.542709 10343
   62 -452.847498     5
   63 -431.583324     6
   64 -526.446007     5
   65 3574.222413  2104
   66 -952.045740     3
   67 -1543.233382     0
   68 9451.360147 20634
   69 14360.603101 17064
   70 -719.498220     3
   71 16966.683320 21647
   72 736.061774 25568
   73 -1143.401463     1
   74 2424.049491 18628
   75 653.959441  1257
   76 10031.023032 14979
   77 -875.384145     9
   78 1437.184192 13258
   79 1644.652921  2568
   80 14332.620044 22553
   81 4449.653785 12082
   82 -377.326125     2
   83 1464.358151 15949
   84 7998.517384 22106
   85 6212.589008 13544
   86 1457.733379  6255
   87 18353.395269 23714
   88 305.935863  8149
   89 -795.071401     6
   90 -95.679695     4
   91 10312.547856 10842
   92 4179.071627  6271
   93 5815.211841 15863
   94 7621.199348 23772
   95 -365.509483     5
   96 -276.317315     9
   97 -101.122246     9
   98 21178.945928 21222
   99 2484.108672  1573
  100 2312.294526 22037
  101 4371.697131   828
  102 -120.901682     9
  103 5111.896010 12746
  104 -4348.016059     1
  105 245.171496   314
  106 -195.614301     9
  107 23800.679809 23962
  108 -1722.095952     1
  109 8497.553233 23513
  110 11189.137551 12081
  111 -1478.390540     9
  112 11139.550309 13467
  113 1844.370591 27528
  114 -1042.057737     4
  115 -1333.671436     9
  116 8251.074135 10984
  117 -2763.965350     4
  118 -649.921107     8
  119 -351.529548     3
  120 -3237.725404     1
  121 8072.728100 19028
  122 -931.038840     1
  123 -394.635360     9
  124 1955.736745 22549
  125 -1764.510282     5
  126 -2082.132412     8
  127 27149.853153 26634
  128 -1149.989210     5
  129 4578.583061  8009
  130 -25.370528     9
  131 11368.754210 18283
  132 15799.862914 14384
  133 4519.334070 14765
  134 4129.390020 14456
  135 -386.627745     3
  136 5259.225684  1602
  137 2618.592762  4234
  138 6574.124808 13370
  139 601.010250  6832
  140 14792.980391 23847
  141 8153.913968  6524
  142 15264.884459 25512
  143 -25.350703     7
  144 9701.435219 21094
  145 172.941854 23238
  146 -812.866623     4
  147 12420.935577 23525
  148 -547.321024     4
  149 -705.047063     7
  150 1219.322674   294
  151 2876.170406 10172
  152 -2003.248773     8
  153 22990.281576 21958
  154 -401.357318     2
  155 -1206.186802     1
  156 1229.275533 19828
  157 -2042.329750     7
  158 5919.958941   731
  159 -276.349953     1
  160 11379.180853 15722
  161 2029.510127  3195
  162 6872.622599  1887
  163 2947.973266  3101
  164 1924.217910  2558
  165 -343.136366     9
  166 -518.308322     1
  167 4584.812148  7462
  168 -56.628835     9
  169 6882.109313  1250
  170 3522.858888 17861
  171 4215.446782 13695
  172 12872.765138 24490
  173 -1682.245533     7
  174 -915.578460     1
  175 -1911.775589     8
  176 11190.743381 25213
  177 -179.409724     9
  178 -978.791383     4
  179 8243.940092 11841
  180 28660.674000 26142
  181 950.957243  3905
  182 12272.869269 18518
  183 15705.712935 26181
  184 -1841.226408     0
  185 3437.045609  6201
  186 -253.859912     3
  187 -759.126528     1
  188 2575.902022  3731
  189 -696.359541     0
  190 830.201352   594
  191 10564.514803 20258
  192 1978.466184  8869
  193 10494.951376 11140
  194 -347.647916     1
  195 -1302.788181     4
  196 -472.344132     6
  197 9269.263706  7350
  198 5361.614510 24250
  199 -164.961463     5
  200 8831.285761 16020
  201 8937.844538  6709
  202 7006.216192 12541
  203 -199.108545     3
  204 -1230.994765     5
  205 9653.959223 20824
  206 -616.559225     2
  207 7227.026369 10814
  208 19850.800765 20022
  209 -972.808858     5
  210 821.585620   251
  211 5748.459955  1080
  212 7270.465648 15517
  213 45388.854446 23377
  214 -505.445181     2
  215 -2116.200495     5
  216 -330.506668     7
  217 2882.432900  1281
  218 7102.635382 21838
  219 -1310.609524     3
  220 -435.662542     0
  221 234.454614 12350
  222 8990.425175  9458
  223 -606.777166     5
  224 -1515.132355     0
  225 8616.859207 21527
  226 18141.152966 15425
  227 -1545.216526     8
  228 4965.991392 24261
  229 1397.547895 12613
  230 -796.014597     3
  231 3812.228088 25599
  232 7109.149047 22069
  233 9464.613517  2552
  234 -500.304101     3
  235 8053.557706  4764
  236 -156.247872     2
  237 273.163742 11817
  238 -618.307667     9
  239 8079.619298  8720
  240 -349.064382     4
  241 2558.127927   876
  242 -1427.876979     4
  243 3291.030974 21854
  244 16267.200503 19497
  245 -246.225540     1
  246 -1164.850063     2
  247 5588.456791   546
  248 11368.296669 22208
  249 -609.437441     3
  250 6801.937691  7189
  251 -567.628270     8
  252 5330.953576  5355
  253 -1382.802490     9
  254 3206.649244    80
  255 -632.128398     5
  256 24902.130904 23594
  257 17912.875753 22728
  258 -1060.009140     1
  259 561.309088 12216
  260 2142.966374   214
  261 3160.784508 19666
  262 -934.843817     7
  263 1073.588912    74
  264 -35.632882     0
  265 -559.229259     6
  266 2285.199523 16029
  267 12402.921513 16240
  268 16960.966101 27269
  269 1331.112699 23404
  270 -1768.876772     7
  271 2207.418650  3066
  272 -978.974980     9
  273 2841.050029  3236
  274 1397.029146  8977
  275 -2671.341983     2
  276 13867.552455 25687
  277 11853.923596 26575
  278 1742.976426 23229
  279 -133.176159     4
  280 -602.863271     2
  281 18673.288699 23859
  282 4119.059975  6530
  283 -481.829545     7
  284 3982.394669 10765
  285 1552.883664 15705
  286 9084.862777 24767
  287 5371.346788 14460
  288 10954.442062 17963
  289 4239.757850 16428
  290 -1074.695236     6
  291 570.089908 26421
  292 4697.562037 21578
  293 3539.671126 10799
  294 1528.099753  3784
  295 -557.472113     8
  296 -292.462856     2
  297 -3000.316014     8
  298 8983.766297 18046
  299 1020.916518 14927
  300 1775.133912 19137
