300
    1 3611.827240     1
    2 6634.147243 16119
    3 2722.212283 22552
    4 -1915.657370     7
    5 -162.290553     3
    6 14853.814207 17605
    7 -637.202834     0
    8 -77.013931     6
    9 -363.238091     9
   10 4407.793766  5019
   11 1858.081538 11402
   12 -1019.856414     2
   13 7541.659199  7882
   14 921.050741 20490
   15 2520.654346  5438
   16 6603.449631 18433
   17 -1668.226770     5
   18 9780.810121 12080
   19 1994.757815  6863
   20 21695.896299 23698
   21 -66.588072     1
   22 1873.286600  1611
   23 716.734281   525
   24 -175.776898     6
   25 -259.470423     8
   26 -900.350046     1
   27 4141.206025 20096
   28 -1409.656702     8
   29 -723.365032     7
   30 -117.268427     1
   31 1288.149009 24956
   32 2422.505696 18649
   33 -282.116414     5
   34 1854.492915 14086
   35 -618.014831     1
   36 451.608044   763
   37 38340.915349 14573
   38 412.905592 22063
   39 -2859.743073     7
   40 3192.095028 18419
   41 11662.778658 21823
   42 -1377.548070     2
   43 359.626031 15275
   44 1813.701037 15882
   45 969.334483 14868
   46 -654.160961     8
   47 -1527.240021     7
   48 -0.840021     1
   49 3628.553568  2208
   50 -306.282795     1
   51 -189.925895     2
   52 18733.699360 19961
   53 8766.736235 20395
   54 1472.464146 26497
   55 -654.232318     1
   56 8430.399990 17654
   57 8620.764965  4613
   58 -1346.060063     3
   59 5390.733867 14985
   60 1433.750041  2593
   61 6584.295900 10343
   62 -720.177444     5
   63 -615.022791     6
   64 -821.086449     5
   65 2691.795445  2104
   66 -35.414393     3
   67 -2009.428419     0
   68 578.414406 20634
   69 1593.564000 17064
   70 -589.993803     3
   71 199.759766 21647
   72 11503.824006 25568
   73 -1307.847109     1
   74 10689.673725 18628
   75 3093.588360  1257
   76 9178.470113 14979
   77 -2430.088745     9
   78 6727.148509 13258
   79 2244.145883  2568
   80 17.280855 22553
   81 13427.269707 12082
   82 -280.089685     2
   83 6400.868847 15949
   84 7357.426348 22106
   85 4978.574413 13544
   86 986.580222  6255
   87 1960.314103 23714
   88 4356.180723  8149
   89 -3053.059297     6
   90 -417.068114     4
   91 6424.856566 10842
   92 5318.177645  6271
   93 3882.243863 15863
   94 20519.489148 23772
   95 -945.388994     5
   96 -798.547997     9
   97 -784.853986     9
   98 4524.913078 21222
   99 594.070989  1573
  100 11256.805354 22037
  101 1087.931907   828
  102 -989.928733     9
  103 8256.938898 12746
  104 -1648.616898     1
  105 2151.188406   314
  106 -404.319286     9
  107 29490.033688 23962
  108 -1320.516641     1
  109 28126.111093 23513
  110 542.539643 12081
  111 -1212.342057     9
  112 7242.739125 13467
  113 5059.650725 27528
  114 -579.411468     4
  115 -2112.486664     9
  116 6541.705752 10984
  117 -286.912955     4
  118 -908.181495     8
  119 -987.403579     3
  120 -657.400631     1
  121 20079.507289 19028
  122 -693.879199     1
  123 -3771.692962     9
  124 5262.478916 22549
  125 -1278.373704     5
  126 -482.638922     8
  127 3859.396348 26634
  128 -1460.721114     5
  129 1007.522661  8009
  130 -318.286948     9
  131 7390.564202 18283
  132 9813.131308 14384
  133 7382.424005 14765
  134 2879.494515 14456
  135 -1129.275319     3
  136 5081.177449  1602
  137 3744.169528  4234
  138 4333.939985 13370
  139 969.245464  6832
  140 8463.188870 23847
  141 4976.047380  6524
  142 209.296358 25512
  143 -1048.315288     7
  144 5602.282846 21094
  145 7942.146454 23238
  146 -430.707611     4
  147 2845.216612 23525
  148 -755.646398     4
  149 -615.788280     7
  150 477.723844   294
  151 2998.406647 10172
  152 -142.872832     8
  153 11505.191919 21958
  154 -1388.761204     2
  155 -117.627891     1
  156 16709.811844 19828
  157 -2169.338863     7
  158 5685.556259   731
  159 -972.051019     1
  160 13653.205488 15722
  161 4128.397763  3195
  162 7928.103723  1887
  163 714.274984  3101
  164 6319.543037  2558
  165 -732.425163     9
  166 -894.868251     1
  167 3742.948420  7462
  168 -406.920366     9
  169 9822.468542  1250
  170 5962.841465 17861
  171 6273.495792 13695
  172 15240.213670 24490
  173 -418.541857     7
  174 -308.242529     1
  175 -640.223203     8
  176 20243.466119 25213
  177 -320.243816     9
  178 -2344.561354     4
  179 7690.178461 11841
  180 4312.362715 26142
  181 9088.450485  3905
  182 1988.647742 18518
  183 302.515771 26181
  184 -1051.742698     0
  185 10333.600582  6201
  186 -794.017523     3
  187 -866.403110     1
  188 1565.110483  3731
  189 -2817.696227     0
  190 3257.877605   594
  191 19623.391180 20258
  192 8835.396087  8869
  193 6977.772730 11140
  194 -2590.754458     1
  195 -2604.727905     4
  196 -465.964584     6
  197 2025.369049  7350
  198 23409.791337 24250
  199 -2312.922009     5
  200 14468.135017 16020
  201 10942.053519  6709
  202 4686.065666 12541
  203 -683.244312     3
  204 -1040.267444     5
  205 14206.224585 20824
  206 -460.576457     2
  207 3137.081165 10814
  208 782.806334 20022
  209 -1626.527919     5
  210 2691.146898   251
  211 1043.792986  1080
  212 4194.123656 15517
  213 40.274622 23377
  214 -53.653279     2
  215 -1012.004727     5
  216 -734.629876     7
  217 4473.142416  1281
  218 9736.075634 21838
  219 -1928.084262     3
  220 -118.834440     0
  221 4970.210033 12350
  222 11567.777202  9458
  223 -306.961982     5
  224 -3725.503010     0
  225 8170.719604 21527
  226 525.713971 15425
  227 -622.371368     8
  228 400.072833 24261
  229 654.850004 12613
  230 -1250.708420     3
  231 10927.106384 25599
  232 565.018871 22069
  233 7789.035734  2552
  234 -1184.036555     3
  235 4467.728256  4764
  236 -33.639352     2
  237 2569.973861 11817
  238 -2545.263652     9
  239 7942.345224  8720
  240 -1887.340819     4
  241 6274.781298   876
  242 -261.603969     4
  243 6825.075259 21854
  244 18659.193455 19497
  245 -154.094870     1
  246 -288.121092     2
  247 641.622382   546
  248 14818.384443 22208
  249 -535.051473     3
  250 2544.453037  7189
  251 -672.734720     8
  252 1843.977934  5355
  253 -1489.991259     9
  254 3727.194289    80
  255 -1550.911522     5
  256 8592.034100 23594
  257 26810.907391 22728
  258 -1028.575842     1
  259 7759.034876 12216
  260 2900.900508   214
  261 17559.506262 19666
  262 -500.727642     7
  263 152.383635    74
  264 -176.644685     0
  265 -692.227976     6
  266 8603.637959 16029
  267 2364.926830 16240
  268 8235.279542 27269
  269 14013.443423 23404
  270 -220.002879     7
  271 4082.939214  3066
  272 -977.094496     9
  273 789.417018  3236
  274 7928.115638  8977
  275 -777.972796     2
  276 2526.265831 25687
  277 22018.941414 26575
  278 19307.480611 23229
  279 -2060.743033     4
  280 -606.358019     2
  281 4790.447361 23859
  282 12383.327006  6530
  283 -203.984633     7
  284 10080.155635 10765
  285 3541.701443 15705
  286 703.395869 24767
  287 4441.216721 14460
  288 20325.978315 17963
  289 340.458361 16428
  290 -617.397899     6
  291 11416.901402 26421
  292 1828.830889 21578
  293 3308.530711 10799
  294 1214.837952  3784
  295 -203.823722     8
  296 -1581.897295     2
  297 -1759.148796     8
  298 19082.705709 18046
  299 5986.138160 14927
  300 12819.228662 19137
