300
    1 319.323160     1
    2 9819.948959 16119
    3 3079.495039 22552
    4 -682.744213     7
    5 -1311.375888     3
    6 15259.094558 17605
    7 -299.151302     0
    8 -277.386997     6
    9 -368.082223     9
   10 2366.018986  5019
   11 196.865437 11402
   12 -774.438279     2
   13 9025.809855  7882
   14 345.459259 20490
   15 665.148103  5438
   16 7120.320377 18433
   17 -718.134189     5
   18 2642.060394 12080
   19 8038.610777  6863
   20 12548.222112 23698
   21 -132.605475     1
   22 6083.092981  1611
   23 1195.321538   525
   24 -797.827426     6
   25 -1462.158675     8
   26 -1238.583798     1
   27 6878.217533 20096
   28 -1558.952626     8
   29 -298.758896     7
   30 -2769.862526     1
   31 382.576216 24956
   32 11545.097045 18649
   33 -1466.842205     5
   34 9736.902534 14086
   35 -1577.775733     1
   36 2566.840669   763
   37 656.980189 14573
   38 13669.130137 22063
   39 -2493.509004     7
   40 5699.373265 18419
   41 588.687794 21823
   42 -251.728092     2
   43 14629.266597 15275
   44 6605.709526 15882
   45 11063.272371 14868
   46 -460.153153     8
   47 -485.499164     7
   48 -984.910127     1
   49 4035.919000  2208
   50 -1250.936773     1
   51 -161.532828     2
   52 4687.719042 19961
   53 1223.257515 20395
   54 23212.468000 26497
   55 -1926.205523     1
   56 4726.970049 17654
   57 4547.406994  4613
   58 -759.427316     3
   59 9308.886583 14985
   60 3093.129770  2593
   61 678.344445 10343
   62 -1098.784100     5
   63 -1225.519172     6
   64 -2.868826     5
   65 4954.582021  2104
   66 -1995.512628     3
   67 -218.030474     0
   68 3299.529052 20634
   69 10260.194864 17064
   70 -590.641820     3
   71 2338.675293 21647
   72 18560.325737 25568
   73 -1013.186626     1
   74 3250.650006 18628
   75 83.511979  1257
   76 902.520885 14979
   77 -104.830149     9
   78 4764.253396 13258
   79 5066.630190  2568
   80 7358.894385 22553
   81 6832.156513 12082
   82 -683.091614     2
   83 3905.549608 15949
   84 1965.960874 22106
   85 2617.957080 13544
   86 2354.049232  6255
   87 7235.791572 23714
   88 304.782351  8149
   89 -3057.988182     6
   90 -257.327514     4
   91 14077.884508 10842
   92 7626.709834  6271
   93 11237.699106 15863
   94 24799.261628 23772
   95 -572.046667     5
   96 -377.080058     9
   97 -731.593378     9
   98 4237.987596 21222
   99 6372.463755  1573
  100 1.097832 22037
  101 4737.273899   828
  102 -894.330051     9
  103 87.784798 12746
  104 -989.168097     1
  105 3849.190071   314
  106 -1435.338099     9
  107 8339.655493 23962
  108 -313.272509     1
  109 6733.046367 23513
  110 2731.854339 12081
  111 -337.106233     9
  112 5138.501411 13467
  113 16157.524787 27528
  114 -46.279090     4
  115 -2319.380983     9
  116 7484.129348 10984
  117 -2450.876904     4
  118 -793.195591     8
  119 -283.729289     3
  120 -3011.933465     1
  121 9162.653006 19028
  122 -791.565318     1
  123 -631.156891     9
  124 2697.327362 22549
  125 -250.292442     5
  126 -20.287450     8
  127 8818.980061 26634
  128 -1390.239782     5
  129 1071.933424  8009
  130 -446.914805     9
  131 14308.507486 18283
  132 14409.053316 14384
  133 5720.914418 14765
  134 4778.020191 14456
  135 -606.759780     3
  136 487.356848  1602
  137 9490.764623  4234
  138 11064.372057 13370
  139 1045.244841  6832
  140 6462.409610 23847
  141 4906.307143  6524
  142 40538.273932 25512
  143 -1389.108043     7
  144 8193.747215 21094
  145 4068.667820 23238
  146 -948.906579     4
  147 9497.996191 23525
  148 -335.752885     4
  149 -1404.160126     7
  150 1684.623489   294
  151 6343.974410 10172
  152 -43.616977     8
  153 28708.528881 21958
  154 -1204.296008     2
  155 -1047.303397     1
  156 4837.431150 19828
  157 -214.943120     7
  158 254.320911   731
  159 -691.947550     1
  160 8517.254340 15722
  161 6651.916135  3195
  162 3191.992544  1887
  163 7048.624521  3101
  164 9831.640797  2558
  165 -937.955281     9
  166 -1189.702653     1
  167 3037.948421  7462
  168 -408.742367     9
  169 264.665337  1250
  170 19425.816737 17861
  171 5192.278015 13695
  172 23336.985021 24490
  173 -1293.408506     7
  174 -1207.584569     1
  175 -301.042920     8
  176 9853.619145 25213
  177 -31.678560     9
  178 -686.470949     4
  179 9816.826339 11841
  180 3012.916527 26142
  181 5191.986124  3905
  182 13486.417607 18518
  183 16520.794751 26181
  184 -1988.538832     0
  185 5985.217691  6201
  186 -397.152330     3
  187 -1258.969926     1
  188 2568.120245  3731
  189 -1784.352047     0
  190 881.164117   594
  191 18369.218112 20258
  192 459.373768  8869
  193 6874.093931 11140
  194 -1085.638483     1
  195 -319.810274     4
  196 -1440.192802     6
  197 3369.060489  7350
  198 14834.469363 24250
  199 -186.507596     5
  200 3245.505871 16020
  201 5149.211756  6709
  202 1983.543960 12541
  203 -1988.137900     3
  204 -505.003237     5
  205 29127.968575 20824
  206 -1901.659717     2
  207 1525.319721 10814
  208 3539.259978 20022
  209 -815.986139     5
  210 4933.774066   251
  211 2481.541288  1080
  212 13724.445496 15517
  213 3656.356158 23377
  214 -539.340623     2
  215 -926.288936     5
  216 -764.893805     7
  217 7260.113182  1281
  218 1875.917186 21838
  219 -718.159011     3
  220 -1285.562683     0
  221 16181.613205 12350
  222 3587.546606  9458
  223 -1007.510145     5
  224 -2548.798086     0
  225 17053.974009 21527
  226 1847.975793 15425
  227 -1316.865812     8
  228 15774.154586 24261
  229 7597.670950 12613
  230 -1688.442104     3
  231 4148.919051 25599
  232 5111.587594 22069
  233 2698.299728  2552
  234 -116.301504     3
  235 466.303745  4764
  236 -573.929635     2
  237 3815.491714 11817
  238 -753.266772     9
  239 7337.812242  8720
  240 -754.982834     4
  241 681.221816   876
  242 -88.195469     4
  243 18196.342656 21854
  244 3067.074266 19497
  245 -651.283634     1
  246 -47.893415     2
  247 5137.117190   546
  248 555.653291 22208
  249 -184.631885     3
  250 1801.815954  7189
  251 -407.992592     8
  252 1157.433087  5355
  253 -4462.938114     9
  254 2100.075447    80
  255 -699.654641     5
  256 1321.054714 23594
  257 2994.632976 22728
  258 -1817.523020     1
  259 1094.952111 12216
  260 682.657992   214
  261 14705.570082 19666
  262 -1434.377270     7
  263 178.130439    74
  264 -1717.722554     0
  265 -299.979564     6
  266 4797.624353 16029
  267 13995.666781 16240
  268 10516.567048 27269
  269 6196.915547 23404
  270 -55.027326     7
  271 4623.333567  3066
  272 -719.893334     9
  273 3862.421990  3236
  274 5969.048943  8977
  275 -223.309726     2
  276 18513.760879 25687
  277 4152.218425 26575
  278 9451.555160 23229
  279 -2238.049991     4
  280 -255.234653     2
  281 8655.789062 23859
  282 978.534663  6530
  283 -1449.295508     7
  284 9402.466927 10765
  285 13354.024012 15705
  286 14216.041649 24767
  287 14850.133145 14460
  288 20754.860349 17963
  289 6235.887269 16428
  290 -1009.187384     6
  291 8823.033308 26421
  292 6948.243669 21578
  293 825.107446 10799
  294 1739.307516  3784
  295 -312.433183     8
  296 -608.140882     2
  297 -1175.389343     8
  298 456.542775 18046
  299 10978.750744 14927
  300 1677.518096 19137
