300
    1 2580.422635     1
    2 12479.974445 16119
    3 2576.304378 22552
    4 -427.668838     7
    5 -2556.029176     3
    6 5588.852956 17605
    7 -887.966451     0
    8 -1727.512608     6
    9 -577.055470     9
   10 6538.351696  5019
   11 1291.404553 11402
   12 -973.352522     2
   13 990.931068  7882
   14 40602.376007 20490
   15 1524.149715  5438
   16 15476.636607 18433
   17 -834.072912     5
   18 3326.890182 12080
   19 6936.118813  6863
   20 9365.867806 23698
   21 -402.439329     1
   22 1745.407456  1611
   23 1649.058347   525
   24 -909.327246     6
   25 -1234.138028     8
   26 -1168.162884     1
   27 3178.802649 20096
   28 -1074.043891     8
   29 -682.544094     7
   30 -1470.717876     1
   31 8280.284457 24956
   32 8231.097097 18649
   33 -2271.894996     5
   34 2657.016177 14086
   35 -1246.265900     1
   36 878.776760   763
   37 26741.079377 14573
   38 2609.399064 22063
   39 -283.199895     7
   40 374.166065 18419
   41 2445.462698 21823
   42 -657.446522     2
   43 6692.469490 15275
   44 4528.707018 15882
   45 14951.624320 14868
   46 -757.186798     8
   47 -1735.633460     7
   48 -235.803708     1
   49 3877.930986  2208
   50 -887.366140     1
   51 -575.892293     2
   52 3177.877284 19961
   53 42670.700268 20395
   54 1291.261637 26497
   55 -466.352475     1
   56 1322.329678 17654
   57 3093.297112  4613
   58 -331.904069     3
   59 1361.620128 14985
   60 1311.504028  2593
   61 11257.266704 10343
   62 -920.575021     5
   63 -628.531688     6
   64 -1208.704637     5
   65 823.489674  2104
   66 -622.060395     3
   67 -639.200453     0
   68 19358.886498 20634
   69 20915.751176 17064
   70 -45.188134     3
   71 14038.292075 21647
   72 28153.431142 25568
   73 -296.727124     1
   74 7203.392402 18628
   75 1478.148756  1257
   76 5364.291349 14979
   77 -1377.973637     9
   78 6373.827488 13258
   79 1169.502617  2568
   80 10577.974606 22553
   81 10803.894817 12082
   82 -1161.734321     2
   83 16158.977649 15949
   84 3935.830962 22106
   85 3181.577767 13544
   86 2089.112028  6255
   87 4035.956046 23714
   88 1444.590704  8149
   89 -1641.134233     6
   90 -563.985227     4
   91 7205.392016 10842
   92 8482.256651  6271
   93 26380.735719 15863
   94 3473.147093 23772
   95 -206.969361     5
   96 -1464.656515     9
   97 -549.571304     9
   98 19552.318023 21222
   99 5946.676909  1573
  100 14498.414189 22037
  101 332.427151   828
  102 -216.038497     9
  103 8303.161463 12746
  104 -974.467313     1
  105 3868.724619   314
  106 -1910.496660     9
  107 17153.708138 23962
  108 -1887.855299     1
  109 205.076890 23513
  110 2189.492321 12081
  111 -459.187152     9
  112 1162.811169 13467
  113 1213.236749 27528
  114 -284.347115     4
  115 -175.548215     9
  116 1649.470059 10984
  117 -1545.977092     4
  118 -769.206169     8
  119 -686.752133     3
  120 -1617.292682     1
  121 470.646379 19028
  122 -110.493402     1
  123 -1849.201350     9
  124 7794.637301 22549
  125 -199.424605     5
  126 -49.855743     8
  127 36834.514525 26634
  128 -1226.405357     5
  129 5199.476134  8009
  130 -244.101054     9
  131 5564.280657 18283
  132 7508.672200 14384
  133 9308.865831 14765
  134 11949.652632 14456
  135 -703.909837     3
  136 3150.440290  1602
  137 2588.256764  4234
  138 2437.291243 13370
  139 2047.843571  6832
  140 5682.697239 23847
  141 3016.020380  6524
  142 1886.698747 25512
  143 -502.369735     7
  144 3975.196097 21094
  145 1261.398696 23238
  146 -298.523025     4
  147 22841.418430 23525
  148 -321.485929     4
  149 -716.740236     7
  150 1647.705942   294
  151 4676.026290 10172
  152 -1027.944444     8
  153 9565.058571 21958
  154 -59.193969     2
  155 -1615.029008     1
  156 15594.256984 19828
  157 -770.261576     7
  158 5140.262674   731
  159 -589.828351     1
  160 1235.103174 15722
  161 1249.880934  3195
  162 1347.308813  1887
  163 4034.912389  3101
  164 3558.521243  2558
  165 -1552.288814     9
  166 -300.007251     1
  167 1153.844586  7462
  168 -647.076994     9
  169 620.743180  1250
  170 19163.658466 17861
  171 5269.397356 13695
  172 40729.044333 24490
  173 -1456.671466     7
  174 -492.578115     1
  175 -440.327469     8
  176 2844.545472 25213
  177 -8.320412     9
  178 -1627.093631     4
  179 24226.005962 11841
  180 3913.810618 26142
  181 3955.164177  3905
  182 4338.642704 18518
  183 15196.165612 26181
  184 -812.632988     0
  185 9498.905658  6201
  186 -165.339135     3
  187 -1681.834203     1
  188 4592.526757  3731
  189 -404.830756     0
  190 650.791316   594
  191 6111.890693 20258
  192 586.059290  8869
  193 3804.271907 11140
  194 -89.500373     1
  195 -575.533193     4
  196 -454.188623     6
  197 6648.344416  7350
  198 6170.160898 24250
  199 -286.349946     5
  200 9768.908385 16020
  201 4132.838139  6709
  202 4186.666539 12541
  203 -1673.331706     3
  204 -799.585074     5
  205 2245.020184 20824
  206 -338.611602     2
  207 5671.176236 10814
  208 5663.155310 20022
  209 -235.205685     5
  210 2614.884097   251
  211 967.504450  1080
  212 166.729666 15517
  213 2842.768054 23377
  214 -2112.972907     2
  215 -517.069548     5
  216 -867.358011     7
  217 4250.462067  1281
  218 821.894144 21838
  219 -1002.776661     3
  220 -104.071837     0
  221 318.267623 12350
  222 2076.659847  9458
  223 -263.829920     5
  224 -3410.383174     0
  225 4541.658012 21527
  226 342.450132 15425
  227 -198.837063     8
  228 23702.542528 24261
  229 6764.150093 12613
  230 -301.580364     3
  231 2771.373656 25599
  232 5588.303972 22069
  233 2480.818432  2552
  234 -1175.553564     3
  235 2231.664377  4764
  236 -432.914836     2
  237 1089.597483 11817
  238 -1275.451980     9
  239 2542.298929  8720
  240 -351.695963     4
  241 512.370994   876
  242 -3134.898890     4
  243 31788.414774 21854
  244 20363.601474 19497
  245 -608.508557     1
  246 -368.774605     2
  247 2031.567928   546
  248 14790.910008 22208
  249 -1086.372735     3
  250 3051.014224  7189
  251 -2555.415444     8
  252 3642.982967  5355
  253 -1718.218386     9
  254 2196.722391    80
  255 -2707.455795     5
  256 5044.410316 23594
  257 13191.610973 22728
  258 -400.733877     1
  259 10531.198631 12216
  260 1512.242130   214
  261 617.633713 19666
  262 -1119.005582     7
  263 2087.878010    74
  264 -2202.282836     0
  265 -1724.496242     6
  266 1559.478328 16029
  267 11466.365331 16240
  268 8907.002852 27269
  269 8256.507776 23404
  270 -737.430304     7
  271 2068.685106  3066
  272 -3316.121533     9
  273 280.109186  3236
  274 1049.568026  8977
  275 -340.668470     2
  276 23320.943867 25687
  277 5323.590391 26575
  278 747.040429 23229
  279 -2717.737986     4
  280 -1261.555920     2
  281 12567.859636 23859
  282 7358.521247  6530
  283 -1112.788587     7
  284 4381.293964 10765
  285 6423.917636 15705
  286 25731.901472 24767
  287 4875.507002 14460
  288 12515.258766 17963
  289 9602.587930 16428
  290 -1747.087011     6
  291 14014.752942 26421
  292 25928.389051 21578
  293 12842.146012 10799
  294 2410.243754  3784
  295 -1068.263004     8
  296 -1976.212332     2
  297 -2004.506048     8
  298 2761.778871 18046
  299 14547.455608 14927
  300 6464.097241 19137
