300
    1 309.438095     1
    2 25578.478544 16119
    3 20310.646318 22552
    4 -484.928110     7
    5 -459.743747     3
    6 6017.260310 17605
    7 -440.641057     0
    8 -609.173225     6
    9 -770.063069     9
   10 880.814531  5019
   11 2719.949574 11402
   12 -38.187566     2
   13 1513.557234  7882
   14 18368.529025 20490
   15 6620.137773  5438
   16 18039.404010 18433
   17 -1875.327900     5
   18 844.385226 12080
   19 7105.594264  6863
   20 11280.899606 23698
   21 -558.464512     1
   22 3191.241547  1611
   23 3199.465205   525
   24 -140.818458     6
   25 -296.162607     8
   26 -151.903370     1
   27 368.128959 20096
   28 -280.221024     8
   29 -193.680472     7
   30 -1190.079946     1
   31 16539.173878 24956
   32 2964.306510 18649
   33 -839.997875     5
   34 6479.556347 14086
   35 -107.932114     1
   36 762.770482   763
   37 3587.796148 14573
   38 9080.036784 22063
   39 -971.907430     7
   40 10658.934079 18419
   41 2844.892873 21823
   42 -727.803702     2
   43 8667.848308 15275
   44 204.792746 15882
   45 1762.159980 14868
   46 -1622.207108     8
   47 -102.116369     7
   48 -854.904852     1
   49 1511.918691  2208
   50 -1000.035328     1
   51 -403.776600     2
   52 5456.649557 19961
   53 1997.338248 20395
   54 11015.071101 26497
   55 -1542.503996     1
   56 3176.901362 17654
   57 4400.533773  4613
   58 -933.101092     3
   59 2072.769285 14985
   60 1034.587847  2593
   61 711.003361 10343
   62 -463.838201     5
   63 -1120.645649     6
   64 -582.766128     5
   65 50.096021  2104
   66 -1014.660962     3
   67 -828.092821     0
   68 44.707549 20634
   69 13964.596924 17064
   70 -1077.822841     3
   71 12450.947860 21647
   72 9379.807381 25568
   73 -1508.407285     1
   74 4578.532844 18628
   75 698.366133  1257
   76 451.216751 14979
   77 -594.068379     9
   78 2634.060049 13258
   79 1796.400145  2568
   80 1336.789751 22553
   81 2786.896158 12082
   82 -696.600681     2
   83 2325.532906 15949
   84 18968.005559 22106
   85 5137.058232 13544
   86 4245.866407  6255
   87 2790.424703 23714
   88 5910.890185  8149
   89 -921.256102     6
   90 -481.812644     4
   91 10884.955269 10842
   92 2538.061138  6271
   93 14966.276831 15863
   94 4305.296508 23772
   95 -487.759459     5
   96 -272.827137     9
   97 -1486.510647     9
   98 23625.939888 21222
   99 7866.720174  1573
  100 35329.563485 22037
  101 1153.425070   828
  102 -138.987039     9
  103 3788.258233 12746
  104 -1574.562645     1
  105 1408.232922   314
  106 -115.593358     9
  107 11229.594297 23962
  108 -1689.607066     1
  109 15585.502684 23513
  110 3861.788310 12081
  111 -2426.083173     9
  112 1196.532291 13467
  113 19592.664776 27528
  114 -993.846234     4
  115 -450.366567     9
  116 9165.706629 10984
  117 -2047.857953     4
  118 -1061.541385     8
  119 -29.925150     3
  120 -1606.674225     1
  121 2559.851956 19028
  122 -373.028266     1
  123 -2728.462385     9
  124 13235.967783 22549
  125 -342.646874     5
  126 -1911.570256     8
  127 17068.565446 26634
  128 -1471.065036     5
  129 4335.483833  8009
  130 -521.508410     9
  131 1634.635792 18283
  132 12805.457538 14384
  133 4948.989265 14765
  134 10275.209237 14456
  135 -1336.434607     3
  136 5861.638982  1602
  137 4448.053837  4234
  138 2585.283322 13370
  139 611.474585  6832
  140 3554.276593 23847
  141 3526.829981  6524
  142 10899.352499 25512
  143 -322.940599     7
  144 4117.320818 21094
  145 34709.940726 23238
  146 -49.897232     4
  147 7879.395873 23525
  148 -1534.612654     4
  149 -90.608178     7
  150 3676.789182   294
  151 787.898216 10172
  152 -640.101044     8
  153 4251.738212 21958
  154 -1200.701058     2
  155 -736.403212     1
  156 11547.099942 19828
  157 -233.593195     7
  158 1384.599109   731
  159 -1346.394276     1
  160 6277.331272 15722
  161 788.180128  3195
  162 3684.239172  1887
  163 2798.611440  3101
  164 1504.359835  2558
  165 -1776.266956     9
  166 -368.471010     1
  167 4857.072747  7462
  168 -289.917934     9
  169 1657.567034  1250
  170 10373.589709 17861
  171 3532.114904 13695
  172 3290.325633 24490
  173 -1129.139341     7
  174 -510.910376     1
  175 -313.382094     8
  176 21497.692280 25213
  177 -107.154893     9
  178 -718.927261     4
  179 13296.783482 11841
  180 10367.400026 26142
  181 2804.550163  3905
  182 5446.700955 18518
  183 12254.131383 26181
  184 -257.897940     0
  185 7063.983278  6201
  186 -1469.934940     3
  187 -227.452224     1
  188 6112.288948  3731
  189 -370.108263     0
  190 2916.646913   594
  191 16811.054784 20258
  192 136.848774  8869
  193 9984.695253 11140
  194 -1055.184366     1
  195 -562.621935     4
  196 -805.834052     6
  197 699.524903  7350
  198 1984.811198 24250
  199 -310.088366     5
  200 21900.859444 16020
  201 13531.609116  6709
  202 15818.452290 12541
  203 -1942.227681     3
  204 -556.661883     5
  205 6352.789502 20824
  206 -480.320306     2
  207 11156.742569 10814
  208 16224.973000 20022
  209 -323.440179     5
  210 1084.444953   251
  211 3688.037809  1080
  212 1070.731442 15517
  213 5043.662198 23377
  214 -1971.210060     2
  215 -837.575805     5
  216 -157.258800     7
  217 9230.111082  1281
  218 13031.901542 21838
  219 -1517.547205     3
  220 -103.614178     0
  221 4066.112365 12350
  222 851.251338  9458
  223 -237.535756     5
  224 -1581.854144     0
  225 3047.864027 21527
  226 11194.825927 15425
  227 -1280.688645     8
  228 10541.170291 24261
  229 6771.833196 12613
  230 -2769.948492     3
  231 8061.018573 25599
  232 24226.348087 22069
  233 4661.816674  2552
  234 -367.996095     3
  235 1836.375005  4764
  236 -25.337499     2
  237 11260.668977 11817
  238 -852.318352     9
  239 2778.167149  8720
  240 -179.044943     4
  241 2186.923598   876
  242 -2025.565973     4
  243 14178.781332 21854
  244 16857.566684 19497
  245 -737.520209     1
  246 -2700.252929     2
  247 1975.001912   546
  248 11700.688202 22208
  249 -266.635774     3
  250 184.056083  7189
  251 -236.975393     8
  252 6305.858521  5355
  253 -1165.176362     9
  254 2100.112912    80
  255 -259.915591     5
  256 20701.430682 23594
  257 491.118307 22728
  258 -855.595985     1
  259 9951.568757 12216
  260 2259.504366   214
  261 9177.493380 19666
  262 -608.772735     7
  263 174.567072    74
  264 -79.003131     0
  265 -680.560847     6
  266 14569.021043 16029
  267 4269.860918 16240
  268 23813.413854 27269
  269 6430.459969 23404
  270 -591.933952     7
  271 8682.086736  3066
  272 -252.323509     9
  273 8116.667599  3236
  274 13362.612820  8977
  275 -435.831885     2
  276 7313.280542 25687
  277 5380.698908 26575
  278 1812.607779 23229
  279 -192.553070     4
  280 -984.221909     2
  281 3759.273208 23859
  282 2444.170834  6530
  283 -2181.480738     7
  284 11432.849994 10765
  285 12542.613486 15705
  286 1902.201838 24767
  287 50.598755 14460
  288 3895.986332 17963
  289 6190.003506 16428
  290 -216.156590     6
  291 17043.998802 26421
  292 18526.146420 21578
  293 14553.549044 10799
  294 1156.841990  3784
  295 -1763.134419     8
  296 -1021.874535     2
  297 -488.674670     8
  298 4486.054563 18046
  299 17614.262107 14927
  300 10710.326398 19137
