300
    1 2314.999317     1
    2 9271.548904 16119
    3 1505.042846 22552
    4 -57.395265     7
    5 -904.801248     3
    6 5302.734403 17605
    7 -535.846407     0
    8 -371.497912     6
    9 -1020.908730     9
   10 2984.293574  5019
   11 7417.559256 11402
   12 -64.041325     2
   13 3379.102085  7882
   14 13336.345320 20490
   15 2452.420454  5438
   16 6742.979418 18433
   17 -1775.743926     5
   18 1095.205068 12080
   19 5145.122523  6863
   20 10013.688175 23698
   21 -1461.179158     1
   22 2650.439857  1611
   23 1376.228568   525
   24 -2442.437507     6
   25 -804.058777     8
   26 -47.927240     1
   27 15613.994793 20096
   28 -1191.124745     8
   29 -201.555135     7
   30 -2483.714161     1
   31 9842.991942 24956
   32 12222.888052 18649
   33 -967.179073     5
   34 2803.181062 14086
   35 -34.001233     1
   36 784.584192   763
   37 893.678946 14573
   38 16757.641397 22063
   39 -468.110342     7
   40 14673.870802 18419
   41 1233.827229 21823
   42 -349.383763     2
   43 4743.576301 15275
   44 2421.223897 15882
   45 16022.360647 14868
   46 -2617.625676     8
   47 -1457.714014     7
   48 -48.962642     1
   49 2146.399189  2208
   50 -272.332704     1
   51 -1419.373029     2
   52 9415.580568 19961
   53 11169.100478 20395
   54 5406.323784 26497
   55 -1201.691995     1
   56 7126.162014 17654
   57 7616.178353  4613
   58 -292.263537     3
   59 4878.158695 14985
   60 1859.767339  2593
   61 9395.246530 10343
   62 -1115.056936     5
   63 -450.580073     6
   64 -540.020474     5
   65 3269.849823  2104
   66 -678.534524     3
   67 -419.455184     0
   68 9270.062205 20634
   69 3571.416562 17064
   70 -340.682634     3
   71 9775.526006 21647
   72 15601.903579 25568
   73 -944.349894     1
   74 2445.889798 18628
   75 3923.449250  1257
   76 10088.186193 14979
   77 -618.590605     9
   78 10018.966947 13258
   79 261.290100  2568
   80 6162.930578 22553
   81 6568.083302 12082
   82 -311.292061     2
   83 16142.917826 15949
   84 17831.888173 22106
   85 1966.711841 13544
   86 2240.440364  6255
   87 4501.383485 23714
   88 1244.504217  8149
   89 -1744.674032     6
   90 -593.530557     4
   91 1639.586605 10842
   92 4715.696095  6271
   93 3127.940382 15863
   94 26907.077405 23772
   95 -1062.707975     5
   96 -1404.177207     9
   97 -494.974909     9
   98 25205.465650 21222
   99 1192.314589  1573
  100 28061.515884 22037
  101 7621.957960   828
  102 -90.311790     9
  103 1192.624146 12746
  104 -2382.423913     1
  105 3467.220610   314
  106 -2768.448289     9
  107 7570.270921 23962
  108 -540.918661     1
  109 7831.724474 23513
  110 14081.700475 12081
  111 -1567.268938     9
  112 2051.809104 13467
  113 22275.548662 27528
  114 -345.491440     4
  115 -1084.942288     9
  116 11549.847945 10984
  117 -3023.685403     4
  118 -220.251569     8
  119 -791.028174     3
  120 -1891.149346     1
  121 3288.796804 19028
  122 -351.534138     1
  123 -1318.972780     9
  124 3431.638822 22549
  125 -1064.277358     5
  126 -868.203998     8
  127 3344.543708 26634
  128 -365.432206     5
  129 6803.340867  8009
  130 -259.167612     9
  131 11861.998512 18283
  132 7740.139697 14384
  133 12529.783280 14765
  134 1254.300859 14456
  135 -956.517961     3
  136 2229.158041  1602
  137 5242.380173  4234
  138 5428.986481 13370
  139 5604.197279  6832
  140 12186.003646 23847
  141 4399.848237  6524
  142 15016.847835 25512
  143 -334.945822     7
  144 10576.255775 21094
  145 17946.695536 23238
  146 -403.274017     4
  147 10032.270329 23525
  148 -337.194334     4
  149 -1486.802587     7
  150 344.208171   294
  151 7176.114248 10172
  152 -557.893602     8
  153 2426.887944 21958
  154 -429.522911     2
  155 -165.011823     1
  156 5667.786992 19828
  157 -552.306314     7
  158 888.897781   731
  159 -1042.400176     1
  160 2003.691015 15722
  161 3717.106517  3195
  162 869.138559  1887
  163 1282.308114  3101
  164 6246.798266  2558
  165 -1366.094793     9
  166 -17.706067     1
  167 1092.408986  7462
  168 -913.129925     9
  169 2304.548569  1250
  170 8166.459873 17861
  171 17149.535360 13695
  172 9553.317784 24490
  173 -1734.783662     7
  174 -423.514919     1
  175 -944.966066     8
  176 17196.170071 25213
  177 -1344.110767     9
  178 -253.864137     4
  179 12147.557543 11841
  180 15315.613470 26142
  181 2500.085924  3905
  182 15132.285254 18518
  183 29337.160612 26181
  184 -274.305948     0
  185 1081.020481  6201
  186 -93.415347     3
  187 -279.001815     1
  188 5350.153114  3731
  189 -197.963273     0
  190 1529.587657   594
  191 4818.139358 20258
  192 1340.162365  8869
  193 1676.560899 11140
  194 -2302.501426     1
  195 -832.383061     4
  196 -311.225688     6
  197 497.629392  7350
  198 23814.891580 24250
  199 -815.417718     5
  200 1274.562136 16020
  201 493.030752  6709
  202 237.037558 12541
  203 -623.183186     3
  204 -707.274107     5
  205 17259.634425 20824
  206 -678.270523     2
  207 10503.443147 10814
  208 29501.117491 20022
  209 -171.978430     5
  210 3599.350574   251
  211 545.032170  1080
  212 6235.137709 15517
  213 3416.086556 23377
  214 -191.385829     2
  215 -823.062500     5
  216 -930.776632     7
  217 8278.696771  1281
  218 10462.573041 21838
  219 -1474.201398     3
  220 -420.981062     0
  221 7001.443307 12350
  222 9183.904869  9458
  223 -157.030721     5
  224 -547.916127     0
  225 14022.994034 21527
  226 4313.211149 15425
  227 -567.735170     8
  228 7279.604797 24261
  229 11224.578158 12613
  230 -136.652440     3
  231 14726.588460 25599
  232 22356.440564 22069
  233 6557.950990  2552
  234 -1112.569613     3
  235 756.382364  4764
  236 -357.293072     2
  237 1705.700002 11817
  238 -1123.513821     9
  239 804.137244  8720
  240 -462.395101     4
  241 434.688595   876
  242 -1574.992809     4
  243 17459.798015 21854
  244 17485.543917 19497
  245 -413.772081     1
  246 -800.052244     2
  247 1126.412195   546
  248 2175.394811 22208
  249 -504.146796     3
  250 1037.923819  7189
  251 -1.481650     8
  252 3145.476925  5355
  253 -616.760875     9
  254 3486.119446    80
  255 -703.591958     5
  256 11727.915912 23594
  257 8030.003504 22728
  258 -157.501981     1
  259 6662.607687 12216
  260 479.644352   214
  261 34666.320017 19666
  262 -898.107843     7
  263 5003.726400    74
  264 -596.792911     0
  265 -73.296268     6
  266 11177.671990 16029
  267 25715.753383 16240
  268 10137.634283 27269
  269 16325.520386 23404
  270 -1281.644842     7
  271 3447.277174  3066
  272 -292.563152     9
  273 7718.580248  3236
  274 6067.707945  8977
  275 -677.658648     2
  276 8064.974525 25687
  277 18756.079602 26575
  278 1956.603473 23229
  279 -362.398769     4
  280 -264.934901     2
  281 18624.243163 23859
  282 7691.952154  6530
  283 -1602.838900     7
  284 489.629030 10765
  285 4534.009767 15705
  286 8120.099358 24767
  287 15133.817824 14460
  288 9472.784125 17963
  289 16398.581997 16428
  290 -248.284523     6
  291 10286.898842 26421
  292 13462.084058 21578
  293 5511.585271 10799
  294 2412.300029  3784
  295 -335.363023     8
  296 -822.916419     2
  297 -800.204718     8
  298 7949.989833 18046
  299 13473.504573 14927
  300 804.888426 19137
