300
    1 2483.561934     1
    2 5365.562072 16119
    3 1153.518782 22552
    4 -1732.504013     7
    5 -533.476568     3
    6 284.993469 17605
    7 -1095.989819     0
    8 -963.309292     6
    9 -765.512385     9
   10 3346.020061  5019
   11 182.372733 11402
   12 -1290.307993     2
   13 1429.196373  7882
   14 3715.201052 20490
   15 554.351142  5438
   16 6252.778195 18433
   17 -2231.981066     5
   18 4174.097605 12080
   19 3076.279699  6863
   20 13174.770024 23698
   21 -656.175596     1
   22 4974.431694  1611
   23 279.133365   525
   24 -829.138114     6
   25 -703.981564     8
   26 -186.207061     1
   27 3654.743700 20096
   28 -674.954963     8
   29 -863.986364     7
   30 -3075.028139     1
   31 883.848637 24956
   32 15745.158422 18649
   33 -1545.146914     5
   34 5118.732056 14086
   35 -1909.144580     1
   36 5483.460056   763
   37 28579.197586 14573
   38 3100.044464 22063
   39 -942.702464     7
   40 5359.271662 18419
   41 3231.800146 21823
   42 -984.285809     2
   43 4553.765825 15275
   44 1566.001622 15882
   45 2636.237226 14868
   46 -192.465929     8
   47 -53.771778     7
   48 -500.021717     1
   49 3249.598866  2208
   50 -1054.433762     1
   51 -1122.036782     2
   52 29671.079900 19961
   53 22465.738255 20395
   54 23441.385424 26497
   55 -725.835984     1
   56 4140.717274 17654
   57 9945.881956  4613
   58 -325.419599     3
   59 527.114825 14985
   60 1814.565993  2593
   61 1886.138795 10343
   62 -1515.169435     5
   63 -11.298719     6
   64 -1101.181208     5
   65 1683.101551  2104
   66 -1232.187073     3
   67 -1099.177342     0
   68 8988.527350 20634
   69 2357.248881 17064
   70 -848.221286     3
   71 4589.342370 21647
   72 4335.599077 25568
   73 -1994.309069     1
   74 20299.465841 18628
   75 868.700724  1257
   76 2253.429526 14979
   77 -2075.698964     9
   78 19808.572918 13258
   79 6873.034078  2568
   80 17674.310758 22553
   81 1867.613855 12082
   82 -54.804740     2
   83 8620.350345 15949
   84 11785.868269 22106
   85 2795.543558 13544
   86 10191.391709  6255
   87 11282.476002 23714
   88 1694.151575  8149
   89 -723.315575     6
   90 -2578.817897     4
   91 3898.170521 10842
   92 8226.368316  6271
   93 39294.213127 15863
   94 12609.052407 23772
   95 -420.341902     5
   96 -140.195719     9
   97 -1021.728686     9
   98 5914.353030 21222
   99 7377.136464  1573
  100 19532.782182 22037
  101 35.547324   828
  102 -1432.866000     9
  103 1234.042206 12746
  104 -565.328980     1
  105 2695.507683   314
  106 -378.945145     9
  107 3027.593970 23962
  108 -1392.234365     1
  109 12471.514320 23513
  110 22508.887881 12081
  111 -788.396739     9
  112 11782.578930 13467
  113 4792.851121 27528
  114 -899.919974     4
  115 -94.345837     9
  116 7956.123383 10984
  117 -1319.155047     4
  118 -256.599719     8
  119 -694.630053     3
  120 -194.728757     1
  121 3715.991401 19028
  122 -1815.890810     1
  123 -717.134040     9
  124 32998.563128 22549
  125 -904.015289     5
  126 -1285.135297     8
  127 2190.750250 26634
  128 -943.188360     5
  129 12773.859475  8009
  130 -878.389277     9
  131 136.890519 18283
  132 12830.554287 14384
  133 5130.526358 14765
  134 2026.180938 14456
  135 -611.981560     3
  136 2265.927707  1602
  137 1171.087412  4234
  138 1168.362105 13370
  139 119.841968  6832
  140 8282.141985 23847
  141 5775.307509  6524
  142 32814.285132 25512
  143 -302.819324     7
  144 28107.540586 21094
  145 18217.065317 23238
  146 -517.412558     4
  147 23970.765495 23525
  148 -822.371246     4
  149 -73.300678     7
  150 2554.902222   294
  151 3147.970684 10172
  152 -153.010095     8
  153 1905.261719 21958
  154 -2286.764166     2
  155 -2419.042214     1
  156 17600.764654 19828
  157 -68.371892     7
  158 3774.233189   731
  159 -507.753601     1
  160 1249.273333 15722
  161 955.313338  3195
  162 109.483676  1887
  163 2357.299770  3101
  164 6815.204362  2558
  165 -1285.954701     9
  166 -593.247796     1
  167 1025.898409  7462
  168 -787.506444     9
  169 105.478677  1250
  170 13544.001718 17861
  171 1449.646966 13695
  172 9155.928002 24490
  173 -1568.368781     7
  174 -24.183253     1
  175 -424.174524     8
  176 854.194354 25213
  177 -330.236621     9
  178 -889.514234     4
  179 2719.873330 11841
  180 2282.844233 26142
  181 525.693126  3905
  182 25903.794475 18518
  183 26425.225805 26181
  184 -736.760233     0
  185 14287.671097  6201
  186 -212.211435     3
  187 -213.067124     1
  188 4178.377713  3731
  189 -1778.005097     0
  190 3116.449266   594
  191 6396.564555 20258
  192 9937.487020  8869
  193 3024.181438 11140
  194 -1484.262637     1
  195 -1363.548115     4
  196 -593.331410     6
  197 13290.360260  7350
  198 14203.675021 24250
  199 -320.103470     5
  200 9751.646537 16020
  201 4315.993136  6709
  202 4446.525326 12541
  203 -1162.840241     3
  204 -1944.959554     5
  205 36247.135542 20824
  206 -394.889163     2
  207 9116.292491 10814
  208 1991.255363 20022
  209 -1011.463370     5
  210 1747.733384   251
  211 1528.776316  1080
  212 906.995465 15517
  213 23208.758530 23377
  214 -1128.473909     2
  215 -1150.563156     5
  216 -721.113155     7
  217 4342.587699  1281
  218 517.303172 21838
  219 -1428.453431     3
  220 -763.801709     0
  221 4696.851659 12350
  222 3486.347882  9458
  223 -100.555432     5
  224 -920.245088     0
  225 12679.887009 21527
  226 5690.792488 15425
  227 -222.666846     8
  228 19168.290967 24261
  229 11559.129481 12613
  230 -517.593552     3
  231 9547.422823 25599
  232 5241.562486 22069
  233 5231.284453  2552
  234 -228.239203     3
  235 3084.938368  4764
  236 -391.132912     2
  237 3791.455095 11817
  238 -1132.683634     9
  239 2013.576842  8720
  240 -578.749887     4
  241 2464.781448   876
  242 -1541.962604     4
  243 6584.241501 21854
  244 6842.506557 19497
  245 -289.598034     1
  246 -927.084621     2
  247 617.103794   546
  248 3826.629032 22208
  249 -1234.553695     3
  250 1291.583224  7189
  251 -1143.851322     8
  252 3229.788619  5355
  253 -139.116879     9
  254 370.186513    80
  255 -698.043703     5
  256 12961.898040 23594
  257 15343.473601 22728
  258 -1091.629173     1
  259 464.848237 12216
  260 361.505722   214
  261 7911.798289 19666
  262 -574.857907     7
  263 3119.733392    74
  264 -221.105223     0
  265 -1024.117639     6
  266 5432.653288 16029
  267 2961.280648 16240
  268 4418.933270 27269
  269 10620.443104 23404
  270 -532.542681     7
  271 2894.207960  3066
  272 -756.089814     9
  273 5277.290046  3236
  274 3671.855129  8977
  275 -422.844070     2
  276 13259.584859 25687
  277 14835.273208 26575
  278 14644.306369 23229
  279 -1603.244320     4
  280 -38.987326     2
  281 6007.759022 23859
  282 2722.225390  6530
  283 -461.908159     7
  284 10900.116581 10765
  285 13799.487235 15705
  286 3544.643040 24767
  287 4641.244986 14460
  288 14485.678566 17963
  289 20375.449706 16428
  290 -543.875326     6
  291 6440.376054 26421
  292 16065.357674 21578
  293 2605.929302 10799
  294 1494.084955  3784
  295 -1965.400433     8
  296 -288.751210     2
  297 -1348.091609     8
  298 14190.873975 18046
  299 24206.131493 14927
  300 10510.242261 19137
