300
    1 2266.889282     1
    2 9263.574838 16119
    3 2036.769794 22552
    4 -463.794559     7
    5 -1504.285619     3
    6 11476.832720 17605
    7 -337.812839     0
    8 -793.611575     6
    9 -842.094085     9
   10 2301.017215  5019
   11 19858.307608 11402
   12 -880.381941     2
   13 14700.901618  7882
   14 6499.840023 20490
   15 6143.756955  5438
   16 3977.390076 18433
   17 -435.619191     5
   18 17430.884703 12080
   19 5482.660041  6863
   20 11872.939312 23698
   21 -174.020382     1
   22 704.467339  1611
   23 2754.503928   525
   24 -2299.129331     6
   25 -9.450024     8
   26 -1971.181215     1
   27 8745.108428 20096
   28 -175.921770     8
   29 -78.735038     7
   30 -1416.152769     1
   31 6488.537864 24956
   32 4290.912142 18649
   33 -1238.270974     5
   34 17494.189716 14086
   35 -509.706148     1
   36 28.946171   763
   37 1864.161222 14573
   38 16533.189493 22063
   39 -1267.278411     7
   40 17958.344231 18419
   41 20787.568628 21823
   42 -1337.290608     2
   43 5340.003477 15275
   44 653.020350 15882
   45 16052.285659 14868
   46 -1439.069382     8
   47 -598.058298     7
   48 -94.494418     1
   49 342.587988  2208
   50 -1056.095993     1
   51 -917.508487     2
   52 11857.662918 19961
   53 12379.876979 20395
   54 30473.937119 26497
   55 -2534.126991     1
   56 11152.153290 17654
   57 1141.920762  4613
   58 -880.739587     3
   59 2655.104581 14985
   60 4153.800844  2593
   61 6761.753978 10343
   62 -2124.030411     5
   63 -570.238827     6
   64 -577.419655     5
   65 1046.486824  2104
   66 -80.810507     3
   67 -2903.662212     0
   68 2567.390985 20634
   69 20491.944245 17064
   70 -421.333354     3
   71 958.462681 21647
   72 15745.428013 25568
   73 -1011.328842     1
   74 10715.134109 18628
   75 4642.120060  1257
   76 943.337475 14979
   77 -1100.215811     9
   78 4103.711600 13258
   79 3927.090312  2568
   80 4628.838581 22553
   81 20248.869744 12082
   82 -778.996124     2
   83 10505.940757 15949
   84 3668.032707 22106
   85 8805.611110 13544
   86 2688.182918  6255
   87 2313.519371 23714
   88 2540.896898  8149
   89 -2281.611986     6
   90 -1648.432389     4
   91 4927.076228 10842
   92 7830.571119  6271
   93 9596.007228 15863
   94 3598.791414 23772
   95 -213.673957     5
   96 -691.295009     9
   97 -1127.827877     9
   98 14072.060951 21222
   99 959.071510  1573
  100 11611.388240 22037
  101 1398.215240   828
  102 -209.991879     9
  103 10821.576477 12746
  104 -592.262010     1
  105 2750.164379   314
  106 -1683.120969     9
  107 5249.604582 23962
  108 -473.433611     1
  109 6231.427983 23513
  110 11613.187773 12081
  111 -781.942441     9
  112 12079.991805 13467
  113 7611.274482 27528
  114 -872.422216     4
  115 -993.361742     9
  116 99.907098 10984
  117 -232.212082     4
  118 -569.812392     8
  119 -560.423226     3
  120 -1106.871804     1
  121 4534.341127 19028
  122 -763.291779     1
  123 -1109.121778     9
  124 10023.822934 22549
  125 -336.410203     5
  126 -1050.709093     8
  127 4752.847235 26634
  128 -3445.850692     5
  129 7490.205852  8009
  130 -893.889054     9
  131 7001.809242 18283
  132 12086.346876 14384
  133 1821.937676 14765
  134 3905.963331 14456
  135 -163.407915     3
  136 2839.940796  1602
  137 659.685080  4234
  138 4239.544906 13370
  139 2927.289549  6832
  140 571.402745 23847
  141 9339.985361  6524
  142 15085.225466 25512
  143 -1355.593780     7
  144 10633.297607 21094
  145 3763.173901 23238
  146 -118.064779     4
  147 8233.008798 23525
  148 -432.246299     4
  149 -940.076836     7
  150 352.448238   294
  151 20069.129386 10172
  152 -945.623872     8
  153 21965.250814 21958
  154 -966.589758     2
  155 -175.720242     1
  156 27009.016450 19828
  157 -879.601730     7
  158 1848.854648   731
  159 -404.939418     1
  160 2815.624487 15722
  161 4764.491722  3195
  162 5366.964147  1887
  163 221.816082  3101
  164 1428.336240  2558
  165 -614.629340     9
  166 -30.232112     1
  167 9827.573287  7462
  168 -195.083135     9
  169 3323.573854  1250
  170 24420.438646 17861
  171 9900.295459 13695
  172 17975.508419 24490
  173 -1123.371397     7
  174 -962.371577     1
  175 -571.978755     8
  176 10857.365082 25213
  177 -453.822390     9
  178 -1041.846573     4
  179 5111.700434 11841
  180 2255.491197 26142
  181 5277.479756  3905
  182 1742.434855 18518
  183 11712.391831 26181
  184 -1294.467293     0
  185 762.967018  6201
  186 -469.036107     3
  187 -459.349322     1
  188 2368.069602  3731
  189 -2360.802038     0
  190 1277.598400   594
  191 7493.364479 20258
  192 3804.013087  8869
  193 2518.078695 11140
  194 -1459.156739     1
  195 -1991.076742     4
  196 -2256.194738     6
  197 12198.456155  7350
  198 2750.072043 24250
  199 -3251.398068     5
  200 11787.354596 16020
  201 13165.884676  6709
  202 3762.870512 12541
  203 -1303.052472     3
  204 -449.531645     5
  205 2153.702937 20824
  206 -1138.082628     2
  207 7312.411081 10814
  208 10500.113343 20022
  209 -1046.267138     5
  210 2449.301854   251
  211 4095.294124  1080
  212 11878.540833 15517
  213 9283.161655 23377
  214 -212.354049     2
  215 -876.642968     5
  216 -382.025057     7
  217 945.792008  1281
  218 6961.315717 21838
  219 -745.968422     3
  220 -210.361362     0
  221 18757.470645 12350
  222 2675.771489  9458
  223 -850.239781     5
  224 -1500.076968     0
  225 24738.009272 21527
  226 11145.296908 15425
  227 -3450.163259     8
  228 3310.237726 24261
  229 18498.636838 12613
  230 -2934.677817     3
  231 4919.297546 25599
  232 7140.822412 22069
  233 521.776594  2552
  234 -1747.166155     3
  235 3383.349703  4764
  236 -315.048580     2
  237 5631.819660 11817
  238 -480.112668     9
  239 5233.387815  8720
  240 -243.298669     4
  241 231.578278   876
  242 -378.643865     4
  243 13631.799179 21854
  244 3132.532773 19497
  245 -627.804129     1
  246 -2478.866391     2
  247 2600.782544   546
  248 13267.982797 22208
  249 -23.089714     3
  250 9021.951087  7189
  251 -618.816466     8
  252 4094.023397  5355
  253 -306.274003     9
  254 3168.753599    80
  255 -2118.667443     5
  256 8726.093072 23594
  257 9400.102604 22728
  258 -225.485569     1
  259 25355.834841 12216
  260 661.598330   214
  261 2944.073310 19666
  262 -621.772484     7
  263 735.109261    74
  264 -1783.695721     0
  265 -282.474485     6
  266 3715.031318 16029
  267 10241.267613 16240
  268 5247.045658 27269
  269 10925.667643 23404
  270 -108.921833     7
  271 3786.920097  3066
  272 -1202.380944     9
  273 5320.702012  3236
  274 4239.998218  8977
  275 -538.233653     2
  276 2249.180707 25687
  277 10600.537676 26575
  278 11718.959976 23229
  279 -3324.292996     4
  280 -732.874611     2
  281 43913.076160 23859
  282 5689.738276  6530
  283 -80.661958     7
  284 1257.077135 10765
  285 9527.449998 15705
  286 16673.966299 24767
  287 924.827148 14460
  288 16510.529173 17963
  289 4634.067827 16428
  290 -657.464684     6
  291 31104.674434 26421
  292 11056.613705 21578
  293 17578.133246 10799
  294 620.124377  3784
  295 -2941.138902     8
  296 -2828.685903     2
  297 -923.278704     8
  298 1905.745007 18046
  299 5821.341858 14927
  300 9722.387070 19137
