300
    1 831.785153     1
    2 4440.943646 16119
    3 24841.105075 22552
    4 -556.114052     7
    5 -1781.573157     3
    6 3356.380377 17605
    7 -573.340584     0
    8 -1257.283683     6
    9 -707.290851     9
   10 138.373115  5019
   11 8798.145413 11402
   12 -1188.060120     2
   13 7854.900315  7882
   14 19626.501298 20490
   15 2875.206766  5438
   16 8617.428617 18433
   17 -436.337111     5
   18 999.438110 12080
   19 2077.032855  6863
   20 441.662027 23698
   21 -254.758258     1
   22 1167.415917  1611
   23 1972.974584   525
   24 -1563.869581     6
   25 -458.445258     8
   26 -1377.130314     1
   27 1788.419669 20096
   28 -264.250463     8
   29 -3133.896411     7
   30 -1964.570270     1
   31 18118.702443 24956
   32 13206.980874 18649
   33 -1219.875546     5
   34 5529.560554 14086
   35 -616.334889     1
   36 757.176869   763
   37 797.438099 14573
   38 13578.684246 22063
   39 -1657.086557     7
   40 1992.389849 18419
   41 18680.183586 21823
   42 -762.780148     2
   43 5736.284090 15275
   44 20301.098774 15882
   45 1435.700001 14868
   46 -1898.790667     8
   47 -202.931073     7
   48 -249.208794     1
   49 2598.526338  2208
   50 -54.022414     1
   51 -1948.626864     2
   52 4597.513882 19961
   53 6689.415902 20395
   54 13055.055560 26497
   55 -464.129026     1
   56 2343.532770 17654
   57 4481.952776  4613
   58 -1501.123157     3
   59 18988.796248 14985
   60 1612.217832  2593
   61 7106.323666 10343
   62 -56.447928     5
   63 -1355.392113     6
   64 -1483.286741     5
   65 3816.481699  2104
   66 -437.769497     3
   67 -1132.305013     0
   68 19174.979501 20634
   69 4075.165844 17064
   70 -785.398152     3
   71 10931.858756 21647
   72 38547.150306 25568
   73 -105.082130     1
   74 4022.602800 18628
   75 747.585877  1257
   76 11468.977592 14979
   77 -1002.302632     9
   78 3844.784250 13258
   79 3824.931281  2568
   80 5230.934490 22553
   81 7254.738864 12082
   82 -26.687730     2
   83 10079.188683 15949
   84 3098.643920 22106
   85 2891.306401 13544
   86 1851.186471  6255
   87 3444.625582 23714
   88 11910.428663  8149
   89 -628.647214     6
   90 -115.158311     4
   91 10050.318970 10842
   92 541.518391  6271
   93 9640.889015 15863
   94 13335.470642 23772
   95 -801.533659     5
   96 -383.219827     9
   97 -711.444533     9
   98 14399.844091 21222
   99 4769.842106  1573
  100 18108.267856 22037
  101 5059.282507   828
  102 -620.139518     9
  103 15500.936473 12746
  104 -1642.603637     1
  105 627.954124   314
  106 -368.626303     9
  107 4095.876570 23962
  108 -1605.637123     1
  109 19823.746487 23513
  110 12606.093088 12081
  111 -255.309826     9
  112 4182.266024 13467
  113 3994.331562 27528
  114 -545.250859     4
  115 -650.339819     9
  116 8272.407238 10984
  117 -909.660281     4
  118 -982.626004     8
  119 -1473.479460     3
  120 -1905.767291     1
  121 7831.937727 19028
  122 -1426.359281     1
  123 -1004.966207     9
  124 1831.140504 22549
  125 -2014.893575     5
  126 -765.818974     8
  127 19223.599793 26634
  128 -570.954123     5
  129 2454.199183  8009
  130 -733.082616     9
  131 8755.657964 18283
  132 13876.184911 14384
  133 12799.948887 14765
  134 3492.793845 14456
  135 -1549.093266     3
  136 127.742324  1602
  137 2505.095524  4234
  138 20339.542555 13370
  139 3643.351880  6832
  140 15351.466075 23847
  141 2567.938145  6524
  142 10041.072996 25512
  143 -112.145940     7
  144 10634.989548 21094
  145 30487.747922 23238
  146 -129.668725     4
  147 5890.915180 23525
  148 -503.000669     4
  149 -328.012510     7
  150 3463.653143   294
  151 85.680263 10172
  152 -1447.457734     8
  153 22408.525463 21958
  154 -1019.515701     2
  155 -337.520003     1
  156 4033.306825 19828
  157 -61.596478     7
  158 3241.618461   731
  159 -707.943097     1
  160 5962.434852 15722
  161 2666.073490  3195
  162 5169.314406  1887
  163 2119.172250  3101
  164 337.157629  2558
  165 -2688.214440     9
  166 -243.414201     1
  167 2488.934015  7462
  168 -483.252783     9
  169 808.914290  1250
  170 1348.448430 17861
  171 3269.235767 13695
  172 853.622626 24490
  173 -1559.682335     7
  174 -35.310239     1
  175 -148.371472     8
  176 8509.708490 25213
  177 -202.599490     9
  178 -1311.943714     4
  179 5950.349772 11841
  180 17816.554539 26142
  181 4950.919101  3905
  182 17884.461613 18518
  183 434.847578 26181
  184 -311.316271     0
  185 6504.908244  6201
  186 -98.111621     3
  187 -1681.452165     1
  188 5675.047709  3731
  189 -702.047810     0
  190 5079.687458   594
  191 10607.620752 20258
  192 6435.700438  8869
  193 2199.060257 11140
  194 -906.196738     1
  195 -56.094912     4
  196 -781.977079     6
  197 5832.423091  7350
  198 4108.764464 24250
  199 -636.539870     5
  200 4791.475382 16020
  201 2127.713142  6709
  202 9846.920715 12541
  203 -1635.058169     3
  204 -2102.689053     5
  205 1157.127922 20824
  206 -530.266288     2
  207 7360.926353 10814
  208 3581.979491 20022
  209 -1019.453985     5
  210 1146.931642   251
  211 338.552505  1080
  212 178.953412 15517
  213 23988.551774 23377
  214 -2912.838058     2
  215 -29.292358     5
  216 -5.126693     7
  217 2303.934611  1281
  218 713.726222 21838
  219 -1830.002552     3
  220 -273.142673     0
  221 5776.861401 12350
  222 4353.478663  9458
  223 -125.379543     5
  224 -499.244925     0
  225 14034.519898 21527
  226 5706.677948 15425
  227 -1799.284919     8
  228 12223.789844 24261
  229 4394.603117 12613
  230 -1698.169167     3
  231 10429.335934 25599
  232 10268.647190 22069
  233 284.685451  2552
  234 -399.930922     3
  235 1099.187748  4764
  236 -197.560089     2
  237 10500.558429 11817
  238 -1786.159272     9
  239 10663.547518  8720
  240 -36.077722     4
  241 2492.935571   876
  242 -2041.756025     4
  243 20030.846613 21854
  244 9619.608193 19497
  245 -1038.174031     1
  246 -1729.375238     2
  247 2647.320642   546
  248 13825.602797 22208
  249 -109.028625     3
  250 6041.836416  7189
  251 -624.197287     8
  252 2597.423962  5355
  253 -2667.622972     9
  254 3220.259610    80
  255 -1931.247477     5
  256 3706.083990 23594
  257 3417.275814 22728
  258 -257.293143     1
  259 16338.731526 12216
  260 1332.043072   214
  261 308.167453 19666
  262 -15.606604     7
  263 1176.698576    74
  264 -1027.043824     0
  265 -131.094943     6
  266 7626.595895 16029
  267 7644.537347 16240
  268 18277.620623 27269
  269 12711.215885 23404
  270 -61.069293     7
  271 1421.730710  3066
  272 -1367.093094     9
  273 967.943097  3236
  274 7280.562791  8977
  275 -2880.669140     2
  276 3087.468529 25687
  277 7604.747918 26575
  278 21851.058537 23229
  279 -2605.260642     4
  280 -908.893965     2
  281 3076.923153 23859
  282 6554.898914  6530
  283 -807.575729     7
  284 11217.099515 10765
  285 692.008586 15705
  286 7643.281366 24767
  287 9422.095101 14460
  288 17052.393683 17963
  289 16111.450287 16428
  290 -2031.581472     6
  291 15941.116441 26421
  292 1551.864412 21578
  293 7142.362310 10799
  294 4970.129249  3784
  295 -83.114727     8
  296 -403.072195     2
  297 -1718.563545     8
  298 4949.357371 18046
  299 1261.606197 14927
  300 13190.951365 19137
