300
    1 1445.865687     1
    2 3750.057627 16119
    3 10042.448834 22552
    4 -2497.352883     7
    5 -1964.774678     3
    6 6230.103745 17605
    7 -5.084100     0
    8 -1089.021485     6
    9 -746.346528     9
   10 256.933816  5019
   11 963.893152 11402
   12 -642.566056     2
   13 9182.942696  7882
   14 18196.249970 20490
   15 3468.989617  5438
   16 7075.369754 18433
   17 -61.169892     5
   18 676.158644 12080
   19 5975.240844  6863
   20 15592.720818 23698
   21 -1859.648169     1
   22 2258.374703  1611
   23 3818.435114   525
   24 -1266.068606     6
   25 -325.582511     8
   26 -289.649096     1
   27 5680.272153 20096
   28 -1325.794299     8
   29 -301.990819     7
   30 -937.628760     1
   31 1592.772105 24956
   32 8203.488570 18649
   33 -402.932176     5
   34 8587.541073 14086
   35 -1235.389346     1
   36 1906.771534   763
   37 7297.763454 14573
   38 4142.545164 22063
   39 -513.654828     7
   40 9.425930 18419
   41 5503.755526 21823
   42 -304.408246     2
   43 709.117747 15275
   44 10243.224185 15882
   45 9683.643587 14868
   46 -363.741184     8
   47 -1063.471201     7
   48 -454.076063     1
   49 4443.543690  2208
   50 -1640.539642     1
   51 -152.152221     2
   52 15949.154658 19961
   53 3586.391673 20395
   54 14231.966638 26497
   55 -836.794819     1
   56 1134.312180 17654
   57 13.886055  4613
   58 -1148.141764     3
   59 22557.670921 14985
   60 5987.091902  2593
   61 889.492224 10343
   62 -3589.476496     5
   63 -283.714745     6
   64 -51.654826     5
   65 15477.390969  2104
   66 -949.071538     3
   67 -361.578005     0
   68 2204.816658 20634
   69 3955.498767 17064
   70 -1801.149677     3
   71 15631.272641 21647
   72 27555.279836 25568
   73 -105.831302     1
   74 15697.442889 18628
   75 1821.328388  1257
   76 833.623621 14979
   77 -133.408552     9
   78 11774.599106 13258
   79 521.933274  2568
   80 17516.451360 22553
   81 4630.011591 12082
   82 -56.322257     2
   83 1729.163133 15949
   84 20125.079951 22106
   85 5924.711269 13544
   86 301.192821  6255
   87 657.398752 23714
   88 6602.969194  8149
   89 -268.647307     6
   90 -1266.805535     4
   91 2360.982464 10842
   92 11.337716  6271
   93 4577.129492 15863
   94 22961.919665 23772
   95 -3.101853     5
   96 -584.426860     9
   97 -1331.271957     9
   98 25054.971971 21222
   99 88.332740  1573
  100 20384.944364 22037
  101 170.050626   828
  102 -327.709336     9
  103 1136.403177 12746
  104 -2518.068243     1
  105 2133.030435   314
  106 -263.821063     9
  107 5501.937018 23962
  108 -60.031710     1
  109 3384.168723 23513
  110 12712.547207 12081
  111 -1328.987771     9
  112 7948.163691 13467
  113 8388.379083 27528
  114 -55.374306     4
  115 -323.448680     9
  116 828.844585 10984
  117 -609.658737     4
  118 -2200.949718     8
  119 -1497.250144     3
  120 -2285.566925     1
  121 10943.391513 19028
  122 -1245.856942     1
  123 -161.401956     9
  124 9209.787117 22549
  125 -2467.670112     5
  126 -1798.528598     8
  127 15321.701235 26634
  128 -1373.036032     5
  129 7253.459317  8009
  130 -34.408130     9
  131 16624.155282 18283
  132 8944.154525 14384
  133 2764.436851 14765
  134 18890.130409 14456
  135 -1486.264366     3
  136 1065.336446  1602
  137 5202.068325  4234
  138 7094.645932 13370
  139 2981.109145  6832
  140 12470.519005 23847
  141 8900.829607  6524
  142 6631.032872 25512
  143 -534.930971     7
  144 5978.619205 21094
  145 22242.999194 23238
  146 -137.775832     4
  147 8563.942859 23525
  148 -813.049633     4
  149 -1100.504030     7
  150 2180.409781   294
  151 1268.682371 10172
  152 -571.552502     8
  153 10971.793238 21958
  154 -1435.632771     2
  155 -2055.502295     1
  156 3499.488487 19828
  157 -1344.103949     7
  158 2497.681084   731
  159 -818.040031     1
  160 10119.356693 15722
  161 7605.045013  3195
  162 804.635681  1887
  163 2280.248772  3101
  164 3022.273638  2558
  165 -1954.487455     9
  166 -497.308932     1
  167 9344.339896  7462
  168 -313.099507     9
  169 2992.864596  1250
  170 6689.004197 17861
  171 7374.387305 13695
  172 7906.844236 24490
  173 -1133.200614     7
  174 -2500.061348     1
  175 -1252.527148     8
  176 16014.648123 25213
  177 -571.127015     9
  178 -212.698235     4
  179 7533.629141 11841
  180 6127.635171 26142
  181 2510.793474  3905
  182 5280.690919 18518
  183 13067.176229 26181
  184 -135.118264     0
  185 2261.490051  6201
  186 -309.898712     3
  187 -474.554904     1
  188 2082.534932  3731
  189 -1410.768000     0
  190 6734.558067   594
  191 16281.003393 20258
  192 4873.297172  8869
  193 4819.475732 11140
  194 -729.159807     1
  195 -279.848240     4
  196 -3560.547463     6
  197 6961.328938  7350
  198 12691.947831 24250
  199 -1258.413527     5
  200 4493.072407 16020
  201 2836.399122  6709
  202 3253.793236 12541
  203 -1152.975789     3
  204 -2564.490241     5
  205 26960.047306 20824
  206 -788.592758     2
  207 10433.356893 10814
  208 5120.651976 20022
  209 -1045.116718     5
  210 4500.767994   251
  211 2427.184394  1080
  212 4884.802390 15517
  213 13157.212401 23377
  214 -199.618277     2
  215 -742.028725     5
  216 -389.507056     7
  217 6679.941909  1281
  218 14086.689910 21838
  219 -1813.915195     3
  220 -1379.123212     0
  221 9865.736815 12350
  222 11099.695687  9458
  223 -2092.192023     5
  224 -970.718700     0
  225 10299.637184 21527
  226 14197.796928 15425
  227 -1638.464416     8
  228 29995.901447 24261
  229 13317.134197 12613
  230 -2147.587478     3
  231 7445.409511 25599
  232 22284.042959 22069
  233 2383.518142  2552
  234 -1544.863831     3
  235 4214.405164  4764
  236 -1032.676707     2
  237 14574.951019 11817
  238 -157.559604     9
  239 14135.309260  8720
  240 -1449.977331     4
  241 1463.137123   876
  242 -688.683655     4
  243 1637.973311 21854
  244 6879.896917 19497
  245 -296.485776     1
  246 -553.055396     2
  247 957.381502   546
  248 15404.516644 22208
  249 -1262.195815     3
  250 4681.007746  7189
  251 -601.969252     8
  252 1544.097625  5355
  253 -2573.016418     9
  254 200.105452    80
  255 -1290.562616     5
  256 4063.126131 23594
  257 15867.215667 22728
  258 -701.807372     1
  259 23875.800936 12216
  260 551.111212   214
  261 12578.314138 19666
  262 -778.803828     7
  263 658.878495    74
  264 -862.630033     0
  265 -545.568645     6
  266 981.288537 16029
  267 10293.462804 16240
  268 21644.319174 27269
  269 11994.111471 23404
  270 -98.544825     7
  271 2185.097738  3066
  272 -1748.081430     9
  273 1240.563407  3236
  274 7882.253961  8977
  275 -1565.477771     2
  276 4094.918077 25687
  277 10147.489330 26575
  278 21425.420759 23229
  279 -1899.203461     4
  280 -99.052133     2
  281 3876.915111 23859
  282 5471.669565  6530
  283 -1218.270147     7
  284 8274.519727 10765
  285 24795.472172 15705
  286 4400.028375 24767
  287 7797.200131 14460
  288 12324.684181 17963
  289 24794.538273 16428
  290 -713.350144     6
  291 6878.251885 26421
  292 10482.505957 21578
  293 5883.223979 10799
  294 1799.838511  3784
  295 -1786.598438     8
  296 -252.710590     2
  297 -535.374788     8
  298 3530.714851 18046
  299 14622.446167 14927
  300 5805.706838 19137
