300
    1 1985.749853     1
    2 16762.439037 16119
    3 27527.659467 22552
    4 -1885.616496     7
    5 -974.455913     3
    6 2392.494170 17605
    7 -505.624174     0
    8 -1278.962346     6
    9 -635.552540     9
   10 3120.135525  5019
   11 14119.478880 11402
   12 -1966.525754     2
   13 15390.591899  7882
   14 6365.206640 20490
   15 12401.381928  5438
   16 5386.145216 18433
   17 -1053.945762     5
   18 3941.700758 12080
   19 5273.132800  6863
   20 22353.277332 23698
   21 -541.486451     1
   22 4731.655368  1611
   23 4809.653763   525
   24 -783.106249     6
   25 -1278.770602     8
   26 -477.048545     1
   27 11789.421001 20096
   28 -2819.662593     8
   29 -753.765176     7
   30 -1832.791190     1
   31 17396.441645 24956
   32 7427.505277 18649
   33 -885.328238     5
   34 16794.190367 14086
   35 -712.539498     1
   36 8023.175989   763
   37 11338.972085 14573
   38 6857.939484 22063
   39 -1242.816832     7
   40 10674.253618 18419
   41 16521.685392 21823
   42 -314.320718     2
   43 5719.143224 15275
   44 6.908734 15882
   45 11968.644666 14868
   46 -1471.190300     8
   47 -502.370846     7
   48 -403.390393     1
   49 5026.181852  2208
   50 -1003.343139     1
   51 -40.402927     2
   52 4937.996170 19961
   53 10893.058020 20395
   54 4212.258813 26497
   55 -1180.519223     1
   56 4362.583249 17654
   57 2090.949137  4613
   58 -199.243695     3
   59 2306.674575 14985
   60 71.254064  2593
   61 14529.213118 10343
   62 -395.468166     5
   63 -828.601549     6
   64 -810.786862     5
   65 420.711023  2104
   66 -1304.078485     3
   67 -1272.040024     0
   68 14524.150240 20634
   69 2970.974565 17064
   70 -172.047280     3
   71 567.305296 21647
   72 7039.291059 25568
   73 -665.158163     1
   74 19927.856875 18628
   75 684.498047  1257
   76 9402.164065 14979
   77 -1515.281898     9
   78 9532.284950 13258
   79 1623.592403  2568
   80 13733.758034 22553
   81 11115.739525 12082
   82 -1103.628620     2
   83 11182.357597 15949
   84 14184.513399 22106
   85 11453.071395 13544
   86 3716.686425  6255
   87 5148.715454 23714
   88 382.672852  8149
   89 -1659.825487     6
   90 -2311.537739     4
   91 2385.277689 10842
   92 1450.631869  6271
   93 8630.175352 15863
   94 3551.741630 23772
   95 -638.750494     5
   96 -335.196975     9
   97 -2214.956024     9
   98 8389.567483 21222
   99 514.798084  1573
  100 30442.997196 22037
  101 2051.942860   828
  102 -1700.501335     9
  103 5404.435759 12746
  104 -1448.123825     1
  105 1185.895671   314
  106 -511.312049     9
  107 1525.312578 23962
  108 -1576.806706     1
  109 12889.887431 23513
  110 9633.104793 12081
  111 -3818.336181     9
  112 18679.262644 13467
  113 14149.303759 27528
  114 -213.025935     4
  115 -139.123408     9
  116 8198.134951 10984
  117 -261.289580     4
  118 -409.822635     8
  119 -3342.943448     3
  120 -277.860766     1
  121 4290.162895 19028
  122 -1209.774948     1
  123 -1995.610265     9
  124 12164.800454 22549
  125 -125.046099     5
  126 -2860.011631     8
  127 10682.559503 26634
  128 -621.952366     5
  129 6067.279151  8009
  130 -957.535637     9
  131 4832.828281 18283
  132 2660.386191 14384
  133 202.953319 14765
  134 528.816238 14456
  135 -55.421702     3
  136 1667.957867  1602
  137 1054.961019  4234
  138 3201.543257 13370
  139 534.943549  6832
  140 24279.472101 23847
  141 6739.734908  6524
  142 8376.732826 25512
  143 -23.654822     7
  144 19236.087349 21094
  145 12179.942456 23238
  146 -495.252563     4
  147 9069.487457 23525
  148 -794.230251     4
  149 -962.358072     7
  150 2387.989581   294
  151 5122.835018 10172
  152 -443.083316     8
  153 5574.931982 21958
  154 -1353.947539     2
  155 -3024.179547     1
  156 14306.544285 19828
  157 -1611.390090     7
  158 191.239869   731
  159 -61.312999     1
  160 7132.947203 15722
  161 1386.585970  3195
  162 3295.596460  1887
  163 84.504542  3101
  164 3628.387002  2558
  165 -2427.675725     9
  166 -1442.200644     1
  167 6011.079988  7462
  168 -1525.558751     9
  169 3011.867233  1250
  170 8231.502724 17861
  171 10217.112202 13695
  172 1305.490372 24490
  173 -2804.268947     7
  174 -907.905796     1
  175 -1673.469071     8
  176 11044.017225 25213
  177 -258.695799     9
  178 -251.117425     4
  179 3437.000790 11841
  180 14347.662868 26142
  181 1971.986653  3905
  182 20964.479592 18518
  183 11676.758788 26181
  184 -1122.230866     0
  185 703.517766  6201
  186 -656.691718     3
  187 -288.175703     1
  188 2784.834200  3731
  189 -92.113462     0
  190 906.896651   594
  191 1497.093959 20258
  192 4838.877122  8869
  193 8337.557289 11140
  194 -871.680963     1
  195 -1644.964183     4
  196 -27.480755     6
  197 7312.925377  7350
  198 6482.593745 24250
  199 -447.330952     5
  200 2901.704664 16020
  201 4180.262378  6709
  202 7133.851001 12541
  203 -1859.456565     3
  204 -2081.243448     5
  205 10284.338642 20824
  206 -671.785540     2
  207 9111.810487 10814
  208 7380.519572 20022
  209 -748.377287     5
  210 3894.750485   251
  211 4122.431184  1080
  212 15562.267718 15517
  213 12456.425797 23377
  214 -1220.129602     2
  215 -2183.480474     5
  216 -761.282911     7
  217 2873.454672  1281
  218 9440.255564 21838
  219 -146.934228     3
  220 -528.450304     0
  221 14372.060523 12350
  222 3233.623152  9458
  223 -322.567299     5
  224 -2128.130491     0
  225 4082.523899 21527
  226 7241.150698 15425
  227 -633.749038     8
  228 29285.269397 24261
  229 12881.421231 12613
  230 -3978.251089     3
  231 19965.200415 25599
  232 8594.788055 22069
  233 1052.376112  2552
  234 -1789.183526     3
  235 3840.873733  4764
  236 -707.622390     2
  237 2217.627107 11817
  238 -337.584799     9
  239 7419.406490  8720
  240 -1079.387902     4
  241 3429.241116   876
  242 -2902.001144     4
  243 6202.126504 21854
  244 7102.069984 19497
  245 -561.511089     1
  246 -3372.037671     2
  247 4375.554689   546
  248 14080.194347 22208
  249 -1270.602170     3
  250 14379.048162  7189
  251 -142.789076     8
  252 7937.245967  5355
  253 -358.168041     9
  254 1028.966245    80
  255 -3917.383112     5
  256 10851.883622 23594
  257 19958.168272 22728
  258 -299.359848     1
  259 5674.324992 12216
  260 1359.736599   214
  261 4852.340255 19666
  262 -580.922249     7
  263 1712.012857    74
  264 -283.061766     0
  265 -286.373803     6
  266 3091.971040 16029
  267 10076.911083 16240
  268 19763.665290 27269
  269 4649.566753 23404
  270 -111.709377     7
  271 6145.060042  3066
  272 -849.427071     9
  273 11679.784220  3236
  274 7416.643390  8977
  275 -1889.422529     2
  276 5376.196279 25687
  277 24975.717330 26575
  278 19421.909504 23229
  279 -453.383395     4
  280 -973.394585     2
  281 11512.744357 23859
  282 5661.688808  6530
  283 -72.124071     7
  284 15465.337938 10765
  285 9808.534085 15705
  286 19176.438802 24767
  287 7080.260241 14460
  288 23034.132195 17963
  289 15564.889666 16428
  290 -468.003349     6
  291 19427.664003 26421
  292 3307.735985 21578
  293 15265.329028 10799
  294 1841.164312  3784
  295 -1111.897366     8
  296 -345.921707     2
  297 -535.576313     8
  298 14154.601406 18046
  299 7918.975255 14927
  300 12550.734779 19137
