100
    1 2438.955759     1
    2 20781.264745 16119
    3 5663.348768 22552
    4 -478.903164     7
    5 -1010.643744     3
    6 11303.036413 17605
    7 -113.871890     0
    8 -193.148766     6
    9 -95.804729     9
   10 4149.018727  5019
   11 673.569956 11402
   12 -26.423139     2
   13 5498.245544  7882
   14 2844.080065 20490
   15 8843.941939  5438
   16 27489.455980 18433
   17 -278.310437     5
   18 1905.447445 12080
   19 9972.673030  6863
   20 7085.021162 23698
   21 -892.806298     1
   22 2889.476035  1611
   23 5814.263279   525
   24 -73.894286     6
   25 -207.437459     8
   26 -233.031015     1
   27 3470.052791 20096
   28 -1015.086773     8
   29 -613.357003     7
   30 -1892.281711     1
   31 1472.389226 24956
   32 27892.455279 18649
   33 -415.473132     5
   34 25817.541664 14086
   35 -1791.909300     1
   36 3888.972501   763
   37 1509.555143 14573
   38 3021.850774 22063
   39 -582.915452     7
   40 5947.504035 18419
   41 21183.030999 21823
   42 -74.576392     2
   43 7253.477255 15275
   44 10415.626289 15882
   45 4926.425012 14868
   46 -451.711224     8
   47 -692.221131     7
   48 -219.492705     1
   49 1189.027128  2208
   50 -704.926463     1
   51 -900.730619     2
   52 29059.967658 19961
   53 3775.891902 20395
   54 1680.476765 26497
   55 -2549.897830     1
   56 13792.305924 17654
   57 5419.395784  4613
   58 -1121.549660     3
   59 16636.055246 14985
   60 1395.085133  2593
   61 6216.813862 10343
   62 -722.020274     5
   63 -1817.579219     6
   64 -1970.210547     5
   65 3941.226276  2104
   66 -1083.273467     3
   67 -900.133999     0
   68 1857.631832 20634
   69 8833.802897 17064
   70 -424.684584     3
   71 8891.336687 21647
   72 27450.027024 25568
   73 -398.187053     1
   74 35096.683738 18628
   75 2078.156777  1257
   76 16594.597548 14979
   77 -1827.875361     9
   78 14584.968665 13258
   79 3507.349373  2568
   80 12598.453810 22553
   81 15506.707056 12082
   82 -558.849769     2
   83 5095.075150 15949
   84 9485.856432 22106
   85 2689.232700 13544
   86 3606.539922  6255
   87 11991.331906 23714
   88 1926.411044  8149
   89 -582.921078     6
   90 -108.502704     4
   91 9409.305171 10842
   92 10483.939312  6271
   93 1508.504763 15863
   94 22381.516552 23772
   95 -1930.314696     5
   96 -300.240418     9
   97 -673.775000     9
   98 4671.261754 21222
   99 6263.436084  1573
  100 1538.703433 22037
