300
    1 2607.345773     1
    2 11023.511984 16119
    3 7836.291860 22552
    4 -1516.050902     7
    5 -1318.488951     3
    6 889.309003 17605
    7 -910.395420     0
    8 -2139.822929     6
    9 -1591.095787     9
   10 2252.976401  5019
   11 9974.532520 11402
   12 -836.378821     2
   13 3190.777144  7882
   14 37872.501474 20490
   15 425.596665  5438
   16 3167.525901 18433
   17 -1250.836086     5
   18 17223.220084 12080
   19 7603.778149  6863
   20 12891.027165 23698
   21 -87.386213     1
   22 5081.703658  1611
   23 2472.864175   525
   24 -498.599226     6
   25 -124.862304     8
   26 -1617.474512     1
   27 6461.052562 20096
   28 -943.880831     8
   29 -368.800573     7
   30 -1914.552343     1
   31 7195.634577 24956
   32 12972.328719 18649
   33 -2363.587421     5
   34 12061.911306 14086
   35 -1773.552847     1
   36 1598.295688   763
   37 5579.308772 14573
   38 6006.708421 22063
   39 -1226.643159     7
   40 19842.239368 18419
   41 20770.018951 21823
   42 -1951.918691     2
   43 4142.125598 15275
   44 5277.881851 15882
   45 17904.647301 14868
   46 -716.416324     8
   47 -61.072887     7
   48 -141.551224     1
   49 2118.199935  2208
   50 -516.997735     1
   51 -936.215397     2
   52 6930.080117 19961
   53 13820.816293 20395
   54 187.313794 26497
   55 -689.522567     1
   56 2012.450110 17654
   57 289.350193  4613
   58 -1918.854043     3
   59 1058.994848 14985
   60 2354.455954  2593
   61 12579.126497 10343
   62 -1819.457217     5
   63 -584.609772     6
   64 -740.918430     5
   65 5039.244023  2104
   66 -388.267881     3
   67 -738.111506     0
   68 5844.195746 20634
   69 4951.772857 17064
   70 -979.599698     3
   71 26025.783599 21647
   72 8184.550197 25568
   73 -1381.105451     1
   74 18351.554891 18628
   75 770.036603  1257
   76 16540.815906 14979
   77 -1147.975311     9
   78 3378.436083 13258
   79 517.845012  2568
   80 8516.091508 22553
   81 5321.118476 12082
   82 -737.946775     2
   83 4401.859925 15949
   84 8961.483391 22106
   85 5255.932317 13544
   86 5364.972510  6255
   87 6534.989137 23714
   88 7014.015026  8149
   89 -1702.262774     6
   90 -58.601677     4
   91 1496.946323 10842
   92 59.289956  6271
   93 5946.500873 15863
   94 2385.988335 23772
   95 -519.312511     5
   96 -828.461021     9
   97 -2195.391725     9
   98 8391.085517 21222
   99 3633.825355  1573
  100 20529.454728 22037
  101 3482.553841   828
  102 -1061.032426     9
  103 14850.175447 12746
  104 -272.648849     1
  105 3033.007549   314
  106 -712.261196     9
  107 8096.042577 23962
  108 -355.773979     1
  109 7898.559049 23513
  110 761.309495 12081
  111 -520.011644     9
  112 562.321784 13467
  113 9484.980217 27528
  114 -1452.382054     4
  115 -481.034715     9
  116 6578.992024 10984
  117 -2817.838878     4
  118 -319.183839     8
  119 -827.973143     3
  120 -905.092568     1
  121 15029.543919 19028
  122 -1456.750150     1
  123 -2030.012039     9
  124 6059.111885 22549
  125 -1006.327680     5
  126 -752.770285     8
  127 22312.747135 26634
  128 -1770.425406     5
  129 5410.323386  8009
  130 -207.125027     9
  131 7578.529123 18283
  132 5409.928622 14384
  133 7566.463321 14765
  134 2906.567322 14456
  135 -1625.318748     3
  136 5391.850675  1602
  137 2070.852365  4234
  138 5482.780848 13370
  139 3220.469766  6832
  140 7819.619588 23847
  141 3036.696970  6524
  142 11428.473753 25512
  143 -1284.279574     7
  144 27029.923908 21094
  145 715.914914 23238
  146 -1126.910244     4
  147 15818.238791 23525
  148 -29.595126     4
  149 -299.633706     7
  150 3636.932888   294
  151 5279.268383 10172
  152 -1180.193382     8
  153 4386.116836 21958
  154 -1816.391470     2
  155 -914.560822     1
  156 17853.581874 19828
  157 -2704.961257     7
  158 4229.769016   731
  159 -1082.606377     1
  160 16680.835350 15722
  161 2751.622113  3195
  162 3780.012252  1887
  163 378.460717  3101
  164 641.461399  2558
  165 -1692.276414     9
  166 -506.315014     1
  167 4072.242657  7462
  168 -1051.864866     9
  169 3668.486483  1250
  170 23381.289126 17861
  171 9944.483516 13695
  172 17936.592223 24490
  173 -924.582285     7
  174 -241.033093     1
  175 -948.857507     8
  176 2745.316868 25213
  177 -1508.747999     9
  178 -1103.133924     4
  179 5916.231367 11841
  180 11561.638309 26142
  181 6465.665668  3905
  182 10972.276297 18518
  183 1033.733922 26181
  184 -308.518517     0
  185 1466.816343  6201
  186 -686.910349     3
  187 -98.478253     1
  188 5010.644149  3731
  189 -856.822865     0
  190 79.652602   594
  191 4290.572030 20258
  192 6520.381336  8869
  193 4901.891775 11140
  194 -769.811428     1
  195 -123.888551     4
  196 -334.205122     6
  197 7276.890052  7350
  198 4802.145749 24250
  199 -601.531010     5
  200 2823.741784 16020
  201 4064.603935  6709
  202 20565.321288 12541
  203 -513.836595     3
  204 -66.966498     5
  205 10230.872738 20824
  206 -1527.047114     2
  207 10550.318585 10814
  208 14969.793618 20022
  209 -936.649396     5
  210 1798.912252   251
  211 1447.892329  1080
  212 8418.052357 15517
  213 14278.249878 23377
  214 -2267.531446     2
  215 -3115.064500     5
  216 -1135.291906     7
  217 80.747562  1281
  218 32928.966809 21838
  219 -1242.142372     3
  220 -1007.304825     0
  221 4350.799426 12350
  222 4357.342613  9458
  223 -837.136203     5
  224 -980.332346     0
  225 8621.970015 21527
  226 7007.028863 15425
  227 -401.517625     8
  228 26774.846857 24261
  229 488.238405 12613
  230 -1106.369608     3
  231 25274.901958 25599
  232 20819.693524 22069
  233 2982.233804  2552
  234 -1550.553781     3
  235 7178.151758  4764
  236 -366.542978     2
  237 11533.409291 11817
  238 -312.953726     9
  239 4949.717544  8720
  240 -412.262297     4
  241 2276.802735   876
  242 -3164.830537     4
  243 27.136571 21854
  244 2383.634441 19497
  245 -348.445148     1
  246 -258.082999     2
  247 894.935613   546
  248 3767.656488 22208
  249 -498.534440     3
  250 493.954938  7189
  251 -1347.672517     8
  252 7382.140161  5355
  253 -707.448320     9
  254 2045.203324    80
  255 -1163.867314     5
  256 5717.518731 23594
  257 17691.825294 22728
  258 -1583.168818     1
  259 3552.689257 12216
  260 3224.180370   214
  261 28984.514297 19666
  262 -1435.437866     7
  263 1647.747443    74
  264 -2601.158357     0
  265 -334.761390     6
  266 2822.281428 16029
  267 12376.841606 16240
  268 4503.379171 27269
  269 2855.662850 23404
  270 -396.563500     7
  271 2761.581333  3066
  272 -1043.016396     9
  273 6242.562074  3236
  274 8996.755683  8977
  275 -2253.797197     2
  276 1331.214808 25687
  277 1271.703248 26575
  278 28388.592946 23229
  279 -168.661792     4
  280 -264.683231     2
  281 33395.167655 23859
  282 1575.374060  6530
  283 -989.282386     7
  284 4058.063318 10765
  285 10446.807792 15705
  286 13188.535427 24767
  287 1481.198648 14460
  288 4417.308366 17963
  289 2280.869150 16428
  290 -788.254065     6
  291 4339.403786 26421
  292 21504.404137 21578
  293 8714.633231 10799
  294 5478.681242  3784
  295 -2639.397813     8
  296 -2744.996108     2
  297 -235.351254     8
  298 21386.559678 18046
  299 21055.716820 14927
  300 17117.452386 19137
