300
    1 4345.198692     1
    2 8203.480118 16119
    3 9318.326620 22552
    4 -386.492460     7
    5 -2451.800522     3
    6 23135.365115 17605
    7 -276.264338     0
    8 -3866.348636     6
    9 -1237.493702     9
   10 2943.198609  5019
   11 2758.663071 11402
   12 -1323.689471     2
   13 4260.566557  7882
   14 16319.514572 20490
   15 6221.023847  5438
   16 15047.657459 18433
   17 -511.405138     5
   18 1053.341046 12080
   19 6137.863563  6863
   20 1706.079045 23698
   21 -1549.668568     1
   22 3347.548653  1611
   23 1542.066682   525
   24 -1143.228017     6
   25 -382.661068     8
   26 -300.138988     1
   27 20372.409154 20096
   28 -1111.045099     8
   29 -56.459117     7
   30 -161.081963     1
   31 1977.017975 24956
   32 26056.734163 18649
   33 -202.203211     5
   34 3288.658617 14086
   35 -998.552677     1
   36 1352.508656   763
   37 1073.280117 14573
   38 5463.978188 22063
   39 -430.503112     7
   40 14642.375495 18419
   41 23601.181665 21823
   42 -1996.911238     2
   43 4709.473120 15275
   44 820.776695 15882
   45 3889.121889 14868
   46 -524.573985     8
   47 -990.677353     7
   48 -953.898275     1
   49 5369.591378  2208
   50 -608.457396     1
   51 -1432.275307     2
   52 6848.605758 19961
   53 9442.931208 20395
   54 308.858118 26497
   55 -1172.759804     1
   56 317.371847 17654
   57 3176.493016  4613
   58 -929.687342     3
   59 803.055237 14985
   60 196.441055  2593
   61 3103.636393 10343
   62 -452.989213     5
   63 -387.745216     6
   64 -875.197714     5
   65 273.655696  2104
   66 -564.697568     3
   67 -1955.403706     0
   68 2642.498892 20634
   69 6228.965490 17064
   70 -711.008520     3
   71 2475.272486 21647
   72 24921.173469 25568
   73 -529.816224     1
   74 9349.408798 18628
   75 4392.969492  1257
   76 1526.826039 14979
   77 -1786.921564     9
   78 15090.130431 13258
   79 3311.614146  2568
   80 17089.098316 22553
   81 7381.234571 12082
   82 -645.580270     2
   83 380.100059 15949
   84 26801.250832 22106
   85 22322.302747 13544
   86 7863.968892  6255
   87 24944.069297 23714
   88 1448.823561  8149
   89 -1028.671099     6
   90 -2582.563374     4
   91 10071.659201 10842
   92 6231.547257  6271
   93 3752.988605 15863
   94 3577.160806 23772
   95 -109.585167     5
   96 -74.860609     9
   97 -546.716907     9
   98 10792.579428 21222
   99 597.602951  1573
  100 351.748680 22037
  101 2314.536934   828
  102 -135.369364     9
  103 10517.656258 12746
  104 -815.467248     1
  105 19.607791   314
  106 -2291.159747     9
  107 13250.483439 23962
  108 -2178.728486     1
  109 23207.420912 23513
  110 4377.711524 12081
  111 -839.686216     9
  112 4786.108007 13467
  113 11674.887542 27528
  114 -1933.545315     4
  115 -1024.665772     9
  116 6506.754710 10984
  117 -369.383107     4
  118 -243.397930     8
  119 -613.365557     3
  120 -91.764981     1
  121 21125.680874 19028
  122 -1724.108520     1
  123 -607.361427     9
  124 10984.588935 22549
  125 -70.603082     5
  126 -2256.689886     8
  127 10894.124859 26634
  128 -694.699695     5
  129 5498.971148  8009
  130 -1031.636453     9
  131 1939.117596 18283
  132 28.064437 14384
  133 17684.260677 14765
  134 4929.434432 14456
  135 -2067.278140     3
  136 5842.902305  1602
  137 3433.321264  4234
  138 3369.228994 13370
  139 4930.679695  6832
  140 16768.447995 23847
  141 785.756006  6524
  142 20018.608584 25512
  143 -1534.956869     7
  144 8223.097212 21094
  145 4721.965016 23238
  146 -720.301269     4
  147 645.929387 23525
  148 -702.956730     4
  149 -270.350609     7
  150 521.521389   294
  151 7876.337372 10172
  152 -789.064285     8
  153 59.611036 21958
  154 -1545.002265     2
  155 -1355.652162     1
  156 3066.149931 19828
  157 -41.571535     7
  158 729.646540   731
  159 -41.645656     1
  160 13132.540748 15722
  161 2846.453957  3195
  162 2021.408096  1887
  163 1756.099326  3101
  164 4840.565736  2558
  165 -1086.558535     9
  166 -785.664080     1
  167 1247.352284  7462
  168 -374.505379     9
  169 10673.367313  1250
  170 7011.262736 17861
  171 10250.197213 13695
  172 1042.339077 24490
  173 -412.156598     7
  174 -28.786493     1
  175 -2135.007744     8
  176 3389.951757 25213
  177 -29.361181     9
  178 -781.508010     4
  179 7264.208834 11841
  180 12444.260092 26142
  181 3896.878824  3905
  182 6458.598338 18518
  183 4972.653709 26181
  184 -1273.744185     0
  185 686.576405  6201
  186 -356.910534     3
  187 -447.698127     1
  188 3101.349089  3731
  189 -426.201209     0
  190 2767.581012   594
  191 4561.325391 20258
  192 9634.216401  8869
  193 5557.826390 11140
  194 -901.846515     1
  195 -1236.348346     4
  196 -443.391980     6
  197 18615.640573  7350
  198 184.592260 24250
  199 -2091.586558     5
  200 3885.205167 16020
  201 3656.692509  6709
  202 5774.539005 12541
  203 -946.137004     3
  204 -742.170328     5
  205 16040.201930 20824
  206 -690.539800     2
  207 11030.472313 10814
  208 78.877673 20022
  209 -37.121039     5
  210 1909.459540   251
  211 4247.427280  1080
  212 8148.687092 15517
  213 3925.399894 23377
  214 -2141.462444     2
  215 -12.439292     5
  216 -931.450225     7
  217 5107.146328  1281
  218 9143.272573 21838
  219 -1023.612711     3
  220 -629.159970     0
  221 14740.400896 12350
  222 2315.291080  9458
  223 -321.053771     5
  224 -34.910759     0
  225 16648.289545 21527
  226 3527.324725 15425
  227 -1278.631674     8
  228 12007.119694 24261
  229 1592.460718 12613
  230 -2236.583983     3
  231 22614.517265 25599
  232 15561.312680 22069
  233 3958.887817  2552
  234 -230.405784     3
  235 6808.437695  4764
  236 -1173.645597     2
  237 8044.024848 11817
  238 -606.644367     9
  239 4893.702256  8720
  240 -478.216443     4
  241 3604.714391   876
  242 -397.834002     4
  243 17269.726266 21854
  244 10935.002126 19497
  245 -959.978098     1
  246 -1829.688473     2
  247 2155.718444   546
  248 18727.537906 22208
  249 -271.564144     3
  250 3349.521027  7189
  251 -340.385172     8
  252 4914.828136  5355
  253 -1150.926342     9
  254 1357.082176    80
  255 -194.468918     5
  256 3096.570942 23594
  257 502.268812 22728
  258 -404.816449     1
  259 313.684726 12216
  260 2915.768783   214
  261 13232.684939 19666
  262 -739.349594     7
  263 1018.791585    74
  264 -1682.126881     0
  265 -251.700068     6
  266 28503.130490 16029
  267 15286.756733 16240
  268 1306.453903 27269
  269 12494.848568 23404
  270 -113.383820     7
  271 839.383179  3066
  272 -3107.478322     9
  273 2776.929562  3236
  274 3964.260386  8977
  275 -1523.021937     2
  276 7204.862353 25687
  277 24616.050556 26575
  278 22571.969449 23229
  279 -2006.535689     4
  280 -139.849967     2
  281 239.683725 23859
  282 2825.174244  6530
  283 -324.309221     7
  284 5393.360331 10765
  285 8317.472321 15705
  286 15044.774190 24767
  287 16350.517865 14460
  288 13599.919218 17963
  289 25452.751038 16428
  290 -1283.454774     6
  291 3345.751987 26421
  292 18918.168397 21578
  293 4038.406150 10799
  294 10978.049306  3784
  295 -1335.698305     8
  296 -728.179154     2
  297 -886.609240     8
  298 8687.333939 18046
  299 850.067070 14927
  300 12925.091375 19137
