300
    1 3936.127160     1
    2 2382.009065 16119
    3 6311.178809 22552
    4 -999.336993     7
    5 -106.303203     3
    6 9682.041831 17605
    7 -45.518367     0
    8 -1023.347257     6
    9 -413.814213     9
   10 3145.562560  5019
   11 1927.958965 11402
   12 -101.874564     2
   13 4567.241846  7882
   14 15275.495949 20490
   15 8480.058472  5438
   16 6861.159249 18433
   17 -729.659808     5
   18 239.057875 12080
   19 5540.966118  6863
   20 4481.103309 23698
   21 -940.319673     1
   22 2144.430315  1611
   23 599.558322   525
   24 -118.100392     6
   25 -46.805131     8
   26 -77.427420     1
   27 3650.949207 20096
   28 -938.961530     8
   29 -784.620485     7
   30 -74.677724     1
   31 21239.251837 24956
   32 19161.570537 18649
   33 -654.138716     5
   34 9007.103073 14086
   35 -1522.879834     1
   36 4394.179409   763
   37 14393.931655 14573
   38 23635.073631 22063
   39 -1520.964582     7
   40 2044.700982 18419
   41 801.539841 21823
   42 -5.122539     2
   43 14245.576816 15275
   44 15214.592663 15882
   45 7837.949321 14868
   46 -662.118399     8
   47 -273.225912     7
   48 -604.986635     1
   49 2380.655331  2208
   50 -36.791189     1
   51 -561.002754     2
   52 2537.116703 19961
   53 14735.046473 20395
   54 19328.052334 26497
   55 -325.921522     1
   56 18686.440020 17654
   57 668.746881  4613
   58 -173.068311     3
   59 19187.276468 14985
   60 1499.930976  2593
   61 6407.527071 10343
   62 -154.050534     5
   63 -689.763064     6
   64 -35.209673     5
   65 1800.453315  2104
   66 -988.886750     3
   67 -733.210205     0
   68 27209.049156 20634
   69 7370.468237 17064
   70 -574.841818     3
   71 12186.328788 21647
   72 7264.739629 25568
   73 -333.169008     1
   74 695.205220 18628
   75 5457.634647  1257
   76 926.790260 14979
   77 -539.086240     9
   78 6979.598238 13258
   79 144.987572  2568
   80 20165.935635 22553
   81 1865.516361 12082
   82 -732.454655     2
   83 10731.057450 15949
   84 5951.121264 22106
   85 1919.429831 13544
   86 3361.863681  6255
   87 7689.886087 23714
   88 1107.507128  8149
   89 -1037.938659     6
   90 -386.965686     4
   91 11118.184527 10842
   92 6428.306363  6271
   93 8036.321544 15863
   94 7021.389423 23772
   95 -361.545964     5
   96 -508.050981     9
   97 -2993.467192     9
   98 10047.763009 21222
   99 2135.602791  1573
  100 1025.950671 22037
  101 4731.885590   828
  102 -2178.810116     9
  103 9876.997343 12746
  104 -903.309472     1
  105 1021.079284   314
  106 -2305.114159     9
  107 11849.475524 23962
  108 -1676.201780     1
  109 8664.968144 23513
  110 2387.565891 12081
  111 -203.474927     9
  112 7256.825358 13467
  113 4798.120267 27528
  114 -1919.518950     4
  115 -750.671176     9
  116 8430.625766 10984
  117 -984.103135     4
  118 -284.436911     8
  119 -2265.453669     3
  120 -3525.612839     1
  121 24955.483705 19028
  122 -211.623138     1
  123 -1213.992389     9
  124 3669.250227 22549
  125 -1303.040707     5
  126 -72.580588     8
  127 6525.152210 26634
  128 -361.826901     5
  129 2349.811458  8009
  130 -525.504509     9
  131 1437.192037 18283
  132 7318.876727 14384
  133 11849.165545 14765
  134 2271.303455 14456
  135 -1629.197730     3
  136 1369.300859  1602
  137 724.172832  4234
  138 678.779956 13370
  139 1908.986264  6832
  140 14326.959087 23847
  141 7215.335437  6524
  142 4168.745619 25512
  143 -582.641708     7
  144 84.747510 21094
  145 16171.620771 23238
  146 -702.838061     4
  147 12132.098597 23525
  148 -1597.048462     4
  149 -233.246225     7
  150 1969.741894   294
  151 3272.624393 10172
  152 -665.101641     8
  153 19968.109668 21958
  154 -16.200069     2
  155 -101.648563     1
  156 36443.242369 19828
  157 -254.754263     7
  158 991.767723   731
  159 -586.848780     1
  160 9275.599629 15722
  161 228.455200  3195
  162 4270.443334  1887
  163 1087.688256  3101
  164 2198.481652  2558
  165 -2104.255760     9
  166 -554.369028     1
  167 2382.859500  7462
  168 -82.799113     9
  169 3478.493709  1250
  170 13554.204530 17861
  171 5179.344511 13695
  172 6877.476088 24490
  173 -1853.304053     7
  174 -800.890722     1
  175 -1315.997919     8
  176 10431.411245 25213
  177 -22.536923     9
  178 -869.012612     4
  179 4814.528027 11841
  180 1223.681575 26142
  181 2688.223914  3905
  182 7551.152841 18518
  183 337.301265 26181
  184 -1207.429742     0
  185 2613.371673  6201
  186 -266.672337     3
  187 -236.667774     1
  188 2282.127742  3731
  189 -1440.175766     0
  190 627.245038   594
  191 25764.957311 20258
  192 12850.788090  8869
  193 6058.104798 11140
  194 -2459.907834     1
  195 -287.122847     4
  196 -1775.452922     6
  197 5238.031809  7350
  198 16360.309269 24250
  199 -1121.610997     5
  200 5575.035460 16020
  201 395.100048  6709
  202 14039.999983 12541
  203 -1567.572811     3
  204 -687.199012     5
  205 12288.236653 20824
  206 -1237.599825     2
  207 14855.974823 10814
  208 5615.558552 20022
  209 -2312.405216     5
  210 6953.725664   251
  211 4223.670025  1080
  212 4660.193302 15517
  213 9240.678787 23377
  214 -495.162347     2
  215 -639.132912     5
  216 -297.517041     7
  217 188.173300  1281
  218 19034.581620 21838
  219 -572.735310     3
  220 -418.918716     0
  221 3191.934805 12350
  222 13733.473005  9458
  223 -63.419553     5
  224 -349.793042     0
  225 11890.776855 21527
  226 6713.588533 15425
  227 -295.519034     8
  228 4194.172333 24261
  229 1518.755050 12613
  230 -1886.848446     3
  231 18406.508038 25599
  232 7512.197462 22069
  233 42.748713  2552
  234 -2506.794893     3
  235 4088.058078  4764
  236 -396.811598     2
  237 1742.042585 11817
  238 -334.616378     9
  239 7608.978349  8720
  240 -949.517826     4
  241 590.287272   876
  242 -84.529543     4
  243 17548.860252 21854
  244 3053.702111 19497
  245 -1712.679843     1
  246 -129.932760     2
  247 5246.961222   546
  248 19396.901120 22208
  249 -1444.466468     3
  250 12340.550680  7189
  251 -1511.560163     8
  252 1880.866687  5355
  253 -736.230174     9
  254 2837.739740    80
  255 -624.024535     5
  256 7549.943984 23594
  257 4934.322469 22728
  258 -247.843954     1
  259 4979.186964 12216
  260 3192.635294   214
  261 2333.412482 19666
  262 -151.772647     7
  263 3379.086416    74
  264 -2528.886660     0
  265 -1156.400546     6
  266 208.492699 16029
  267 1565.542562 16240
  268 11617.448576 27269
  269 13125.393440 23404
  270 -63.631020     7
  271 8505.532613  3066
  272 -134.257275     9
  273 738.510242  3236
  274 4393.040108  8977
  275 -2286.457122     2
  276 5957.104069 25687
  277 8258.004645 26575
  278 9441.146557 23229
  279 -1608.848750     4
  280 -1117.858930     2
  281 10605.314740 23859
  282 7157.123003  6530
  283 -443.385329     7
  284 14833.559641 10765
  285 14676.675761 15705
  286 10446.855535 24767
  287 2754.473493 14460
  288 5061.605135 17963
  289 237.470232 16428
  290 -241.005280     6
  291 1805.122629 26421
  292 13740.088118 21578
  293 13075.105603 10799
  294 3670.984345  3784
  295 -1096.811771     8
  296 -1278.439322     2
  297 -542.133717     8
  298 2593.465505 18046
  299 9705.518042 14927
  300 19142.867678 19137
