300
    1 76.981127     1
    2 3311.270814 16119
    3 32136.147963 22552
    4 -1195.737553     7
    5 -3863.782085     3
    6 8478.568849 17605
    7 -893.801844     0
    8 -512.193810     6
    9 -671.584095     9
   10 6950.337274  5019
   11 4691.748276 11402
   12 -253.201906     2
   13 9626.316931  7882
   14 10900.458499 20490
   15 11246.966661  5438
   16 6093.587855 18433
   17 -140.860168     5
   18 7756.839458 12080
   19 7384.358533  6863
   20 13007.293213 23698
   21 -109.325411     1
   22 5849.077638  1611
   23 2558.442995   525
   24 -1757.834191     6
   25 -152.357863     8
   26 -391.420859     1
   27 20900.194458 20096
   28 -1305.773436     8
   29 -202.041234     7
   30 -83.335875     1
   31 9709.964884 24956
   32 3476.973510 18649
   33 -200.578666     5
   34 2011.821893 14086
   35 -493.365269     1
   36 119.339267   763
   37 22797.462576 14573
   38 26826.716547 22063
   39 -644.066482     7
   40 9630.950509 18419
   41 376.060852 21823
   42 -740.928315     2
   43 8023.597423 15275
   44 11290.302542 15882
   45 16994.317979 14868
   46 -363.016577     8
   47 -564.710159     7
   48 -297.292706     1
   49 652.643347  2208
   50 -839.049796     1
   51 -807.941991     2
   52 10008.101245 19961
   53 19732.607828 20395
   54 15762.146951 26497
   55 -2008.114256     1
   56 27157.466271 17654
   57 5291.343230  4613
   58 -1167.537779     3
   59 5040.891888 14985
   60 3343.849768  2593
   61 2961.488443 10343
   62 -1851.398348     5
   63 -67.104439     6
   64 -415.026786     5
   65 376.198670  2104
   66 -183.583022     3
   67 -334.265547     0
   68 9882.704558 20634
   69 5695.057588 17064
   70 -142.396734     3
   71 11953.592095 21647
   72 13987.735715 25568
   73 -45.385823     1
   74 3580.625855 18628
   75 204.331809  1257
   76 6280.051742 14979
   77 -129.926875     9
   78 4099.460489 13258
   79 1493.426632  2568
   80 5644.076706 22553
   81 6557.762350 12082
   82 -190.168383     2
   83 10745.006559 15949
   84 10430.943959 22106
   85 12853.629741 13544
   86 1247.793913  6255
   87 27996.584156 23714
   88 20014.108734  8149
   89 -296.768514     6
   90 -401.415610     4
   91 7401.799110 10842
   92 5727.382375  6271
   93 508.778629 15863
   94 20340.688680 23772
   95 -51.172154     5
   96 -359.356058     9
   97 -2128.376408     9
   98 6571.893538 21222
   99 1281.155218  1573
  100 5240.460495 22037
  101 732.349836   828
  102 -1450.479461     9
  103 2184.604060 12746
  104 -1211.153308     1
  105 271.918145   314
  106 -392.761342     9
  107 3516.436030 23962
  108 -928.349237     1
  109 4693.389958 23513
  110 10083.209179 12081
  111 -1009.707997     9
  112 5804.484558 13467
  113 3131.459969 27528
  114 -256.002184     4
  115 -426.272433     9
  116 5560.113113 10984
  117 -1774.204849     4
  118 -749.111330     8
  119 -199.998351     3
  120 -1143.865053     1
  121 13646.182501 19028
  122 -608.320558     1
  123 -992.282897     9
  124 21954.817151 22549
  125 -648.212076     5
  126 -3415.708622     8
  127 8157.240665 26634
  128 -849.831965     5
  129 6547.852973  8009
  130 -0.895370     9
  131 1808.433630 18283
  132 11418.788078 14384
  133 9491.468847 14765
  134 12042.789852 14456
  135 -684.301362     3
  136 1060.496695  1602
  137 482.096758  4234
  138 6835.649523 13370
  139 2308.375478  6832
  140 11321.171181 23847
  141 11409.399816  6524
  142 13083.757366 25512
  143 -1181.361495     7
  144 8193.545275 21094
  145 15330.634795 23238
  146 -642.784021     4
  147 13866.228107 23525
  148 -330.688640     4
  149 -435.583322     7
  150 246.651961   294
  151 1182.972524 10172
  152 -731.214812     8
  153 15218.857037 21958
  154 -701.828015     2
  155 -805.566031     1
  156 7022.194644 19828
  157 -1022.405210     7
  158 4886.513930   731
  159 -1348.224975     1
  160 7976.677253 15722
  161 50.343052  3195
  162 1520.229570  1887
  163 7122.384776  3101
  164 1228.186834  2558
  165 -889.935441     9
  166 -228.625492     1
  167 265.902897  7462
  168 -1274.119338     9
  169 3288.444424  1250
  170 6947.135839 17861
  171 2325.385067 13695
  172 21646.867063 24490
  173 -646.321377     7
  174 -454.845468     1
  175 -54.826849     8
  176 4644.563973 25213
  177 -1316.609166     9
  178 -2502.343217     4
  179 15161.062443 11841
  180 1961.104241 26142
  181 951.168143  3905
  182 219.037653 18518
  183 18910.383200 26181
  184 -607.964522     0
  185 5044.585784  6201
  186 -485.547163     3
  187 -111.727113     1
  188 5588.104803  3731
  189 -1380.311741     0
  190 1164.613307   594
  191 28544.828963 20258
  192 5695.984221  8869
  193 13617.159899 11140
  194 -797.019492     1
  195 -1012.359529     4
  196 -775.125223     6
  197 3185.494613  7350
  198 5249.249336 24250
  199 -726.678030     5
  200 2626.748243 16020
  201 683.034186  6709
  202 3157.415753 12541
  203 -1334.618218     3
  204 -669.715571     5
  205 4193.593726 20824
  206 -505.248410     2
  207 527.700670 10814
  208 15417.401537 20022
  209 -1728.897410     5
  210 2213.096125   251
  211 34.638983  1080
  212 11054.519865 15517
  213 1071.925320 23377
  214 -1602.430661     2
  215 -1703.383044     5
  216 -1120.631606     7
  217 587.199917  1281
  218 10143.123989 21838
  219 -901.247818     3
  220 -442.412707     0
  221 6117.137059 12350
  222 5489.608215  9458
  223 -164.095683     5
  224 -171.087223     0
  225 15672.562685 21527
  226 6658.628783 15425
  227 -696.452506     8
  228 2617.536658 24261
  229 13507.284699 12613
  230 -2510.375840     3
  231 11419.901467 25599
  232 285.089004 22069
  233 8915.500729  2552
  234 -675.581580     3
  235 4876.999507  4764
  236 -1189.423071     2
  237 9282.584701 11817
  238 -98.172843     9
  239 2139.393547  8720
  240 -1625.489641     4
  241 1930.606431   876
  242 -142.318109     4
  243 16803.424503 21854
  244 3697.563545 19497
  245 -311.016980     1
  246 -1654.890303     2
  247 5463.061323   546
  248 5600.359354 22208
  249 -982.174329     3
  250 3771.544853  7189
  251 -594.340241     8
  252 4627.352499  5355
  253 -2300.677549     9
  254 284.507610    80
  255 -1554.893156     5
  256 8386.691947 23594
  257 4105.696560 22728
  258 -688.820628     1
  259 582.476291 12216
  260 389.054841   214
  261 11932.603211 19666
  262 -1075.674136     7
  263 401.586627    74
  264 -367.594290     0
  265 -1250.346861     6
  266 11462.184977 16029
  267 13122.557200 16240
  268 14369.466545 27269
  269 6778.695453 23404
  270 -828.657675     7
  271 5659.392345  3066
  272 -306.746141     9
  273 6144.446120  3236
  274 8024.363757  8977
  275 -102.767606     2
  276 5693.233154 25687
  277 23797.879991 26575
  278 18552.328519 23229
  279 -2759.055064     4
  280 -1066.226809     2
  281 5751.786658 23859
  282 2046.482376  6530
  283 -115.823013     7
  284 12085.931975 10765
  285 572.124773 15705
  286 7547.094401 24767
  287 1085.344822 14460
  288 15165.601808 17963
  289 6590.087966 16428
  290 -329.985262     6
  291 15970.631550 26421
  292 49173.003466 21578
  293 1949.010771 10799
  294 5334.204082  3784
  295 -6.457868     8
  296 -3298.169500     2
  297 -1057.615620     8
  298 1020.145574 18046
  299 7126.630035 14927
  300 4779.384385 19137
