300
    1 2105.275120     1
    2 10057.465896 16119
    3 8542.330381 22552
    4 -568.057490     7
    5 -1680.630150     3
    6 13926.515483 17605
    7 -281.710927     0
    8 -160.716769     6
    9 -129.949444     9
   10 1118.739849  5019
   11 4771.934689 11402
   12 -9.940437     2
   13 1011.645694  7882
   14 606.064786 20490
   15 5219.444921  5438
   16 9142.682492 18433
   17 -208.097339     5
   18 952.649406 12080
   19 415.467398  6863
   20 40961.099847 23698
   21 -381.935859     1
   22 2130.939279  1611
   23 2178.506794   525
   24 -94.313852     6
   25 -19.194565     8
   26 -1544.044468     1
   27 9130.577475 20096
   28 -1403.838512     8
   29 -2229.930932     7
   30 -773.606524     1
   31 49819.416950 24956
   32 3962.996876 18649
   33 -628.554663     5
   34 20107.047169 14086
   35 -933.401095     1
   36 2277.953578   763
   37 10905.320563 14573
   38 6524.025249 22063
   39 -1498.327212     7
   40 20709.154623 18419
   41 9786.915422 21823
   42 -804.564139     2
   43 2397.503014 15275
   44 7839.102646 15882
   45 4525.650240 14868
   46 -724.483539     8
   47 -1287.291794     7
   48 -457.103318     1
   49 2128.480762  2208
   50 -479.368654     1
   51 -596.410656     2
   52 8126.729692 19961
   53 163.626601 20395
   54 27159.058153 26497
   55 -1476.522683     1
   56 3009.174532 17654
   57 2682.040098  4613
   58 -784.714890     3
   59 11054.655520 14985
   60 3607.948628  2593
   61 7448.754747 10343
   62 -1151.036934     5
   63 -790.324500     6
   64 -487.742006     5
   65 5101.520631  2104
   66 -502.483260     3
   67 -906.821318     0
   68 14016.130554 20634
   69 18643.120418 17064
   70 -20.202725     3
   71 17528.466092 21647
   72 15880.539037 25568
   73 -1319.156073     1
   74 8158.109403 18628
   75 3800.110055  1257
   76 1107.784522 14979
   77 -938.396163     9
   78 8072.976571 13258
   79 6554.560557  2568
   80 7853.639826 22553
   81 4650.567614 12082
   82 -552.809522     2
   83 11391.681832 15949
   84 9042.112970 22106
   85 12902.338497 13544
   86 1777.611400  6255
   87 13637.813271 23714
   88 4797.074965  8149
   89 -1391.670996     6
   90 -493.192502     4
   91 10967.025539 10842
   92 3059.711940  6271
   93 3752.057267 15863
   94 5805.722347 23772
   95 -936.591025     5
   96 -659.042399     9
   97 -1180.427526     9
   98 10685.550053 21222
   99 1437.731067  1573
  100 5129.575434 22037
  101 702.072279   828
  102 -192.547112     9
  103 2386.053365 12746
  104 -3819.187104     1
  105 1081.733574   314
  106 -1156.522513     9
  107 10115.377518 23962
  108 -944.461117     1
  109 27449.488019 23513
  110 2139.288471 12081
  111 -1672.266665     9
  112 8017.510146 13467
  113 19392.919488 27528
  114 -1127.373467     4
  115 -1617.387847     9
  116 3387.976589 10984
  117 -1315.511737     4
  118 -516.047746     8
  119 -2435.564358     3
  120 -413.367307     1
  121 18740.090779 19028
  122 -1006.538722     1
  123 -610.302279     9
  124 7794.191662 22549
  125 -629.262964     5
  126 -4170.848973     8
  127 12335.367555 26634
  128 -750.921481     5
  129 2105.459657  8009
  130 -342.225788     9
  131 16163.439794 18283
  132 8338.856599 14384
  133 9012.902524 14765
  134 6672.110634 14456
  135 -3008.669125     3
  136 741.867993  1602
  137 2629.507352  4234
  138 7349.472458 13370
  139 685.565166  6832
  140 2436.617543 23847
  141 126.001081  6524
  142 16344.052345 25512
  143 -1073.738019     7
  144 7699.254891 21094
  145 12219.311141 23238
  146 -168.781309     4
  147 12918.623147 23525
  148 -424.058834     4
  149 -368.746062     7
  150 1656.885489   294
  151 13016.420987 10172
  152 -1068.249131     8
  153 11381.390615 21958
  154 -1373.070018     2
  155 -1177.756881     1
  156 5228.788680 19828
  157 -354.138306     7
  158 1466.333499   731
  159 -291.493469     1
  160 8738.098740 15722
  161 6303.950044  3195
  162 483.776577  1887
  163 2781.522382  3101
  164 1745.213450  2558
  165 -1544.009684     9
  166 -1394.862790     1
  167 8911.646448  7462
  168 -289.314306     9
  169 2293.996525  1250
  170 5433.072758 17861
  171 72.314202 13695
  172 12311.466729 24490
  173 -201.320332     7
  174 -1042.012329     1
  175 -156.159598     8
  176 787.941870 25213
  177 -1294.324469     9
  178 -3003.675637     4
  179 4574.359294 11841
  180 15902.187486 26142
  181 4692.770802  3905
  182 21850.845901 18518
  183 17151.473747 26181
  184 -1098.596521     0
  185 602.834357  6201
  186 -567.505718     3
  187 -1262.022203     1
  188 1931.876893  3731
  189 -1753.221275     0
  190 1825.794920   594
  191 8994.062339 20258
  192 13347.695534  8869
  193 2999.547677 11140
  194 -2089.484080     1
  195 -501.910730     4
  196 -406.195699     6
  197 1540.900785  7350
  198 940.795764 24250
  199 -1713.168752     5
  200 8873.008521 16020
  201 846.638939  6709
  202 9050.905146 12541
  203 -1025.634976     3
  204 -668.212994     5
  205 22526.294612 20824
  206 -32.418290     2
  207 4728.877393 10814
  208 6084.727392 20022
  209 -1558.585279     5
  210 1944.129223   251
  211 4300.681766  1080
  212 1654.099817 15517
  213 10878.705885 23377
  214 -1447.663002     2
  215 -2269.158319     5
  216 -455.361861     7
  217 567.625385  1281
  218 19274.145860 21838
  219 -213.005961     3
  220 -1079.647258     0
  221 6242.606482 12350
  222 2934.505694  9458
  223 -720.118861     5
  224 -705.509570     0
  225 9709.046711 21527
  226 3683.323438 15425
  227 -2058.281055     8
  228 16048.759485 24261
  229 1676.468908 12613
  230 -1174.756825     3
  231 13887.089960 25599
  232 15583.967950 22069
  233 1257.764537  2552
  234 -680.684286     3
  235 3364.379478  4764
  236 -527.426804     2
  237 7659.388225 11817
  238 -1144.540491     9
  239 7816.776085  8720
  240 -791.932106     4
  241 3562.808122   876
  242 -1436.647119     4
  243 13870.126253 21854
  244 7813.904199 19497
  245 -56.272207     1
  246 -371.817420     2
  247 2821.437965   546
  248 13561.118280 22208
  249 -991.938531     3
  250 7806.031730  7189
  251 -821.422624     8
  252 1643.036822  5355
  253 -991.387510     9
  254 1190.801400    80
  255 -396.069125     5
  256 383.203467 23594
  257 12697.191285 22728
  258 -1275.080192     1
  259 3697.867987 12216
  260 3356.345923   214
  261 5594.531177 19666
  262 -39.888033     7
  263 213.624607    74
  264 -1045.234850     0
  265 -159.931569     6
  266 15480.649356 16029
  267 35827.040602 16240
  268 12230.491267 27269
  269 6045.500422 23404
  270 -321.092302     7
  271 167.667647  3066
  272 -1641.319594     9
  273 372.411076  3236
  274 3513.691638  8977
  275 -27.015597     2
  276 23197.407293 25687
  277 2038.318288 26575
  278 10319.309246 23229
  279 -1584.906243     4
  280 -198.844277     2
  281 10887.588923 23859
  282 6470.695934  6530
  283 -14.095373     7
  284 9862.562916 10765
  285 4058.830217 15705
  286 11048.305097 24767
  287 8590.160948 14460
  288 3608.036544 17963
  289 14785.567284 16428
  290 -74.248206     6
  291 18247.142183 26421
  292 10158.013400 21578
  293 2230.526368 10799
  294 2714.145829  3784
  295 -479.518073     8
  296 -1581.661989     2
  297 -725.032834     8
  298 5088.631204 18046
  299 15605.042617 14927
  300 3435.126689 19137
