300
    1 1102.329179     1
    2 1886.776137 16119
    3 45558.324878 22552
    4 -948.984509     7
    5 -1743.002754     3
    6 444.366894 17605
    7 -586.718663     0
    8 -149.858571     6
    9 -454.629607     9
   10 1930.435764  5019
   11 4326.541726 11402
   12 -390.478480     2
   13 4729.065300  7882
   14 1780.163411 20490
   15 10966.739131  5438
   16 4717.110546 18433
   17 -1141.539988     5
   18 1670.781294 12080
   19 4344.328561  6863
   20 23317.918440 23698
   21 -360.687098     1
   22 849.597043  1611
   23 309.731088   525
   24 -1214.828543     6
   25 -238.143013     8
   26 -704.779794     1
   27 19885.486605 20096
   28 -2792.881127     8
   29 -383.983846     7
   30 -260.731057     1
   31 5279.561528 24956
   32 5405.270720 18649
   33 -741.400460     5
   34 9747.825248 14086
   35 -773.894385     1
   36 956.919366   763
   37 3160.260100 14573
   38 15436.628796 22063
   39 -1597.711464     7
   40 259.007707 18419
   41 17864.823097 21823
   42 -1079.003857     2
   43 12641.034868 15275
   44 6580.932412 15882
   45 377.207527 14868
   46 -2081.270613     8
   47 -1354.555252     7
   48 -308.353272     1
   49 5400.104675  2208
   50 -1532.789891     1
   51 -759.584782     2
   52 15749.285819 19961
   53 3098.166687 20395
   54 1768.409720 26497
   55 -1335.557375     1
   56 1534.443148 17654
   57 7892.043721  4613
   58 -854.000839     3
   59 7326.168019 14985
   60 1218.590987  2593
   61 7874.204549 10343
   62 -1124.360554     5
   63 -1522.531288     6
   64 -2516.561477     5
   65 2630.201336  2104
   66 -665.214990     3
   67 -709.575262     0
   68 11854.398747 20634
   69 602.132989 17064
   70 -713.497787     3
   71 16000.044231 21647
   72 6533.878149 25568
   73 -150.229138     1
   74 6080.252778 18628
   75 4702.993777  1257
   76 12305.657448 14979
   77 -792.194528     9
   78 14669.074725 13258
   79 2460.480544  2568
   80 37051.428292 22553
   81 5928.572393 12082
   82 -1691.546345     2
   83 4607.088571 15949
   84 8203.677779 22106
   85 4871.772303 13544
   86 2754.135436  6255
   87 7508.263744 23714
   88 14528.126964  8149
   89 -1411.214884     6
   90 -41.618224     4
   91 7737.229519 10842
   92 2731.413370  6271
   93 7858.838156 15863
   94 19857.272778 23772
   95 -396.484715     5
   96 -94.110267     9
   97 -572.726545     9
   98 41209.799436 21222
   99 4302.893525  1573
  100 6581.742766 22037
  101 2383.564167   828
  102 -894.338926     9
  103 2373.813482 12746
  104 -992.297367     1
  105 2215.336354   314
  106 -188.920498     9
  107 4345.677238 23962
  108 -1007.505386     1
  109 10104.205218 23513
  110 8862.747617 12081
  111 -2334.639491     9
  112 5879.672611 13467
  113 214.580994 27528
  114 -166.323385     4
  115 -96.151043     9
  116 9520.488076 10984
  117 -1606.988273     4
  118 -781.143468     8
  119 -1698.455230     3
  120 -765.596817     1
  121 391.933634 19028
  122 -131.933839     1
  123 -501.041010     9
  124 2834.016473 22549
  125 -4.962417     5
  126 -2002.718019     8
  127 24038.537138 26634
  128 -818.499714     5
  129 284.588249  8009
  130 -514.722762     9
  131 26829.530696 18283
  132 2990.951644 14384
  133 2185.841015 14765
  134 5931.207885 14456
  135 -3608.440896     3
  136 1046.676209  1602
  137 4529.509895  4234
  138 7610.297739 13370
  139 3242.137375  6832
  140 18863.707309 23847
  141 1551.714630  6524
  142 4281.594946 25512
  143 -895.466259     7
  144 12769.911325 21094
  145 19005.215692 23238
  146 -378.064690     4
  147 3031.398264 23525
  148 -774.380235     4
  149 -438.314893     7
  150 426.709548   294
  151 8342.011931 10172
  152 -317.622915     8
  153 7289.086667 21958
  154 -2395.730159     2
  155 -300.186910     1
  156 3188.026001 19828
  157 -1316.280426     7
  158 568.317915   731
  159 -237.288005     1
  160 4661.155367 15722
  161 3490.646646  3195
  162 4010.209542  1887
  163 1467.062321  3101
  164 7621.944746  2558
  165 -999.145131     9
  166 -1705.845743     1
  167 4000.686857  7462
  168 -2011.432342     9
  169 986.278912  1250
  170 2947.602575 17861
  171 9959.986664 13695
  172 37487.111348 24490
  173 -1922.083112     7
  174 -483.305356     1
  175 -2201.276435     8
  176 3585.429733 25213
  177 -788.275048     9
  178 -309.497445     4
  179 5519.807989 11841
  180 3829.765774 26142
  181 3949.007964  3905
  182 7590.882518 18518
  183 15252.564141 26181
  184 -1795.919075     0
  185 3198.457488  6201
  186 -232.882791     3
  187 -786.425517     1
  188 2843.711661  3731
  189 -888.611156     0
  190 4712.134925   594
  191 17876.209060 20258
  192 10472.363286  8869
  193 3927.829585 11140
  194 -2841.900228     1
  195 -564.055952     4
  196 -1474.348998     6
  197 3715.797061  7350
  198 35074.076308 24250
  199 -1225.336590     5
  200 3194.727404 16020
  201 2293.179229  6709
  202 4398.633640 12541
  203 -731.682336     3
  204 -172.461055     5
  205 2263.904053 20824
  206 -235.109797     2
  207 4209.248838 10814
  208 8018.821424 20022
  209 -396.094151     5
  210 2861.126166   251
  211 2841.831019  1080
  212 12182.718024 15517
  213 343.979024 23377
  214 -1929.105759     2
  215 -798.671034     5
  216 -1061.832818     7
  217 4505.468681  1281
  218 14482.292440 21838
  219 -391.860212     3
  220 -476.240999     0
  221 2792.330685 12350
  222 9883.234691  9458
  223 -837.857534     5
  224 -1517.426158     0
  225 908.068118 21527
  226 17160.888905 15425
  227 -1220.020727     8
  228 7372.015605 24261
  229 16264.984363 12613
  230 -2608.165761     3
  231 6794.209432 25599
  232 8744.299102 22069
  233 3910.033902  2552
  234 -2161.845291     3
  235 5325.445597  4764
  236 -483.220604     2
  237 5543.732939 11817
  238 -1033.352174     9
  239 7254.825121  8720
  240 -172.971700     4
  241 1150.435048   876
  242 -1908.743918     4
  243 36787.594325 21854
  244 5530.036442 19497
  245 -764.379511     1
  246 -209.977999     2
  247 919.303919   546
  248 298.673540 22208
  249 -918.857324     3
  250 2432.713603  7189
  251 -2132.055986     8
  252 1154.495712  5355
  253 -2026.276113     9
  254 1806.648426    80
  255 -307.518476     5
  256 38468.968968 23594
  257 12192.286648 22728
  258 -1597.255906     1
  259 1100.584901 12216
  260 4344.007819   214
  261 13810.713316 19666
  262 -708.900156     7
  263 862.394383    74
  264 -1534.766357     0
  265 -393.487022     6
  266 17119.892558 16029
  267 8316.629004 16240
  268 11436.512560 27269
  269 1209.930263 23404
  270 -451.077449     7
  271 2055.426104  3066
  272 -740.091912     9
  273 3760.111641  3236
  274 7974.008475  8977
  275 -1461.007076     2
  276 24504.804957 25687
  277 13355.178773 26575
  278 2838.713842 23229
  279 -788.929219     4
  280 -111.695781     2
  281 28803.842591 23859
  282 3886.989877  6530
  283 -19.584367     7
  284 6532.822128 10765
  285 2038.806054 15705
  286 820.856410 24767
  287 2233.141653 14460
  288 3433.974327 17963
  289 8796.456667 16428
  290 -1966.954966     6
  291 25120.745672 26421
  292 7002.162258 21578
  293 13638.136412 10799
  294 6176.836896  3784
  295 -463.900518     8
  296 -127.600273     2
  297 -1210.362080     8
  298 8138.293291 18046
  299 8193.459535 14927
  300 20041.050118 19137
