300
    1 1696.762480     1
    2 6356.666700 16119
    3 13300.288279 22552
    4 -457.287499     7
    5 -3921.596857     3
    6 15346.025150 17605
    7 -36.874200     0
    8 -2782.264163     6
    9 -817.912459     9
   10 4158.982686  5019
   11 9213.885119 11402
   12 -119.086928     2
   13 2873.075711  7882
   14 9983.971256 20490
   15 3433.377696  5438
   16 9905.939981 18433
   17 -141.888546     5
   18 3520.260726 12080
   19 4966.254717  6863
   20 2960.970885 23698
   21 -109.480325     1
   22 1018.472575  1611
   23 1130.620152   525
   24 -337.189955     6
   25 -632.027357     8
   26 -910.179590     1
   27 1920.445036 20096
   28 -258.480118     8
   29 -594.881183     7
   30 -508.747130     1
   31 12407.987302 24956
   32 4236.223782 18649
   33 -24.004608     5
   34 7830.312861 14086
   35 -435.722473     1
   36 504.544336   763
   37 9983.465577 14573
   38 4535.171891 22063
   39 -1879.326785     7
   40 2056.688560 18419
   41 15289.360433 21823
   42 -1234.668498     2
   43 9758.845550 15275
   44 4645.959255 15882
   45 1971.933309 14868
   46 -1001.589132     8
   47 -100.508166     7
   48 -997.715797     1
   49 4143.786906  2208
   50 -594.263321     1
   51 -118.223474     2
   52 6850.117510 19961
   53 20724.419996 20395
   54 15641.019199 26497
   55 -1101.328923     1
   56 8987.449482 17654
   57 7993.834536  4613
   58 -777.255326     3
   59 20025.737058 14985
   60 3674.467984  2593
   61 2387.422572 10343
   62 -2069.874920     5
   63 -324.041302     6
   64 -722.401981     5
   65 9524.240404  2104
   66 -524.336108     3
   67 -1314.509485     0
   68 18335.151967 20634
   69 11496.216159 17064
   70 -461.461473     3
   71 20466.963214 21647
   72 2463.761965 25568
   73 -1337.674275     1
   74 13632.481398 18628
   75 2113.224690  1257
   76 15599.603841 14979
   77 -420.277319     9
   78 5412.335867 13258
   79 264.497293  2568
   80 11859.452596 22553
   81 4733.561864 12082
   82 -952.031934     2
   83 16269.095826 15949
   84 14055.409538 22106
   85 11319.349122 13544
   86 643.993386  6255
   87 7555.439394 23714
   88 3506.822685  8149
   89 -792.780684     6
   90 -1301.422048     4
   91 76.884963 10842
   92 435.202745  6271
   93 99.363245 15863
   94 17150.277836 23772
   95 -182.852772     5
   96 -798.592725     9
   97 -2601.092810     9
   98 9626.927518 21222
   99 1047.583558  1573
  100 8388.323953 22037
  101 2558.393343   828
  102 -859.477577     9
  103 10482.686374 12746
  104 -423.341795     1
  105 363.830905   314
  106 -986.644891     9
  107 6608.732311 23962
  108 -1268.039116     1
  109 8424.893323 23513
  110 18555.259046 12081
  111 -85.671672     9
  112 2662.491440 13467
  113 6029.654014 27528
  114 -347.540704     4
  115 -551.645066     9
  116 6110.668555 10984
  117 -2225.195817     4
  118 -109.460849     8
  119 -1378.423431     3
  120 -491.179325     1
  121 3982.153743 19028
  122 -1597.601425     1
  123 -481.207675     9
  124 4112.335906 22549
  125 -997.152837     5
  126 -205.085265     8
  127 9910.823503 26634
  128 -414.610044     5
  129 8187.810841  8009
  130 -244.743423     9
  131 4368.581192 18283
  132 11911.770248 14384
  133 5710.287543 14765
  134 10338.064334 14456
  135 -1176.396026     3
  136 921.863246  1602
  137 123.107196  4234
  138 3628.266633 13370
  139 2953.425909  6832
  140 30552.411007 23847
  141 6341.198195  6524
  142 35291.951342 25512
  143 -121.345163     7
  144 4058.577717 21094
  145 20853.034285 23238
  146 -491.837360     4
  147 10504.124503 23525
  148 -462.478522     4
  149 -1499.722376     7
  150 3096.014901   294
  151 5661.001836 10172
  152 -145.590141     8
  153 812.384721 21958
  154 -2774.425413     2
  155 -179.671260     1
  156 13210.663425 19828
  157 -1053.062734     7
  158 188.172190   731
  159 -829.663529     1
  160 6115.212716 15722
  161 4660.428013  3195
  162 2555.453288  1887
  163 1997.149610  3101
  164 2309.256946  2558
  165 -1055.412938     9
  166 -366.677222     1
  167 5713.681303  7462
  168 -874.752681     9
  169 1478.157150  1250
  170 782.952358 17861
  171 6656.380499 13695
  172 7454.168037 24490
  173 -1119.299081     7
  174 -1171.909756     1
  175 -83.412655     8
  176 8266.393232 25213
  177 -3.651390     9
  178 -3371.329664     4
  179 1966.515907 11841
  180 18064.934253 26142
  181 1015.079445  3905
  182 8143.384919 18518
  183 2766.806329 26181
  184 -494.781734     0
  185 3806.314380  6201
  186 -383.347053     3
  187 -270.489318     1
  188 1323.859460  3731
  189 -829.799529     0
  190 7123.749410   594
  191 4726.421047 20258
  192 13707.300458  8869
  193 1017.752173 11140
  194 -1679.203760     1
  195 -756.298750     4
  196 -767.769165     6
  197 1555.099532  7350
  198 1779.543215 24250
  199 -908.253951     5
  200 4972.369397 16020
  201 7838.586431  6709
  202 4056.285342 12541
  203 -252.739177     3
  204 -994.279411     5
  205 15830.106522 20824
  206 -941.895789     2
  207 9016.810648 10814
  208 726.587008 20022
  209 -338.961400     5
  210 5324.488193   251
  211 2313.177898  1080
  212 4260.990986 15517
  213 19056.336646 23377
  214 -1582.477825     2
  215 -312.107618     5
  216 -590.198823     7
  217 2268.640518  1281
  218 8133.979909 21838
  219 -680.676977     3
  220 -300.575148     0
  221 7969.267607 12350
  222 1850.798653  9458
  223 -245.478195     5
  224 -134.748050     0
  225 7007.465663 21527
  226 14441.851206 15425
  227 -2849.210009     8
  228 12828.259373 24261
  229 13374.685950 12613
  230 -615.517218     3
  231 13296.846184 25599
  232 8668.714612 22069
  233 1217.440378  2552
  234 -1189.610866     3
  235 12687.901010  4764
  236 -586.348993     2
  237 8386.646882 11817
  238 -2757.655074     9
  239 1656.397154  8720
  240 -1302.827333     4
  241 1262.966455   876
  242 -1232.469819     4
  243 15437.070536 21854
  244 6478.735046 19497
  245 -478.524099     1
  246 -1154.118365     2
  247 2232.588075   546
  248 1354.743724 22208
  249 -1190.072282     3
  250 9377.660357  7189
  251 -1403.342087     8
  252 11298.578417  5355
  253 -98.345516     9
  254 2379.141802    80
  255 -3060.889836     5
  256 17827.314595 23594
  257 8371.735248 22728
  258 -1478.438269     1
  259 11209.281742 12216
  260 2161.047733   214
  261 23393.498883 19666
  262 -41.567712     7
  263 2222.729505    74
  264 -691.717033     0
  265 -366.028264     6
  266 2285.511385 16029
  267 41.216511 16240
  268 9087.382570 27269
  269 14552.242628 23404
  270 -2146.151160     7
  271 1871.206074  3066
  272 -544.979009     9
  273 5388.523567  3236
  274 2226.170292  8977
  275 -55.676679     2
  276 1051.869896 25687
  277 14441.858866 26575
  278 17017.386124 23229
  279 -394.088604     4
  280 -740.357770     2
  281 7749.502541 23859
  282 3323.683116  6530
  283 -274.046987     7
  284 15620.637655 10765
  285 3448.873425 15705
  286 17292.685632 24767
  287 12088.410598 14460
  288 14981.076785 17963
  289 4603.839016 16428
  290 -667.317626     6
  291 9621.140759 26421
  292 8207.203937 21578
  293 1301.188672 10799
  294 2311.665507  3784
  295 -1785.255025     8
  296 -2475.024958     2
  297 -999.157802     8
  298 5144.501599 18046
  299 12449.251613 14927
  300 24941.308185 19137
