300
    1 694.806712     1
    2 5839.206476 16119
    3 22525.379317 22552
    4 -1142.201312     7
    5 -1684.345933     3
    6 1183.299719 17605
    7 -424.940171     0
    8 -1362.307633     6
    9 -1242.219850     9
   10 3825.578571  5019
   11 11172.217600 11402
   12 -4.415270     2
   13 2175.279255  7882
   14 13218.510169 20490
   15 841.701599  5438
   16 835.104538 18433
   17 -27.209256     5
   18 5485.899237 12080
   19 8538.516688  6863
   20 25504.003669 23698
   21 -803.496783     1
   22 4269.131949  1611
   23 4431.567935   525
   24 -552.091549     6
   25 -69.165042     8
   26 -270.018775     1
   27 9513.891046 20096
   28 -643.289594     8
   29 -1629.301922     7
   30 -2888.025822     1
   31 5472.208318 24956
   32 1549.927962 18649
   33 -1571.521393     5
   34 5976.045331 14086
   35 -92.291584     1
   36 2674.765699   763
   37 19565.470434 14573
   38 3133.302721 22063
   39 -472.826750     7
   40 6434.506205 18419
   41 13091.104458 21823
   42 -1465.646769     2
   43 19832.803566 15275
   44 2309.047719 15882
   45 1104.748256 14868
   46 -777.818495     8
   47 -108.279115     7
   48 -1455.069566     1
   49 720.118665  2208
   50 -638.398945     1
   51 -109.325913     2
   52 4816.321758 19961
   53 13758.497758 20395
   54 15844.222421 26497
   55 -1695.850398     1
   56 10184.037312 17654
   57 5810.915978  4613
   58 -2.595312     3
   59 6802.399956 14985
   60 981.755732  2593
   61 776.232948 10343
   62 -2038.912438     5
   63 -438.840841     6
   64 -59.984781     5
   65 5493.434254  2104
   66 -1220.674600     3
   67 -897.706314     0
   68 7150.492656 20634
   69 16936.291612 17064
   70 -393.131398     3
   71 2536.730389 21647
   72 6715.380433 25568
   73 -487.015857     1
   74 15137.991984 18628
   75 2839.782623  1257
   76 20656.165853 14979
   77 -358.349111     9
   78 1875.466438 13258
   79 1139.168378  2568
   80 16896.656060 22553
   81 7465.005177 12082
   82 -290.988196     2
   83 15357.760625 15949
   84 1154.877297 22106
   85 13222.722322 13544
   86 4683.162302  6255
   87 7578.070426 23714
   88 2813.618495  8149
   89 -1310.071703     6
   90 -140.499422     4
   91 2825.969356 10842
   92 382.508297  6271
   93 25781.571041 15863
   94 14408.223209 23772
   95 -1011.391728     5
   96 -909.624594     9
   97 -1606.764677     9
   98 2488.815704 21222
   99 2004.919525  1573
  100 10194.295164 22037
  101 1349.314250   828
  102 -802.783260     9
  103 2317.609592 12746
  104 -60.492878     1
  105 564.081507   314
  106 -1861.266184     9
  107 4318.842572 23962
  108 -1219.887568     1
  109 17965.811882 23513
  110 4742.099914 12081
  111 -2128.753002     9
  112 1196.573026 13467
  113 14723.670648 27528
  114 -949.463990     4
  115 -1634.382894     9
  116 4918.855771 10984
  117 -2989.170735     4
  118 -734.697712     8
  119 -723.691163     3
  120 -2048.865878     1
  121 3631.092875 19028
  122 -86.976396     1
  123 -50.661199     9
  124 5404.685438 22549
  125 -1344.133401     5
  126 -2476.055602     8
  127 19369.829220 26634
  128 -1215.734077     5
  129 10442.257995  8009
  130 -54.713261     9
  131 3506.751047 18283
  132 3480.062105 14384
  133 5460.187563 14765
  134 12123.021195 14456
  135 -152.218108     3
  136 2200.986812  1602
  137 4406.907958  4234
  138 6280.188864 13370
  139 2678.994598  6832
  140 22743.230645 23847
  141 2937.363148  6524
  142 5621.142282 25512
  143 -1549.985312     7
  144 3183.007227 21094
  145 15279.131960 23238
  146 -655.739254     4
  147 14750.143735 23525
  148 -327.967080     4
  149 -2139.326316     7
  150 615.096501   294
  151 1330.281542 10172
  152 -73.700302     8
  153 2299.412229 21958
  154 -2104.427786     2
  155 -94.263582     1
  156 5538.675536 19828
  157 -1324.398381     7
  158 35.019401   731
  159 -712.449459     1
  160 8275.827208 15722
  161 5304.149806  3195
  162 1224.541398  1887
  163 7721.871998  3101
  164 4063.912165  2558
  165 -424.260601     9
  166 -2004.072144     1
  167 5.451219  7462
  168 -835.167546     9
  169 200.665977  1250
  170 5036.424623 17861
  171 6208.133260 13695
  172 7094.541926 24490
  173 -892.444021     7
  174 -158.138625     1
  175 -1128.706430     8
  176 6462.292633 25213
  177 -361.295222     9
  178 -1822.407117     4
  179 418.316489 11841
  180 10642.203640 26142
  181 339.697230  3905
  182 10700.197317 18518
  183 7218.685355 26181
  184 -373.743019     0
  185 809.271703  6201
  186 -787.742837     3
  187 -1793.035146     1
  188 1807.441891  3731
  189 -744.757337     0
  190 2711.710728   594
  191 9393.157006 20258
  192 13093.241322  8869
  193 99.430764 11140
  194 -128.692751     1
  195 -613.564288     4
  196 -3750.948518     6
  197 9155.715177  7350
  198 9437.949462 24250
  199 -2970.614585     5
  200 6226.531512 16020
  201 8889.634255  6709
  202 7680.810040 12541
  203 -741.718877     3
  204 -995.118474     5
  205 3057.624419 20824
  206 -580.968468     2
  207 9494.621855 10814
  208 9261.177226 20022
  209 -494.552026     5
  210 1187.745928   251
  211 7076.716694  1080
  212 6474.657481 15517
  213 10976.648320 23377
  214 -3554.376410     2
  215 -266.314839     5
  216 -1143.627835     7
  217 2631.924970  1281
  218 2094.653729 21838
  219 -1220.924764     3
  220 -254.227334     0
  221 6246.625268 12350
  222 5103.447046  9458
  223 -1042.020425     5
  224 -1357.389585     0
  225 1290.336324 21527
  226 3128.212220 15425
  227 -838.140412     8
  228 3372.425177 24261
  229 1319.764261 12613
  230 -3394.641300     3
  231 44623.817944 25599
  232 7158.906724 22069
  233 4666.260629  2552
  234 -2036.712735     3
  235 4953.106216  4764
  236 -632.205420     2
  237 2656.545897 11817
  238 -411.856412     9
  239 11497.229015  8720
  240 -966.109630     4
  241 1842.959047   876
  242 -2238.947373     4
  243 24003.929979 21854
  244 2316.417270 19497
  245 -354.084006     1
  246 -4296.894399     2
  247 1115.355297   546
  248 18281.954203 22208
  249 -958.350714     3
  250 7578.362688  7189
  251 -1007.142248     8
  252 898.507420  5355
  253 -1163.468884     9
  254 3288.257011    80
  255 -1900.599269     5
  256 6324.550750 23594
  257 20554.259777 22728
  258 -417.253328     1
  259 6874.067127 12216
  260 1241.532869   214
  261 3233.820330 19666
  262 -832.310894     7
  263 106.511901    74
  264 -261.297306     0
  265 -381.804289     6
  266 21062.092893 16029
  267 7457.900835 16240
  268 5288.006528 27269
  269 18542.752289 23404
  270 -126.503128     7
  271 5609.574968  3066
  272 -1128.164021     9
  273 3426.683050  3236
  274 4266.713440  8977
  275 -1079.309461     2
  276 7011.831256 25687
  277 10088.905333 26575
  278 1578.740793 23229
  279 -91.671152     4
  280 -1253.682401     2
  281 22917.528159 23859
  282 15853.027202  6530
  283 -1832.912454     7
  284 4734.848134 10765
  285 11669.752119 15705
  286 15110.718573 24767
  287 12248.455008 14460
  288 10239.386766 17963
  289 3555.259105 16428
  290 -352.768906     6
  291 4372.841288 26421
  292 14296.036872 21578
  293 1502.809213 10799
  294 8170.881202  3784
  295 -3779.071854     8
  296 -257.872910     2
  297 -2406.291470     8
  298 17471.812170 18046
  299 8242.872569 14927
  300 14053.238943 19137
