300
    1 1058.258802     1
    2 6211.287347 16119
    3 23516.424094 22552
    4 -382.505188     7
    5 -22.368264     3
    6 2697.531069 17605
    7 -645.004141     0
    8 -829.865045     6
    9 -168.119684     9
   10 3512.525486  5019
   11 2646.901615 11402
   12 -1005.896235     2
   13 9977.813849  7882
   14 16156.321722 20490
   15 2041.310919  5438
   16 2461.359462 18433
   17 -999.237036     5
   18 6631.823639 12080
   19 1908.321753  6863
   20 16750.661890 23698
   21 -580.661059     1
   22 4407.347454  1611
   23 3242.112908   525
   24 -352.638695     6
   25 -486.923159     8
   26 -282.665199     1
   27 11495.688909 20096
   28 -1621.791283     8
   29 -2101.079240     7
   30 -711.752906     1
   31 3513.584689 24956
   32 6081.499700 18649
   33 -509.685741     5
   34 2981.168760 14086
   35 -1394.157251     1
   36 5988.073667   763
   37 7777.220132 14573
   38 5777.774354 22063
   39 -400.216245     7
   40 15191.054351 18419
   41 2549.253154 21823
   42 -234.367309     2
   43 14814.349644 15275
   44 324.632630 15882
   45 12131.238651 14868
   46 -588.008687     8
   47 -472.096405     7
   48 -350.935581     1
   49 3502.838819  2208
   50 -1089.372757     1
   51 -44.984968     2
   52 11576.212292 19961
   53 2952.609030 20395
   54 25166.923545 26497
   55 -1177.359692     1
   56 2483.496486 17654
   57 2039.448313  4613
   58 -698.068964     3
   59 6622.553953 14985
   60 2863.283239  2593
   61 2214.389946 10343
   62 -495.725495     5
   63 -483.604045     6
   64 -237.167166     5
   65 2833.231484  2104
   66 -535.572150     3
   67 -218.405578     0
   68 3110.234428 20634
   69 1179.755149 17064
   70 -489.133252     3
   71 13257.114709 21647
   72 2418.188098 25568
   73 -519.596303     1
   74 2124.750640 18628
   75 7196.201156  1257
   76 3162.246932 14979
   77 -581.180056     9
   78 4356.333271 13258
   79 1000.066149  2568
   80 5688.742240 22553
   81 4497.762157 12082
   82 -1344.885456     2
   83 2288.381678 15949
   84 27371.202645 22106
   85 12424.467626 13544
   86 3304.829656  6255
   87 15306.912526 23714
   88 8720.523819  8149
   89 -529.866447     6
   90 -320.813649     4
   91 4672.880589 10842
   92 1205.878910  6271
   93 2636.556244 15863
   94 40627.362883 23772
   95 -447.712764     5
   96 -515.202441     9
   97 -1794.239057     9
   98 15415.437140 21222
   99 2265.077501  1573
  100 2081.414353 22037
  101 2804.569958   828
  102 -313.754036     9
  103 1339.230521 12746
  104 -78.804634     1
  105 4998.907101   314
  106 -2905.031839     9
  107 15362.527535 23962
  108 -459.899683     1
  109 13308.418445 23513
  110 6686.282332 12081
  111 -990.846870     9
  112 9302.729055 13467
  113 30420.852198 27528
  114 -1068.597660     4
  115 -387.524153     9
  116 12124.576733 10984
  117 -1834.982237     4
  118 -63.017854     8
  119 -293.628693     3
  120 -1518.475206     1
  121 494.234318 19028
  122 -1664.640785     1
  123 -936.860031     9
  124 1329.006596 22549
  125 -2660.050942     5
  126 -1720.708504     8
  127 12294.354412 26634
  128 -616.218893     5
  129 9412.872742  8009
  130 -365.144089     9
  131 22972.979674 18283
  132 4529.264015 14384
  133 18562.202950 14765
  134 3150.149410 14456
  135 -899.265365     3
  136 6814.842203  1602
  137 22.199652  4234
  138 891.918259 13370
  139 4151.186381  6832
  140 3715.535617 23847
  141 5945.190273  6524
  142 19646.326411 25512
  143 -488.787315     7
  144 15163.654248 21094
  145 21801.712431 23238
  146 -545.803111     4
  147 8203.279946 23525
  148 -311.786422     4
  149 -649.382750     7
  150 408.432615   294
  151 4436.869579 10172
  152 -3402.466878     8
  153 14631.328780 21958
  154 -814.203686     2
  155 -55.782578     1
  156 13316.669598 19828
  157 -248.915288     7
  158 1304.461820   731
  159 -436.405494     1
  160 7209.823637 15722
  161 4111.610593  3195
  162 1840.718337  1887
  163 9693.516491  3101
  164 1794.628049  2558
  165 -190.058877     9
  166 -1491.562306     1
  167 3646.833853  7462
  168 -506.831153     9
  169 6245.982359  1250
  170 16803.646033 17861
  171 4653.225056 13695
  172 7156.355140 24490
  173 -321.945192     7
  174 -781.026191     1
  175 -1007.341123     8
  176 2304.245102 25213
  177 -209.662175     9
  178 -879.187572     4
  179 6664.528439 11841
  180 11769.850142 26142
  181 6959.028404  3905
  182 10252.823423 18518
  183 16809.613783 26181
  184 -168.497549     0
  185 3315.920102  6201
  186 -949.261159     3
  187 -2109.349708     1
  188 122.334263  3731
  189 -2.465814     0
  190 44.882331   594
  191 15421.442219 20258
  192 9979.305178  8869
  193 7922.895187 11140
  194 -830.347016     1
  195 -540.389932     4
  196 -3644.504693     6
  197 13636.135162  7350
  198 32564.001282 24250
  199 -645.041308     5
  200 20603.934060 16020
  201 6015.674906  6709
  202 14221.911365 12541
  203 -1942.171153     3
  204 -923.824828     5
  205 17407.092572 20824
  206 -713.372039     2
  207 5497.869329 10814
  208 12908.328901 20022
  209 -1383.962999     5
  210 1093.673450   251
  211 378.510575  1080
  212 8882.483579 15517
  213 24942.617687 23377
  214 -440.929314     2
  215 -432.977165     5
  216 -277.652448     7
  217 443.982740  1281
  218 6154.876449 21838
  219 -8.381442     3
  220 -446.406945     0
  221 1998.354608 12350
  222 9160.047560  9458
  223 -568.049053     5
  224 -565.960564     0
  225 12883.519227 21527
  226 14214.209832 15425
  227 -604.109593     8
  228 7793.345943 24261
  229 5716.311887 12613
  230 -1701.114157     3
  231 2291.458206 25599
  232 8017.722817 22069
  233 1931.170407  2552
  234 -132.050191     3
  235 3661.151456  4764
  236 -192.667167     2
  237 5660.106255 11817
  238 -35.003596     9
  239 1005.082401  8720
  240 -272.017410     4
  241 1821.927252   876
  242 -1046.948297     4
  243 5966.730618 21854
  244 9060.609057 19497
  245 -811.735988     1
  246 -22.191957     2
  247 2525.341564   546
  248 24442.990097 22208
  249 -115.053157     3
  250 12032.248393  7189
  251 -3183.126143     8
  252 8770.516485  5355
  253 -2371.813422     9
  254 3667.812908    80
  255 -943.726348     5
  256 8134.263258 23594
  257 20979.513711 22728
  258 -1128.049523     1
  259 1351.860503 12216
  260 1066.736265   214
  261 9146.661760 19666
  262 -1121.492986     7
  263 3554.115683    74
  264 -1972.004878     0
  265 -1146.828579     6
  266 8794.182621 16029
  267 3526.484774 16240
  268 20162.860235 27269
  269 13043.203879 23404
  270 -429.987867     7
  271 397.967496  3066
  272 -87.268873     9
  273 5000.947667  3236
  274 4147.062428  8977
  275 -1228.532423     2
  276 20634.536706 25687
  277 26375.070094 26575
  278 27267.944835 23229
  279 -334.302507     4
  280 -34.710793     2
  281 6448.099133 23859
  282 366.224119  6530
  283 -1112.012741     7
  284 2824.859862 10765
  285 4113.567684 15705
  286 19390.609514 24767
  287 10093.148344 14460
  288 9767.862764 17963
  289 3104.933028 16428
  290 -309.295771     6
  291 37626.587346 26421
  292 3121.724236 21578
  293 4843.711611 10799
  294 8797.169179  3784
  295 -80.891229     8
  296 -1776.581077     2
  297 -609.047381     8
  298 16519.147838 18046
  299 7475.000990 14927
  300 3908.171815 19137
