300
    1 322.518413     1
    2 3846.864792 16119
    3 10368.799933 22552
    4 -773.317350     7
    5 -2287.304476     3
    6 4915.836349 17605
    7 -171.659644     0
    8 -1602.772192     6
    9 -453.740804     9
   10 1799.321178  5019
   11 5216.301112 11402
   12 -1132.591941     2
   13 1200.562335  7882
   14 14973.155943 20490
   15 8082.058176  5438
   16 6822.001470 18433
   17 -184.695368     5
   18 4224.258985 12080
   19 3681.315266  6863
   20 31625.797862 23698
   21 -623.947763     1
   22 2580.942106  1611
   23 1297.872047   525
   24 -725.113195     6
   25 -410.843555     8
   26 -694.635812     1
   27 19396.177691 20096
   28 -151.704427     8
   29 -548.170228     7
   30 -1152.515889     1
   31 2823.100028 24956
   32 12828.805365 18649
   33 -912.119302     5
   34 9463.063408 14086
   35 -100.931436     1
   36 115.640400   763
   37 9352.037216 14573
   38 3580.729022 22063
   39 -590.462397     7
   40 1607.983225 18419
   41 4484.501394 21823
   42 -322.551291     2
   43 389.058091 15275
   44 4673.488111 15882
   45 15209.606435 14868
   46 -2.277833     8
   47 -1456.817550     7
   48 -1896.315770     1
   49 2258.567559  2208
   50 -329.324109     1
   51 -95.863708     2
   52 17357.619937 19961
   53 11010.810824 20395
   54 1222.731388 26497
   55 -422.260906     1
   56 9231.720458 17654
   57 4826.164248  4613
   58 -1830.933111     3
   59 18438.582797 14985
   60 116.724241  2593
   61 3310.237786 10343
   62 -2220.368223     5
   63 -217.755593     6
   64 -882.346573     5
   65 3320.876584  2104
   66 -1615.547855     3
   67 -651.400253     0
   68 15842.463554 20634
   69 554.055796 17064
   70 -312.616472     3
   71 13279.558263 21647
   72 23288.682770 25568
   73 -289.851018     1
   74 1565.627758 18628
   75 3057.378771  1257
   76 1744.841153 14979
   77 -228.630610     9
   78 12522.645354 13258
   79 8716.453462  2568
   80 11459.462749 22553
   81 1195.807619 12082
   82 -955.699356     2
   83 12483.442132 15949
   84 6874.722316 22106
   85 15279.686215 13544
   86 9045.045899  6255
   87 5238.945288 23714
   88 1414.162610  8149
   89 -3204.578980     6
   90 -3020.920185     4
   91 5128.490926 10842
   92 1195.268190  6271
   93 56.495561 15863
   94 15284.006010 23772
   95 -1616.707180     5
   96 -682.358146     9
   97 -460.722223     9
   98 6688.851510 21222
   99 2154.079809  1573
  100 1581.226484 22037
  101 404.942331   828
  102 -2015.351615     9
  103 2718.560644 12746
  104 -177.451647     1
  105 22.008202   314
  106 -1600.737871     9
  107 3096.296722 23962
  108 -1537.312873     1
  109 21236.335348 23513
  110 20771.602110 12081
  111 -108.884181     9
  112 8405.831459 13467
  113 3832.165438 27528
  114 -79.866731     4
  115 -3127.327298     9
  116 11760.819844 10984
  117 -713.176341     4
  118 -923.737339     8
  119 -272.934398     3
  120 -72.600154     1
  121 1971.815331 19028
  122 -1099.802272     1
  123 -610.925627     9
  124 11246.608920 22549
  125 -49.563628     5
  126 -374.339766     8
  127 4669.666346 26634
  128 -621.398172     5
  129 8590.736130  8009
  130 -1074.219764     9
  131 2198.236469 18283
  132 190.851852 14384
  133 5999.004563 14765
  134 16221.497193 14456
  135 -485.959085     3
  136 118.089410  1602
  137 2810.582913  4234
  138 2478.384912 13370
  139 2261.526458  6832
  140 5198.054506 23847
  141 2045.211308  6524
  142 2732.220604 25512
  143 -206.131537     7
  144 19985.240551 21094
  145 32677.317190 23238
  146 -537.661069     4
  147 11210.862477 23525
  148 -1642.802240     4
  149 -1056.942960     7
  150 4083.062460   294
  151 224.720592 10172
  152 -335.545616     8
  153 9349.940668 21958
  154 -2092.932133     2
  155 -1237.271910     1
  156 25308.751797 19828
  157 -887.029867     7
  158 983.741511   731
  159 -255.192542     1
  160 14534.882939 15722
  161 8896.776747  3195
  162 1641.808604  1887
  163 2072.001272  3101
  164 818.591526  2558
  165 -1193.726059     9
  166 -1368.079340     1
  167 923.289209  7462
  168 -584.300358     9
  169 1280.978140  1250
  170 4307.118103 17861
  171 12808.114827 13695
  172 576.366512 24490
  173 -359.516186     7
  174 -692.704101     1
  175 -1164.635512     8
  176 1449.558147 25213
  177 -1200.561137     9
  178 -2502.996230     4
  179 4309.442723 11841
  180 12680.211562 26142
  181 6978.593339  3905
  182 5782.826124 18518
  183 15960.145808 26181
  184 -1355.897370     0
  185 9463.797753  6201
  186 -223.816525     3
  187 -1365.128926     1
  188 4768.721350  3731
  189 -266.493616     0
  190 1476.406369   594
  191 15181.778133 20258
  192 11284.822561  8869
  193 2708.279472 11140
  194 -2429.463572     1
  195 -199.224959     4
  196 -311.032998     6
  197 6203.793218  7350
  198 2910.674732 24250
  199 -864.046585     5
  200 1183.640541 16020
  201 453.052996  6709
  202 698.570191 12541
  203 -658.675917     3
  204 -1183.648753     5
  205 13091.490162 20824
  206 -1796.497685     2
  207 7206.382544 10814
  208 8823.710942 20022
  209 -273.962457     5
  210 397.649709   251
  211 849.854992  1080
  212 10615.665630 15517
  213 3779.807407 23377
  214 -1710.618207     2
  215 -326.594233     5
  216 -550.933401     7
  217 2983.510982  1281
  218 1332.844028 21838
  219 -1636.204077     3
  220 -1561.790720     0
  221 7160.533313 12350
  222 8347.981939  9458
  223 -2089.555379     5
  224 -167.409026     0
  225 2717.970731 21527
  226 2229.605066 15425
  227 -1224.932128     8
  228 3119.522415 24261
  229 412.197627 12613
  230 -1696.073659     3
  231 2312.318880 25599
  232 1349.157902 22069
  233 7275.439866  2552
  234 -1173.891171     3
  235 1269.331241  4764
  236 -697.489417     2
  237 9238.553163 11817
  238 -2070.222085     9
  239 676.549174  8720
  240 -676.669896     4
  241 2645.001950   876
  242 -2256.103579     4
  243 7563.667857 21854
  244 14010.679767 19497
  245 -648.904214     1
  246 -352.423513     2
  247 1131.326624   546
  248 15586.455846 22208
  249 -68.482087     3
  250 9497.304748  7189
  251 -1500.623043     8
  252 2565.869571  5355
  253 -451.160772     9
  254 543.561572    80
  255 -925.010970     5
  256 30448.597015 23594
  257 25858.879194 22728
  258 -1069.510572     1
  259 3134.738239 12216
  260 6702.661402   214
  261 18301.248413 19666
  262 -538.680994     7
  263 2440.955666    74
  264 -800.634611     0
  265 -222.481550     6
  266 3055.109573 16029
  267 18106.992914 16240
  268 12562.501307 27269
  269 15036.812740 23404
  270 -924.486530     7
  271 1074.193947  3066
  272 -124.376868     9
  273 2323.952597  3236
  274 135.913590  8977
  275 -2044.043087     2
  276 8438.469556 25687
  277 12467.842098 26575
  278 8559.963173 23229
  279 -2287.233169     4
  280 -1142.388319     2
  281 17186.199899 23859
  282 3035.159934  6530
  283 -378.688097     7
  284 2620.851345 10765
  285 15411.282552 15705
  286 17415.791283 24767
  287 4608.467859 14460
  288 12234.415073 17963
  289 2754.768937 16428
  290 -477.730232     6
  291 2682.033015 26421
  292 6899.756053 21578
  293 8482.023008 10799
  294 4207.381103  3784
  295 -1459.246595     8
  296 -225.247063     2
  297 -1563.041147     8
  298 8840.687872 18046
  299 9874.743940 14927
  300 5535.662949 19137
