300
    1 2296.272431     1
    2 8618.462655 16119
    3 2465.364554 22552
    4 -4670.276854     7
    5 -1114.497283     3
    6 6882.150927 17605
    7 -19.307195     0
    8 -1245.814640     6
    9 -1349.055563     9
   10 2142.194083  5019
   11 14450.879363 11402
   12 -426.074121     2
   13 196.946602  7882
   14 13614.522230 20490
   15 3098.633020  5438
   16 10999.254764 18433
   17 -530.250824     5
   18 12720.645485 12080
   19 920.306386  6863
   20 12896.558460 23698
   21 -59.763936     1
   22 12.009678  1611
   23 2729.147100   525
   24 -78.256222     6
   25 -176.594701     8
   26 -2145.454773     1
   27 8393.243248 20096
   28 -699.959662     8
   29 -302.851204     7
   30 -300.222367     1
   31 19162.093203 24956
   32 22075.486758 18649
   33 -1676.651528     5
   34 2410.956062 14086
   35 -2268.716433     1
   36 3379.519415   763
   37 2282.091828 14573
   38 16495.278974 22063
   39 -1193.688751     7
   40 10951.753904 18419
   41 4305.865258 21823
   42 -967.307304     2
   43 5978.287908 15275
   44 669.533966 15882
   45 9532.530744 14868
   46 -791.365550     8
   47 -1199.424985     7
   48 -969.191955     1
   49 602.031772  2208
   50 -1062.789450     1
   51 -902.579249     2
   52 9668.319271 19961
   53 2136.540332 20395
   54 17093.242770 26497
   55 -2492.153457     1
   56 9906.779458 17654
   57 7843.066567  4613
   58 -608.107277     3
   59 7101.069956 14985
   60 3195.415716  2593
   61 3290.471856 10343
   62 -488.103032     5
   63 -699.289973     6
   64 -1389.155262     5
   65 608.443518  2104
   66 -972.039166     3
   67 -1200.877280     0
   68 82.782065 20634
   69 6875.707847 17064
   70 -858.451321     3
   71 7892.557042 21647
   72 5025.364480 25568
   73 -441.591567     1
   74 16060.637271 18628
   75 1517.047224  1257
   76 8732.239386 14979
   77 -293.517367     9
   78 377.060947 13258
   79 1591.697016  2568
   80 7696.582764 22553
   81 10558.164848 12082
   82 -373.707817     2
   83 10125.905574 15949
   84 43418.400787 22106
   85 7683.402758 13544
   86 5558.495072  6255
   87 8423.217018 23714
   88 3606.815419  8149
   89 -2380.100444     6
   90 -1509.831861     4
   91 2096.824748 10842
   92 2224.549250  6271
   93 6338.588099 15863
   94 11228.604426 23772
   95 -175.959595     5
   96 -1005.948306     9
   97 -650.089596     9
   98 12890.507109 21222
   99 861.572614  1573
  100 11681.488735 22037
  101 1810.825052   828
  102 -47.573497     9
  103 14326.965305 12746
  104 -1550.036077     1
  105 2239.093414   314
  106 -632.110117     9
  107 4341.887814 23962
  108 -182.169223     1
  109 15616.902876 23513
  110 8227.508589 12081
  111 -55.279317     9
  112 10133.820175 13467
  113 734.083051 27528
  114 -382.492693     4
  115 -220.974791     9
  116 2998.164880 10984
  117 -158.678004     4
  118 -1054.295125     8
  119 -1005.372270     3
  120 -1624.779210     1
  121 4501.713528 19028
  122 -628.843299     1
  123 -2426.873139     9
  124 2844.790291 22549
  125 -305.687728     5
  126 -1073.391565     8
  127 20495.034860 26634
  128 -866.635122     5
  129 3269.536831  8009
  130 -944.483840     9
  131 6937.608244 18283
  132 11656.851708 14384
  133 1173.967086 14765
  134 1128.518761 14456
  135 -2350.793924     3
  136 6777.437798  1602
  137 8104.342232  4234
  138 1638.297724 13370
  139 6321.110998  6832
  140 6054.416405 23847
  141 1189.583062  6524
  142 20974.381423 25512
  143 -1012.593113     7
  144 11248.560545 21094
  145 4248.218368 23238
  146 -37.170576     4
  147 1401.626053 23525
  148 -527.891295     4
  149 -0.417932     7
  150 4803.059914   294
  151 4339.177808 10172
  152 -710.918296     8
  153 978.314707 21958
  154 -2637.703009     2
  155 -1162.999771     1
  156 11993.913448 19828
  157 -169.713119     7
  158 2598.618095   731
  159 -224.389904     1
  160 285.813560 15722
  161 5217.176874  3195
  162 1589.880131  1887
  163 2553.739202  3101
  164 1026.023053  2558
  165 -597.036111     9
  166 -423.216157     1
  167 5770.301786  7462
  168 -770.777656     9
  169 330.695627  1250
  170 4970.755774 17861
  171 5233.507745 13695
  172 5446.390281 24490
  173 -111.603884     7
  174 -1219.057233     1
  175 -639.827429     8
  176 15996.346076 25213
  177 -227.224079     9
  178 -2349.649914     4
  179 16507.685303 11841
  180 1839.880691 26142
  181 1856.518243  3905
  182 472.503294 18518
  183 5234.281498 26181
  184 -744.897561     0
  185 3993.907255  6201
  186 -342.244925     3
  187 -4.876649     1
  188 5500.516218  3731
  189 -41.133626     0
  190 737.692731   594
  191 21845.939169 20258
  192 2723.496887  8869
  193 317.168146 11140
  194 -12.120292     1
  195 -58.371386     4
  196 -3412.840177     6
  197 3105.994029  7350
  198 9524.416441 24250
  199 -1256.711377     5
  200 24580.197940 16020
  201 3208.339291  6709
  202 18775.413412 12541
  203 -87.123505     3
  204 -454.377453     5
  205 20905.212280 20824
  206 -1554.722451     2
  207 5195.175048 10814
  208 5974.196135 20022
  209 -526.057252     5
  210 3006.008318   251
  211 598.967970  1080
  212 10296.096949 15517
  213 20744.663198 23377
  214 -459.021279     2
  215 -363.113609     5
  216 -562.720492     7
  217 636.740180  1281
  218 16456.669429 21838
  219 -1241.018356     3
  220 -1738.515166     0
  221 7287.690175 12350
  222 11009.712236  9458
  223 -644.258585     5
  224 -1824.641024     0
  225 24347.731692 21527
  226 14086.979592 15425
  227 -716.861685     8
  228 9839.857185 24261
  229 11975.294775 12613
  230 -398.748938     3
  231 13773.852739 25599
  232 19480.827232 22069
  233 3710.435607  2552
  234 -1675.247269     3
  235 5451.752220  4764
  236 -361.851040     2
  237 268.247644 11817
  238 -3652.519267     9
  239 11647.770993  8720
  240 -1453.564381     4
  241 2535.347821   876
  242 -105.015168     4
  243 22202.382084 21854
  244 17131.360717 19497
  245 -565.508543     1
  246 -1476.641540     2
  247 2237.447447   546
  248 5056.645506 22208
  249 -162.336055     3
  250 1404.407770  7189
  251 -1745.958069     8
  252 741.323595  5355
  253 -376.659099     9
  254 2036.624847    80
  255 -884.556447     5
  256 3527.465773 23594
  257 11917.371420 22728
  258 -872.481750     1
  259 7826.234561 12216
  260 263.433670   214
  261 1113.735268 19666
  262 -465.320211     7
  263 3886.365910    74
  264 -81.336297     0
  265 -1238.217410     6
  266 3629.740183 16029
  267 14425.935425 16240
  268 16855.281545 27269
  269 10785.826021 23404
  270 -1639.519203     7
  271 2937.463193  3066
  272 -2416.701534     9
  273 1994.159338  3236
  274 6324.018724  8977
  275 -3187.584497     2
  276 1953.246651 25687
  277 6519.410334 26575
  278 20015.111623 23229
  279 -567.596159     4
  280 -561.830666     2
  281 9501.213242 23859
  282 725.621765  6530
  283 -744.226589     7
  284 14557.619690 10765
  285 2878.290805 15705
  286 7790.237143 24767
  287 10139.204158 14460
  288 36710.265707 17963
  289 15207.507694 16428
  290 -159.473239     6
  291 24406.904111 26421
  292 22474.418026 21578
  293 3094.279528 10799
  294 4902.521551  3784
  295 -1194.874526     8
  296 -724.744655     2
  297 -1276.089426     8
  298 2920.411341 18046
  299 10470.463743 14927
  300 4908.888162 19137
