300
    1 256.948658     1
    2 2481.901715 16119
    3 15564.927280 22552
    4 -896.311998     7
    5 -2.471498     3
    6 9945.495874 17605
    7 -1047.622246     0
    8 -167.515851     6
    9 -825.183946     9
   10 387.052103  5019
   11 5229.764010 11402
   12 -756.933063     2
   13 3004.915611  7882
   14 17350.596418 20490
   15 1591.611402  5438
   16 18440.330785 18433
   17 -304.470352     5
   18 2606.358840 12080
   19 9683.838156  6863
   20 17960.408122 23698
   21 -1234.068573     1
   22 1891.638189  1611
   23 5253.857273   525
   24 -1386.512056     6
   25 -719.166989     8
   26 -136.462151     1
   27 2767.928222 20096
   28 -357.732052     8
   29 -637.046240     7
   30 -212.883821     1
   31 9397.077672 24956
   32 9235.971474 18649
   33 -1695.443260     5
   34 3493.172144 14086
   35 -718.487827     1
   36 2813.981431   763
   37 16643.939838 14573
   38 2308.145418 22063
   39 -2948.646841     7
   40 13376.547316 18419
   41 15144.530987 21823
   42 -909.575629     2
   43 17.901445 15275
   44 27207.312125 15882
   45 4090.748248 14868
   46 -457.281371     8
   47 -578.200583     7
   48 -548.870476     1
   49 1165.207652  2208
   50 -869.390012     1
   51 -1580.602486     2
   52 7395.789399 19961
   53 32665.164991 20395
   54 392.078988 26497
   55 -215.476403     1
   56 7393.329031 17654
   57 1133.683635  4613
   58 -274.446016     3
   59 17233.489180 14985
   60 6154.878252  2593
   61 5892.803330 10343
   62 -1108.885900     5
   63 -1257.083746     6
   64 -776.473331     5
   65 1086.528622  2104
   66 -11.477557     3
   67 -2501.684285     0
   68 7519.870663 20634
   69 662.670343 17064
   70 -310.865149     3
   71 21342.233055 21647
   72 9535.626196 25568
   73 -326.747805     1
   74 8820.355618 18628
   75 2197.085700  1257
   76 10192.852260 14979
   77 -688.150566     9
   78 2636.884264 13258
   79 3004.578850  2568
   80 4296.460172 22553
   81 6425.745600 12082
   82 -452.314131     2
   83 3041.086661 15949
   84 1766.067015 22106
   85 11196.889909 13544
   86 9812.972287  6255
   87 13763.026668 23714
   88 4155.036448  8149
   89 -499.065498     6
   90 -323.009200     4
   91 3860.779235 10842
   92 3203.280720  6271
   93 15151.702478 15863
   94 10339.687280 23772
   95 -1623.797289     5
   96 -177.162193     9
   97 -69.280230     9
   98 2066.679192 21222
   99 481.285119  1573
  100 13241.583725 22037
  101 1331.007860   828
  102 -570.054854     9
  103 6945.564290 12746
  104 -2348.027087     1
  105 1423.498771   314
  106 -734.543185     9
  107 5048.433573 23962
  108 -1125.763198     1
  109 2328.660405 23513
  110 6609.225388 12081
  111 -213.626004     9
  112 8269.971767 13467
  113 7511.898397 27528
  114 -128.791106     4
  115 -72.775187     9
  116 1838.336986 10984
  117 -1056.407133     4
  118 -124.391027     8
  119 -721.645302     3
  120 -1086.434913     1
  121 6615.059974 19028
  122 -1139.130895     1
  123 -647.579266     9
  124 1641.791053 22549
  125 -2281.980482     5
  126 -536.249705     8
  127 19294.437285 26634
  128 -349.081711     5
  129 792.652538  8009
  130 -22.676333     9
  131 8500.368720 18283
  132 7192.421195 14384
  133 2670.550978 14765
  134 14035.803593 14456
  135 -2196.446077     3
  136 4234.164409  1602
  137 1003.117255  4234
  138 6141.463412 13370
  139 8191.669342  6832
  140 7484.902093 23847
  141 2196.566211  6524
  142 17183.157390 25512
  143 -58.779070     7
  144 13698.498475 21094
  145 6766.236447 23238
  146 -346.715801     4
  147 5747.670953 23525
  148 -183.075198     4
  149 -572.004561     7
  150 851.564809   294
  151 11332.805895 10172
  152 -1275.784888     8
  153 544.784714 21958
  154 -1069.231980     2
  155 -1486.895784     1
  156 916.681539 19828
  157 -1233.685212     7
  158 2958.386908   731
  159 -45.100986     1
  160 16035.575110 15722
  161 4270.981783  3195
  162 3446.858158  1887
  163 2623.356817  3101
  164 815.739760  2558
  165 -1352.709333     9
  166 -280.204548     1
  167 7818.036132  7462
  168 -26.055109     9
  169 8039.294211  1250
  170 4834.965132 17861
  171 8348.794649 13695
  172 7660.799617 24490
  173 -2796.769612     7
  174 -407.416273     1
  175 -283.120140     8
  176 8734.370589 25213
  177 -308.011425     9
  178 -2972.946404     4
  179 8241.770214 11841
  180 14490.816797 26142
  181 2960.579932  3905
  182 20183.874714 18518
  183 12958.971702 26181
  184 -897.925060     0
  185 333.547528  6201
  186 -1119.597937     3
  187 -1130.581629     1
  188 5681.221054  3731
  189 -1112.613033     0
  190 3389.486736   594
  191 19040.455164 20258
  192 2615.928634  8869
  193 102.436562 11140
  194 -258.097139     1
  195 -220.044782     4
  196 -763.646863     6
  197 8252.519378  7350
  198 22935.578667 24250
  199 -1905.155458     5
  200 6088.972268 16020
  201 4697.808581  6709
  202 5517.443815 12541
  203 -124.390974     3
  204 -2754.074356     5
  205 3876.426377 20824
  206 -522.487225     2
  207 662.744750 10814
  208 6583.551060 20022
  209 -1225.452174     5
  210 171.189691   251
  211 782.696104  1080
  212 6981.708022 15517
  213 6252.278194 23377
  214 -243.456500     2
  215 -1270.483283     5
  216 -622.257421     7
  217 1153.795812  1281
  218 10603.699688 21838
  219 -939.814334     3
  220 -1121.761370     0
  221 2834.392753 12350
  222 14597.447135  9458
  223 -1068.399165     5
  224 -1044.827562     0
  225 30345.092939 21527
  226 16641.364747 15425
  227 -3427.504585     8
  228 5352.292270 24261
  229 9329.888367 12613
  230 -1080.093245     3
  231 1660.251163 25599
  232 886.860233 22069
  233 1136.773043  2552
  234 -332.808513     3
  235 5154.773503  4764
  236 -223.002473     2
  237 694.110206 11817
  238 -1023.168021     9
  239 11618.893195  8720
  240 -52.577311     4
  241 215.060736   876
  242 -1271.239460     4
  243 5355.023600 21854
  244 10346.307185 19497
  245 -464.904125     1
  246 -1125.668385     2
  247 385.660889   546
  248 1241.986990 22208
  249 -168.943321     3
  250 2508.851650  7189
  251 -425.363697     8
  252 4538.159669  5355
  253 -2853.789248     9
  254 687.609770    80
  255 -3444.658143     5
  256 8836.325115 23594
  257 13982.415336 22728
  258 -339.219681     1
  259 6964.006170 12216
  260 2711.062262   214
  261 26439.915647 19666
  262 -103.144120     7
  263 692.822846    74
  264 -1043.851401     0
  265 -106.752562     6
  266 3769.520883 16029
  267 137.867491 16240
  268 3388.313200 27269
  269 21539.539050 23404
  270 -424.944251     7
  271 3457.519666  3066
  272 -1014.701710     9
  273 380.394112  3236
  274 13067.987226  8977
  275 -496.329203     2
  276 7280.254179 25687
  277 25560.290305 26575
  278 26591.472623 23229
  279 -2512.449417     4
  280 -817.711587     2
  281 8979.856765 23859
  282 5972.534160  6530
  283 -820.061801     7
  284 16752.664730 10765
  285 11379.484405 15705
  286 11374.217798 24767
  287 3865.957147 14460
  288 6269.461428 17963
  289 848.173892 16428
  290 -899.625492     6
  291 26238.632411 26421
  292 3056.662347 21578
  293 5072.487282 10799
  294 202.239361  3784
  295 -439.674698     8
  296 -607.165640     2
  297 -1749.553465     8
  298 16536.054651 18046
  299 401.758974 14927
  300 18058.528459 19137
