300
    1 1435.541496     1
    2 5386.581479 16119
    3 4153.245497 22552
    4 -1048.876122     7
    5 -1285.005636     3
    6 3965.395806 17605
    7 -292.548260     0
    8 -318.853457     6
    9 -984.005917     9
   10 3321.209612  5019
   11 90.827480 11402
   12 -1096.587205     2
   13 9016.883722  7882
   14 4553.251388 20490
   15 8514.448255  5438
   16 6977.845955 18433
   17 -583.613920     5
   18 3162.499356 12080
   19 4034.122643  6863
   20 14538.585520 23698
   21 -541.011974     1
   22 985.834068  1611
   23 5719.467641   525
   24 -280.898780     6
   25 -141.085597     8
   26 -307.774153     1
   27 26190.675544 20096
   28 -1485.840699     8
   29 -341.241837     7
   30 -1592.138227     1
   31 8252.809900 24956
   32 5337.633628 18649
   33 -463.616794     5
   34 9555.811771 14086
   35 -3814.068304     1
   36 181.635545   763
   37 1780.190717 14573
   38 7758.757067 22063
   39 -433.177701     7
   40 10112.415356 18419
   41 4733.784807 21823
   42 -617.402230     2
   43 12524.080516 15275
   44 766.745870 15882
   45 8740.842844 14868
   46 -825.199109     8
   47 -257.367835     7
   48 -545.449543     1
   49 532.327450  2208
   50 -433.304933     1
   51 -525.678604     2
   52 12652.354757 19961
   53 28025.964754 20395
   54 15101.893458 26497
   55 -1408.635109     1
   56 12838.279596 17654
   57 5637.109690  4613
   58 -1559.043698     3
   59 6848.491269 14985
   60 5.998596  2593
   61 3829.344868 10343
   62 -512.884534     5
   63 -114.582499     6
   64 -1027.065717     5
   65 1180.169746  2104
   66 -742.730748     3
   67 -413.226440     0
   68 2271.026553 20634
   69 24161.342991 17064
   70 -233.624171     3
   71 19652.455563 21647
   72 23353.106163 25568
   73 -81.554898     1
   74 23891.305768 18628
   75 1181.243675  1257
   76 5313.241622 14979
   77 -223.273842     9
   78 16663.551405 13258
   79 382.271312  2568
   80 6390.481941 22553
   81 5276.628460 12082
   82 -1585.512466     2
   83 12258.773515 15949
   84 9289.435152 22106
   85 5326.313632 13544
   86 19.488248  6255
   87 1338.899865 23714
   88 7921.348178  8149
   89 -2111.080704     6
   90 -1029.585304     4
   91 9743.403785 10842
   92 15785.133809  6271
   93 5316.713921 15863
   94 3510.340893 23772
   95 -10.123800     5
   96 -441.586214     9
   97 -193.332914     9
   98 10863.067343 21222
   99 1085.885735  1573
  100 6626.640453 22037
  101 146.217028   828
  102 -323.426981     9
  103 8512.294217 12746
  104 -469.973063     1
  105 2666.651772   314
  106 -1667.618395     9
  107 7813.859433 23962
  108 -1681.046250     1
  109 7782.698654 23513
  110 7928.579441 12081
  111 -1634.402845     9
  112 7024.789036 13467
  113 21195.997577 27528
  114 -256.599054     4
  115 -733.953230     9
  116 6404.844182 10984
  117 -1768.401641     4
  118 -792.154888     8
  119 -431.571266     3
  120 -691.900757     1
  121 9208.178902 19028
  122 -1156.901442     1
  123 -366.515557     9
  124 13717.300910 22549
  125 -680.073062     5
  126 -1250.786112     8
  127 4654.756732 26634
  128 -550.022804     5
  129 3590.319422  8009
  130 -177.567335     9
  131 11792.017014 18283
  132 9655.842957 14384
  133 14304.706993 14765
  134 3049.207663 14456
  135 -1383.561230     3
  136 3139.670262  1602
  137 2509.064270  4234
  138 7304.435660 13370
  139 1981.531363  6832
  140 17335.893676 23847
  141 1532.021089  6524
  142 15812.069289 25512
  143 -398.438789     7
  144 10423.415675 21094
  145 28961.417158 23238
  146 -137.383993     4
  147 12357.937754 23525
  148 -867.628388     4
  149 -709.935732     7
  150 2599.708183   294
  151 9824.988753 10172
  152 -1352.513282     8
  153 12894.819990 21958
  154 -2322.785708     2
  155 -371.302359     1
  156 3550.594691 19828
  157 -896.127263     7
  158 4276.918332   731
  159 -658.514787     1
  160 20446.837665 15722
  161 4988.220478  3195
  162 796.781426  1887
  163 640.612812  3101
  164 352.472229  2558
  165 -3008.219331     9
  166 -1907.439073     1
  167 4141.125382  7462
  168 -168.757555     9
  169 3010.754869  1250
  170 12910.616048 17861
  171 7632.570017 13695
  172 3671.857226 24490
  173 -819.139199     7
  174 -974.744404     1
  175 -262.756401     8
  176 9347.679197 25213
  177 -1509.497293     9
  178 -801.021463     4
  179 11717.700661 11841
  180 3024.079013 26142
  181 1023.752024  3905
  182 3637.110072 18518
  183 13260.382373 26181
  184 -1208.885876     0
  185 3896.396039  6201
  186 -1031.668649     3
  187 -588.140475     1
  188 1127.739023  3731
  189 -284.815114     0
  190 4819.338229   594
  191 9153.058092 20258
  192 1859.058661  8869
  193 1807.681987 11140
  194 -1088.037886     1
  195 -822.102809     4
  196 -471.072956     6
  197 6772.923482  7350
  198 18058.214866 24250
  199 -1968.348783     5
  200 15299.573314 16020
  201 9836.624315  6709
  202 982.141362 12541
  203 -1731.962251     3
  204 -1497.134074     5
  205 2025.831617 20824
  206 -140.588534     2
  207 2444.021494 10814
  208 16006.170542 20022
  209 -324.723629     5
  210 2302.491940   251
  211 448.940089  1080
  212 10384.138037 15517
  213 10866.969440 23377
  214 -2275.154544     2
  215 -298.470180     5
  216 -394.220424     7
  217 1417.628413  1281
  218 20570.778296 21838
  219 -658.948593     3
  220 -515.318290     0
  221 12263.792337 12350
  222 9282.927321  9458
  223 -106.025520     5
  224 -281.895875     0
  225 7726.571333 21527
  226 13326.083560 15425
  227 -3155.766591     8
  228 898.444895 24261
  229 10312.249211 12613
  230 -2406.454833     3
  231 8588.636504 25599
  232 24976.193948 22069
  233 253.157478  2552
  234 -2942.566591     3
  235 2896.786759  4764
  236 -963.705821     2
  237 1346.637698 11817
  238 -717.372939     9
  239 18031.787540  8720
  240 -637.628266     4
  241 258.152685   876
  242 -2663.161495     4
  243 1852.108776 21854
  244 12107.004745 19497
  245 -53.210730     1
  246 -31.000394     2
  247 410.989253   546
  248 924.692348 22208
  249 -338.235090     3
  250 218.536779  7189
  251 -239.141111     8
  252 1550.630649  5355
  253 -1140.606050     9
  254 766.467664    80
  255 -587.715231     5
  256 962.200856 23594
  257 6328.598663 22728
  258 -345.603512     1
  259 15083.382936 12216
  260 7254.652915   214
  261 9397.481746 19666
  262 -168.569416     7
  263 212.057939    74
  264 -99.276048     0
  265 -22.444578     6
  266 1949.860278 16029
  267 4768.941851 16240
  268 16835.359163 27269
  269 2019.405508 23404
  270 -905.810516     7
  271 4375.176000  3066
  272 -275.161637     9
  273 1247.696206  3236
  274 978.826478  8977
  275 -199.738910     2
  276 7968.173059 25687
  277 4549.770839 26575
  278 8363.116242 23229
  279 -1693.397628     4
  280 -1227.109578     2
  281 29009.240140 23859
  282 267.963867  6530
  283 -1092.482421     7
  284 5850.021400 10765
  285 3571.675262 15705
  286 11142.622584 24767
  287 16332.213412 14460
  288 3010.689025 17963
  289 8252.262678 16428
  290 -520.298689     6
  291 2204.127424 26421
  292 3479.839191 21578
  293 3768.696409 10799
  294 4410.985529  3784
  295 -1305.692820     8
  296 -989.367751     2
  297 -2786.668520     8
  298 2870.201635 18046
  299 9498.613778 14927
  300 8561.148038 19137
