300
    1 415.794715     1
    2 11333.146260 16119
    3 18824.846557 22552
    4 -1074.166743     7
    5 -745.661780     3
    6 3117.577474 17605
    7 -16.361204     0
    8 -1334.827829     6
    9 -570.876259     9
   10 4937.441205  5019
   11 17477.012616 11402
   12 -595.618749     2
   13 8008.285031  7882
   14 16504.939996 20490
   15 6434.788404  5438
   16 2622.586636 18433
   17 -973.765905     5
   18 1565.766817 12080
   19 6330.351881  6863
   20 6124.362866 23698
   21 -352.031927     1
   22 6110.235120  1611
   23 2472.327231   525
   24 -694.106793     6
   25 -152.385520     8
   26 -106.644291     1
   27 20856.931270 20096
   28 -1433.128592     8
   29 -65.467752     7
   30 -1738.962303     1
   31 1432.077183 24956
   32 2243.418870 18649
   33 -6.738983     5
   34 404.469590 14086
   35 -3.276542     1
   36 3509.563972   763
   37 8750.766341 14573
   38 9133.781152 22063
   39 -1641.577426     7
   40 6995.660596 18419
   41 4628.526072 21823
   42 -56.468786     2
   43 13667.676422 15275
   44 484.694928 15882
   45 4765.745117 14868
   46 -626.431608     8
   47 -1032.148044     7
   48 -102.789609     1
   49 4266.716311  2208
   50 -1095.783665     1
   51 -824.019073     2
   52 6188.598449 19961
   53 6288.573416 20395
   54 5407.844669 26497
   55 -948.828819     1
   56 19733.055925 17654
   57 2954.002951  4613
   58 -1708.215548     3
   59 13154.053411 14985
   60 5316.935181  2593
   61 950.331252 10343
   62 -1792.254751     5
   63 -592.415174     6
   64 -2054.300385     5
   65 8228.401755  2104
   66 -807.611321     3
   67 -817.679209     0
   68 4291.697765 20634
   69 3224.547803 17064
   70 -466.194130     3
   71 4575.427927 21647
   72 32100.908098 25568
   73 -658.925614     1
   74 8689.147291 18628
   75 826.085548  1257
   76 1242.537147 14979
   77 -671.762309     9
   78 26251.056308 13258
   79 5676.961526  2568
   80 806.674385 22553
   81 1084.890814 12082
   82 -499.594493     2
   83 14104.035204 15949
   84 19145.322360 22106
   85 4453.488881 13544
   86 2324.166173  6255
   87 14053.633800 23714
   88 13311.251919  8149
   89 -1742.892565     6
   90 -801.635268     4
   91 3263.400917 10842
   92 494.671694  6271
   93 1174.957665 15863
   94 8524.583853 23772
   95 -140.041437     5
   96 -253.132039     9
   97 -624.642101     9
   98 25232.527594 21222
   99 2156.654172  1573
  100 6602.279094 22037
  101 1424.466223   828
  102 -1074.315196     9
  103 10383.011964 12746
  104 -2682.448354     1
  105 4583.240556   314
  106 -641.597967     9
  107 1185.161360 23962
  108 -173.363500     1
  109 17867.929362 23513
  110 276.678471 12081
  111 -99.081413     9
  112 5936.857950 13467
  113 22801.971912 27528
  114 -641.765194     4
  115 -422.659784     9
  116 2464.039707 10984
  117 -1662.580893     4
  118 -495.468375     8
  119 -1764.602555     3
  120 -410.423624     1
  121 11804.867853 19028
  122 -830.882093     1
  123 -801.819507     9
  124 22100.357658 22549
  125 -627.338717     5
  126 -806.668113     8
  127 4051.947883 26634
  128 -1496.487299     5
  129 9443.903528  8009
  130 -102.126142     9
  131 1008.811876 18283
  132 4365.935739 14384
  133 8743.824819 14765
  134 4069.268250 14456
  135 -1316.933527     3
  136 3649.219666  1602
  137 3042.198398  4234
  138 2819.174866 13370
  139 4894.736355  6832
  140 3454.744493 23847
  141 11649.340522  6524
  142 6178.723985 25512
  143 -283.768734     7
  144 10609.209686 21094
  145 4215.243570 23238
  146 -811.748559     4
  147 13027.519642 23525
  148 -753.716123     4
  149 -80.659813     7
  150 2186.022380   294
  151 10378.811960 10172
  152 -1120.757231     8
  153 10600.771302 21958
  154 -214.732538     2
  155 -209.930661     1
  156 2060.482091 19828
  157 -1402.162040     7
  158 4697.735087   731
  159 -96.483923     1
  160 10764.899016 15722
  161 2506.594085  3195
  162 2639.906189  1887
  163 3646.790177  3101
  164 4136.474780  2558
  165 -110.929890     9
  166 -1969.830660     1
  167 7790.527039  7462
  168 -479.016267     9
  169 4604.666037  1250
  170 911.418411 17861
  171 13766.987811 13695
  172 1288.317514 24490
  173 -688.682308     7
  174 -41.084450     1
  175 -851.747811     8
  176 26736.118251 25213
  177 -323.389315     9
  178 -3637.913718     4
  179 3781.314296 11841
  180 11093.533031 26142
  181 2480.296232  3905
  182 20095.255386 18518
  183 9616.356925 26181
  184 -1616.062284     0
  185 7708.188000  6201
  186 -181.420497     3
  187 -932.718301     1
  188 29.474312  3731
  189 -191.602448     0
  190 1709.497280   594
  191 7880.157959 20258
  192 5965.103604  8869
  193 1914.597723 11140
  194 -535.510901     1
  195 -874.949549     4
  196 -1373.294584     6
  197 2319.923579  7350
  198 2422.182658 24250
  199 -75.186026     5
  200 10222.131969 16020
  201 10112.294011  6709
  202 2416.924264 12541
  203 -1134.726533     3
  204 -1378.949873     5
  205 5020.095277 20824
  206 -643.025059     2
  207 5499.553157 10814
  208 1819.130969 20022
  209 -1906.287578     5
  210 436.760392   251
  211 1020.627229  1080
  212 292.356867 15517
  213 3078.802454 23377
  214 -2204.403297     2
  215 -1051.671748     5
  216 -623.514794     7
  217 5455.405885  1281
  218 11449.176447 21838
  219 -344.180431     3
  220 -708.605020     0
  221 19086.541678 12350
  222 6123.986731  9458
  223 -399.955551     5
  224 -218.349544     0
  225 13656.210644 21527
  226 2916.096111 15425
  227 -893.077768     8
  228 11717.747479 24261
  229 151.266420 12613
  230 -93.407384     3
  231 3107.155038 25599
  232 8808.656751 22069
  233 1090.974874  2552
  234 -1768.560225     3
  235 6085.795501  4764
  236 -819.312446     2
  237 9653.697365 11817
  238 -430.162513     9
  239 3358.274959  8720
  240 -954.173856     4
  241 4055.209756   876
  242 -2435.096558     4
  243 8306.603861 21854
  244 12507.012774 19497
  245 -288.973192     1
  246 -874.729836     2
  247 797.197736   546
  248 24402.550404 22208
  249 -317.727308     3
  250 14300.959087  7189
  251 -1326.566037     8
  252 3943.195830  5355
  253 -786.826147     9
  254 4378.008465    80
  255 -18.100759     5
  256 10725.249493 23594
  257 25771.593517 22728
  258 -51.190529     1
  259 10128.941607 12216
  260 1689.341495   214
  261 793.660724 19666
  262 -154.595022     7
  263 2203.905698    74
  264 -2354.965701     0
  265 -1705.581023     6
  266 4563.543423 16029
  267 5962.027504 16240
  268 4286.899380 27269
  269 1761.648147 23404
  270 -1254.868490     7
  271 2546.833341  3066
  272 -493.688143     9
  273 8235.201324  3236
  274 3296.677005  8977
  275 -1383.897904     2
  276 996.533991 25687
  277 11528.970020 26575
  278 10765.675444 23229
  279 -980.772227     4
  280 -366.709749     2
  281 2936.568950 23859
  282 1648.861023  6530
  283 -1518.348404     7
  284 3066.774239 10765
  285 14877.141225 15705
  286 17714.077653 24767
  287 3287.386904 14460
  288 2632.341298 17963
  289 1302.701209 16428
  290 -510.068145     6
  291 20116.697592 26421
  292 744.037431 21578
  293 9852.892209 10799
  294 7431.832460  3784
  295 -1743.348276     8
  296 -764.466076     2
  297 -683.039209     8
  298 22360.988636 18046
  299 8034.776309 14927
  300 14537.184919 19137
