300
    1 2051.560809     1
    2 2531.884255 16119
    3 9379.261297 22552
    4 -1657.630854     7
    5 -161.106725     3
    6 2099.079609 17605
    7 -168.194195     0
    8 -706.779728     6
    9 -528.578108     9
   10 1879.629055  5019
   11 3977.226772 11402
   12 -221.271876     2
   13 1697.552881  7882
   14 1196.425233 20490
   15 1607.770655  5438
   16 6687.883065 18433
   17 -792.793554     5
   18 6194.117526 12080
   19 8401.696417  6863
   20 227.527987 23698
   21 -1282.862395     1
   22 2772.929618  1611
   23 1316.419988   525
   24 -362.039809     6
   25 -105.086671     8
   26 -519.859858     1
   27 5224.089812 20096
   28 -501.498173     8
   29 -720.482795     7
   30 -2475.244880     1
   31 3272.978860 24956
   32 8624.222663 18649
   33 -2220.193942     5
   34 6877.412741 14086
   35 -963.799487     1
   36 2472.596655   763
   37 2842.616702 14573
   38 4758.928299 22063
   39 -72.849484     7
   40 2323.984936 18419
   41 17401.638461 21823
   42 -317.929665     2
   43 48.110626 15275
   44 13577.529776 15882
   45 560.719873 14868
   46 -357.090531     8
   47 -1390.217843     7
   48 -1167.196777     1
   49 3467.547936  2208
   50 -710.110286     1
   51 -1115.259484     2
   52 10137.260481 19961
   53 1842.333355 20395
   54 16594.592606 26497
   55 -481.365153     1
   56 2726.669646 17654
   57 5044.486540  4613
   58 -1441.812751     3
   59 18571.806839 14985
   60 8809.944738  2593
   61 6305.879973 10343
   62 -1444.673523     5
   63 -337.178283     6
   64 -1023.641041     5
   65 5601.209887  2104
   66 -5.993595     3
   67 -1539.803869     0
   68 12703.704139 20634
   69 5693.210558 17064
   70 -848.992217     3
   71 1056.715111 21647
   72 7688.085931 25568
   73 -552.147484     1
   74 1160.229188 18628
   75 1211.810332  1257
   76 15243.336656 14979
   77 -302.623829     9
   78 6571.740075 13258
   79 5155.871081  2568
   80 4024.281288 22553
   81 8315.599255 12082
   82 -609.349710     2
   83 15675.760281 15949
   84 14645.611729 22106
   85 22869.870117 13544
   86 2924.171188  6255
   87 2081.497657 23714
   88 8537.769344  8149
   89 -300.204960     6
   90 -774.081565     4
   91 11945.763156 10842
   92 12707.511864  6271
   93 15070.712156 15863
   94 16906.461927 23772
   95 -648.901836     5
   96 -563.551390     9
   97 -1503.457204     9
   98 1140.777772 21222
   99 3552.662973  1573
  100 9233.592153 22037
  101 1573.513753   828
  102 -779.200506     9
  103 3722.889712 12746
  104 -215.601813     1
  105 2932.355051   314
  106 -2888.952658     9
  107 4682.017543 23962
  108 -293.198951     1
  109 24905.862303 23513
  110 17546.147761 12081
  111 -316.351560     9
  112 7042.422614 13467
  113 11471.203134 27528
  114 -534.650318     4
  115 -289.135223     9
  116 3617.729792 10984
  117 -901.812418     4
  118 -1169.429762     8
  119 -688.279039     3
  120 -1838.477690     1
  121 7565.576151 19028
  122 -2252.422565     1
  123 -4998.445557     9
  124 1105.579299 22549
  125 -881.857906     5
  126 -360.171544     8
  127 13258.724833 26634
  128 -457.549316     5
  129 704.810491  8009
  130 -186.418996     9
  131 15174.885796 18283
  132 5008.523459 14384
  133 6840.547980 14765
  134 12030.879388 14456
  135 -2796.266911     3
  136 5621.120732  1602
  137 131.252986  4234
  138 7155.391883 13370
  139 2477.271166  6832
  140 10936.993820 23847
  141 1711.248797  6524
  142 14356.083224 25512
  143 -2167.003237     7
  144 3188.391017 21094
  145 16193.233125 23238
  146 -566.734604     4
  147 17665.079501 23525
  148 -831.388535     4
  149 -638.511597     7
  150 2106.209290   294
  151 5765.300409 10172
  152 -2592.256816     8
  153 12832.757090 21958
  154 -792.652542     2
  155 -1937.326267     1
  156 18248.163945 19828
  157 -240.554730     7
  158 1937.915503   731
  159 -626.278819     1
  160 6978.576494 15722
  161 5554.509694  3195
  162 1687.876454  1887
  163 4817.988696  3101
  164 695.653699  2558
  165 -508.846677     9
  166 -1817.780160     1
  167 2011.052478  7462
  168 -1756.814738     9
  169 1948.373874  1250
  170 129.586002 17861
  171 10684.180320 13695
  172 4773.189999 24490
  173 -952.725829     7
  174 -728.547852     1
  175 -1735.597825     8
  176 11488.737387 25213
  177 -109.740272     9
  178 -570.454269     4
  179 5075.463876 11841
  180 26920.276262 26142
  181 18.374251  3905
  182 13821.911866 18518
  183 44314.878204 26181
  184 -359.179781     0
  185 2227.892445  6201
  186 -559.953919     3
  187 -618.712572     1
  188 4064.789926  3731
  189 -823.678188     0
  190 656.271114   594
  191 12718.227468 20258
  192 1520.145570  8869
  193 4343.357838 11140
  194 -1833.223433     1
  195 -87.028127     4
  196 -1270.910065     6
  197 6151.894385  7350
  198 37086.604614 24250
  199 -894.247389     5
  200 16397.666563 16020
  201 9057.338295  6709
  202 10143.075451 12541
  203 -901.802959     3
  204 -314.214834     5
  205 13283.204778 20824
  206 -611.964346     2
  207 9507.274488 10814
  208 17275.516774 20022
  209 -2922.188731     5
  210 1408.068804   251
  211 391.187927  1080
  212 23022.095194 15517
  213 7025.432495 23377
  214 -2860.246777     2
  215 -1424.957791     5
  216 -133.317705     7
  217 2682.254481  1281
  218 9740.252518 21838
  219 -904.232722     3
  220 -844.043494     0
  221 10266.773748 12350
  222 2632.756361  9458
  223 -74.968608     5
  224 -4054.549834     0
  225 3047.074059 21527
  226 14782.890113 15425
  227 -191.864920     8
  228 504.820531 24261
  229 4078.401804 12613
  230 -511.173407     3
  231 6979.144771 25599
  232 13120.484947 22069
  233 2193.136593  2552
  234 -1080.030587     3
  235 8943.733247  4764
  236 -154.175503     2
  237 8459.009633 11817
  238 -492.764572     9
  239 2581.026261  8720
  240 -497.602139     4
  241 3539.542368   876
  242 -77.148427     4
  243 16936.716979 21854
  244 5847.773916 19497
  245 -53.884229     1
  246 -1817.998076     2
  247 6642.415701   546
  248 21941.834217 22208
  249 -230.422139     3
  250 1061.555650  7189
  251 -1015.113307     8
  252 5587.175920  5355
  253 -213.355706     9
  254 586.997709    80
  255 -2405.435360     5
  256 5222.672826 23594
  257 8514.103321 22728
  258 -1770.216958     1
  259 8121.333091 12216
  260 5549.045222   214
  261 3384.529352 19666
  262 -459.992468     7
  263 628.226729    74
  264 -538.302842     0
  265 -666.791546     6
  266 4223.893723 16029
  267 15764.804751 16240
  268 614.671165 27269
  269 6358.164971 23404
  270 -739.426050     7
  271 5068.025413  3066
  272 -796.708200     9
  273 3661.359498  3236
  274 8991.394407  8977
  275 -730.598074     2
  276 16056.504455 25687
  277 4028.569406 26575
  278 17280.338281 23229
  279 -4875.774823     4
  280 -270.186556     2
  281 19.706174 23859
  282 5424.502458  6530
  283 -689.695294     7
  284 12410.335379 10765
  285 10763.559572 15705
  286 3125.516784 24767
  287 14471.561256 14460
  288 7811.464087 17963
  289 8078.399388 16428
  290 -598.128214     6
  291 15631.268302 26421
  292 3428.123946 21578
  293 5466.754419 10799
  294 382.444362  3784
  295 -575.448746     8
  296 -2846.157384     2
  297 -909.309076     8
  298 2194.684284 18046
  299 2490.826564 14927
  300 20993.992181 19137
