300
    1 2492.618478     1
    2 3370.925177 16119
    3 3964.774618 22552
    4 -1884.841023     7
    5 -1261.403120     3
    6 7861.425019 17605
    7 -204.415122     0
    8 -1045.574429     6
    9 -2196.472774     9
   10 6294.724877  5019
   11 1583.797075 11402
   12 -1843.040401     2
   13 8370.413662  7882
   14 17936.916360 20490
   15 5235.610087  5438
   16 248.659579 18433
   17 -1182.802764     5
   18 2370.548886 12080
   19 6597.263544  6863
   20 12119.959236 23698
   21 -121.807435     1
   22 3445.289086  1611
   23 6027.133778   525
   24 -2004.076623     6
   25 -471.267093     8
   26 -1798.311314     1
   27 15138.923528 20096
   28 -1798.928637     8
   29 -341.307903     7
   30 -1089.170816     1
   31 18065.260405 24956
   32 7198.651514 18649
   33 -942.798934     5
   34 4472.319085 14086
   35 -1141.369166     1
   36 308.959770   763
   37 266.521807 14573
   38 12273.053162 22063
   39 -422.986550     7
   40 18870.135820 18419
   41 22530.367794 21823
   42 -1817.932819     2
   43 990.440525 15275
   44 1186.772223 15882
   45 6603.436494 14868
   46 -712.618393     8
   47 -268.632016     7
   48 -263.983311     1
   49 2510.885396  2208
   50 -552.237118     1
   51 -1861.661896     2
   52 698.634889 19961
   53 976.247773 20395
   54 21348.268668 26497
   55 -1096.743053     1
   56 723.260733 17654
   57 7217.775294  4613
   58 -1268.199911     3
   59 5893.080854 14985
   60 2247.317977  2593
   61 17030.159390 10343
   62 -180.084769     5
   63 -340.131223     6
   64 -215.782595     5
   65 1455.980614  2104
   66 -187.881411     3
   67 -913.071267     0
   68 16540.112490 20634
   69 27646.917318 17064
   70 -1081.825350     3
   71 5808.547711 21647
   72 18078.368902 25568
   73 -440.031259     1
   74 10635.809663 18628
   75 5251.532933  1257
   76 499.547909 14979
   77 -1420.673556     9
   78 4582.672824 13258
   79 1202.485885  2568
   80 6432.289484 22553
   81 2813.378733 12082
   82 -51.881047     2
   83 1989.599897 15949
   84 2160.985395 22106
   85 4291.470056 13544
   86 962.766715  6255
   87 33860.637349 23714
   88 21411.053752  8149
   89 -1536.883890     6
   90 -2024.085820     4
   91 4677.181618 10842
   92 6631.455606  6271
   93 1226.148719 15863
   94 3595.388321 23772
   95 -890.767532     5
   96 -319.607385     9
   97 -999.979398     9
   98 15882.013308 21222
   99 3896.231508  1573
  100 8116.299617 22037
  101 122.626758   828
  102 -628.369227     9
  103 1669.275353 12746
  104 -1970.393036     1
  105 863.477095   314
  106 -2509.971024     9
  107 24525.797113 23962
  108 -255.448630     1
  109 16377.563870 23513
  110 6242.035053 12081
  111 -686.041027     9
  112 4806.648436 13467
  113 36394.385956 27528
  114 -452.132814     4
  115 -1057.749055     9
  116 16289.876142 10984
  117 -301.127535     4
  118 -395.542779     8
  119 -2622.952382     3
  120 -2708.596705     1
  121 12746.758605 19028
  122 -252.116527     1
  123 -1298.723136     9
  124 14574.465643 22549
  125 -408.982807     5
  126 -627.668685     8
  127 1482.859239 26634
  128 -265.955769     5
  129 5578.976637  8009
  130 -904.770719     9
  131 1244.652527 18283
  132 11929.484894 14384
  133 32435.077577 14765
  134 2668.787450 14456
  135 -2953.851309     3
  136 1276.711112  1602
  137 2431.349751  4234
  138 4329.910759 13370
  139 9760.828209  6832
  140 5327.701345 23847
  141 7330.115749  6524
  142 6656.284138 25512
  143 -794.095684     7
  144 17551.916897 21094
  145 19729.143937 23238
  146 -1381.892258     4
  147 6143.113622 23525
  148 -1642.140893     4
  149 -269.031229     7
  150 417.193400   294
  151 7079.360411 10172
  152 -430.092309     8
  153 931.018620 21958
  154 -506.567021     2
  155 -494.134072     1
  156 8044.299275 19828
  157 -503.597725     7
  158 2900.398392   731
  159 -1949.955100     1
  160 6171.573900 15722
  161 362.522272  3195
  162 3624.638346  1887
  163 1351.074464  3101
  164 3088.891604  2558
  165 -1172.247433     9
  166 -212.224829     1
  167 4797.842252  7462
  168 -86.951196     9
  169 2820.055411  1250
  170 10453.337764 17861
  171 10278.664678 13695
  172 16696.552004 24490
  173 -658.429947     7
  174 -1139.377391     1
  175 -537.809269     8
  176 1434.787408 25213
  177 -267.813537     9
  178 -715.268908     4
  179 6042.289422 11841
  180 24549.625711 26142
  181 3861.403484  3905
  182 7361.171684 18518
  183 30465.530761 26181
  184 -1398.845474     0
  185 8096.386386  6201
  186 -1089.618935     3
  187 -78.094257     1
  188 7665.586182  3731
  189 -770.998761     0
  190 485.347771   594
  191 9426.054046 20258
  192 1644.244261  8869
  193 8802.059850 11140
  194 -1395.278100     1
  195 -1432.555007     4
  196 -1294.413580     6
  197 12863.248911  7350
  198 496.071679 24250
  199 -19.752108     5
  200 1207.083258 16020
  201 4042.804312  6709
  202 3852.803840 12541
  203 -530.543836     3
  204 -64.238220     5
  205 6338.346025 20824
  206 -178.487276     2
  207 5808.186908 10814
  208 6369.798024 20022
  209 -98.821221     5
  210 373.018304   251
  211 4154.460039  1080
  212 3068.750143 15517
  213 6201.164527 23377
  214 -537.179803     2
  215 -1293.672400     5
  216 -1566.002885     7
  217 3482.895650  1281
  218 8499.337328 21838
  219 -1145.752797     3
  220 -362.346855     0
  221 6642.406827 12350
  222 5237.024944  9458
  223 -781.685069     5
  224 -1170.799863     0
  225 30013.049705 21527
  226 11297.537628 15425
  227 -1281.326595     8
  228 15805.790926 24261
  229 8279.283503 12613
  230 -85.523097     3
  231 15067.466272 25599
  232 60.963436 22069
  233 1169.700106  2552
  234 -422.062987     3
  235 3014.365021  4764
  236 -450.088433     2
  237 10880.743571 11817
  238 -1126.782257     9
  239 6615.870899  8720
  240 -315.645718     4
  241 1014.648779   876
  242 -2487.524502     4
  243 14924.885362 21854
  244 773.300393 19497
  245 -1267.906470     1
  246 -2374.181890     2
  247 1308.916934   546
  248 4957.868862 22208
  249 -187.726850     3
  250 2044.623048  7189
  251 -2164.968710     8
  252 757.736753  5355
  253 -532.724454     9
  254 830.458492    80
  255 -772.424633     5
  256 4301.006711 23594
  257 10606.942980 22728
  258 -2082.208477     1
  259 10162.451675 12216
  260 810.196525   214
  261 22563.061360 19666
  262 -1210.408255     7
  263 1169.161815    74
  264 -574.145186     0
  265 -540.909224     6
  266 4961.664922 16029
  267 13490.553350 16240
  268 9350.765015 27269
  269 20959.194613 23404
  270 -129.596559     7
  271 3486.491662  3066
  272 -720.414427     9
  273 2358.497185  3236
  274 1620.462896  8977
  275 -2428.913928     2
  276 46245.409303 25687
  277 7331.975167 26575
  278 2013.670973 23229
  279 -501.702780     4
  280 -202.790893     2
  281 18781.854830 23859
  282 1365.226590  6530
  283 -1274.467601     7
  284 4177.953032 10765
  285 7297.764855 15705
  286 8385.803734 24767
  287 9056.074530 14460
  288 2823.960745 17963
  289 14313.339726 16428
  290 -725.683336     6
  291 12782.235799 26421
  292 19526.263811 21578
  293 700.810576 10799
  294 2996.544166  3784
  295 -115.329380     8
  296 -22.974633     2
  297 -702.046669     8
  298 17976.504953 18046
  299 987.895056 14927
  300 22176.107700 19137
