300
    1 2773.654383     1
    2 6638.987657 16119
    3 5081.382147 22552
    4 -225.229573     7
    5 -3745.320699     3
    6 6152.901599 17605
    7 -1063.347757     0
    8 -1397.390958     6
    9 -898.463753     9
   10 3999.617014  5019
   11 1073.798179 11402
   12 -1187.533938     2
   13 3205.701657  7882
   14 107.453370 20490
   15 980.772070  5438
   16 8844.700982 18433
   17 -786.529559     5
   18 4276.635447 12080
   19 576.400241  6863
   20 16829.963279 23698
   21 -1591.642958     1
   22 2594.497239  1611
   23 2090.839852   525
   24 -1101.497011     6
   25 -381.792936     8
   26 -160.362944     1
   27 1485.628108 20096
   28 -19.669504     8
   29 -414.254841     7
   30 -2269.463415     1
   31 20127.720657 24956
   32 16992.190288 18649
   33 -2272.570190     5
   34 1491.722647 14086
   35 -1580.110167     1
   36 2189.731387   763
   37 11088.799350 14573
   38 16462.132957 22063
   39 -100.346421     7
   40 4029.543611 18419
   41 7660.120302 21823
   42 -598.683200     2
   43 310.216511 15275
   44 2868.456276 15882
   45 19067.787862 14868
   46 -1329.710726     8
   47 -417.620144     7
   48 -53.025484     1
   49 2783.016051  2208
   50 -611.538349     1
   51 -307.730252     2
   52 8122.209964 19961
   53 14223.928222 20395
   54 1706.023903 26497
   55 -408.417087     1
   56 14803.803389 17654
   57 478.867844  4613
   58 -2166.947937     3
   59 8618.422315 14985
   60 3339.054365  2593
   61 2763.511699 10343
   62 -1425.320196     5
   63 -483.309596     6
   64 -1080.569693     5
   65 6007.284265  2104
   66 -1057.587738     3
   67 -1384.138091     0
   68 4778.087031 20634
   69 6573.584059 17064
   70 -1035.506655     3
   71 0.261287 21647
   72 11430.616954 25568
   73 -963.136337     1
   74 31143.521664 18628
   75 1370.695937  1257
   76 13329.073751 14979
   77 -506.844591     9
   78 8053.066727 13258
   79 7400.029355  2568
   80 10936.009082 22553
   81 4601.005517 12082
   82 -565.216723     2
   83 2994.246941 15949
   84 3502.311913 22106
   85 529.046766 13544
   86 1938.149531  6255
   87 6996.816850 23714
   88 3288.366813  8149
   89 -179.008178     6
   90 -540.449260     4
   91 1496.436609 10842
   92 3615.689362  6271
   93 2477.751452 15863
   94 7409.913178 23772
   95 -564.506910     5
   96 -487.730989     9
   97 -1459.998030     9
   98 5250.481314 21222
   99 543.773756  1573
  100 15106.668638 22037
  101 2972.290225   828
  102 -394.249537     9
  103 17055.807042 12746
  104 -1540.580418     1
  105 2365.752809   314
  106 -17.261808     9
  107 2715.735050 23962
  108 -206.871183     1
  109 8437.950272 23513
  110 5503.357698 12081
  111 -1426.336979     9
  112 1229.423561 13467
  113 17074.565307 27528
  114 -290.237697     4
  115 -466.435678     9
  116 11889.123548 10984
  117 -1596.731381     4
  118 -644.895529     8
  119 -2382.262748     3
  120 -3139.376055     1
  121 9316.241491 19028
  122 -1603.956526     1
  123 -366.967104     9
  124 4163.412858 22549
  125 -583.979816     5
  126 -993.257943     8
  127 7834.753845 26634
  128 -969.235966     5
  129 9947.402864  8009
  130 -297.743492     9
  131 203.336460 18283
  132 4758.100136 14384
  133 4768.941101 14765
  134 5503.569857 14456
  135 -692.528022     3
  136 4604.723466  1602
  137 871.208674  4234
  138 4952.925136 13370
  139 2369.730209  6832
  140 14470.431225 23847
  141 4609.746161  6524
  142 14733.088035 25512
  143 -208.515066     7
  144 9836.428375 21094
  145 7644.970720 23238
  146 -399.538491     4
  147 2112.138851 23525
  148 -1432.991412     4
  149 -565.748975     7
  150 5375.483015   294
  151 7804.472058 10172
  152 -6.298270     8
  153 3565.617173 21958
  154 -2417.986830     2
  155 -1449.338707     1
  156 18594.207213 19828
  157 -1245.820471     7
  158 499.714735   731
  159 -495.055468     1
  160 7545.180992 15722
  161 5458.108677  3195
  162 3625.051163  1887
  163 1996.976966  3101
  164 1793.878715  2558
  165 -614.021487     9
  166 -216.780420     1
  167 565.006751  7462
  168 -1547.619359     9
  169 1752.170452  1250
  170 1112.434424 17861
  171 12428.621958 13695
  172 17033.392969 24490
  173 -508.440879     7
  174 -64.156975     1
  175 -1850.548524     8
  176 2105.246116 25213
  177 -942.444226     9
  178 -674.528087     4
  179 5664.970153 11841
  180 6042.878827 26142
  181 8819.408636  3905
  182 20465.514725 18518
  183 3566.661223 26181
  184 -3424.105610     0
  185 2378.137907  6201
  186 -274.562750     3
  187 -1092.038839     1
  188 1329.550956  3731
  189 -2089.379074     0
  190 1218.945284   594
  191 12699.090187 20258
  192 5265.148108  8869
  193 10711.989678 11140
  194 -1637.620510     1
  195 -1041.063588     4
  196 -29.363744     6
  197 2495.657791  7350
  198 30670.852470 24250
  199 -1627.328991     5
  200 962.470469 16020
  201 8262.329024  6709
  202 6234.572670 12541
  203 -1015.814974     3
  204 -325.967715     5
  205 5245.818947 20824
  206 -1077.409459     2
  207 14499.859553 10814
  208 3867.181491 20022
  209 -10.352486     5
  210 969.714194   251
  211 690.390916  1080
  212 10910.312432 15517
  213 1162.362262 23377
  214 -3723.506718     2
  215 -3447.029289     5
  216 -820.268141     7
  217 3451.672522  1281
  218 18891.619770 21838
  219 -716.594386     3
  220 -466.593564     0
  221 1730.760820 12350
  222 6299.832119  9458
  223 -294.450177     5
  224 -70.536794     0
  225 5163.224417 21527
  226 18744.061950 15425
  227 -1273.053177     8
  228 4247.451164 24261
  229 8732.830803 12613
  230 -221.956591     3
  231 7241.111292 25599
  232 8982.564413 22069
  233 1936.683921  2552
  234 -673.111767     3
  235 5092.586012  4764
  236 -59.935351     2
  237 2596.777624 11817
  238 -172.317203     9
  239 573.679028  8720
  240 -1846.428929     4
  241 2229.418014   876
  242 -225.907828     4
  243 2719.270352 21854
  244 7476.685586 19497
  245 -505.761505     1
  246 -1305.818819     2
  247 3953.032413   546
  248 10897.622915 22208
  249 -848.486594     3
  250 3728.317080  7189
  251 -1282.015745     8
  252 4716.859667  5355
  253 -1905.950766     9
  254 710.661446    80
  255 -2716.301843     5
  256 19748.929168 23594
  257 2792.731536 22728
  258 -2029.938373     1
  259 621.945805 12216
  260 2691.421735   214
  261 11430.756031 19666
  262 -51.802830     7
  263 1030.337654    74
  264 -428.683860     0
  265 -900.878721     6
  266 9233.630546 16029
  267 19367.272811 16240
  268 10831.754137 27269
  269 5147.686051 23404
  270 -995.133970     7
  271 1499.402419  3066
  272 -292.059574     9
  273 2562.204247  3236
  274 997.171127  8977
  275 -691.457465     2
  276 16419.203312 25687
  277 8720.423124 26575
  278 5328.149244 23229
  279 -287.107816     4
  280 -280.203612     2
  281 3071.002014 23859
  282 10946.446946  6530
  283 -768.412663     7
  284 4715.116495 10765
  285 3410.587874 15705
  286 3228.678682 24767
  287 11813.593850 14460
  288 4432.031847 17963
  289 5082.873728 16428
  290 -300.651433     6
  291 17281.386985 26421
  292 29572.722266 21578
  293 10778.951644 10799
  294 11570.551101  3784
  295 -494.870007     8
  296 -1727.507522     2
  297 -216.718380     8
  298 4407.515594 18046
  299 5900.150601 14927
  300 15615.672881 19137
