300
    1 2627.036396     1
    2 1635.900388 16119
    3 4650.051736 22552
    4 -1184.047553     7
    5 -1020.089485     3
    6 17399.755856 17605
    7 -321.075609     0
    8 -100.307195     6
    9 -1011.710014     9
   10 523.269099  5019
   11 3524.341071 11402
   12 -621.104346     2
   13 6520.980283  7882
   14 14451.808463 20490
   15 815.560155  5438
   16 6853.518776 18433
   17 -844.214469     5
   18 2473.423676 12080
   19 399.333095  6863
   20 23922.191626 23698
   21 -724.676521     1
   22 553.359035  1611
   23 4587.499567   525
   24 -177.295091     6
   25 -370.655762     8
   26 -978.602193     1
   27 5604.745492 20096
   28 -995.836177     8
   29 -401.287253     7
   30 -926.375846     1
   31 12900.586036 24956
   32 10568.676242 18649
   33 -1977.361485     5
   34 9578.647241 14086
   35 -170.714011     1
   36 1668.549029   763
   37 2721.980146 14573
   38 25123.173051 22063
   39 -666.342973     7
   40 25446.476026 18419
   41 12757.132330 21823
   42 -28.850811     2
   43 3313.008758 15275
   44 3459.307647 15882
   45 10935.994413 14868
   46 -662.974256     8
   47 -13.184814     7
   48 -210.683157     1
   49 2354.244752  2208
   50 -687.814592     1
   51 -222.761133     2
   52 1658.247219 19961
   53 241.702895 20395
   54 43550.667613 26497
   55 -2209.369128     1
   56 21316.113625 17654
   57 2356.848233  4613
   58 -365.583035     3
   59 2355.874600 14985
   60 1140.934112  2593
   61 13188.004042 10343
   62 -364.483166     5
   63 -333.818106     6
   64 -469.850818     5
   65 2714.705326  2104
   66 -247.509745     3
   67 -3700.194165     0
   68 8925.299299 20634
   69 4996.831584 17064
   70 -1581.586806     3
   71 5640.106346 21647
   72 20019.547584 25568
   73 -1102.919955     1
   74 2100.427747 18628
   75 665.603248  1257
   76 3174.983270 14979
   77 -1093.210158     9
   78 9412.045270 13258
   79 1643.950230  2568
   80 27314.173293 22553
   81 11651.884367 12082
   82 -620.882153     2
   83 12217.749406 15949
   84 7175.627492 22106
   85 882.187708 13544
   86 7002.487114  6255
   87 5337.801957 23714
   88 4810.630678  8149
   89 -638.934384     6
   90 -513.652256     4
   91 8749.042892 10842
   92 4280.550528  6271
   93 13538.865379 15863
   94 1873.579108 23772
   95 -638.391242     5
   96 -506.515429     9
   97 -505.374673     9
   98 10652.518126 21222
   99 3904.255360  1573
  100 786.774460 22037
  101 2464.116406   828
  102 -158.207012     9
  103 5364.505703 12746
  104 -633.478384     1
  105 3560.503074   314
  106 -876.237056     9
  107 3248.161423 23962
  108 -497.772118     1
  109 14546.405012 23513
  110 11985.167840 12081
  111 -354.297434     9
  112 10822.956643 13467
  113 28.051179 27528
  114 -259.193331     4
  115 -179.628518     9
  116 895.200560 10984
  117 -358.088491     4
  118 -2137.924609     8
  119 -1431.487099     3
  120 -1212.529005     1
  121 5511.533378 19028
  122 -1298.111465     1
  123 -1514.786414     9
  124 7381.276810 22549
  125 -2357.037084     5
  126 -72.671437     8
  127 21727.816845 26634
  128 -1131.262200     5
  129 4252.843377  8009
  130 -189.599631     9
  131 7471.394188 18283
  132 652.835891 14384
  133 382.313089 14765
  134 9512.597606 14456
  135 -299.253595     3
  136 375.610814  1602
  137 4895.695229  4234
  138 12253.065057 13370
  139 10212.703257  6832
  140 7011.977808 23847
  141 5770.525045  6524
  142 15004.115586 25512
  143 -1102.579763     7
  144 5031.378141 21094
  145 51.549339 23238
  146 -508.447636     4
  147 1088.050390 23525
  148 -965.872476     4
  149 -169.445975     7
  150 3422.287249   294
  151 616.210478 10172
  152 -399.910969     8
  153 5061.977693 21958
  154 -1179.203408     2
  155 -887.215682     1
  156 10414.520567 19828
  157 -182.982876     7
  158 1262.139349   731
  159 -961.798121     1
  160 8650.324451 15722
  161 4229.889922  3195
  162 2038.455977  1887
  163 302.243810  3101
  164 1072.021408  2558
  165 -2161.820111     9
  166 -933.447549     1
  167 10188.337321  7462
  168 -87.061105     9
  169 2286.270585  1250
  170 1245.223436 17861
  171 18417.371577 13695
  172 3605.074395 24490
  173 -2072.208631     7
  174 -1165.606986     1
  175 -604.228887     8
  176 4586.215774 25213
  177 -860.646436     9
  178 -1688.735837     4
  179 14259.533898 11841
  180 4625.147568 26142
  181 5561.326799  3905
  182 5361.340184 18518
  183 8139.452642 26181
  184 -466.029714     0
  185 3742.896662  6201
  186 -71.895786     3
  187 -1351.933172     1
  188 6046.012819  3731
  189 -742.535702     0
  190 4899.549659   594
  191 992.202950 20258
  192 52.723033  8869
  193 15304.536788 11140
  194 -304.575416     1
  195 -707.727467     4
  196 -2118.588589     6
  197 10643.560971  7350
  198 10986.053214 24250
  199 -649.761747     5
  200 3466.682224 16020
  201 4783.344692  6709
  202 4829.486881 12541
  203 -291.831903     3
  204 -1304.796918     5
  205 3702.832639 20824
  206 -440.004693     2
  207 666.955945 10814
  208 12530.803506 20022
  209 -690.175132     5
  210 716.906749   251
  211 6518.370741  1080
  212 2300.957243 15517
  213 4907.216645 23377
  214 -752.066406     2
  215 -1313.856287     5
  216 -820.783439     7
  217 3476.393694  1281
  218 2649.164301 21838
  219 -554.580504     3
  220 -442.071974     0
  221 7773.017263 12350
  222 2690.584277  9458
  223 -695.529411     5
  224 -943.276107     0
  225 9878.613173 21527
  226 5312.517711 15425
  227 -514.940217     8
  228 10914.865727 24261
  229 3161.372732 12613
  230 -382.369008     3
  231 12223.939072 25599
  232 33145.591122 22069
  233 3673.606485  2552
  234 -432.102125     3
  235 2524.190636  4764
  236 -161.679586     2
  237 13184.417467 11817
  238 -2785.266480     9
  239 10713.727141  8720
  240 -155.001353     4
  241 1607.748501   876
  242 -1410.313233     4
  243 5958.620893 21854
  244 13169.838013 19497
  245 -1076.398333     1
  246 -261.270275     2
  247 92.506177   546
  248 31344.723626 22208
  249 -373.879336     3
  250 10396.904652  7189
  251 -1484.081172     8
  252 889.218545  5355
  253 -441.569547     9
  254 1506.815085    80
  255 -1159.168012     5
  256 12616.704692 23594
  257 15901.163591 22728
  258 -488.986373     1
  259 14849.816212 12216
  260 1276.744741   214
  261 2902.239379 19666
  262 -1155.761546     7
  263 1317.584359    74
  264 -815.876172     0
  265 -677.539017     6
  266 110.390323 16029
  267 2928.977778 16240
  268 4633.896052 27269
  269 15702.547644 23404
  270 -953.285307     7
  271 397.267725  3066
  272 -3268.859036     9
  273 7290.640355  3236
  274 2304.277639  8977
  275 -326.403741     2
  276 2065.385545 25687
  277 237.782090 26575
  278 11770.606041 23229
  279 -799.111115     4
  280 -896.819183     2
  281 11900.543763 23859
  282 8106.942500  6530
  283 -330.516996     7
  284 5790.077387 10765
  285 21356.157057 15705
  286 11592.495419 24767
  287 5405.036745 14460
  288 11382.505378 17963
  289 3970.343868 16428
  290 -1082.002866     6
  291 9170.569290 26421
  292 260.601780 21578
  293 6990.131617 10799
  294 5243.010000  3784
  295 -638.239038     8
  296 -350.570413     2
  297 -2957.737595     8
  298 8116.798473 18046
  299 13846.284750 14927
  300 5813.949994 19137
