300
    1 1671.661642     1
    2 5016.184861 16119
    3 6044.807882 22552
    4 -2054.475283     7
    5 -1692.322171     3
    6 11597.033692 17605
    7 -719.807442     0
    8 -279.185213     6
    9 -205.334662     9
   10 3421.094590  5019
   11 2497.543553 11402
   12 -156.762417     2
   13 3505.149191  7882
   14 844.357223 20490
   15 7217.183438  5438
   16 7569.893293 18433
   17 -166.106550     5
   18 11414.546594 12080
   19 1028.175999  6863
   20 1871.189601 23698
   21 -265.233075     1
   22 1528.426482  1611
   23 6877.956047   525
   24 -1125.014827     6
   25 -386.595655     8
   26 -86.629185     1
   27 17934.107280 20096
   28 -1005.033885     8
   29 -160.558130     7
   30 -2170.815094     1
   31 7538.443604 24956
   32 23972.406671 18649
   33 -332.738901     5
   34 17162.050334 14086
   35 -1913.806684     1
   36 3229.379385   763
   37 2368.293525 14573
   38 12780.488378 22063
   39 -100.132685     7
   40 2582.492124 18419
   41 1207.470226 21823
   42 -77.965126     2
   43 11689.107686 15275
   44 2643.242516 15882
   45 14040.016525 14868
   46 -371.536440     8
   47 -1056.524224     7
   48 -1150.828195     1
   49 2927.995765  2208
   50 -186.409568     1
   51 -1136.006196     2
   52 6894.289070 19961
   53 4232.406818 20395
   54 6420.269502 26497
   55 -694.488458     1
   56 14098.101144 17654
   57 3535.828290  4613
   58 -2577.778938     3
   59 10876.872819 14985
   60 1941.598728  2593
   61 7875.238106 10343
   62 -1243.494767     5
   63 -93.234732     6
   64 -1222.239933     5
   65 4343.188729  2104
   66 -221.601402     3
   67 -180.492516     0
   68 3473.252706 20634
   69 20594.303010 17064
   70 -879.118296     3
   71 10506.226403 21647
   72 7291.161953 25568
   73 -328.399427     1
   74 5543.136517 18628
   75 6262.879027  1257
   76 8541.710726 14979
   77 -1417.951846     9
   78 71.997493 13258
   79 1733.370781  2568
   80 11209.874298 22553
   81 4314.757862 12082
   82 -175.193631     2
   83 6296.180924 15949
   84 4743.718637 22106
   85 9528.347590 13544
   86 2797.670684  6255
   87 6125.757760 23714
   88 547.139219  8149
   89 -219.081724     6
   90 -453.188897     4
   91 494.940456 10842
   92 3139.611053  6271
   93 706.535245 15863
   94 19874.230617 23772
   95 -535.824742     5
   96 -434.762102     9
   97 -336.079726     9
   98 16672.120124 21222
   99 5.808584  1573
  100 6170.822628 22037
  101 5361.414479   828
  102 -369.559041     9
  103 9303.203247 12746
  104 -986.380617     1
  105 312.618586   314
  106 -2533.604699     9
  107 6798.214785 23962
  108 -535.372688     1
  109 24048.409465 23513
  110 1631.384306 12081
  111 -755.122870     9
  112 427.322229 13467
  113 32751.045988 27528
  114 -519.825891     4
  115 -874.713129     9
  116 6284.095553 10984
  117 -519.078661     4
  118 -41.773839     8
  119 -741.900694     3
  120 -50.442107     1
  121 2590.468096 19028
  122 -1099.475512     1
  123 -1437.264488     9
  124 9260.264451 22549
  125 -38.807544     5
  126 -2460.612376     8
  127 18388.824592 26634
  128 -1038.701297     5
  129 11415.789051  8009
  130 -111.062845     9
  131 4611.290950 18283
  132 321.819819 14384
  133 3163.280810 14765
  134 6570.932717 14456
  135 -227.674546     3
  136 4589.511018  1602
  137 2106.585096  4234
  138 2515.091427 13370
  139 6360.448588  6832
  140 16261.545264 23847
  141 1396.092599  6524
  142 12664.461179 25512
  143 -1640.131502     7
  144 4820.255082 21094
  145 7458.022676 23238
  146 -664.885121     4
  147 28065.291319 23525
  148 -651.849824     4
  149 -845.464673     7
  150 993.918509   294
  151 4969.898948 10172
  152 -2018.849884     8
  153 11473.192645 21958
  154 -512.841513     2
  155 -1103.909361     1
  156 3802.916818 19828
  157 -860.517785     7
  158 405.201629   731
  159 -666.917288     1
  160 2866.971224 15722
  161 3927.929382  3195
  162 4111.652781  1887
  163 1433.557142  3101
  164 3977.917744  2558
  165 -240.285167     9
  166 -1105.632350     1
  167 1269.702245  7462
  168 -452.969169     9
  169 1067.517777  1250
  170 10601.304743 17861
  171 11317.955398 13695
  172 4543.317100 24490
  173 -297.900282     7
  174 -1296.227086     1
  175 -338.268212     8
  176 14565.696470 25213
  177 -310.573257     9
  178 -1792.063281     4
  179 6101.312139 11841
  180 9860.609394 26142
  181 1597.443901  3905
  182 13345.706643 18518
  183 23779.709249 26181
  184 -997.423971     0
  185 13295.996524  6201
  186 -603.884830     3
  187 -73.036395     1
  188 1101.090702  3731
  189 -803.192561     0
  190 236.621038   594
  191 4364.938607 20258
  192 821.464987  8869
  193 7187.855673 11140
  194 -2047.983506     1
  195 -1652.362330     4
  196 -1648.283815     6
  197 14504.764117  7350
  198 7987.687527 24250
  199 -66.709381     5
  200 8768.430098 16020
  201 2340.189500  6709
  202 3974.861796 12541
  203 -3340.203895     3
  204 -3126.807333     5
  205 2499.521415 20824
  206 -390.860480     2
  207 5729.197885 10814
  208 2975.835959 20022
  209 -129.415378     5
  210 3897.422795   251
  211 4112.801383  1080
  212 7971.841789 15517
  213 4883.060587 23377
  214 -3172.266143     2
  215 -1078.881820     5
  216 -916.454714     7
  217 817.280410  1281
  218 5388.475064 21838
  219 -715.361628     3
  220 -717.002090     0
  221 6210.724430 12350
  222 7350.376032  9458
  223 -2633.855199     5
  224 -2006.200402     0
  225 18945.639760 21527
  226 3573.673107 15425
  227 -1122.131110     8
  228 10012.555135 24261
  229 2105.008254 12613
  230 -2181.112286     3
  231 17448.361498 25599
  232 7651.739936 22069
  233 6814.539183  2552
  234 -2022.265179     3
  235 228.669010  4764
  236 -441.755349     2
  237 9256.643166 11817
  238 -691.495534     9
  239 1426.869239  8720
  240 -167.851993     4
  241 1528.868116   876
  242 -2250.324120     4
  243 13937.608703 21854
  244 6932.516663 19497
  245 -20.390025     1
  246 -1276.253376     2
  247 3845.499357   546
  248 8181.015271 22208
  249 -1714.446999     3
  250 6945.671865  7189
  251 -1997.328084     8
  252 2406.184321  5355
  253 -1217.217875     9
  254 1670.215225    80
  255 -500.905815     5
  256 17862.797980 23594
  257 29642.451223 22728
  258 -3156.858778     1
  259 11548.777515 12216
  260 386.679238   214
  261 20547.854716 19666
  262 -1177.672694     7
  263 669.859249    74
  264 -1814.678411     0
  265 -675.304005     6
  266 5148.607274 16029
  267 9903.785968 16240
  268 4685.656894 27269
  269 818.103610 23404
  270 -500.329196     7
  271 6780.576247  3066
  272 -1816.406577     9
  273 4921.016233  3236
  274 9766.959960  8977
  275 -588.848047     2
  276 11549.162798 25687
  277 16586.507332 26575
  278 13332.843578 23229
  279 -400.805335     4
  280 -1785.973050     2
  281 16792.495528 23859
  282 5435.206950  6530
  283 -1182.013797     7
  284 3010.554927 10765
  285 17.979676 15705
  286 21332.523279 24767
  287 5361.666195 14460
  288 5550.741011 17963
  289 6058.353047 16428
  290 -1289.253400     6
  291 4575.352384 26421
  292 15094.171436 21578
  293 16842.897244 10799
  294 579.319559  3784
  295 -408.843755     8
  296 -718.723708     2
  297 -991.841523     8
  298 2186.248501 18046
  299 5596.458852 14927
  300 7537.668040 19137
