300
    1 1028.598003     1
    2 7250.085494 16119
    3 9170.752758 22552
    4 -36.854561     7
    5 -150.481401     3
    6 11876.044274 17605
    7 -841.275974     0
    8 -281.688079     6
    9 -765.569499     9
   10 2504.649325  5019
   11 8631.134583 11402
   12 -832.523097     2
   13 2026.921873  7882
   14 4224.198115 20490
   15 3156.386888  5438
   16 7910.982280 18433
   17 -132.833648     5
   18 4982.562527 12080
   19 1408.252082  6863
   20 4101.221158 23698
   21 -411.257351     1
   22 1010.191360  1611
   23 2703.225458   525
   24 -1483.922468     6
   25 -908.593506     8
   26 -781.417039     1
   27 13867.508216 20096
   28 -265.186660     8
   29 -779.687589     7
   30 -273.487596     1
   31 16321.396986 24956
   32 11096.704940 18649
   33 -125.639547     5
   34 1020.056013 14086
   35 -1609.542149     1
   36 3147.429903   763
   37 15814.835977 14573
   38 2071.729352 22063
   39 -1155.259816     7
   40 13569.910422 18419
   41 4325.065704 21823
   42 -946.239568     2
   43 8111.061256 15275
   44 9119.596405 15882
   45 1959.020771 14868
   46 -1181.689240     8
   47 -649.225765     7
   48 -377.619396     1
   49 6314.298161  2208
   50 -228.039711     1
   51 -880.307473     2
   52 8213.708709 19961
   53 28199.459319 20395
   54 6352.433448 26497
   55 -569.628646     1
   56 17392.725162 17654
   57 7504.420676  4613
   58 -120.240832     3
   59 10597.743580 14985
   60 1536.543368  2593
   61 3237.680735 10343
   62 -2703.816382     5
   63 -743.532247     6
   64 -787.272006     5
   65 289.285783  2104
   66 -677.111459     3
   67 -174.905333     0
   68 16519.462226 20634
   69 1610.710570 17064
   70 -912.890671     3
   71 11536.530015 21647
   72 12376.718619 25568
   73 -146.408865     1
   74 515.156729 18628
   75 1956.412179  1257
   76 13368.337180 14979
   77 -1243.454477     9
   78 6192.156234 13258
   79 571.704788  2568
   80 11228.183151 22553
   81 9551.744436 12082
   82 -140.158507     2
   83 6706.593976 15949
   84 23698.636928 22106
   85 13260.254278 13544
   86 11064.196378  6255
   87 3932.413722 23714
   88 8948.384206  8149
   89 -1867.571115     6
   90 -1568.794965     4
   91 9768.898326 10842
   92 12350.295154  6271
   93 4859.288763 15863
   94 4489.079892 23772
   95 -378.335881     5
   96 -14.444483     9
   97 -873.014876     9
   98 14127.345271 21222
   99 401.008663  1573
  100 14851.232192 22037
  101 186.972731   828
  102 -275.256653     9
  103 1316.229993 12746
  104 -2162.295783     1
  105 4700.503693   314
  106 -2482.778088     9
  107 3990.672835 23962
  108 -2366.303227     1
  109 697.163896 23513
  110 5983.417234 12081
  111 -671.825724     9
  112 27884.951620 13467
  113 17911.683046 27528
  114 -1248.199749     4
  115 -53.291924     9
  116 23247.110221 10984
  117 -2220.231400     4
  118 -1776.836591     8
  119 -822.037903     3
  120 -555.958176     1
  121 434.673081 19028
  122 -342.370715     1
  123 -465.986512     9
  124 13560.141257 22549
  125 -1186.552142     5
  126 -3189.823711     8
  127 9526.631243 26634
  128 -868.777239     5
  129 1988.017851  8009
  130 -927.502164     9
  131 6019.888132 18283
  132 12.843255 14384
  133 2304.870855 14765
  134 758.756681 14456
  135 -165.590320     3
  136 3183.773945  1602
  137 1845.548005  4234
  138 374.329462 13370
  139 2659.326434  6832
  140 25540.863498 23847
  141 3147.268045  6524
  142 8041.674200 25512
  143 -1808.261583     7
  144 22351.282087 21094
  145 3326.652153 23238
  146 -622.024992     4
  147 38262.512353 23525
  148 -462.389516     4
  149 -369.926099     7
  150 1853.028187   294
  151 1834.844115 10172
  152 -2966.936516     8
  153 21502.884382 21958
  154 -552.521038     2
  155 -152.010192     1
  156 15463.317154 19828
  157 -494.630996     7
  158 4182.786046   731
  159 -48.151836     1
  160 10063.692477 15722
  161 5135.760071  3195
  162 5706.750407  1887
  163 730.703117  3101
  164 5573.700812  2558
  165 -566.211643     9
  166 -71.432639     1
  167 2960.313763  7462
  168 -1555.943009     9
  169 909.421153  1250
  170 23293.678241 17861
  171 1323.540460 13695
  172 20257.591579 24490
  173 -832.130148     7
  174 -591.937465     1
  175 -123.075409     8
  176 22270.172348 25213
  177 -1097.164897     9
  178 -1474.096743     4
  179 5412.441684 11841
  180 6651.886603 26142
  181 1947.786391  3905
  182 11128.799120 18518
  183 2785.330481 26181
  184 -614.762800     0
  185 1326.109285  6201
  186 -30.658770     3
  187 -493.085865     1
  188 6292.583344  3731
  189 -522.986201     0
  190 1453.441434   594
  191 32498.441662 20258
  192 4915.796213  8869
  193 1482.333175 11140
  194 -1359.910162     1
  195 -1625.324080     4
  196 -1217.949094     6
  197 1182.165409  7350
  198 29116.473182 24250
  199 -245.155500     5
  200 12931.432511 16020
  201 1503.824974  6709
  202 3738.246792 12541
  203 -1994.418148     3
  204 -748.506022     5
  205 8093.876680 20824
  206 -2166.972787     2
  207 2553.729399 10814
  208 2733.523684 20022
  209 -448.487815     5
  210 1190.147450   251
  211 7117.368168  1080
  212 2323.865449 15517
  213 2691.012745 23377
  214 -1780.482694     2
  215 -606.370788     5
  216 -297.808715     7
  217 4159.318488  1281
  218 11946.522892 21838
  219 -816.366593     3
  220 -1878.216432     0
  221 14449.064245 12350
  222 1343.841169  9458
  223 -1436.481776     5
  224 -996.282481     0
  225 1695.908715 21527
  226 10379.875170 15425
  227 -927.552459     8
  228 10984.262938 24261
  229 3231.622247 12613
  230 -616.559584     3
  231 5892.567995 25599
  232 1073.026268 22069
  233 3399.202768  2552
  234 -161.764054     3
  235 1128.372977  4764
  236 -165.000758     2
  237 5270.254580 11817
  238 -556.372942     9
  239 4013.644338  8720
  240 -233.710187     4
  241 1137.179139   876
  242 -1055.292972     4
  243 5391.043550 21854
  244 3381.739743 19497
  245 -175.757704     1
  246 -2021.340392     2
  247 1761.853522   546
  248 5283.881472 22208
  249 -216.798153     3
  250 1849.938175  7189
  251 -3553.837407     8
  252 818.508120  5355
  253 -98.835412     9
  254 717.868710    80
  255 -1432.281473     5
  256 16828.494128 23594
  257 7664.997686 22728
  258 -1818.026303     1
  259 8627.708737 12216
  260 4509.801811   214
  261 9865.369212 19666
  262 -965.660687     7
  263 405.110240    74
  264 -597.348105     0
  265 -395.807704     6
  266 18113.447947 16029
  267 5431.217990 16240
  268 6345.628025 27269
  269 6214.374559 23404
  270 -1033.042177     7
  271 3332.206240  3066
  272 -32.589652     9
  273 8490.645394  3236
  274 6645.381561  8977
  275 -788.058334     2
  276 8691.755818 25687
  277 7975.717045 26575
  278 19084.824566 23229
  279 -525.172860     4
  280 -884.878963     2
  281 22666.704983 23859
  282 1111.711333  6530
  283 -1074.254203     7
  284 14811.001215 10765
  285 16114.318927 15705
  286 3155.289935 24767
  287 5939.163204 14460
  288 10545.705868 17963
  289 4270.920053 16428
  290 -773.800550     6
  291 16692.750713 26421
  292 8810.846949 21578
  293 5406.476037 10799
  294 822.212941  3784
  295 -872.578192     8
  296 -4134.497643     2
  297 -476.592908     8
  298 7318.255188 18046
  299 8304.449347 14927
  300 10873.225989 19137
