300
    1 243.471559     1
    2 5839.753176 16119
    3 5197.720054 22552
    4 -899.689897     7
    5 -2320.580108     3
    6 2865.769420 17605
    7 -938.156365     0
    8 -2612.610069     6
    9 -447.460379     9
   10 5584.019903  5019
   11 5660.078990 11402
   12 -512.594518     2
   13 1394.470723  7882
   14 11494.642232 20490
   15 5115.047369  5438
   16 1084.587038 18433
   17 -904.332587     5
   18 7720.094295 12080
   19 4439.526507  6863
   20 35403.748419 23698
   21 -1230.535376     1
   22 2879.881557  1611
   23 1498.739326   525
   24 -456.822516     6
   25 -718.439745     8
   26 -951.247360     1
   27 21795.293508 20096
   28 -644.668873     8
   29 -171.846891     7
   30 -285.665744     1
   31 1750.033000 24956
   32 25246.451022 18649
   33 -1072.009912     5
   34 10378.397589 14086
   35 -656.370622     1
   36 719.115164   763
   37 13430.266730 14573
   38 34659.522724 22063
   39 -1724.608409     7
   40 457.762218 18419
   41 16157.359389 21823
   42 -1000.572967     2
   43 3486.771801 15275
   44 17950.942083 15882
   45 5371.291677 14868
   46 -430.974375     8
   47 -1653.929042     7
   48 -333.233656     1
   49 42.962228  2208
   50 -70.063363     1
   51 -982.549339     2
   52 2961.580263 19961
   53 12268.947917 20395
   54 6056.298325 26497
   55 -319.169122     1
   56 18585.115150 17654
   57 9993.985401  4613
   58 -2170.191352     3
   59 183.280138 14985
   60 2465.901715  2593
   61 3891.100217 10343
   62 -517.832817     5
   63 -36.002260     6
   64 -1317.982891     5
   65 2017.288990  2104
   66 -425.107615     3
   67 -1854.158648     0
   68 2262.975812 20634
   69 5677.684125 17064
   70 -523.284133     3
   71 6452.684835 21647
   72 1354.673106 25568
   73 -47.515170     1
   74 9391.711489 18628
   75 1538.929371  1257
   76 2374.734237 14979
   77 -1194.387648     9
   78 9186.512052 13258
   79 6973.728964  2568
   80 340.333978 22553
   81 6301.009447 12082
   82 -15.457559     2
   83 15890.142102 15949
   84 4081.944875 22106
   85 5829.382974 13544
   86 6199.599861  6255
   87 11489.501143 23714
   88 8091.231541  8149
   89 -1448.067826     6
   90 -204.201761     4
   91 10504.802501 10842
   92 316.503655  6271
   93 3473.762269 15863
   94 14700.356840 23772
   95 -361.048732     5
   96 -168.950663     9
   97 -918.433898     9
   98 13222.242285 21222
   99 3434.126960  1573
  100 2895.360429 22037
  101 71.534891   828
  102 -147.654684     9
  103 20067.023986 12746
  104 -237.259441     1
  105 2492.106604   314
  106 -2052.260987     9
  107 5113.090845 23962
  108 -1650.824901     1
  109 6737.175052 23513
  110 5124.890217 12081
  111 -620.989956     9
  112 11175.771544 13467
  113 8745.500925 27528
  114 -63.834241     4
  115 -360.703715     9
  116 4317.308892 10984
  117 -230.023853     4
  118 -51.497520     8
  119 -465.677946     3
  120 -3094.626874     1
  121 3002.488580 19028
  122 -487.192888     1
  123 -196.897169     9
  124 4179.047588 22549
  125 -4.685292     5
  126 -1666.506307     8
  127 718.157567 26634
  128 -1917.790325     5
  129 8329.428668  8009
  130 -490.412064     9
  131 2321.930053 18283
  132 366.572439 14384
  133 6292.968904 14765
  134 819.122633 14456
  135 -2167.531146     3
  136 2069.588666  1602
  137 6294.850891  4234
  138 5462.393703 13370
  139 4343.903947  6832
  140 7970.747724 23847
  141 1122.180506  6524
  142 4732.891134 25512
  143 -19.034505     7
  144 14026.193858 21094
  145 1248.733027 23238
  146 -173.058339     4
  147 8444.258421 23525
  148 -594.054470     4
  149 -361.772739     7
  150 1660.813484   294
  151 214.463363 10172
  152 -3248.653127     8
  153 3500.839514 21958
  154 -2636.204704     2
  155 -773.978864     1
  156 907.907158 19828
  157 -923.096206     7
  158 787.777973   731
  159 -579.190272     1
  160 6224.158864 15722
  161 3633.897812  3195
  162 5751.069321  1887
  163 955.362663  3101
  164 1633.835233  2558
  165 -1713.489756     9
  166 -209.570091     1
  167 9938.151173  7462
  168 -1149.777694     9
  169 427.254136  1250
  170 5956.905867 17861
  171 2465.017971 13695
  172 12524.293462 24490
  173 -498.191642     7
  174 -1810.734291     1
  175 -200.691546     8
  176 6780.045438 25213
  177 -1979.969358     9
  178 -7.785661     4
  179 1345.531331 11841
  180 35735.405964 26142
  181 5264.986425  3905
  182 5547.959621 18518
  183 3674.624829 26181
  184 -811.961955     0
  185 4554.992726  6201
  186 -502.483121     3
  187 -1467.963429     1
  188 1763.538140  3731
  189 -182.090433     0
  190 19.415222   594
  191 7522.382578 20258
  192 1229.819352  8869
  193 8858.256972 11140
  194 -1237.124476     1
  195 -273.832553     4
  196 -403.621918     6
  197 7291.806745  7350
  198 33106.224153 24250
  199 -2755.394130     5
  200 12170.067022 16020
  201 6547.862586  6709
  202 3945.625430 12541
  203 -229.668408     3
  204 -1918.930990     5
  205 13907.930090 20824
  206 -1622.080245     2
  207 3357.833514 10814
  208 5424.333190 20022
  209 -13.790042     5
  210 1151.214882   251
  211 4487.855961  1080
  212 2479.236771 15517
  213 8223.542630 23377
  214 -981.448484     2
  215 -24.368112     5
  216 -1267.183338     7
  217 4581.101910  1281
  218 26636.279326 21838
  219 -233.748800     3
  220 -1339.135769     0
  221 943.490012 12350
  222 3144.152349  9458
  223 -917.767755     5
  224 -137.311408     0
  225 9265.278009 21527
  226 3111.757372 15425
  227 -993.804855     8
  228 21736.390838 24261
  229 10059.423734 12613
  230 -600.145152     3
  231 15985.038436 25599
  232 1610.949009 22069
  233 3259.926696  2552
  234 -57.675740     3
  235 4200.793089  4764
  236 -250.762714     2
  237 6114.391049 11817
  238 -1835.573740     9
  239 9006.082224  8720
  240 -2031.860124     4
  241 6278.706628   876
  242 -1086.035330     4
  243 224.609768 21854
  244 603.855694 19497
  245 -387.026396     1
  246 -153.716657     2
  247 1432.396362   546
  248 4472.331799 22208
  249 -413.873979     3
  250 6235.386961  7189
  251 -479.177489     8
  252 491.480992  5355
  253 -287.067800     9
  254 1220.462339    80
  255 -391.264847     5
  256 8296.835090 23594
  257 13650.017579 22728
  258 -1125.190370     1
  259 5922.348321 12216
  260 1834.305023   214
  261 17757.954432 19666
  262 -683.776604     7
  263 3788.586022    74
  264 -1182.622928     0
  265 -1377.878432     6
  266 327.096575 16029
  267 4807.264991 16240
  268 9164.903861 27269
  269 1919.173184 23404
  270 -1882.207071     7
  271 3545.329522  3066
  272 -992.305071     9
  273 3229.349517  3236
  274 2013.450670  8977
  275 -1196.721404     2
  276 2855.352133 25687
  277 3258.522440 26575
  278 7333.016572 23229
  279 -1985.792888     4
  280 -1207.267163     2
  281 5185.872760 23859
  282 1799.652842  6530
  283 -846.537559     7
  284 3345.352642 10765
  285 2309.921212 15705
  286 10099.868299 24767
  287 26569.809272 14460
  288 6771.601168 17963
  289 14518.573532 16428
  290 -1357.554349     6
  291 15868.959851 26421
  292 17464.943835 21578
  293 2516.618891 10799
  294 6737.469035  3784
  295 -255.140916     8
  296 -932.041379     2
  297 -1305.160060     8
  298 18545.889514 18046
  299 15358.353808 14927
  300 29455.990369 19137
