300
    1 2163.766755     1
    2 4827.765499 16119
    3 13906.877679 22552
    4 -488.410925     7
    5 -126.413345     3
    6 5512.560884 17605
    7 -50.375394     0
    8 -2762.841283     6
    9 -1858.858581     9
   10 8064.710674  5019
   11 10450.873607 11402
   12 -705.161197     2
   13 4071.733737  7882
   14 3587.311600 20490
   15 137.543438  5438
   16 5419.877083 18433
   17 -705.147372     5
   18 18855.073763 12080
   19 608.082674  6863
   20 16210.071470 23698
   21 -1238.734416     1
   22 1299.210098  1611
   23 2229.854301   525
   24 -222.682216     6
   25 -296.608404     8
   26 -1075.114805     1
   27 10002.991877 20096
   28 -1587.825578     8
   29 -89.872783     7
   30 -820.900488     1
   31 7351.695197 24956
   32 1677.097521 18649
   33 -951.158867     5
   34 6539.984828 14086
   35 -190.794950     1
   36 571.195817   763
   37 11527.912850 14573
   38 2927.184421 22063
   39 -621.210949     7
   40 2879.320601 18419
   41 26743.332659 21823
   42 -785.020532     2
   43 15424.966250 15275
   44 17305.734595 15882
   45 9984.579903 14868
   46 -440.639827     8
   47 -2440.500431     7
   48 -140.284567     1
   49 2691.694958  2208
   50 -749.108292     1
   51 -1314.373111     2
   52 19062.301931 19961
   53 18379.850027 20395
   54 15520.036555 26497
   55 -733.661124     1
   56 14336.683923 17654
   57 9302.169808  4613
   58 -154.489260     3
   59 4359.153130 14985
   60 4154.366239  2593
   61 3095.136110 10343
   62 -241.876152     5
   63 -1524.061686     6
   64 -950.917558     5
   65 3518.099787  2104
   66 -561.230740     3
   67 -2424.095397     0
   68 8756.150622 20634
   69 6285.788987 17064
   70 -460.926324     3
   71 17817.229726 21647
   72 18817.059650 25568
   73 -50.663769     1
   74 1018.168407 18628
   75 2667.846193  1257
   76 12277.209967 14979
   77 -642.425732     9
   78 4155.769686 13258
   79 4208.580951  2568
   80 6098.631545 22553
   81 11179.024491 12082
   82 -468.473341     2
   83 2122.804101 15949
   84 7867.153976 22106
   85 3665.021524 13544
   86 6387.480501  6255
   87 18083.363219 23714
   88 2455.224435  8149
   89 -264.034677     6
   90 -649.523938     4
   91 8586.156623 10842
   92 6007.446039  6271
   93 28346.403777 15863
   94 14599.963254 23772
   95 -716.069783     5
   96 -617.397746     9
   97 -1567.433294     9
   98 18134.420992 21222
   99 5393.255838  1573
  100 8642.624085 22037
  101 1955.791664   828
  102 -438.472246     9
  103 13598.766758 12746
  104 -183.280655     1
  105 967.703034   314
  106 -1334.613159     9
  107 19915.378944 23962
  108 -841.315652     1
  109 29743.764817 23513
  110 2054.808273 12081
  111 -1106.905303     9
  112 7396.083968 13467
  113 28269.785704 27528
  114 -770.222643     4
  115 -469.271505     9
  116 5150.040454 10984
  117 -967.650652     4
  118 -898.466987     8
  119 -2336.788938     3
  120 -379.165658     1
  121 11432.689196 19028
  122 -671.719365     1
  123 -2385.524342     9
  124 6278.555766 22549
  125 -345.995366     5
  126 -768.191196     8
  127 8711.633837 26634
  128 -819.424291     5
  129 12693.017617  8009
  130 -453.375234     9
  131 11546.555786 18283
  132 9650.099494 14384
  133 14055.546636 14765
  134 7882.974594 14456
  135 -300.105223     3
  136 797.863339  1602
  137 3638.363884  4234
  138 8266.128141 13370
  139 6676.357417  6832
  140 4118.433271 23847
  141 7406.082455  6524
  142 12607.715581 25512
  143 -1349.478409     7
  144 5721.279450 21094
  145 22555.503122 23238
  146 -198.095227     4
  147 11972.068775 23525
  148 -422.890836     4
  149 -45.909425     7
  150 251.304751   294
  151 3025.126091 10172
  152 -489.445310     8
  153 6989.153577 21958
  154 -995.638708     2
  155 -147.010387     1
  156 6449.252934 19828
  157 -693.384563     7
  158 2539.767218   731
  159 -101.140915     1
  160 3768.514985 15722
  161 6159.702693  3195
  162 2549.106560  1887
  163 5249.111956  3101
  164 5077.612940  2558
  165 -1942.090568     9
  166 -2.300504     1
  167 4679.331782  7462
  168 -1069.948950     9
  169 3992.172169  1250
  170 5417.516761 17861
  171 17222.491338 13695
  172 10477.043147 24490
  173 -1105.155848     7
  174 -658.594125     1
  175 -411.478236     8
  176 11205.553078 25213
  177 -873.790438     9
  178 -120.114849     4
  179 6529.014541 11841
  180 16110.468225 26142
  181 993.082390  3905
  182 8312.619193 18518
  183 10932.538422 26181
  184 -143.952119     0
  185 2897.490594  6201
  186 -603.655459     3
  187 -91.223738     1
  188 2252.162886  3731
  189 -197.725977     0
  190 6794.982831   594
  191 13064.517315 20258
  192 12514.175213  8869
  193 3245.428373 11140
  194 -8.860060     1
  195 -582.822199     4
  196 -2342.711115     6
  197 2989.924625  7350
  198 35167.071031 24250
  199 -366.437506     5
  200 10576.365382 16020
  201 7013.338820  6709
  202 4173.240453 12541
  203 -129.655910     3
  204 -1994.046822     5
  205 4893.742794 20824
  206 -737.186963     2
  207 6062.440539 10814
  208 14731.968708 20022
  209 -320.577619     5
  210 1331.830121   251
  211 5498.837522  1080
  212 4662.874596 15517
  213 289.470334 23377
  214 -1618.688409     2
  215 -406.747406     5
  216 -130.818756     7
  217 3837.117973  1281
  218 12672.836533 21838
  219 -1975.838328     3
  220 -412.702046     0
  221 8292.492952 12350
  222 6827.452064  9458
  223 -251.999852     5
  224 -1301.611053     0
  225 32125.267907 21527
  226 7552.555467 15425
  227 -1006.175399     8
  228 7483.770699 24261
  229 7719.405625 12613
  230 -297.154312     3
  231 15866.862282 25599
  232 6760.544698 22069
  233 3503.285967  2552
  234 -2048.300929     3
  235 596.220094  4764
  236 -169.707125     2
  237 5700.935567 11817
  238 -520.279659     9
  239 937.690048  8720
  240 -325.586813     4
  241 3203.170428   876
  242 -1155.176327     4
  243 6855.847952 21854
  244 10144.423446 19497
  245 -123.917070     1
  246 -468.772587     2
  247 2705.268333   546
  248 14014.549644 22208
  249 -312.761108     3
  250 1178.227214  7189
  251 -2063.602236     8
  252 4010.017105  5355
  253 -1079.441056     9
  254 1185.079009    80
  255 -2490.575093     5
  256 1060.069399 23594
  257 17482.137674 22728
  258 -1628.423151     1
  259 1954.077621 12216
  260 922.608201   214
  261 1821.180857 19666
  262 -292.448420     7
  263 1729.595659    74
  264 -903.729795     0
  265 -930.781070     6
  266 2510.774072 16029
  267 11777.871149 16240
  268 12700.555788 27269
  269 15298.375043 23404
  270 -587.454365     7
  271 2224.662742  3066
  272 -1106.283267     9
  273 2977.350854  3236
  274 7103.713030  8977
  275 -344.615915     2
  276 8073.500866 25687
  277 5645.710060 26575
  278 9306.184400 23229
  279 -1800.426657     4
  280 -509.709249     2
  281 26715.363031 23859
  282 355.817852  6530
  283 -657.732861     7
  284 5337.990696 10765
  285 16049.683025 15705
  286 9624.495373 24767
  287 3123.236658 14460
  288 4532.824530 17963
  289 6917.052921 16428
  290 -697.301578     6
  291 21606.280023 26421
  292 1911.507787 21578
  293 4380.917308 10799
  294 2973.456894  3784
  295 -2192.274965     8
  296 -971.407558     2
  297 -218.958646     8
  298 2851.929975 18046
  299 5526.886119 14927
  300 12168.224494 19137
