300
    1 1656.123553     1
    2 9498.152151 16119
    3 3164.583749 22552
    4 -1581.039865     7
    5 -12.943603     3
    6 3937.646494 17605
    7 -144.194891     0
    8 -1751.359244     6
    9 -1030.096623     9
   10 7574.508005  5019
   11 15800.063386 11402
   12 -297.657263     2
   13 8730.812453  7882
   14 8129.202066 20490
   15 3610.108945  5438
   16 12649.646112 18433
   17 -878.218945     5
   18 1516.904848 12080
   19 3293.368838  6863
   20 1445.663002 23698
   21 -564.941326     1
   22 625.399592  1611
   23 2134.002527   525
   24 -182.876456     6
   25 -1164.030569     8
   26 -516.984302     1
   27 12764.628822 20096
   28 -970.114240     8
   29 -691.571970     7
   30 -1300.375596     1
   31 17363.350720 24956
   32 305.345485 18649
   33 -1167.564512     5
   34 18037.370193 14086
   35 -1206.521705     1
   36 6399.602048   763
   37 2759.436179 14573
   38 5841.254488 22063
   39 -1719.767083     7
   40 9049.705896 18419
   41 10235.691774 21823
   42 -758.394842     2
   43 2105.434906 15275
   44 3527.119356 15882
   45 18823.810140 14868
   46 -569.585199     8
   47 -257.638720     7
   48 -166.346087     1
   49 1648.448179  2208
   50 -92.412109     1
   51 -341.452674     2
   52 175.298860 19961
   53 2205.352072 20395
   54 17531.404018 26497
   55 -398.846315     1
   56 3200.272164 17654
   57 7157.262452  4613
   58 -112.071446     3
   59 3845.135231 14985
   60 2516.680965  2593
   61 6818.663941 10343
   62 -1913.163706     5
   63 -589.512836     6
   64 -148.693778     5
   65 109.219864  2104
   66 -697.905220     3
   67 -446.339073     0
   68 21460.737312 20634
   69 13628.626551 17064
   70 -336.337372     3
   71 25792.948870 21647
   72 6877.828116 25568
   73 -551.604608     1
   74 8885.867827 18628
   75 1066.418618  1257
   76 3772.652335 14979
   77 -1331.496983     9
   78 58.937507 13258
   79 2209.485964  2568
   80 7365.988781 22553
   81 8409.523996 12082
   82 -101.671123     2
   83 3437.213588 15949
   84 15301.367819 22106
   85 9895.318148 13544
   86 1829.044906  6255
   87 12433.521320 23714
   88 2660.949952  8149
   89 -2436.236347     6
   90 -703.190996     4
   91 9236.424258 10842
   92 1309.077094  6271
   93 6726.563670 15863
   94 23667.232390 23772
   95 -739.483529     5
   96 -38.540463     9
   97 -46.884777     9
   98 4745.647112 21222
   99 3440.617842  1573
  100 21060.083871 22037
  101 1269.764169   828
  102 -414.203205     9
  103 10225.233159 12746
  104 -806.743164     1
  105 1040.529343   314
  106 -1200.691664     9
  107 9009.764579 23962
  108 -394.422680     1
  109 1911.702115 23513
  110 13023.714212 12081
  111 -1539.169391     9
  112 2624.654504 13467
  113 6819.158868 27528
  114 -495.631693     4
  115 -1021.787417     9
  116 5433.454901 10984
  117 -3318.514921     4
  118 -556.953427     8
  119 -1627.206389     3
  120 -1450.356191     1
  121 2235.861023 19028
  122 -207.116058     1
  123 -3785.889721     9
  124 121.498332 22549
  125 -71.662907     5
  126 -1370.487852     8
  127 9735.866593 26634
  128 -565.322570     5
  129 1848.712434  8009
  130 -76.944038     9
  131 3700.296844 18283
  132 6701.960162 14384
  133 8822.700482 14765
  134 8442.039647 14456
  135 -1063.340371     3
  136 682.559880  1602
  137 1903.700689  4234
  138 177.535870 13370
  139 23.246532  6832
  140 24006.454746 23847
  141 2954.663747  6524
  142 6403.634055 25512
  143 -1595.844188     7
  144 3965.874358 21094
  145 19314.457436 23238
  146 -298.762345     4
  147 11275.106972 23525
  148 -960.103660     4
  149 -595.980056     7
  150 491.801449   294
  151 2669.047477 10172
  152 -186.923092     8
  153 2630.550689 21958
  154 -134.374462     2
  155 -786.031715     1
  156 4051.593611 19828
  157 -488.076500     7
  158 286.818768   731
  159 -477.209173     1
  160 14472.712040 15722
  161 4822.848153  3195
  162 1361.672550  1887
  163 6321.030915  3101
  164 1136.102209  2558
  165 -836.829461     9
  166 -1332.904986     1
  167 2266.356852  7462
  168 -818.917002     9
  169 5252.582231  1250
  170 12371.711222 17861
  171 9034.521837 13695
  172 14750.308800 24490
  173 -1660.020392     7
  174 -650.298180     1
  175 -1288.315848     8
  176 1205.435394 25213
  177 -189.365160     9
  178 -596.162429     4
  179 11792.753599 11841
  180 7338.494258 26142
  181 1278.932474  3905
  182 14879.813580 18518
  183 13290.309210 26181
  184 -391.238094     0
  185 3671.065330  6201
  186 -570.164698     3
  187 -2696.264787     1
  188 4871.324513  3731
  189 -1187.143269     0
  190 2036.982004   594
  191 6899.767027 20258
  192 6486.045670  8869
  193 2879.779840 11140
  194 -1687.443439     1
  195 -2037.746443     4
  196 -471.765089     6
  197 1572.608995  7350
  198 5223.646778 24250
  199 -1057.082316     5
  200 10280.424061 16020
  201 6361.318958  6709
  202 2261.521116 12541
  203 -1906.491811     3
  204 -2206.268144     5
  205 1674.847012 20824
  206 -1677.760603     2
  207 1163.934818 10814
  208 12954.652243 20022
  209 -2466.148444     5
  210 1703.206238   251
  211 3087.386827  1080
  212 5939.909823 15517
  213 7312.632996 23377
  214 -1111.997015     2
  215 -1223.213568     5
  216 -872.408796     7
  217 2972.843118  1281
  218 11580.467971 21838
  219 -571.452446     3
  220 -752.946610     0
  221 215.193404 12350
  222 4861.736206  9458
  223 -762.747340     5
  224 -535.321607     0
  225 8339.603178 21527
  226 4704.852723 15425
  227 -470.774531     8
  228 7963.411247 24261
  229 6349.813397 12613
  230 -1079.828319     3
  231 14996.617651 25599
  232 18244.369152 22069
  233 3747.994701  2552
  234 -2420.172910     3
  235 170.001215  4764
  236 -943.650455     2
  237 5144.704061 11817
  238 -2877.932658     9
  239 1186.167730  8720
  240 -150.063174     4
  241 854.974422   876
  242 -877.273487     4
  243 18761.207687 21854
  244 7755.000139 19497
  245 -549.881670     1
  246 -781.871825     2
  247 2655.397182   546
  248 2688.632725 22208
  249 -51.786981     3
  250 4496.405354  7189
  251 -139.804764     8
  252 8024.337571  5355
  253 -1108.101328     9
  254 515.324449    80
  255 -133.745953     5
  256 4246.336509 23594
  257 7442.499503 22728
  258 -796.002313     1
  259 10623.414708 12216
  260 2486.019370   214
  261 26937.550350 19666
  262 -143.221629     7
  263 1722.587000    74
  264 -249.707918     0
  265 -51.210808     6
  266 15537.520191 16029
  267 3110.768477 16240
  268 5456.867753 27269
  269 15835.486487 23404
  270 -614.725725     7
  271 1404.923777  3066
  272 -590.968737     9
  273 3936.798188  3236
  274 10992.325664  8977
  275 -786.218535     2
  276 668.987833 25687
  277 5166.274757 26575
  278 3558.514788 23229
  279 -239.274375     4
  280 -907.722231     2
  281 4510.001068 23859
  282 48.240892  6530
  283 -238.476768     7
  284 9338.908307 10765
  285 5251.246267 15705
  286 16243.511774 24767
  287 17522.636652 14460
  288 3376.402932 17963
  289 15370.415453 16428
  290 -767.456187     6
  291 14101.251335 26421
  292 16818.619584 21578
  293 1204.094268 10799
  294 3276.303553  3784
  295 -1982.512027     8
  296 -90.696559     2
  297 -523.338953     8
  298 19681.150253 18046
  299 14453.926233 14927
  300 18460.312510 19137
