300
    1 661.080906     1
    2 263.716481 16119
    3 85.627192 22552
    4 -722.973928     7
    5 -2526.817263     3
    6 20462.846670 17605
    7 -1113.202367     0
    8 -1394.926235     6
    9 -922.556191     9
   10 6352.233805  5019
   11 9895.944964 11402
   12 -1729.050822     2
   13 3032.610223  7882
   14 7283.333068 20490
   15 4493.761502  5438
   16 11484.487833 18433
   17 -463.944641     5
   18 580.897628 12080
   19 7565.192663  6863
   20 9469.657582 23698
   21 -610.570486     1
   22 465.990115  1611
   23 1654.490059   525
   24 -383.062204     6
   25 -459.915131     8
   26 -410.943904     1
   27 9487.699448 20096
   28 -52.828059     8
   29 -180.178768     7
   30 -679.961770     1
   31 5563.093504 24956
   32 2722.976765 18649
   33 -258.370170     5
   34 12198.397739 14086
   35 -1070.459246     1
   36 2209.000424   763
   37 10610.249837 14573
   38 1805.650378 22063
   39 -484.156400     7
   40 9167.329952 18419
   41 25324.571137 21823
   42 -1237.777015     2
   43 11072.552025 15275
   44 881.079564 15882
   45 9997.051271 14868
   46 -419.359716     8
   47 -639.210633     7
   48 -327.101772     1
   49 2293.489108  2208
   50 -120.180233     1
   51 -155.605715     2
   52 6693.388668 19961
   53 4744.244517 20395
   54 4654.101061 26497
   55 -2127.247122     1
   56 22841.108862 17654
   57 1758.383953  4613
   58 -497.279103     3
   59 5603.199881 14985
   60 4767.163636  2593
   61 5877.871634 10343
   62 -1560.875394     5
   63 -124.651164     6
   64 -312.394141     5
   65 846.122235  2104
   66 -1119.009071     3
   67 -1461.791794     0
   68 2328.837410 20634
   69 3871.402134 17064
   70 -1262.618010     3
   71 4390.699503 21647
   72 18656.972989 25568
   73 -727.006907     1
   74 7803.687110 18628
   75 12.944763  1257
   76 13709.498549 14979
   77 -98.954159     9
   78 4784.370898 13258
   79 6781.501576  2568
   80 2730.955551 22553
   81 1827.514119 12082
   82 -27.045604     2
   83 3310.146943 15949
   84 2571.258164 22106
   85 10104.265659 13544
   86 4457.807530  6255
   87 861.388581 23714
   88 3645.079498  8149
   89 -2361.180301     6
   90 -1553.039342     4
   91 8145.100237 10842
   92 75.466420  6271
   93 8531.902942 15863
   94 2176.850278 23772
   95 -209.444036     5
   96 -236.867272     9
   97 -1139.294448     9
   98 18272.513564 21222
   99 2748.115296  1573
  100 9957.237521 22037
  101 4780.966620   828
  102 -556.561088     9
  103 66.872893 12746
  104 -403.481945     1
  105 3644.137770   314
  106 -367.271615     9
  107 3360.838897 23962
  108 -1032.899113     1
  109 2732.687940 23513
  110 14807.215326 12081
  111 -1755.245008     9
  112 10580.411705 13467
  113 3757.376916 27528
  114 -776.605433     4
  115 -934.666218     9
  116 629.486954 10984
  117 -3046.100276     4
  118 -248.743475     8
  119 -254.594464     3
  120 -3725.931722     1
  121 6194.259555 19028
  122 -1677.002235     1
  123 -1627.891023     9
  124 13636.725429 22549
  125 -17.755245     5
  126 -1599.902422     8
  127 22998.823509 26634
  128 -2230.805131     5
  129 5883.245953  8009
  130 -15.714096     9
  131 11270.613232 18283
  132 1924.855017 14384
  133 10528.389284 14765
  134 4358.571034 14456
  135 -761.382368     3
  136 4337.994648  1602
  137 2058.194376  4234
  138 1840.380272 13370
  139 10437.309306  6832
  140 9857.313603 23847
  141 2241.540538  6524
  142 133.799589 25512
  143 -1737.823342     7
  144 34815.978775 21094
  145 15278.891441 23238
  146 -1387.111863     4
  147 11709.065958 23525
  148 -316.609962     4
  149 -932.684737     7
  150 1660.527081   294
  151 1353.455236 10172
  152 -1075.769314     8
  153 1190.682069 21958
  154 -509.268899     2
  155 -1943.051708     1
  156 4934.050266 19828
  157 -869.174946     7
  158 6612.389324   731
  159 -407.098124     1
  160 7041.949400 15722
  161 3246.310778  3195
  162 475.598473  1887
  163 4145.920561  3101
  164 4791.993469  2558
  165 -1991.852762     9
  166 -424.566554     1
  167 4376.442872  7462
  168 -16.238001     9
  169 4010.295923  1250
  170 13301.687505 17861
  171 863.253490 13695
  172 4143.790410 24490
  173 -147.369002     7
  174 -752.572300     1
  175 -739.772469     8
  176 20898.009485 25213
  177 -925.488877     9
  178 -1684.495949     4
  179 3485.706660 11841
  180 1599.273775 26142
  181 2183.642634  3905
  182 2483.202599 18518
  183 26027.750850 26181
  184 -1142.648587     0
  185 506.577647  6201
  186 -681.677260     3
  187 -828.264238     1
  188 3983.298379  3731
  189 -605.890379     0
  190 4941.338713   594
  191 13457.532586 20258
  192 2929.739491  8869
  193 15273.451126 11140
  194 -1263.078240     1
  195 -1912.281052     4
  196 -2771.509620     6
  197 3168.593183  7350
  198 6296.586006 24250
  199 -723.039199     5
  200 4770.451306 16020
  201 5345.599416  6709
  202 1009.362579 12541
  203 -1248.402584     3
  204 -1005.419377     5
  205 1114.970614 20824
  206 -841.786050     2
  207 6992.899082 10814
  208 4645.262700 20022
  209 -1516.659688     5
  210 1955.250041   251
  211 792.134811  1080
  212 13770.621662 15517
  213 10170.280087 23377
  214 -1987.540641     2
  215 -651.637055     5
  216 -878.117338     7
  217 7500.799081  1281
  218 9976.759126 21838
  219 -250.891566     3
  220 -1049.031397     0
  221 1658.189437 12350
  222 4652.226865  9458
  223 -329.996000     5
  224 -277.634805     0
  225 14871.380833 21527
  226 16994.815084 15425
  227 -990.204131     8
  228 4895.811573 24261
  229 7334.996145 12613
  230 -933.020233     3
  231 11.979940 25599
  232 22944.728476 22069
  233 3364.419943  2552
  234 -9.181589     3
  235 8623.065129  4764
  236 -320.146039     2
  237 237.792306 11817
  238 -1551.522037     9
  239 6926.816369  8720
  240 -721.614938     4
  241 3809.193248   876
  242 -1428.448960     4
  243 1658.443047 21854
  244 282.529718 19497
  245 -977.480531     1
  246 -166.807727     2
  247 2525.805662   546
  248 1376.353091 22208
  249 -650.656095     3
  250 1536.525425  7189
  251 -953.865340     8
  252 2856.048096  5355
  253 -478.205304     9
  254 1072.111881    80
  255 -302.722908     5
  256 12925.550622 23594
  257 1068.152796 22728
  258 -239.134755     1
  259 24815.939148 12216
  260 5158.093138   214
  261 444.674168 19666
  262 -41.607153     7
  263 565.912888    74
  264 -1276.259750     0
  265 -52.116408     6
  266 381.475347 16029
  267 4098.100980 16240
  268 11558.562816 27269
  269 28460.222484 23404
  270 -1276.088410     7
  271 9672.863347  3066
  272 -8.217711     9
  273 5135.102175  3236
  274 1772.928287  8977
  275 -806.382688     2
  276 33907.461044 25687
  277 4339.548301 26575
  278 2744.332349 23229
  279 -525.668813     4
  280 -313.234075     2
  281 4515.890223 23859
  282 325.596118  6530
  283 -624.842994     7
  284 4449.257273 10765
  285 7462.042632 15705
  286 1047.282486 24767
  287 968.247125 14460
  288 8510.477134 17963
  289 1933.029146 16428
  290 -414.883136     6
  291 15409.734101 26421
  292 19.631927 21578
  293 4562.966897 10799
  294 8996.370661  3784
  295 -160.369449     8
  296 -1830.791032     2
  297 -3472.171315     8
  298 11914.526641 18046
  299 5259.131398 14927
  300 7593.063636 19137
