300
    1 1192.916948     1
    2 3155.800056 16119
    3 12380.227952 22552
    4 -1148.716060     7
    5 -857.853280     3
    6 2918.565994 17605
    7 -594.017776     0
    8 -902.062003     6
    9 -225.162469     9
   10 3494.427779  5019
   11 22591.968078 11402
   12 -483.674378     2
   13 9566.791434  7882
   14 3584.643814 20490
   15 129.055649  5438
   16 11900.337763 18433
   17 -527.785255     5
   18 7708.912263 12080
   19 2374.293538  6863
   20 3482.183319 23698
   21 -709.687808     1
   22 7926.986424  1611
   23 5462.002777   525
   24 -323.914941     6
   25 -559.113174     8
   26 -1256.704510     1
   27 10591.038485 20096
   28 -266.608517     8
   29 -1081.393363     7
   30 -1946.690186     1
   31 7205.252133 24956
   32 13387.874859 18649
   33 -1215.497344     5
   34 11670.418299 14086
   35 -2379.827283     1
   36 1224.419520   763
   37 5659.745997 14573
   38 11820.976690 22063
   39 -605.302436     7
   40 6756.841956 18419
   41 11570.287700 21823
   42 -11.437066     2
   43 5946.010887 15275
   44 13158.046118 15882
   45 3558.077771 14868
   46 -758.220192     8
   47 -585.236926     7
   48 -1680.780208     1
   49 800.687264  2208
   50 -571.306382     1
   51 -98.041527     2
   52 15329.969162 19961
   53 32125.049805 20395
   54 3940.480947 26497
   55 -728.356352     1
   56 9667.723947 17654
   57 13922.024965  4613
   58 -636.079684     3
   59 11976.328460 14985
   60 490.257794  2593
   61 3052.717871 10343
   62 -315.176088     5
   63 -156.293570     6
   64 -671.503267     5
   65 920.870339  2104
   66 -985.822957     3
   67 -338.775922     0
   68 3240.742136 20634
   69 8005.566341 17064
   70 -68.414014     3
   71 7255.023308 21647
   72 18105.202777 25568
   73 -1802.248100     1
   74 22245.042719 18628
   75 775.322622  1257
   76 8205.253087 14979
   77 -478.616817     9
   78 1195.670700 13258
   79 6155.061431  2568
   80 18660.779062 22553
   81 2016.110993 12082
   82 -1025.825271     2
   83 2791.872909 15949
   84 12737.307351 22106
   85 7693.880640 13544
   86 3012.760282  6255
   87 7032.224634 23714
   88 1777.440742  8149
   89 -2813.741509     6
   90 -889.122480     4
   91 7755.513451 10842
   92 9756.574993  6271
   93 11648.140845 15863
   94 19076.974878 23772
   95 -100.212895     5
   96 -872.784108     9
   97 -575.609021     9
   98 4954.824939 21222
   99 301.691309  1573
  100 8200.023209 22037
  101 789.081514   828
  102 -747.065806     9
  103 4521.623870 12746
  104 -255.779109     1
  105 1532.565731   314
  106 -992.661928     9
  107 4769.215012 23962
  108 -419.644501     1
  109 21295.999361 23513
  110 12405.611680 12081
  111 -2761.288574     9
  112 3915.345261 13467
  113 9179.470421 27528
  114 -1246.477771     4
  115 -221.862246     9
  116 4117.599364 10984
  117 -1104.759427     4
  118 -262.979740     8
  119 -621.583671     3
  120 -604.778722     1
  121 10363.409392 19028
  122 -144.272920     1
  123 -740.558282     9
  124 6075.045655 22549
  125 -159.192054     5
  126 -892.268213     8
  127 26314.193951 26634
  128 -1150.967116     5
  129 728.686682  8009
  130 -34.733827     9
  131 25513.933706 18283
  132 1732.898480 14384
  133 5052.707721 14765
  134 15905.112394 14456
  135 -479.300947     3
  136 2798.042831  1602
  137 2465.987924  4234
  138 1426.270518 13370
  139 3525.547872  6832
  140 18498.758153 23847
  141 3803.932996  6524
  142 356.322635 25512
  143 -886.391750     7
  144 4540.076325 21094
  145 14206.149304 23238
  146 -1629.078370     4
  147 1341.849561 23525
  148 -703.261960     4
  149 -286.737833     7
  150 4849.706211   294
  151 6949.115760 10172
  152 -131.835425     8
  153 1728.144657 21958
  154 -2073.981385     2
  155 -290.087742     1
  156 14059.166952 19828
  157 -270.019018     7
  158 135.776550   731
  159 -260.964689     1
  160 1889.743945 15722
  161 4186.446411  3195
  162 5237.280183  1887
  163 4368.869558  3101
  164 7289.469123  2558
  165 -9.033800     9
  166 -1551.331383     1
  167 288.531182  7462
  168 -270.073499     9
  169 253.840471  1250
  170 19471.759674 17861
  171 11775.800948 13695
  172 35854.278757 24490
  173 -301.182142     7
  174 -460.860943     1
  175 -2331.138620     8
  176 37865.755017 25213
  177 -27.906639     9
  178 -1741.584837     4
  179 1250.318728 11841
  180 14648.698720 26142
  181 1218.259746  3905
  182 2990.718971 18518
  183 10581.252554 26181
  184 -1636.082109     0
  185 1540.235051  6201
  186 -736.026275     3
  187 -143.913825     1
  188 2047.065396  3731
  189 -632.929001     0
  190 794.203883   594
  191 1210.569492 20258
  192 5650.190164  8869
  193 4756.021054 11140
  194 -1842.022760     1
  195 -997.687548     4
  196 -883.636406     6
  197 778.405879  7350
  198 7539.510718 24250
  199 -892.550407     5
  200 2511.487736 16020
  201 5411.871008  6709
  202 4150.374055 12541
  203 -676.110005     3
  204 -1728.824734     5
  205 7878.505865 20824
  206 -149.320209     2
  207 9743.102303 10814
  208 3223.593356 20022
  209 -1650.112151     5
  210 2106.448183   251
  211 3211.390498  1080
  212 14754.846329 15517
  213 20417.544597 23377
  214 -12.167709     2
  215 -996.085283     5
  216 -1085.527528     7
  217 3875.163843  1281
  218 5552.386475 21838
  219 -1766.038726     3
  220 -292.034544     0
  221 9317.718997 12350
  222 8700.623205  9458
  223 -1114.405622     5
  224 -596.668729     0
  225 22726.003246 21527
  226 8495.654970 15425
  227 -809.075706     8
  228 9342.119705 24261
  229 17030.021552 12613
  230 -322.488107     3
  231 14913.836291 25599
  232 12492.753790 22069
  233 1475.325428  2552
  234 -938.197723     3
  235 1182.432618  4764
  236 -197.807399     2
  237 7383.649954 11817
  238 -1483.745376     9
  239 3339.582836  8720
  240 -687.894961     4
  241 1361.754324   876
  242 -1208.911470     4
  243 17334.707516 21854
  244 5884.025373 19497
  245 -1160.196185     1
  246 -507.234458     2
  247 1774.420412   546
  248 8185.571420 22208
  249 -1624.698343     3
  250 2305.745177  7189
  251 -1675.555203     8
  252 5684.933636  5355
  253 -431.022293     9
  254 5456.423186    80
  255 -1824.494310     5
  256 3794.144239 23594
  257 1906.137843 22728
  258 -861.653888     1
  259 868.718846 12216
  260 691.316697   214
  261 3573.399350 19666
  262 -334.383475     7
  263 1062.221204    74
  264 -1025.596526     0
  265 -1134.912082     6
  266 10945.726901 16029
  267 8740.605208 16240
  268 20019.237603 27269
  269 21584.294565 23404
  270 -750.509452     7
  271 6456.405843  3066
  272 -3217.739193     9
  273 2786.695045  3236
  274 6556.565183  8977
  275 -2950.019281     2
  276 6021.488154 25687
  277 18881.880803 26575
  278 14272.796662 23229
  279 -152.405548     4
  280 -559.310806     2
  281 2341.510196 23859
  282 2032.015525  6530
  283 -153.902836     7
  284 1149.746262 10765
  285 13883.332551 15705
  286 2445.901530 24767
  287 4527.496925 14460
  288 14234.365662 17963
  289 4800.027416 16428
  290 -844.640076     6
  291 3176.912030 26421
  292 10372.515979 21578
  293 5673.590368 10799
  294 2321.323044  3784
  295 -527.190982     8
  296 -1167.128532     2
  297 -1581.521098     8
  298 4778.103008 18046
  299 12235.486034 14927
  300 21818.196441 19137
