300
    1 3118.492023     1
    2 3547.420434 16119
    3 7372.546871 22552
    4 -1441.534779     7
    5 -326.363441     3
    6 18860.340140 17605
    7 -443.172072     0
    8 -513.413068     6
    9 -377.325519     9
   10 2266.499682  5019
   11 678.466337 11402
   12 -197.531335     2
   13 12220.192872  7882
   14 6623.205273 20490
   15 617.395793  5438
   16 8521.839787 18433
   17 -1169.094056     5
   18 5274.091359 12080
   19 726.288450  6863
   20 27436.420311 23698
   21 -450.937257     1
   22 479.074154  1611
   23 908.010043   525
   24 -310.433618     6
   25 -254.910140     8
   26 -1044.162638     1
   27 19603.102873 20096
   28 -150.736173     8
   29 -1019.932360     7
   30 -756.990493     1
   31 4287.950937 24956
   32 4496.725146 18649
   33 -1795.805340     5
   34 16590.801745 14086
   35 -1025.682582     1
   36 2829.816109   763
   37 8894.760026 14573
   38 23972.387131 22063
   39 -15.494998     7
   40 3918.399949 18419
   41 6497.650645 21823
   42 -1820.488857     2
   43 1029.385570 15275
   44 2990.971204 15882
   45 2512.421699 14868
   46 -865.312858     8
   47 -1335.687540     7
   48 -955.648836     1
   49 8982.227033  2208
   50 -51.677650     1
   51 -728.776694     2
   52 13729.931869 19961
   53 11817.883200 20395
   54 3916.012355 26497
   55 -546.453187     1
   56 8950.639092 17654
   57 4270.438130  4613
   58 -1453.975773     3
   59 18532.472926 14985
   60 1118.681933  2593
   61 8019.254787 10343
   62 -2045.313241     5
   63 -164.955160     6
   64 -496.173416     5
   65 6846.283602  2104
   66 -780.957702     3
   67 -690.159388     0
   68 10824.745733 20634
   69 1242.455833 17064
   70 -257.197738     3
   71 8909.900008 21647
   72 13003.321824 25568
   73 -151.170967     1
   74 2136.007286 18628
   75 816.741695  1257
   76 4447.789940 14979
   77 -886.483726     9
   78 4807.408886 13258
   79 5645.046698  2568
   80 4541.329532 22553
   81 9305.209444 12082
   82 -303.811865     2
   83 14438.402288 15949
   84 9214.486520 22106
   85 4790.428039 13544
   86 3585.344958  6255
   87 10482.143741 23714
   88 4958.365605  8149
   89 -316.074079     6
   90 -481.487499     4
   91 3956.780907 10842
   92 4146.369937  6271
   93 10698.036381 15863
   94 9212.296097 23772
   95 -52.579573     5
   96 -163.576562     9
   97 -769.001766     9
   98 8263.845852 21222
   99 348.485504  1573
  100 3004.145177 22037
  101 498.936157   828
  102 -231.575689     9
  103 5767.657417 12746
  104 -643.761571     1
  105 995.411098   314
  106 -1239.319823     9
  107 14983.297617 23962
  108 -488.821903     1
  109 20243.495413 23513
  110 5963.623732 12081
  111 -429.235979     9
  112 7307.606621 13467
  113 14596.599723 27528
  114 -757.064058     4
  115 -1818.943438     9
  116 6031.500207 10984
  117 -807.648518     4
  118 -625.530088     8
  119 -1488.102146     3
  120 -875.442714     1
  121 18423.341129 19028
  122 -352.161703     1
  123 -962.207644     9
  124 13403.119953 22549
  125 -18.311275     5
  126 -38.006967     8
  127 4373.267328 26634
  128 -571.498709     5
  129 8259.382323  8009
  130 -518.907503     9
  131 3037.140545 18283
  132 4137.742949 14384
  133 9158.680531 14765
  134 9868.560236 14456
  135 -459.313006     3
  136 1290.321523  1602
  137 5630.760661  4234
  138 4576.075687 13370
  139 5452.600443  6832
  140 11245.267604 23847
  141 7372.068113  6524
  142 1273.176659 25512
  143 -1312.169701     7
  144 9485.117988 21094
  145 17396.708550 23238
  146 -259.809126     4
  147 16140.018331 23525
  148 -136.845043     4
  149 -440.449885     7
  150 1262.506744   294
  151 11883.920356 10172
  152 -362.467352     8
  153 18333.576967 21958
  154 -3303.342698     2
  155 -1128.391930     1
  156 8305.159254 19828
  157 -1831.097880     7
  158 228.627080   731
  159 -592.761074     1
  160 7351.870261 15722
  161 6114.572223  3195
  162 2916.725982  1887
  163 5187.845344  3101
  164 2069.545893  2558
  165 -965.362437     9
  166 -1269.566187     1
  167 9038.355991  7462
  168 -63.148035     9
  169 3807.769514  1250
  170 10211.719478 17861
  171 7904.172589 13695
  172 13381.230386 24490
  173 -876.906989     7
  174 -619.062396     1
  175 -266.414998     8
  176 36947.023237 25213
  177 -206.950351     9
  178 -33.075074     4
  179 420.070220 11841
  180 31118.494372 26142
  181 7235.337241  3905
  182 21801.672059 18518
  183 16734.286595 26181
  184 -1174.968342     0
  185 4371.396603  6201
  186 -252.120015     3
  187 -748.928907     1
  188 1018.082250  3731
  189 -19.474772     0
  190 3608.877231   594
  191 25897.272422 20258
  192 98.387998  8869
  193 9371.389213 11140
  194 -2158.062063     1
  195 -40.361754     4
  196 -2569.718416     6
  197 4464.306873  7350
  198 6308.676128 24250
  199 -288.793061     5
  200 11377.439216 16020
  201 8349.188956  6709
  202 642.105309 12541
  203 -220.506166     3
  204 -312.538480     5
  205 6558.322204 20824
  206 -2443.957062     2
  207 4890.858468 10814
  208 1669.675556 20022
  209 -130.437159     5
  210 3693.839612   251
  211 5818.068989  1080
  212 22857.105219 15517
  213 3661.382623 23377
  214 -3001.697982     2
  215 -608.491497     5
  216 -1651.084024     7
  217 2769.880176  1281
  218 1174.409221 21838
  219 -1077.344996     3
  220 -450.219510     0
  221 8988.347662 12350
  222 5395.170054  9458
  223 -209.281171     5
  224 -615.252618     0
  225 7735.338471 21527
  226 6708.430962 15425
  227 -1815.680041     8
  228 8810.405260 24261
  229 16170.919330 12613
  230 -386.307917     3
  231 13011.359276 25599
  232 9636.284286 22069
  233 5512.895976  2552
  234 -161.806089     3
  235 1915.694719  4764
  236 -365.298394     2
  237 12014.262389 11817
  238 -1382.090674     9
  239 10880.164129  8720
  240 -128.638719     4
  241 2316.830179   876
  242 -1712.365280     4
  243 20246.475363 21854
  244 6200.291997 19497
  245 -127.042426     1
  246 -613.458748     2
  247 1738.081435   546
  248 10379.783774 22208
  249 -75.750550     3
  250 1730.574041  7189
  251 -1475.342144     8
  252 4075.594820  5355
  253 -579.540292     9
  254 1070.253886    80
  255 -2021.830755     5
  256 6700.460312 23594
  257 11177.708851 22728
  258 -883.733860     1
  259 13060.212289 12216
  260 302.517523   214
  261 4881.963123 19666
  262 -534.246149     7
  263 3121.965674    74
  264 -637.819104     0
  265 -1320.322288     6
  266 1801.290215 16029
  267 8368.043091 16240
  268 16359.895687 27269
  269 22492.134378 23404
  270 -594.866284     7
  271 1504.431296  3066
  272 -685.549110     9
  273 2489.402574  3236
  274 4995.075264  8977
  275 -1752.787914     2
  276 2987.138349 25687
  277 17082.420658 26575
  278 12069.215930 23229
  279 -288.980699     4
  280 -371.130617     2
  281 2909.304848 23859
  282 1821.969446  6530
  283 -1022.764423     7
  284 9544.725978 10765
  285 17996.537478 15705
  286 1929.822325 24767
  287 7479.860486 14460
  288 5698.117839 17963
  289 14900.687197 16428
  290 -773.067962     6
  291 3111.253630 26421
  292 18854.267232 21578
  293 6066.394635 10799
  294 3132.476579  3784
  295 -115.669552     8
  296 -355.315032     2
  297 -1931.262537     8
  298 11297.839519 18046
  299 7105.727295 14927
  300 11229.578233 19137
