300
    1 1907.471831     1
    2 20092.170108 16119
    3 14476.344639 22552
    4 -579.971657     7
    5 -1361.858803     3
    6 11894.494762 17605
    7 -145.760684     0
    8 -442.309341     6
    9 -1379.434217     9
   10 5260.009145  5019
   11 5341.373657 11402
   12 -747.147161     2
   13 12224.243364  7882
   14 7257.808251 20490
   15 3930.464994  5438
   16 19551.202205 18433
   17 -1207.640505     5
   18 9160.163652 12080
   19 6350.013038  6863
   20 273.585788 23698
   21 -822.637367     1
   22 2153.006120  1611
   23 2697.715931   525
   24 -257.243550     6
   25 -43.764170     8
   26 -550.150098     1
   27 8695.507648 20096
   28 -597.462547     8
   29 -175.751397     7
   30 -1161.381268     1
   31 17816.774095 24956
   32 15568.491082 18649
   33 -712.703758     5
   34 2493.091999 14086
   35 -2682.829320     1
   36 2028.241784   763
   37 4146.430609 14573
   38 18242.422925 22063
   39 -2544.229704     7
   40 6974.057481 18419
   41 27572.859853 21823
   42 -444.506557     2
   43 4734.040837 15275
   44 9513.698382 15882
   45 24678.522314 14868
   46 -233.259450     8
   47 -866.782871     7
   48 -947.703354     1
   49 3385.213073  2208
   50 -184.874739     1
   51 -1046.758629     2
   52 6047.936525 19961
   53 8309.992744 20395
   54 6106.392178 26497
   55 -876.680621     1
   56 1203.892920 17654
   57 417.925174  4613
   58 -14.389910     3
   59 3433.779585 14985
   60 934.110246  2593
   61 1653.404819 10343
   62 -1491.533537     5
   63 -742.096318     6
   64 -767.485560     5
   65 78.654735  2104
   66 -1343.867194     3
   67 -150.623212     0
   68 11049.338078 20634
   69 17358.588491 17064
   70 -95.852480     3
   71 14280.051331 21647
   72 6117.185002 25568
   73 -393.106707     1
   74 22182.662221 18628
   75 2477.495046  1257
   76 3319.735169 14979
   77 -319.692855     9
   78 5093.232814 13258
   79 3666.290288  2568
   80 2087.464574 22553
   81 265.843052 12082
   82 -399.442392     2
   83 9099.440778 15949
   84 14911.286122 22106
   85 1387.878704 13544
   86 1588.187413  6255
   87 19345.054116 23714
   88 2560.350751  8149
   89 -346.616657     6
   90 -1669.476743     4
   91 4800.604877 10842
   92 9930.708401  6271
   93 11338.401710 15863
   94 1884.518412 23772
   95 -384.235489     5
   96 -656.365051     9
   97 -127.932796     9
   98 11430.605136 21222
   99 4152.901940  1573
  100 10739.196882 22037
  101 1461.956909   828
  102 -438.245774     9
  103 5062.255389 12746
  104 -3020.855092     1
  105 6528.277077   314
  106 -955.823937     9
  107 18934.974222 23962
  108 -1331.690824     1
  109 10495.561249 23513
  110 11998.298054 12081
  111 -600.166453     9
  112 15748.313621 13467
  113 19020.516765 27528
  114 -132.623626     4
  115 -1383.634418     9
  116 4080.858188 10984
  117 -1248.799174     4
  118 -1621.856207     8
  119 -1783.589197     3
  120 -1503.878243     1
  121 18552.474008 19028
  122 -931.705666     1
  123 -3345.434054     9
  124 11701.152078 22549
  125 -111.187670     5
  126 -1525.491909     8
  127 2322.880121 26634
  128 -299.106289     5
  129 4986.526565  8009
  130 -720.193223     9
  131 11782.010349 18283
  132 13234.338151 14384
  133 5840.441025 14765
  134 1691.044212 14456
  135 -2433.055318     3
  136 1171.828812  1602
  137 1556.183043  4234
  138 9197.597504 13370
  139 7616.341618  6832
  140 4124.229350 23847
  141 5293.165032  6524
  142 12561.883409 25512
  143 -1734.847216     7
  144 9248.729136 21094
  145 14950.148015 23238
  146 -1844.479506     4
  147 22724.369543 23525
  148 -16.899057     4
  149 -1370.139876     7
  150 5299.051644   294
  151 364.580833 10172
  152 -1894.381121     8
  153 9196.206373 21958
  154 -1408.677280     2
  155 -565.666767     1
  156 2598.148722 19828
  157 -295.330920     7
  158 3201.784186   731
  159 -159.430121     1
  160 4404.392076 15722
  161 1030.334685  3195
  162 3545.684916  1887
  163 4357.289159  3101
  164 5347.829140  2558
  165 -1801.843419     9
  166 -1496.091407     1
  167 10387.017844  7462
  168 -33.345699     9
  169 1819.293224  1250
  170 1118.837379 17861
  171 11581.610331 13695
  172 5610.905905 24490
  173 -274.671231     7
  174 -1139.261646     1
  175 -1725.923403     8
  176 9790.817868 25213
  177 -1338.120262     9
  178 -763.274369     4
  179 13955.654111 11841
  180 9661.325542 26142
  181 3037.759213  3905
  182 5275.132126 18518
  183 8232.263270 26181
  184 -2335.891482     0
  185 5651.186467  6201
  186 -61.850567     3
  187 -317.645529     1
  188 2664.834479  3731
  189 -902.667661     0
  190 2250.025414   594
  191 21357.098376 20258
  192 6505.193215  8869
  193 3161.531674 11140
  194 -110.089473     1
  195 -1449.614590     4
  196 -2679.550223     6
  197 4806.585569  7350
  198 7740.548611 24250
  199 -2203.839364     5
  200 5095.479673 16020
  201 10007.286152  6709
  202 6055.202114 12541
  203 -130.409308     3
  204 -2929.994238     5
  205 5825.770145 20824
  206 -201.459958     2
  207 8958.894576 10814
  208 1991.367730 20022
  209 -335.166132     5
  210 1555.218587   251
  211 2662.025925  1080
  212 9572.115106 15517
  213 10159.324773 23377
  214 -2114.326196     2
  215 -66.079483     5
  216 -353.339481     7
  217 2737.511032  1281
  218 3894.681181 21838
  219 -55.506709     3
  220 -230.887644     0
  221 4385.716005 12350
  222 6912.798579  9458
  223 -322.859398     5
  224 -491.178885     0
  225 6617.480989 21527
  226 1321.360253 15425
  227 -29.493249     8
  228 8363.127973 24261
  229 6362.430016 12613
  230 -2764.537980     3
  231 2198.229111 25599
  232 1902.600917 22069
  233 5500.712411  2552
  234 -2830.968398     3
  235 1957.474679  4764
  236 -284.577775     2
  237 8451.294458 11817
  238 -1913.080329     9
  239 15814.394408  8720
  240 -1107.677213     4
  241 124.431776   876
  242 -1532.977619     4
  243 5133.456576 21854
  244 13791.665202 19497
  245 -153.246607     1
  246 -1062.352655     2
  247 3545.119889   546
  248 3459.064978 22208
  249 -1089.959225     3
  250 699.137708  7189
  251 -338.403639     8
  252 7684.319864  5355
  253 -2120.386494     9
  254 6398.499750    80
  255 -236.778471     5
  256 11147.090354 23594
  257 11415.004715 22728
  258 -1685.098946     1
  259 2254.348586 12216
  260 953.701314   214
  261 1071.244985 19666
  262 -436.475921     7
  263 2336.092643    74
  264 -1298.838209     0
  265 -331.366331     6
  266 515.830552 16029
  267 10692.807026 16240
  268 3866.052249 27269
  269 2397.626200 23404
  270 -393.915386     7
  271 3842.773217  3066
  272 -1305.570870     9
  273 4617.932804  3236
  274 3083.094993  8977
  275 -90.703049     2
  276 11683.758946 25687
  277 2971.767009 26575
  278 10372.829726 23229
  279 -1081.681540     4
  280 -420.427787     2
  281 19881.604318 23859
  282 3269.028990  6530
  283 -49.347801     7
  284 1039.716040 10765
  285 10103.013754 15705
  286 21615.447575 24767
  287 4322.974619 14460
  288 17147.731432 17963
  289 11553.479747 16428
  290 -248.326441     6
  291 22084.725017 26421
  292 4221.585630 21578
  293 5653.540072 10799
  294 3919.921691  3784
  295 -1614.313660     8
  296 -590.983412     2
  297 -29.028537     8
  298 15356.298027 18046
  299 854.188107 14927
  300 15565.260137 19137
