300
    1 300.204111     1
    2 7103.793348 16119
    3 1316.986717 22552
    4 -218.031324     7
    5 -1968.126866     3
    6 2952.569211 17605
    7 -359.140307     0
    8 -383.486626     6
    9 -558.691745     9
   10 11374.859778  5019
   11 1309.434729 11402
   12 -398.511444     2
   13 1347.367958  7882
   14 4251.729079 20490
   15 3675.935765  5438
   16 6809.463345 18433
   17 -2162.681317     5
   18 13863.124577 12080
   19 7032.936566  6863
   20 13129.984045 23698
   21 -62.978551     1
   22 4682.059888  1611
   23 1717.171742   525
   24 -175.442408     6
   25 -185.923958     8
   26 -1216.717395     1
   27 16000.525538 20096
   28 -1350.418698     8
   29 -848.669933     7
   30 -1365.654940     1
   31 1588.991962 24956
   32 3720.656955 18649
   33 -1140.285429     5
   34 7748.272457 14086
   35 -226.765283     1
   36 4986.724275   763
   37 9288.260427 14573
   38 211.117091 22063
   39 -226.832232     7
   40 8364.707780 18419
   41 10351.177387 21823
   42 -693.332620     2
   43 24024.267389 15275
   44 8723.016899 15882
   45 3271.056888 14868
   46 -702.023055     8
   47 -753.577882     7
   48 -743.833022     1
   49 4888.289637  2208
   50 -237.253502     1
   51 -1888.082559     2
   52 1182.861167 19961
   53 3797.339862 20395
   54 2500.638880 26497
   55 -2065.162145     1
   56 3397.658207 17654
   57 305.834712  4613
   58 -475.265074     3
   59 8296.381693 14985
   60 1533.806930  2593
   61 3359.602162 10343
   62 -704.543321     5
   63 -265.394514     6
   64 -469.996186     5
   65 2324.467311  2104
   66 -465.605374     3
   67 -1600.651400     0
   68 8340.479628 20634
   69 22246.264838 17064
   70 -228.603203     3
   71 9383.549323 21647
   72 5108.023188 25568
   73 -644.478606     1
   74 14934.992204 18628
   75 1411.093424  1257
   76 141.399601 14979
   77 -948.969324     9
   78 2236.770599 13258
   79 1859.818294  2568
   80 5699.017876 22553
   81 1775.876028 12082
   82 -177.496986     2
   83 14119.045688 15949
   84 6218.418676 22106
   85 11376.306681 13544
   86 5370.515507  6255
   87 2516.869476 23714
   88 5574.785093  8149
   89 -607.601592     6
   90 -980.566145     4
   91 4066.754550 10842
   92 1463.322121  6271
   93 14745.680168 15863
   94 37267.941341 23772
   95 -588.506076     5
   96 -1367.555444     9
   97 -777.019580     9
   98 18625.746664 21222
   99 4649.511524  1573
  100 5125.944325 22037
  101 149.268729   828
  102 -2105.415923     9
  103 8014.307912 12746
  104 -814.994396     1
  105 899.112040   314
  106 -1502.621572     9
  107 390.538633 23962
  108 -259.926421     1
  109 18964.698969 23513
  110 4229.967652 12081
  111 -1041.479495     9
  112 16584.058955 13467
  113 23374.630805 27528
  114 -954.914112     4
  115 -368.034152     9
  116 5172.494680 10984
  117 -1189.487687     4
  118 -812.022878     8
  119 -95.711125     3
  120 -459.625028     1
  121 22636.322641 19028
  122 -1704.879025     1
  123 -272.464343     9
  124 24115.011400 22549
  125 -304.452125     5
  126 -2659.845686     8
  127 36483.382973 26634
  128 -824.806145     5
  129 7402.221410  8009
  130 -649.175809     9
  131 14244.399391 18283
  132 7910.264913 14384
  133 18724.619828 14765
  134 2025.986009 14456
  135 -559.926392     3
  136 3285.882992  1602
  137 1268.852596  4234
  138 1178.788251 13370
  139 1969.205808  6832
  140 43700.425527 23847
  141 4213.832148  6524
  142 2570.188704 25512
  143 -195.845661     7
  144 8527.295644 21094
  145 10642.649776 23238
  146 -12.363540     4
  147 5228.992437 23525
  148 -755.812285     4
  149 -462.934505     7
  150 1438.344375   294
  151 4227.245259 10172
  152 -77.244403     8
  153 6667.561313 21958
  154 -1489.302659     2
  155 -552.172044     1
  156 17767.468049 19828
  157 -203.121776     7
  158 2544.913705   731
  159 -347.695228     1
  160 580.013258 15722
  161 2200.600757  3195
  162 968.908727  1887
  163 597.642041  3101
  164 600.967071  2558
  165 -2053.157020     9
  166 -106.832036     1
  167 3311.396666  7462
  168 -677.205423     9
  169 2623.640473  1250
  170 4750.152994 17861
  171 14015.080760 13695
  172 3791.796321 24490
  173 -322.853387     7
  174 -592.125509     1
  175 -559.932172     8
  176 22263.156321 25213
  177 -574.803905     9
  178 -3463.969979     4
  179 13207.972242 11841
  180 35265.404413 26142
  181 2231.339200  3905
  182 15495.887964 18518
  183 22184.399586 26181
  184 -1428.550055     0
  185 4167.402228  6201
  186 -714.053995     3
  187 -1106.687482     1
  188 2418.475614  3731
  189 -1157.503369     0
  190 4245.288332   594
  191 1228.579082 20258
  192 117.229250  8869
  193 139.969827 11140
  194 -1455.421848     1
  195 -633.719138     4
  196 -286.358429     6
  197 681.428953  7350
  198 53324.477048 24250
  199 -682.319422     5
  200 2072.094965 16020
  201 6458.859084  6709
  202 12846.580632 12541
  203 -87.762294     3
  204 -913.237573     5
  205 18154.102297 20824
  206 -720.871244     2
  207 4504.082455 10814
  208 5955.603071 20022
  209 -972.205706     5
  210 403.623683   251
  211 5255.219981  1080
  212 4996.631811 15517
  213 203.517018 23377
  214 -1932.971128     2
  215 -504.612422     5
  216 -528.000084     7
  217 200.155346  1281
  218 14686.754391 21838
  219 -1132.042673     3
  220 -747.868687     0
  221 4005.767630 12350
  222 5690.673741  9458
  223 -1621.059230     5
  224 -5.733139     0
  225 2825.771203 21527
  226 11610.449838 15425
  227 -20.637669     8
  228 27993.824727 24261
  229 19658.196344 12613
  230 -2488.493523     3
  231 3719.232226 25599
  232 15358.977360 22069
  233 2728.020846  2552
  234 -2588.021555     3
  235 5177.935344  4764
  236 -5.623421     2
  237 2904.899323 11817
  238 -562.876091     9
  239 4170.517704  8720
  240 -798.023027     4
  241 314.105481   876
  242 -436.372682     4
  243 3302.462900 21854
  244 10634.235485 19497
  245 -202.185614     1
  246 -2238.081660     2
  247 1559.942419   546
  248 34985.168386 22208
  249 -612.049535     3
  250 766.890591  7189
  251 -894.979379     8
  252 6120.887643  5355
  253 -1964.486297     9
  254 1494.845877    80
  255 -2614.519253     5
  256 2805.171660 23594
  257 6315.615004 22728
  258 -1398.069855     1
  259 2199.051454 12216
  260 1250.170169   214
  261 2466.981337 19666
  262 -423.317637     7
  263 479.130173    74
  264 -144.796074     0
  265 -826.210952     6
  266 375.230835 16029
  267 404.037068 16240
  268 6165.794600 27269
  269 1560.200265 23404
  270 -243.296164     7
  271 2113.556343  3066
  272 -1551.559736     9
  273 1433.931745  3236
  274 4452.856134  8977
  275 -387.071084     2
  276 5289.557322 25687
  277 8812.304594 26575
  278 18245.145195 23229
  279 -962.595527     4
  280 -75.486860     2
  281 1980.671588 23859
  282 700.050397  6530
  283 -210.268159     7
  284 9800.056712 10765
  285 19.819350 15705
  286 5473.110395 24767
  287 1835.301443 14460
  288 12286.201869 17963
  289 6155.832387 16428
  290 -1194.597539     6
  291 18891.641336 26421
  292 14619.755674 21578
  293 1161.976877 10799
  294 993.433841  3784
  295 -880.890596     8
  296 -672.473730     2
  297 -336.422104     8
  298 10191.517846 18046
  299 11535.572654 14927
  300 2227.597474 19137
