300
    1 2358.786491     1
    2 5367.821457 16119
    3 2652.093121 22552
    4 -837.206404     7
    5 -2571.822882     3
    6 17667.043563 17605
    7 -903.156449     0
    8 -261.874926     6
    9 -1016.390231     9
   10 3903.348126  5019
   11 15649.552407 11402
   12 -707.799670     2
   13 9119.952148  7882
   14 6145.046273 20490
   15 2481.849814  5438
   16 11854.796299 18433
   17 -793.484585     5
   18 8363.881365 12080
   19 4180.092431  6863
   20 6333.681686 23698
   21 -1469.338517     1
   22 2837.149977  1611
   23 4302.636186   525
   24 -1086.232102     6
   25 -472.468739     8
   26 -679.769788     1
   27 29048.596112 20096
   28 -88.521771     8
   29 -1782.262053     7
   30 -1670.101861     1
   31 16040.149564 24956
   32 9147.439474 18649
   33 -1578.869572     5
   34 1909.313463 14086
   35 -875.073990     1
   36 2190.181489   763
   37 18455.280958 14573
   38 8446.245353 22063
   39 -256.052835     7
   40 3816.082680 18419
   41 13092.425903 21823
   42 -627.372622     2
   43 375.483996 15275
   44 1323.077322 15882
   45 18166.851240 14868
   46 -860.316197     8
   47 -514.006249     7
   48 -853.975632     1
   49 3126.833509  2208
   50 -478.811153     1
   51 -479.576216     2
   52 2659.329623 19961
   53 9233.488421 20395
   54 5418.806178 26497
   55 -506.856110     1
   56 28562.500908 17654
   57 4118.417549  4613
   58 -17.448753     3
   59 2085.181934 14985
   60 108.527901  2593
   61 3082.519745 10343
   62 -1256.259212     5
   63 -143.169522     6
   64 -156.052231     5
   65 1090.198053  2104
   66 -844.399086     3
   67 -273.712351     0
   68 6818.726394 20634
   69 9398.388269 17064
   70 -666.840142     3
   71 6273.548314 21647
   72 1707.718690 25568
   73 -854.007313     1
   74 7452.578912 18628
   75 29.409603  1257
   76 15529.075140 14979
   77 -649.076658     9
   78 7363.412215 13258
   79 5435.254151  2568
   80 2135.650275 22553
   81 4743.909409 12082
   82 -1982.562612     2
   83 12444.923969 15949
   84 6491.747670 22106
   85 8245.915500 13544
   86 4372.807750  6255
   87 5369.385129 23714
   88 13600.814725  8149
   89 -434.807507     6
   90 -701.144376     4
   91 2240.189339 10842
   92 5173.635753  6271
   93 10795.405820 15863
   94 16274.897613 23772
   95 -4.575566     5
   96 -398.075123     9
   97 -531.953266     9
   98 2673.949534 21222
   99 1192.546836  1573
  100 12957.953877 22037
  101 637.568000   828
  102 -553.986257     9
  103 7558.231466 12746
  104 -236.384553     1
  105 6.025449   314
  106 -633.001658     9
  107 12922.314046 23962
  108 -633.448447     1
  109 24375.211002 23513
  110 14759.602177 12081
  111 -804.587962     9
  112 9275.778372 13467
  113 8898.933488 27528
  114 -325.665035     4
  115 -359.090655     9
  116 9860.046578 10984
  117 -1954.591417     4
  118 -104.859045     8
  119 -298.736259     3
  120 -1486.691353     1
  121 5277.597612 19028
  122 -208.512565     1
  123 -9.338765     9
  124 18725.462789 22549
  125 -2316.861710     5
  126 -1123.026352     8
  127 9967.992214 26634
  128 -2406.763784     5
  129 326.782016  8009
  130 -381.658915     9
  131 4569.087307 18283
  132 8385.224375 14384
  133 6376.050909 14765
  134 5384.486486 14456
  135 -1989.752293     3
  136 3340.827856  1602
  137 162.398653  4234
  138 14531.022068 13370
  139 3917.403284  6832
  140 13059.958141 23847
  141 8486.548223  6524
  142 3995.060018 25512
  143 -1791.585355     7
  144 14493.163911 21094
  145 6536.138643 23238
  146 -119.239972     4
  147 14453.513253 23525
  148 -1108.716564     4
  149 -957.041993     7
  150 1048.476240   294
  151 809.837615 10172
  152 -574.209271     8
  153 20699.385956 21958
  154 -2463.210268     2
  155 -490.957206     1
  156 11341.190092 19828
  157 -739.628200     7
  158 1031.147770   731
  159 -1100.968582     1
  160 18499.003656 15722
  161 261.795959  3195
  162 481.867791  1887
  163 1103.293058  3101
  164 2958.913952  2558
  165 -918.993166     9
  166 -2543.217404     1
  167 1673.230003  7462
  168 -188.667443     9
  169 296.858741  1250
  170 8097.084243 17861
  171 7334.905575 13695
  172 14620.688939 24490
  173 -4.214325     7
  174 -1553.499526     1
  175 -549.996518     8
  176 2811.826075 25213
  177 -224.613524     9
  178 -1126.746227     4
  179 4114.476631 11841
  180 2668.117223 26142
  181 4688.153237  3905
  182 69.451204 18518
  183 6916.891938 26181
  184 -620.683690     0
  185 5075.858163  6201
  186 -143.546199     3
  187 -1398.325162     1
  188 774.648583  3731
  189 -655.590632     0
  190 899.087501   594
  191 2501.036478 20258
  192 3416.276144  8869
  193 11694.751136 11140
  194 -651.000086     1
  195 -194.552485     4
  196 -1861.045546     6
  197 432.677193  7350
  198 20676.032170 24250
  199 -364.688098     5
  200 391.879883 16020
  201 9651.148345  6709
  202 10012.243092 12541
  203 -313.275253     3
  204 -372.773718     5
  205 18189.508080 20824
  206 -407.074901     2
  207 4535.239635 10814
  208 13405.714391 20022
  209 -118.652623     5
  210 2145.132776   251
  211 4603.292161  1080
  212 22255.891992 15517
  213 2981.901279 23377
  214 -1433.795973     2
  215 -383.062350     5
  216 -235.765689     7
  217 7830.377372  1281
  218 731.388665 21838
  219 -300.189684     3
  220 -88.899510     0
  221 12409.209516 12350
  222 447.764245  9458
  223 -631.859657     5
  224 -130.323668     0
  225 1107.055928 21527
  226 14474.332591 15425
  227 -1630.134711     8
  228 26257.430436 24261
  229 3009.613745 12613
  230 -4198.721271     3
  231 8751.504200 25599
  232 21289.584078 22069
  233 756.272725  2552
  234 -11.822031     3
  235 8509.006020  4764
  236 -63.146539     2
  237 1952.212286 11817
  238 -3420.804288     9
  239 4638.389958  8720
  240 -1562.685784     4
  241 337.000974   876
  242 -2756.639695     4
  243 673.368470 21854
  244 6.409635 19497
  245 -52.869070     1
  246 -1628.340866     2
  247 507.679730   546
  248 1078.203668 22208
  249 -827.614637     3
  250 7135.966073  7189
  251 -93.955928     8
  252 3686.376072  5355
  253 -533.612446     9
  254 169.522089    80
  255 -456.505760     5
  256 1763.808921 23594
  257 5380.849410 22728
  258 -21.822971     1
  259 1662.220157 12216
  260 1864.028865   214
  261 9545.116561 19666
  262 -1267.006888     7
  263 1675.384601    74
  264 -200.749999     0
  265 -2.774792     6
  266 18281.032880 16029
  267 10228.231638 16240
  268 4090.466316 27269
  269 15471.768188 23404
  270 -1326.232349     7
  271 1689.305122  3066
  272 -1028.924790     9
  273 1342.085207  3236
  274 215.582098  8977
  275 -724.049210     2
  276 4321.042428 25687
  277 16209.110799 26575
  278 37128.862449 23229
  279 -1018.036820     4
  280 -248.496682     2
  281 1316.914053 23859
  282 194.718932  6530
  283 -16.813645     7
  284 2555.292313 10765
  285 2285.778089 15705
  286 22267.112168 24767
  287 660.102535 14460
  288 12308.216250 17963
  289 2010.407587 16428
  290 -936.444536     6
  291 6387.071574 26421
  292 13950.406172 21578
  293 22596.938960 10799
  294 1174.281951  3784
  295 -208.239063     8
  296 -351.331777     2
  297 -2037.925130     8
  298 22293.784000 18046
  299 8399.598184 14927
  300 4083.352769 19137
