300
    1 1975.546618     1
    2 5131.882635 16119
    3 21702.872716 22552
    4 -686.114455     7
    5 -1025.849464     3
    6 142.599752 17605
    7 -119.806480     0
    8 -637.845047     6
    9 -199.481325     9
   10 2173.247528  5019
   11 15047.210987 11402
   12 -275.259793     2
   13 4942.124006  7882
   14 8914.850035 20490
   15 3619.885504  5438
   16 1709.312445 18433
   17 -2396.291494     5
   18 10628.874612 12080
   19 9183.076512  6863
   20 2789.729871 23698
   21 -69.053483     1
   22 3203.165168  1611
   23 1133.180615   525
   24 -358.209206     6
   25 -292.111818     8
   26 -321.855993     1
   27 8256.304007 20096
   28 -3124.268418     8
   29 -192.621230     7
   30 -602.007988     1
   31 4094.422621 24956
   32 5396.563625 18649
   33 -970.026192     5
   34 1451.685337 14086
   35 -942.676953     1
   36 3509.385699   763
   37 5390.980845 14573
   38 15652.466721 22063
   39 -774.500813     7
   40 2247.332703 18419
   41 14923.349356 21823
   42 -61.333047     2
   43 18411.342996 15275
   44 9596.757215 15882
   45 1577.131164 14868
   46 -1048.500117     8
   47 -859.059096     7
   48 -1300.262925     1
   49 757.453810  2208
   50 -159.330653     1
   51 -51.563712     2
   52 9630.435138 19961
   53 21945.333397 20395
   54 190.009781 26497
   55 -282.705387     1
   56 11909.256837 17654
   57 7091.414555  4613
   58 -1228.209481     3
   59 7320.930080 14985
   60 3442.551825  2593
   61 2454.282999 10343
   62 -638.449964     5
   63 -173.891874     6
   64 -787.044630     5
   65 4204.819076  2104
   66 -669.850579     3
   67 -871.374740     0
   68 3013.011029 20634
   69 5190.983001 17064
   70 -884.596525     3
   71 6057.457205 21647
   72 13175.989367 25568
   73 -181.550127     1
   74 9470.888738 18628
   75 3055.288911  1257
   76 716.809394 14979
   77 -93.327879     9
   78 1604.341965 13258
   79 975.861412  2568
   80 777.409144 22553
   81 4451.778763 12082
   82 -505.821220     2
   83 5800.778590 15949
   84 11822.313627 22106
   85 100.198401 13544
   86 5635.507692  6255
   87 25707.258479 23714
   88 2569.021963  8149
   89 -3988.395605     6
   90 -624.880317     4
   91 10622.361189 10842
   92 5203.923581  6271
   93 8139.145110 15863
   94 15244.938727 23772
   95 -232.150941     5
   96 -241.837245     9
   97 -485.169852     9
   98 1895.994835 21222
   99 4344.675813  1573
  100 1103.757585 22037
  101 5183.808410   828
  102 -1253.189983     9
  103 9491.710893 12746
  104 -2364.881437     1
  105 1675.638300   314
  106 -927.915130     9
  107 4900.388378 23962
  108 -1053.199492     1
  109 5032.235966 23513
  110 5026.386856 12081
  111 -1366.546453     9
  112 7428.933256 13467
  113 18158.739386 27528
  114 -748.490127     4
  115 -402.873082     9
  116 5869.884563 10984
  117 -2880.778583     4
  118 -178.996687     8
  119 -1018.928508     3
  120 -2132.632179     1
  121 3027.644787 19028
  122 -629.453574     1
  123 -110.314725     9
  124 4811.355956 22549
  125 -155.715629     5
  126 -765.461294     8
  127 5267.713467 26634
  128 -680.320744     5
  129 4175.794007  8009
  130 -734.803858     9
  131 18492.542376 18283
  132 5478.210062 14384
  133 12865.282626 14765
  134 4669.257122 14456
  135 -198.946669     3
  136 10328.969448  1602
  137 1609.303769  4234
  138 6383.303518 13370
  139 4876.247091  6832
  140 15791.199473 23847
  141 7223.517141  6524
  142 22655.906585 25512
  143 -1043.999231     7
  144 7923.327249 21094
  145 3842.321053 23238
  146 -659.411165     4
  147 10601.703700 23525
  148 -87.731901     4
  149 -1436.612862     7
  150 2439.908109   294
  151 9107.788476 10172
  152 -1892.771624     8
  153 3856.904092 21958
  154 -190.864348     2
  155 -1427.136619     1
  156 15471.139050 19828
  157 -1435.099116     7
  158 2023.619996   731
  159 -121.815279     1
  160 8801.063176 15722
  161 3693.980359  3195
  162 1314.113995  1887
  163 3062.081381  3101
  164 1840.788716  2558
  165 -172.590943     9
  166 -84.207482     1
  167 206.384177  7462
  168 -1159.915859     9
  169 1959.712987  1250
  170 6768.525443 17861
  171 13654.600853 13695
  172 14091.096334 24490
  173 -1409.152830     7
  174 -7.910181     1
  175 -93.322592     8
  176 11743.246612 25213
  177 -1070.478214     9
  178 -1039.263221     4
  179 1308.046710 11841
  180 22114.239985 26142
  181 3326.258624  3905
  182 13113.312780 18518
  183 12121.058339 26181
  184 -446.446254     0
  185 15978.710421  6201
  186 -514.292332     3
  187 -761.536379     1
  188 971.353059  3731
  189 -1777.532340     0
  190 3694.073515   594
  191 12960.570122 20258
  192 5727.244400  8869
  193 1606.614264 11140
  194 -243.457279     1
  195 -1181.631107     4
  196 -506.368703     6
  197 15027.524131  7350
  198 22618.959035 24250
  199 -2345.926766     5
  200 2138.596880 16020
  201 4510.960487  6709
  202 21170.197681 12541
  203 -369.016130     3
  204 -502.000333     5
  205 14221.278080 20824
  206 -798.864289     2
  207 3726.055628 10814
  208 1584.646666 20022
  209 -176.730401     5
  210 1178.994111   251
  211 3307.578091  1080
  212 169.683057 15517
  213 1955.109118 23377
  214 -1237.936094     2
  215 -930.955931     5
  216 -347.257903     7
  217 1409.264976  1281
  218 4945.477983 21838
  219 -909.449667     3
  220 -636.346669     0
  221 10578.672893 12350
  222 1769.644623  9458
  223 -9.764577     5
  224 -467.190599     0
  225 1412.983339 21527
  226 2585.620791 15425
  227 -1630.093283     8
  228 11967.440059 24261
  229 1964.935520 12613
  230 -2461.883996     3
  231 15171.621881 25599
  232 6638.810690 22069
  233 4521.912611  2552
  234 -2362.146334     3
  235 12247.749542  4764
  236 -511.173529     2
  237 15522.409846 11817
  238 -411.221616     9
  239 3141.871564  8720
  240 -1077.995366     4
  241 1218.940179   876
  242 -2520.931588     4
  243 15321.874461 21854
  244 11442.455334 19497
  245 -30.658337     1
  246 -1405.725050     2
  247 6864.588268   546
  248 20821.738376 22208
  249 -1019.061176     3
  250 3407.494670  7189
  251 -310.411927     8
  252 411.768425  5355
  253 -1376.913394     9
  254 3014.513301    80
  255 -957.916729     5
  256 5158.624373 23594
  257 2239.396584 22728
  258 -109.580031     1
  259 18473.674003 12216
  260 396.297391   214
  261 23036.890446 19666
  262 -842.728024     7
  263 2441.253059    74
  264 -2132.589597     0
  265 -746.619634     6
  266 10261.854518 16029
  267 13670.752497 16240
  268 2401.688810 27269
  269 21772.766803 23404
  270 -2085.079199     7
  271 4691.319604  3066
  272 -2245.397356     9
  273 3200.895971  3236
  274 9582.007995  8977
  275 -3062.194550     2
  276 19913.283239 25687
  277 14963.696838 26575
  278 12211.619911 23229
  279 -236.496915     4
  280 -981.898332     2
  281 16489.874239 23859
  282 1792.456874  6530
  283 -931.314762     7
  284 664.995605 10765
  285 1770.281693 15705
  286 15196.302459 24767
  287 8147.709883 14460
  288 5109.480929 17963
  289 8416.683987 16428
  290 -1238.903518     6
  291 3771.804253 26421
  292 17036.439435 21578
  293 11481.167749 10799
  294 3250.159304  3784
  295 -1431.524259     8
  296 -3594.868902     2
  297 -1408.355971     8
  298 25941.200083 18046
  299 5179.521058 14927
  300 8419.432606 19137
