300
    1 5201.617381     1
    2 11674.643944 16119
    3 76.086345 22552
    4 -697.802118     7
    5 -2925.439356     3
    6 3643.843176 17605
    7 -125.734812     0
    8 -1264.636569     6
    9 -1020.573334     9
   10 4460.490812  5019
   11 968.506974 11402
   12 -851.477123     2
   13 11018.188914  7882
   14 2186.393488 20490
   15 5730.850713  5438
   16 5022.386493 18433
   17 -472.997005     5
   18 11548.985383 12080
   19 7183.028779  6863
   20 35022.751639 23698
   21 -289.351532     1
   22 2852.553469  1611
   23 1220.717095   525
   24 -486.041189     6
   25 -348.375581     8
   26 -1009.683210     1
   27 26736.547558 20096
   28 -1113.988685     8
   29 -1688.972158     7
   30 -3297.055392     1
   31 17494.430111 24956
   32 16005.930096 18649
   33 -604.187788     5
   34 5509.260244 14086
   35 -1358.240692     1
   36 530.071153   763
   37 7240.274147 14573
   38 4689.146438 22063
   39 -836.180547     7
   40 18787.271526 18419
   41 518.673006 21823
   42 -981.749444     2
   43 14023.149978 15275
   44 247.517433 15882
   45 12642.827643 14868
   46 -710.119006     8
   47 -593.976733     7
   48 -862.536687     1
   49 7922.579146  2208
   50 -626.516155     1
   51 -844.239349     2
   52 27914.532896 19961
   53 1550.390267 20395
   54 25432.678015 26497
   55 -243.305588     1
   56 9506.691587 17654
   57 9305.207402  4613
   58 -869.711866     3
   59 9888.606257 14985
   60 3743.751223  2593
   61 3148.299874 10343
   62 -1015.970543     5
   63 -1598.216627     6
   64 -377.728835     5
   65 5732.966081  2104
   66 -242.788472     3
   67 -586.947091     0
   68 4607.380962 20634
   69 17240.307782 17064
   70 -642.584901     3
   71 22150.177907 21647
   72 4513.160405 25568
   73 -967.836108     1
   74 14157.142581 18628
   75 3672.442695  1257
   76 16010.378691 14979
   77 -3110.921102     9
   78 5101.661780 13258
   79 186.664603  2568
   80 6170.538416 22553
   81 8047.917558 12082
   82 -518.912368     2
   83 12639.624718 15949
   84 7045.058116 22106
   85 10377.314869 13544
   86 410.158665  6255
   87 3447.972258 23714
   88 8151.383193  8149
   89 -254.860751     6
   90 -2959.667409     4
   91 411.657062 10842
   92 2109.231523  6271
   93 6328.513303 15863
   94 12060.775518 23772
   95 -283.624287     5
   96 -1426.376680     9
   97 -359.230985     9
   98 20471.963067 21222
   99 3135.014206  1573
  100 2922.219345 22037
  101 3757.836135   828
  102 -242.802946     9
  103 6287.575516 12746
  104 -1076.330867     1
  105 3053.613003   314
  106 -734.780888     9
  107 1429.448011 23962
  108 -2819.814964     1
  109 5669.617110 23513
  110 6064.259052 12081
  111 -67.240074     9
  112 11908.743934 13467
  113 34630.013335 27528
  114 -423.513868     4
  115 -1005.990508     9
  116 2959.095135 10984
  117 -1575.779772     4
  118 -893.143439     8
  119 -1076.747428     3
  120 -1270.633338     1
  121 520.985255 19028
  122 -711.862201     1
  123 -788.910128     9
  124 21278.812506 22549
  125 -291.589809     5
  126 -69.383001     8
  127 33027.352419 26634
  128 -2002.519726     5
  129 5616.220471  8009
  130 -853.051598     9
  131 3625.026367 18283
  132 3299.579749 14384
  133 16312.911533 14765
  134 38.564129 14456
  135 -1757.260256     3
  136 1764.042165  1602
  137 2165.029585  4234
  138 10749.266513 13370
  139 13276.796281  6832
  140 24703.348699 23847
  141 157.341432  6524
  142 15457.174453 25512
  143 -1297.481028     7
  144 7581.827177 21094
  145 3280.104186 23238
  146 -468.342349     4
  147 2670.720418 23525
  148 -286.660317     4
  149 -617.541701     7
  150 2367.904382   294
  151 8042.521689 10172
  152 -481.567598     8
  153 1087.226342 21958
  154 -621.663033     2
  155 -239.622234     1
  156 24986.255823 19828
  157 -274.564559     7
  158 300.709762   731
  159 -31.988398     1
  160 1864.120682 15722
  161 4462.257786  3195
  162 1565.742078  1887
  163 3969.705915  3101
  164 3025.507015  2558
  165 -217.320223     9
  166 -518.744253     1
  167 6253.455347  7462
  168 -213.811208     9
  169 2346.495745  1250
  170 8750.850918 17861
  171 4813.589173 13695
  172 31416.862230 24490
  173 -1201.762456     7
  174 -314.420817     1
  175 -1501.895278     8
  176 11490.494338 25213
  177 -687.790927     9
  178 -854.004022     4
  179 2581.224762 11841
  180 14103.972293 26142
  181 11256.468166  3905
  182 14337.648115 18518
  183 8048.677611 26181
  184 -1791.422640     0
  185 737.142855  6201
  186 -300.277037     3
  187 -2370.646155     1
  188 1240.841343  3731
  189 -2313.404895     0
  190 1896.497581   594
  191 8943.786088 20258
  192 11538.870995  8869
  193 13351.567528 11140
  194 -42.270301     1
  195 -24.603164     4
  196 -394.453805     6
  197 4879.468741  7350
  198 4731.188080 24250
  199 -784.249547     5
  200 10434.497212 16020
  201 1680.428128  6709
  202 1683.737060 12541
  203 -191.293059     3
  204 -303.441179     5
  205 9634.195154 20824
  206 -1354.400263     2
  207 1780.721810 10814
  208 13378.265636 20022
  209 -505.271612     5
  210 7163.338042   251
  211 1743.429700  1080
  212 16616.620718 15517
  213 21156.743755 23377
  214 -2023.814481     2
  215 -2178.921339     5
  216 -1496.802847     7
  217 3332.934415  1281
  218 9536.302617 21838
  219 -742.006607     3
  220 -476.801981     0
  221 4363.952694 12350
  222 3736.905449  9458
  223 -1139.388084     5
  224 -312.945826     0
  225 7548.121952 21527
  226 5304.597414 15425
  227 -2064.636731     8
  228 11084.429301 24261
  229 224.143374 12613
  230 -42.855145     3
  231 7496.364904 25599
  232 2106.051517 22069
  233 1173.213563  2552
  234 -167.198017     3
  235 997.921245  4764
  236 -784.881296     2
  237 10874.271177 11817
  238 -2612.782842     9
  239 4688.978534  8720
  240 -1272.856970     4
  241 599.005142   876
  242 -631.060158     4
  243 2816.172251 21854
  244 4986.047013 19497
  245 -392.331966     1
  246 -593.195776     2
  247 588.960531   546
  248 13159.840510 22208
  249 -248.240282     3
  250 142.106111  7189
  251 -282.888454     8
  252 6931.263574  5355
  253 -1010.931907     9
  254 1005.076866    80
  255 -42.387989     5
  256 2423.456202 23594
  257 5831.661591 22728
  258 -799.757778     1
  259 8879.920232 12216
  260 2977.640443   214
  261 26421.938531 19666
  262 -667.040484     7
  263 1505.620116    74
  264 -154.146041     0
  265 -767.234867     6
  266 2675.445639 16029
  267 16190.870559 16240
  268 29408.799709 27269
  269 28504.411378 23404
  270 -835.517955     7
  271 2747.588355  3066
  272 -1520.996135     9
  273 5589.375068  3236
  274 6147.900097  8977
  275 -1308.482995     2
  276 9048.224366 25687
  277 3213.648171 26575
  278 11695.060888 23229
  279 -334.034510     4
  280 -1590.592680     2
  281 6727.669130 23859
  282 5149.437091  6530
  283 -228.686899     7
  284 14389.819897 10765
  285 1168.267673 15705
  286 16681.963939 24767
  287 368.409213 14460
  288 2051.130691 17963
  289 13241.669626 16428
  290 -1160.557294     6
  291 17915.237673 26421
  292 11632.960735 21578
  293 2706.000800 10799
  294 8122.066691  3784
  295 -1158.838908     8
  296 -403.016203     2
  297 -388.877563     8
  298 1521.958777 18046
  299 10953.796913 14927
  300 21776.190797 19137
