300
    1 852.876886     1
    2 1574.303580 16119
    3 9638.550177 22552
    4 -2376.873902     7
    5 -2958.715915     3
    6 2579.276531 17605
    7 -178.499947     0
    8 -807.570841     6
    9 -466.674978     9
   10 68.193375  5019
   11 9920.846157 11402
   12 -1161.279096     2
   13 6671.128997  7882
   14 27072.182421 20490
   15 503.172436  5438
   16 18835.027899 18433
   17 -1055.340493     5
   18 5646.973000 12080
   19 4205.547631  6863
   20 2396.634942 23698
   21 -297.080066     1
   22 10105.479838  1611
   23 930.641482   525
   24 -534.538569     6
   25 -180.772829     8
   26 -1284.789248     1
   27 1085.480636 20096
   28 -1770.801265     8
   29 -426.721267     7
   30 -1062.099391     1
   31 24475.826410 24956
   32 3633.445851 18649
   33 -122.308530     5
   34 9553.951384 14086
   35 -1276.958124     1
   36 1461.971526   763
   37 11855.074348 14573
   38 11742.096767 22063
   39 -686.283387     7
   40 10909.559644 18419
   41 22324.269419 21823
   42 -890.580574     2
   43 13513.685009 15275
   44 5523.619701 15882
   45 3642.777737 14868
   46 -524.712261     8
   47 -103.035544     7
   48 -1761.618029     1
   49 523.843824  2208
   50 -494.681224     1
   51 -489.767127     2
   52 2194.545763 19961
   53 11304.474114 20395
   54 1209.859334 26497
   55 -1943.485358     1
   56 11875.027182 17654
   57 1441.603992  4613
   58 -1722.889364     3
   59 5399.676767 14985
   60 30.882540  2593
   61 267.020117 10343
   62 -1327.821999     5
   63 -774.976126     6
   64 -2481.120905     5
   65 4366.424451  2104
   66 -2178.078448     3
   67 -502.381638     0
   68 22798.821162 20634
   69 3650.101900 17064
   70 -373.782456     3
   71 5627.948689 21647
   72 2729.536137 25568
   73 -1386.772199     1
   74 15384.691593 18628
   75 2272.540892  1257
   76 1678.802564 14979
   77 -276.370965     9
   78 20851.548795 13258
   79 9348.703283  2568
   80 13025.423709 22553
   81 2025.382247 12082
   82 -592.089291     2
   83 11356.412179 15949
   84 24324.973760 22106
   85 92.027588 13544
   86 1457.360467  6255
   87 25431.850684 23714
   88 4443.263693  8149
   89 -1448.320747     6
   90 -947.236899     4
   91 3995.183629 10842
   92 6158.810752  6271
   93 3508.771241 15863
   94 7497.985420 23772
   95 -262.727849     5
   96 -519.219138     9
   97 -2180.390664     9
   98 1323.259707 21222
   99 2181.139714  1573
  100 6755.039819 22037
  101 617.000837   828
  102 -293.500011     9
  103 607.491661 12746
  104 -99.287800     1
  105 1682.562174   314
  106 -1035.100711     9
  107 1307.150475 23962
  108 -322.655701     1
  109 14578.139742 23513
  110 5574.733069 12081
  111 -1624.782751     9
  112 6252.240412 13467
  113 22031.359665 27528
  114 -321.586720     4
  115 -1031.845240     9
  116 11671.457605 10984
  117 -2232.982750     4
  118 -385.009912     8
  119 -2095.073159     3
  120 -1042.803385     1
  121 5146.205365 19028
  122 -889.962844     1
  123 -229.530973     9
  124 9229.972182 22549
  125 -1150.766351     5
  126 -1741.358234     8
  127 3257.007176 26634
  128 -328.489429     5
  129 8999.343518  8009
  130 -646.121304     9
  131 7736.249406 18283
  132 8025.951849 14384
  133 13661.353468 14765
  134 2353.149916 14456
  135 -714.328725     3
  136 238.485844  1602
  137 1962.708417  4234
  138 7009.835691 13370
  139 9318.142431  6832
  140 1009.308694 23847
  141 3738.866966  6524
  142 11876.920850 25512
  143 -106.614169     7
  144 3192.067145 21094
  145 4240.029034 23238
  146 -104.454126     4
  147 14969.044619 23525
  148 -214.967764     4
  149 -16.212681     7
  150 2189.725453   294
  151 6664.793987 10172
  152 -1461.725219     8
  153 13686.347291 21958
  154 -1203.608878     2
  155 -380.447722     1
  156 27459.991468 19828
  157 -2933.736452     7
  158 1525.314735   731
  159 -132.713413     1
  160 2776.758132 15722
  161 2745.418323  3195
  162 1968.744472  1887
  163 6565.111432  3101
  164 700.507734  2558
  165 -2700.282343     9
  166 -2826.927939     1
  167 3357.262196  7462
  168 -419.515953     9
  169 2704.614918  1250
  170 10275.928922 17861
  171 2109.928939 13695
  172 6096.256719 24490
  173 -58.889111     7
  174 -954.297924     1
  175 -262.090550     8
  176 1648.303625 25213
  177 -301.780367     9
  178 -740.744760     4
  179 504.165611 11841
  180 11704.937293 26142
  181 9153.433477  3905
  182 261.529684 18518
  183 30677.448445 26181
  184 -1431.077130     0
  185 674.512800  6201
  186 -31.162366     3
  187 -962.076998     1
  188 5521.911232  3731
  189 -643.304857     0
  190 2941.589822   594
  191 2114.305563 20258
  192 14645.774343  8869
  193 94.817100 11140
  194 -912.860530     1
  195 -1001.399979     4
  196 -1054.262713     6
  197 8591.125153  7350
  198 11458.070891 24250
  199 -3573.455927     5
  200 5367.374456 16020
  201 568.898539  6709
  202 7342.147742 12541
  203 -440.872733     3
  204 -382.337417     5
  205 6522.679403 20824
  206 -465.632185     2
  207 7906.404437 10814
  208 1407.765357 20022
  209 -535.053756     5
  210 303.469705   251
  211 3475.382379  1080
  212 13175.061946 15517
  213 7758.065322 23377
  214 -1235.529298     2
  215 -849.225406     5
  216 -124.670515     7
  217 660.818765  1281
  218 4833.963168 21838
  219 -2315.304696     3
  220 -325.049001     0
  221 12046.908591 12350
  222 14922.296417  9458
  223 -320.864029     5
  224 -907.010338     0
  225 11568.494704 21527
  226 5145.626116 15425
  227 -196.383422     8
  228 15681.384838 24261
  229 20989.144633 12613
  230 -923.940274     3
  231 4132.874344 25599
  232 8135.536915 22069
  233 1741.168206  2552
  234 -407.048556     3
  235 2208.400386  4764
  236 -357.167444     2
  237 10259.981912 11817
  238 -746.696340     9
  239 7596.266697  8720
  240 -72.725026     4
  241 2179.800507   876
  242 -248.067152     4
  243 9445.657050 21854
  244 15690.927998 19497
  245 -569.321057     1
  246 -612.565598     2
  247 2575.039751   546
  248 27721.558233 22208
  249 -90.388624     3
  250 5570.752911  7189
  251 -1649.118424     8
  252 1639.096838  5355
  253 -549.248372     9
  254 302.641006    80
  255 -245.061643     5
  256 1912.519499 23594
  257 15842.662330 22728
  258 -609.712824     1
  259 2829.439662 12216
  260 2695.547959   214
  261 2210.458974 19666
  262 -639.242472     7
  263 1711.508338    74
  264 -537.618983     0
  265 -736.691821     6
  266 14856.929561 16029
  267 7902.379628 16240
  268 1150.947787 27269
  269 31411.769937 23404
  270 -477.411847     7
  271 2281.107049  3066
  272 -1447.242298     9
  273 2187.743367  3236
  274 10956.725535  8977
  275 -644.550822     2
  276 37475.411104 25687
  277 21406.824192 26575
  278 2335.269790 23229
  279 -2078.048896     4
  280 -504.542497     2
  281 9505.247077 23859
  282 3094.066068  6530
  283 -165.280131     7
  284 5764.713395 10765
  285 3869.879514 15705
  286 6082.858884 24767
  287 2207.524940 14460
  288 2150.460354 17963
  289 893.853201 16428
  290 -190.335286     6
  291 14693.472136 26421
  292 19179.273106 21578
  293 11036.458165 10799
  294 1220.506735  3784
  295 -2189.683212     8
  296 -1542.115252     2
  297 -797.895235     8
  298 9568.206309 18046
  299 21779.655848 14927
  300 2737.112735 19137
