300
    1 1822.092662     1
    2 5793.564364 16119
    3 5875.815781 22552
    4 -1322.128368     7
    5 -610.310587     3
    6 3229.948186 17605
    7 -297.803351     0
    8 -301.715102     6
    9 -102.281193     9
   10 288.496866  5019
   11 2394.768573 11402
   12 -256.975689     2
   13 10391.162538  7882
   14 14504.441200 20490
   15 1651.853550  5438
   16 4518.968546 18433
   17 -765.033148     5
   18 1286.202752 12080
   19 6026.518524  6863
   20 102.859618 23698
   21 -181.087770     1
   22 1476.587053  1611
   23 5457.022526   525
   24 -379.656348     6
   25 -892.308165     8
   26 -1507.173370     1
   27 4075.564102 20096
   28 -1647.248220     8
   29 -1076.488940     7
   30 -1626.614312     1
   31 774.981217 24956
   32 22908.581814 18649
   33 -405.632209     5
   34 4229.624294 14086
   35 -269.943610     1
   36 3327.505765   763
   37 13608.344942 14573
   38 6328.095591 22063
   39 -21.914701     7
   40 5346.342510 18419
   41 16963.267307 21823
   42 -222.453860     2
   43 301.560865 15275
   44 3808.618762 15882
   45 14941.420055 14868
   46 -460.521330     8
   47 -1091.587883     7
   48 -800.131191     1
   49 1414.366227  2208
   50 -499.879056     1
   51 -629.364527     2
   52 3807.043855 19961
   53 11226.359819 20395
   54 15144.828762 26497
   55 -1002.123018     1
   56 20660.048715 17654
   57 5105.310925  4613
   58 -985.561080     3
   59 437.374826 14985
   60 4162.816165  2593
   61 13926.504518 10343
   62 -864.401277     5
   63 -65.472932     6
   64 -944.068998     5
   65 3683.012861  2104
   66 -487.910803     3
   67 -2366.023775     0
   68 28475.160011 20634
   69 35765.382432 17064
   70 -20.075091     3
   71 7898.094375 21647
   72 39386.843289 25568
   73 -1167.618731     1
   74 10273.167836 18628
   75 919.721103  1257
   76 1459.498706 14979
   77 -1142.573673     9
   78 12442.052237 13258
   79 1555.904170  2568
   80 13063.076985 22553
   81 8947.789123 12082
   82 -417.940582     2
   83 8331.903359 15949
   84 2836.016530 22106
   85 20369.413285 13544
   86 4638.789708  6255
   87 20624.249978 23714
   88 15848.001014  8149
   89 -1977.799145     6
   90 -5.628636     4
   91 4879.956016 10842
   92 5141.928727  6271
   93 17638.189134 15863
   94 4758.404174 23772
   95 -92.158157     5
   96 -575.910338     9
   97 -607.396999     9
   98 13965.666779 21222
   99 84.581914  1573
  100 3855.284566 22037
  101 1945.068019   828
  102 -584.941507     9
  103 4342.119994 12746
  104 -344.449056     1
  105 5302.508263   314
  106 -494.905748     9
  107 1537.154629 23962
  108 -1405.244202     1
  109 11240.699511 23513
  110 14155.520543 12081
  111 -2214.672211     9
  112 17165.070451 13467
  113 14253.486477 27528
  114 -252.302115     4
  115 -1578.313394     9
  116 3528.234484 10984
  117 -331.583945     4
  118 -522.794410     8
  119 -1403.881973     3
  120 -540.785525     1
  121 18192.813044 19028
  122 -856.068091     1
  123 -474.736877     9
  124 14806.413174 22549
  125 -699.513385     5
  126 -1101.609797     8
  127 11289.482593 26634
  128 -1924.169034     5
  129 6513.522133  8009
  130 -630.399780     9
  131 8923.050227 18283
  132 2780.261187 14384
  133 17965.115061 14765
  134 14083.927989 14456
  135 -335.388387     3
  136 931.212100  1602
  137 6541.410453  4234
  138 314.000995 13370
  139 7871.771586  6832
  140 16706.738172 23847
  141 10437.047498  6524
  142 519.766374 25512
  143 -2042.496793     7
  144 22975.594701 21094
  145 4960.729973 23238
  146 -654.302091     4
  147 14426.847420 23525
  148 -968.560016     4
  149 -965.931344     7
  150 2943.613024   294
  151 3154.085753 10172
  152 -325.607132     8
  153 9077.219575 21958
  154 -506.647596     2
  155 -155.979668     1
  156 2428.243474 19828
  157 -393.555249     7
  158 142.768183   731
  159 -814.313039     1
  160 17221.931095 15722
  161 3448.817932  3195
  162 95.694774  1887
  163 2802.303687  3101
  164 5346.188017  2558
  165 -369.478541     9
  166 -1391.724319     1
  167 7231.570922  7462
  168 -814.942322     9
  169 3712.388668  1250
  170 8071.269666 17861
  171 3871.346090 13695
  172 12386.031152 24490
  173 -222.948742     7
  174 -737.496860     1
  175 -259.275397     8
  176 5537.036545 25213
  177 -81.709309     9
  178 -109.939151     4
  179 1707.042931 11841
  180 6330.937463 26142
  181 2914.079509  3905
  182 2569.767170 18518
  183 22710.732527 26181
  184 -980.233940     0
  185 1495.183191  6201
  186 -1057.539256     3
  187 -778.981936     1
  188 2561.204285  3731
  189 -1042.931394     0
  190 4491.349497   594
  191 10519.053742 20258
  192 1810.460761  8869
  193 15013.273289 11140
  194 -716.235625     1
  195 -3466.880515     4
  196 -2603.099462     6
  197 1112.537339  7350
  198 4909.106945 24250
  199 -777.112061     5
  200 2005.220262 16020
  201 5445.563907  6709
  202 11976.854673 12541
  203 -40.439279     3
  204 -1817.202937     5
  205 24773.663025 20824
  206 -1663.366003     2
  207 4713.453722 10814
  208 3345.373874 20022
  209 -819.390932     5
  210 4127.760683   251
  211 2182.170837  1080
  212 15142.832126 15517
  213 6837.552956 23377
  214 -1416.535883     2
  215 -814.045284     5
  216 -1960.921320     7
  217 2355.685913  1281
  218 2940.477475 21838
  219 -1466.021747     3
  220 -837.419659     0
  221 15569.666581 12350
  222 13020.093739  9458
  223 -809.653596     5
  224 -34.773930     0
  225 26235.688353 21527
  226 7758.842022 15425
  227 -761.564066     8
  228 21588.161406 24261
  229 5022.483715 12613
  230 -1083.393306     3
  231 15487.146650 25599
  232 1133.650028 22069
  233 3384.988518  2552
  234 -1553.351744     3
  235 618.636828  4764
  236 -806.634631     2
  237 18090.652725 11817
  238 -1657.363791     9
  239 10123.197000  8720
  240 -1183.077786     4
  241 220.108502   876
  242 -2351.142842     4
  243 14582.887449 21854
  244 2078.145841 19497
  245 -883.569518     1
  246 -1592.565843     2
  247 1666.907313   546
  248 11569.462864 22208
  249 -123.100506     3
  250 13796.709833  7189
  251 -780.367852     8
  252 4726.207846  5355
  253 -1643.905811     9
  254 5282.748859    80
  255 -569.321785     5
  256 8393.466868 23594
  257 18348.216000 22728
  258 -3147.765444     1
  259 136.939126 12216
  260 206.210640   214
  261 1918.351631 19666
  262 -437.484058     7
  263 2966.640080    74
  264 -2060.141788     0
  265 -435.310397     6
  266 9602.946649 16029
  267 262.816954 16240
  268 27295.035630 27269
  269 15064.283360 23404
  270 -663.850887     7
  271 2622.488967  3066
  272 -925.044677     9
  273 4282.722948  3236
  274 857.024735  8977
  275 -2741.830960     2
  276 3944.435964 25687
  277 10619.498990 26575
  278 36211.035296 23229
  279 -678.023630     4
  280 -771.261856     2
  281 19447.159627 23859
  282 9445.301602  6530
  283 -514.844385     7
  284 7602.273121 10765
  285 1230.185119 15705
  286 25142.176737 24767
  287 5604.485073 14460
  288 4721.294349 17963
  289 6947.171554 16428
  290 -1685.618496     6
  291 22036.116967 26421
  292 11265.906790 21578
  293 2107.813450 10799
  294 153.708816  3784
  295 -1738.956981     8
  296 -6.068294     2
  297 -201.371190     8
  298 7405.871779 18046
  299 2933.410034 14927
  300 11302.837223 19137
