300
    1 2698.616205     1
    2 2754.425205 16119
    3 20131.460244 22552
    4 -479.547177     7
    5 -646.635399     3
    6 8291.483204 17605
    7 -273.510400     0
    8 -1791.254487     6
    9 -90.853087     9
   10 5947.586185  5019
   11 13752.132054 11402
   12 -800.229886     2
   13 253.556315  7882
   14 9610.916831 20490
   15 10.502880  5438
   16 18222.028615 18433
   17 -304.456799     5
   18 3004.880309 12080
   19 4615.543482  6863
   20 17017.741053 23698
   21 -422.439556     1
   22 3119.662422  1611
   23 1653.532257   525
   24 -1391.472944     6
   25 -548.015662     8
   26 -385.320765     1
   27 379.106191 20096
   28 -582.937283     8
   29 -660.200845     7
   30 -2859.823894     1
   31 17905.481690 24956
   32 18214.022164 18649
   33 -428.112631     5
   34 4687.221927 14086
   35 -1159.475164     1
   36 1002.882890   763
   37 3665.137140 14573
   38 9818.777980 22063
   39 -305.202562     7
   40 5415.006170 18419
   41 34990.896659 21823
   42 -838.807906     2
   43 329.166943 15275
   44 11455.264835 15882
   45 10984.887711 14868
   46 -975.192723     8
   47 -442.092549     7
   48 -224.773821     1
   49 234.360115  2208
   50 -553.486462     1
   51 -57.249576     2
   52 9118.878805 19961
   53 16890.847572 20395
   54 11002.609891 26497
   55 -130.315546     1
   56 469.277431 17654
   57 6608.918842  4613
   58 -522.231953     3
   59 1077.348215 14985
   60 628.111109  2593
   61 280.378105 10343
   62 -518.714625     5
   63 -6.391795     6
   64 -1235.478449     5
   65 1303.453868  2104
   66 -1161.311588     3
   67 -530.294934     0
   68 9119.100032 20634
   69 4205.412316 17064
   70 -1909.386465     3
   71 1239.877357 21647
   72 11516.232402 25568
   73 -331.671563     1
   74 6066.573900 18628
   75 6869.240652  1257
   76 16225.700183 14979
   77 -940.116522     9
   78 10248.964184 13258
   79 5644.865530  2568
   80 5969.555499 22553
   81 17414.461300 12082
   82 -194.033755     2
   83 12719.670317 15949
   84 2309.566435 22106
   85 5777.429496 13544
   86 3751.019320  6255
   87 3241.972880 23714
   88 802.391410  8149
   89 -1321.424108     6
   90 -443.304713     4
   91 2343.477943 10842
   92 4414.633710  6271
   93 1185.869035 15863
   94 8425.970629 23772
   95 -967.845168     5
   96 -862.762587     9
   97 -1003.916861     9
   98 8073.220624 21222
   99 2261.552287  1573
  100 3945.170296 22037
  101 8717.275306   828
  102 -1022.793324     9
  103 12046.993476 12746
  104 -222.222005     1
  105 318.856290   314
  106 -1649.976885     9
  107 22740.678009 23962
  108 -695.037097     1
  109 2338.904355 23513
  110 2150.089273 12081
  111 -1049.063786     9
  112 17943.894324 13467
  113 12788.676655 27528
  114 -1129.589105     4
  115 -1489.961725     9
  116 6718.248005 10984
  117 -917.140058     4
  118 -54.881394     8
  119 -878.998222     3
  120 -2242.178545     1
  121 15560.038886 19028
  122 -1103.424614     1
  123 -680.956493     9
  124 19194.992205 22549
  125 -649.652058     5
  126 -537.358991     8
  127 17635.785389 26634
  128 -1355.060202     5
  129 15839.903057  8009
  130 -97.592782     9
  131 1930.226340 18283
  132 11816.141991 14384
  133 5669.698573 14765
  134 4540.885275 14456
  135 -1374.525910     3
  136 4781.756895  1602
  137 425.894485  4234
  138 6227.342263 13370
  139 13182.814256  6832
  140 2489.199972 23847
  141 5910.399138  6524
  142 4889.787202 25512
  143 -953.309699     7
  144 26177.147312 21094
  145 4947.005740 23238
  146 -190.423900     4
  147 14987.815995 23525
  148 -330.123263     4
  149 -1915.785986     7
  150 1970.797888   294
  151 4600.445450 10172
  152 -1814.452612     8
  153 3564.153737 21958
  154 -460.140489     2
  155 -1096.762122     1
  156 4836.557970 19828
  157 -1090.991491     7
  158 5083.924030   731
  159 -1390.667968     1
  160 6650.006823 15722
  161 849.234560  3195
  162 2256.528587  1887
  163 2004.743611  3101
  164 6131.163037  2558
  165 -985.756643     9
  166 -580.270760     1
  167 2426.889915  7462
  168 -747.326356     9
  169 330.142105  1250
  170 8872.687855 17861
  171 7302.269534 13695
  172 9668.398786 24490
  173 -1178.567518     7
  174 -1653.380349     1
  175 -1138.478827     8
  176 20623.446730 25213
  177 -588.374753     9
  178 -1783.820480     4
  179 3762.793949 11841
  180 2959.192138 26142
  181 1296.006393  3905
  182 4805.230747 18518
  183 4136.264442 26181
  184 -99.635834     0
  185 3454.588007  6201
  186 -158.597813     3
  187 -395.273968     1
  188 9115.854650  3731
  189 -207.309426     0
  190 2057.917039   594
  191 3407.217194 20258
  192 11985.093643  8869
  193 18765.709173 11140
  194 -874.893417     1
  195 -1630.674269     4
  196 -740.184580     6
  197 3162.008591  7350
  198 2347.325274 24250
  199 -651.258576     5
  200 6295.613834 16020
  201 4842.934751  6709
  202 1398.660762 12541
  203 -1641.112412     3
  204 -552.158916     5
  205 3956.602238 20824
  206 -73.772831     2
  207 8934.878296 10814
  208 14500.032254 20022
  209 -510.295576     5
  210 826.850413   251
  211 1101.322618  1080
  212 12632.824214 15517
  213 17654.873387 23377
  214 -747.442585     2
  215 -150.572702     5
  216 -307.563890     7
  217 544.795426  1281
  218 12110.545809 21838
  219 -1766.666524     3
  220 -1783.644475     0
  221 2631.913979 12350
  222 3589.281954  9458
  223 -365.313507     5
  224 -675.132988     0
  225 3405.512118 21527
  226 10731.695457 15425
  227 -3139.709418     8
  228 17137.522965 24261
  229 7398.698127 12613
  230 -295.292755     3
  231 800.160740 25599
  232 9428.640539 22069
  233 2843.182790  2552
  234 -2071.121919     3
  235 3261.485574  4764
  236 -6.918256     2
  237 6699.756670 11817
  238 -1790.540338     9
  239 7774.422036  8720
  240 -1481.171815     4
  241 5443.903891   876
  242 -338.703440     4
  243 28841.153558 21854
  244 7064.627895 19497
  245 -747.909178     1
  246 -445.230868     2
  247 754.045254   546
  248 2339.192501 22208
  249 -733.308520     3
  250 9116.171170  7189
  251 -242.516335     8
  252 6129.493408  5355
  253 -819.996149     9
  254 127.262597    80
  255 -2395.719353     5
  256 1943.481667 23594
  257 7475.907963 22728
  258 -133.224952     1
  259 11234.501885 12216
  260 3241.602303   214
  261 13144.641721 19666
  262 -708.775550     7
  263 2339.807191    74
  264 -2253.320846     0
  265 -145.854140     6
  266 6122.370189 16029
  267 14406.230330 16240
  268 6583.801974 27269
  269 13625.656822 23404
  270 -1935.988282     7
  271 2821.575234  3066
  272 -652.346368     9
  273 1680.307185  3236
  274 5279.861348  8977
  275 -2637.907557     2
  276 20766.358590 25687
  277 2372.879801 26575
  278 28175.891240 23229
  279 -2011.328073     4
  280 -882.047255     2
  281 7511.513823 23859
  282 7521.049514  6530
  283 -677.802417     7
  284 16709.312688 10765
  285 1911.017494 15705
  286 7612.975152 24767
  287 4117.453786 14460
  288 7771.618871 17963
  289 2128.061748 16428
  290 -1106.456750     6
  291 22079.977318 26421
  292 11319.785150 21578
  293 3964.426888 10799
  294 1788.055353  3784
  295 -595.538186     8
  296 -215.531228     2
  297 -360.569787     8
  298 4890.526101 18046
  299 5268.007168 14927
  300 8298.197812 19137
