300
    1 3538.412845     1
    2 4672.336546 16119
    3 23854.149780 22552
    4 -809.483087     7
    5 -1001.882624     3
    6 13705.866365 17605
    7 -153.012558     0
    8 -42.583818     6
    9 -9.181964     9
   10 2198.183011  5019
   11 1807.889365 11402
   12 -1249.718120     2
   13 6960.413352  7882
   14 18933.176772 20490
   15 2755.232857  5438
   16 13371.425958 18433
   17 -359.027783     5
   18 4654.542184 12080
   19 5028.621685  6863
   20 8053.783023 23698
   21 -930.370893     1
   22 534.758884  1611
   23 1472.697079   525
   24 -87.161265     6
   25 -860.235961     8
   26 -1813.717831     1
   27 18361.252324 20096
   28 -2418.656852     8
   29 -187.372186     7
   30 -635.605495     1
   31 5961.551803 24956
   32 16537.195206 18649
   33 -144.348786     5
   34 3574.278580 14086
   35 -1812.388610     1
   36 1239.634602   763
   37 7964.195746 14573
   38 12721.046615 22063
   39 -375.174987     7
   40 8577.689052 18419
   41 1366.829489 21823
   42 -700.474359     2
   43 960.607236 15275
   44 14802.269879 15882
   45 1414.950742 14868
   46 -1061.219454     8
   47 -982.969106     7
   48 -1645.869592     1
   49 4658.923922  2208
   50 -780.643825     1
   51 -956.275700     2
   52 10584.168519 19961
   53 16951.664981 20395
   54 2910.950218 26497
   55 -1223.825922     1
   56 3150.889429 17654
   57 748.768694  4613
   58 -1599.151546     3
   59 5495.945297 14985
   60 5016.556673  2593
   61 1625.807552 10343
   62 -1705.017842     5
   63 -33.177180     6
   64 -2163.549036     5
   65 1021.862704  2104
   66 -30.545009     3
   67 -1147.071837     0
   68 3964.054103 20634
   69 8169.971068 17064
   70 -480.134430     3
   71 2852.940228 21647
   72 5936.355554 25568
   73 -956.392829     1
   74 16455.918581 18628
   75 2136.387922  1257
   76 15453.517915 14979
   77 -122.783040     9
   78 9540.808074 13258
   79 2016.723103  2568
   80 417.541622 22553
   81 4683.172009 12082
   82 -374.899157     2
   83 10120.922229 15949
   84 6748.946379 22106
   85 16147.410437 13544
   86 726.053594  6255
   87 5997.073468 23714
   88 4995.020225  8149
   89 -618.810316     6
   90 -352.638180     4
   91 5094.223432 10842
   92 5971.510079  6271
   93 32.195950 15863
   94 13136.763725 23772
   95 -258.735166     5
   96 -918.990655     9
   97 -484.991737     9
   98 2868.424826 21222
   99 560.211797  1573
  100 15087.599691 22037
  101 1588.030067   828
  102 -1170.894635     9
  103 1701.244523 12746
  104 -516.143098     1
  105 3999.425726   314
  106 -907.980831     9
  107 11393.624153 23962
  108 -1253.866905     1
  109 12998.437745 23513
  110 2002.591606 12081
  111 -483.946037     9
  112 1421.676337 13467
  113 2956.706838 27528
  114 -1740.445642     4
  115 -145.465849     9
  116 13462.253010 10984
  117 -3429.194467     4
  118 -114.927560     8
  119 -672.679953     3
  120 -834.139910     1
  121 13699.217051 19028
  122 -1087.927965     1
  123 -1638.697763     9
  124 1638.750919 22549
  125 -275.204754     5
  126 -1476.514503     8
  127 1580.695382 26634
  128 -1803.792516     5
  129 720.394462  8009
  130 -447.537514     9
  131 5838.038677 18283
  132 1318.533826 14384
  133 8159.681203 14765
  134 5855.828899 14456
  135 -2232.435328     3
  136 2151.650221  1602
  137 5832.983401  4234
  138 9037.015433 13370
  139 5386.955818  6832
  140 11867.167183 23847
  141 7546.399217  6524
  142 4882.341232 25512
  143 -209.278361     7
  144 8762.348655 21094
  145 5746.486520 23238
  146 -1182.930309     4
  147 37.253237 23525
  148 -1347.056165     4
  149 -63.338588     7
  150 1193.783147   294
  151 2519.710899 10172
  152 -362.234027     8
  153 6602.613923 21958
  154 -1257.705359     2
  155 -2071.505394     1
  156 12058.488534 19828
  157 -807.992612     7
  158 840.986608   731
  159 -961.284766     1
  160 7636.291472 15722
  161 1418.943117  3195
  162 4270.175852  1887
  163 6098.390791  3101
  164 3343.011280  2558
  165 -364.053552     9
  166 -4137.653286     1
  167 3479.567576  7462
  168 -572.409859     9
  169 474.853083  1250
  170 9008.693214 17861
  171 11476.643868 13695
  172 11768.196234 24490
  173 -961.790581     7
  174 -1904.895744     1
  175 -92.543816     8
  176 17421.975683 25213
  177 -1819.137577     9
  178 -929.557237     4
  179 6933.975700 11841
  180 11023.770593 26142
  181 3499.790625  3905
  182 6844.049001 18518
  183 22356.017924 26181
  184 -1468.753007     0
  185 4216.350080  6201
  186 -247.383536     3
  187 -497.706715     1
  188 7339.018793  3731
  189 -531.619828     0
  190 1649.766930   594
  191 667.798566 20258
  192 6190.895876  8869
  193 15763.818416 11140
  194 -388.933442     1
  195 -2516.475169     4
  196 -1382.219484     6
  197 9517.189577  7350
  198 23514.528258 24250
  199 -554.760792     5
  200 4597.315800 16020
  201 751.162051  6709
  202 15155.973694 12541
  203 -1090.851220     3
  204 -1252.696997     5
  205 12470.226430 20824
  206 -688.673974     2
  207 9186.030135 10814
  208 7980.664838 20022
  209 -12.744701     5
  210 2382.448142   251
  211 5754.949963  1080
  212 2399.320884 15517
  213 8061.841054 23377
  214 -1612.785980     2
  215 -331.221862     5
  216 -666.420651     7
  217 1650.419653  1281
  218 12865.979221 21838
  219 -484.417774     3
  220 -2190.386550     0
  221 1064.811937 12350
  222 2505.274610  9458
  223 -1146.866959     5
  224 -2096.823818     0
  225 9002.047648 21527
  226 5657.089532 15425
  227 -1322.635315     8
  228 10231.429145 24261
  229 9346.748759 12613
  230 -521.824822     3
  231 7135.790571 25599
  232 2094.238424 22069
  233 2872.881262  2552
  234 -2505.161097     3
  235 6916.511417  4764
  236 -175.821845     2
  237 2909.526418 11817
  238 -556.387047     9
  239 5143.336335  8720
  240 -1640.583511     4
  241 1653.761822   876
  242 -498.853843     4
  243 14556.684793 21854
  244 6514.386416 19497
  245 -35.674641     1
  246 -1213.720569     2
  247 1389.904299   546
  248 5337.315032 22208
  249 -290.929432     3
  250 4403.523825  7189
  251 -31.670656     8
  252 9983.676529  5355
  253 -1281.354597     9
  254 1748.041337    80
  255 -438.162862     5
  256 17033.752568 23594
  257 21943.009915 22728
  258 -1814.510574     1
  259 10639.331677 12216
  260 431.073505   214
  261 1279.430848 19666
  262 -617.973316     7
  263 478.892653    74
  264 -346.355025     0
  265 -242.952383     6
  266 1161.470751 16029
  267 9956.710031 16240
  268 19797.510911 27269
  269 8940.903051 23404
  270 -376.263481     7
  271 1939.165818  3066
  272 -4396.220968     9
  273 989.429098  3236
  274 3329.828819  8977
  275 -573.495848     2
  276 1881.927696 25687
  277 28699.407747 26575
  278 6550.104473 23229
  279 -1102.688575     4
  280 -151.964916     2
  281 15855.949424 23859
  282 8512.186910  6530
  283 -653.395471     7
  284 9201.621362 10765
  285 9989.564638 15705
  286 1989.159837 24767
  287 13165.533835 14460
  288 8010.203358 17963
  289 747.675120 16428
  290 -681.008828     6
  291 30093.391329 26421
  292 12580.281185 21578
  293 15427.571392 10799
  294 4582.690981  3784
  295 -802.835345     8
  296 -278.400539     2
  297 -903.178291     8
  298 7171.138298 18046
  299 9520.409622 14927
  300 4744.161345 19137
