300
    1 2837.449462     1
    2 10714.908666 16119
    3 1506.052594 22552
    4 -70.522393     7
    5 -1589.419489     3
    6 18204.267421 17605
    7 -452.381461     0
    8 -2060.159544     6
    9 -528.355070     9
   10 2593.754102  5019
   11 4336.989890 11402
   12 -432.777903     2
   13 8434.916384  7882
   14 17839.202550 20490
   15 734.095874  5438
   16 9304.783704 18433
   17 -1424.084756     5
   18 796.070219 12080
   19 3235.327386  6863
   20 15023.905760 23698
   21 -1101.367184     1
   22 906.589979  1611
   23 3432.431494   525
   24 -1138.753007     6
   25 -273.561420     8
   26 -689.845011     1
   27 3591.604427 20096
   28 -2441.356985     8
   29 -916.762668     7
   30 -1731.283141     1
   31 5217.010306 24956
   32 12201.128730 18649
   33 -959.592833     5
   34 1510.612197 14086
   35 -748.735235     1
   36 425.972301   763
   37 3443.312854 14573
   38 40662.567943 22063
   39 -798.353176     7
   40 20373.991355 18419
   41 12427.965119 21823
   42 -509.286844     2
   43 23615.085436 15275
   44 14624.930882 15882
   45 12328.760843 14868
   46 -790.719009     8
   47 -535.700235     7
   48 -893.992543     1
   49 4931.735840  2208
   50 -327.112622     1
   51 -70.969167     2
   52 12730.145870 19961
   53 1130.418654 20395
   54 4529.132668 26497
   55 -1163.443175     1
   56 1981.992450 17654
   57 997.440246  4613
   58 -522.560845     3
   59 9435.861304 14985
   60 3444.409603  2593
   61 2791.669986 10343
   62 -997.961802     5
   63 -47.378952     6
   64 -269.203240     5
   65 2487.766493  2104
   66 -522.861687     3
   67 -1272.831550     0
   68 2989.136504 20634
   69 19828.103627 17064
   70 -1293.062092     3
   71 16059.961691 21647
   72 13108.108593 25568
   73 -591.476689     1
   74 929.580345 18628
   75 7032.924166  1257
   76 5695.491370 14979
   77 -1467.572848     9
   78 10079.142745 13258
   79 1959.194153  2568
   80 9951.075476 22553
   81 14566.097245 12082
   82 -393.207298     2
   83 3062.052316 15949
   84 13736.805667 22106
   85 13905.135961 13544
   86 5788.502964  6255
   87 14539.409804 23714
   88 529.874188  8149
   89 -260.907024     6
   90 -1393.863941     4
   91 5162.585632 10842
   92 2717.272103  6271
   93 3033.255896 15863
   94 3544.924488 23772
   95 -431.936255     5
   96 -114.065255     9
   97 -410.203874     9
   98 3121.338776 21222
   99 761.084434  1573
  100 51.489523 22037
  101 5053.964468   828
  102 -581.145867     9
  103 15295.176135 12746
  104 -2431.548880     1
  105 2163.485580   314
  106 -2374.167623     9
  107 12964.305156 23962
  108 -1296.776208     1
  109 5890.605841 23513
  110 17534.043754 12081
  111 -325.713161     9
  112 3253.641725 13467
  113 904.527827 27528
  114 -463.743979     4
  115 -33.029856     9
  116 8468.952342 10984
  117 -926.899950     4
  118 -735.057531     8
  119 -629.838960     3
  120 -2329.745966     1
  121 2838.941955 19028
  122 -225.808904     1
  123 -1530.782832     9
  124 5004.610863 22549
  125 -120.740054     5
  126 -1014.206736     8
  127 13673.536319 26634
  128 -163.665158     5
  129 6147.697650  8009
  130 -1389.165282     9
  131 506.381495 18283
  132 20954.683382 14384
  133 2538.275868 14765
  134 9082.010740 14456
  135 -2092.329435     3
  136 416.213434  1602
  137 1041.924546  4234
  138 1399.344537 13370
  139 11069.606660  6832
  140 12197.317751 23847
  141 8365.280927  6524
  142 6338.980718 25512
  143 -936.779679     7
  144 8741.226651 21094
  145 18339.740176 23238
  146 -35.587969     4
  147 1070.712303 23525
  148 -358.005877     4
  149 -30.374362     7
  150 3654.930830   294
  151 1547.776381 10172
  152 -1474.027033     8
  153 2082.261224 21958
  154 -51.762892     2
  155 -422.865786     1
  156 10217.739820 19828
  157 -995.934248     7
  158 2517.523700   731
  159 -1023.153680     1
  160 2109.461439 15722
  161 6523.982485  3195
  162 5196.997774  1887
  163 1212.515756  3101
  164 6256.791238  2558
  165 -74.151682     9
  166 -1248.279264     1
  167 5424.108721  7462
  168 -98.853965     9
  169 277.166251  1250
  170 4726.571907 17861
  171 435.931392 13695
  172 16894.479811 24490
  173 -52.684341     7
  174 -1287.987326     1
  175 -495.468368     8
  176 6965.258939 25213
  177 -116.288994     9
  178 -1951.325244     4
  179 11337.057825 11841
  180 11800.645866 26142
  181 415.033780  3905
  182 8763.944061 18518
  183 20779.795211 26181
  184 -525.143767     0
  185 1354.909004  6201
  186 -7.749617     3
  187 -1918.383631     1
  188 1568.084957  3731
  189 -832.866546     0
  190 506.145705   594
  191 14522.617366 20258
  192 10015.293550  8869
  193 1137.851243 11140
  194 -1871.899152     1
  195 -741.291041     4
  196 -1610.163707     6
  197 4684.569959  7350
  198 22335.731847 24250
  199 -1098.171294     5
  200 8545.193942 16020
  201 8376.062561  6709
  202 15414.452438 12541
  203 -1128.664657     3
  204 -485.668695     5
  205 8902.775917 20824
  206 -619.731578     2
  207 373.499906 10814
  208 3622.168096 20022
  209 -1479.698528     5
  210 1058.321159   251
  211 92.313334  1080
  212 22723.971537 15517
  213 14280.850987 23377
  214 -1686.616606     2
  215 -292.549860     5
  216 -1094.081896     7
  217 2737.177943  1281
  218 11876.397332 21838
  219 -615.728204     3
  220 -1360.658726     0
  221 10108.667443 12350
  222 2762.436420  9458
  223 -1178.480274     5
  224 -455.248997     0
  225 7432.816163 21527
  226 5644.329636 15425
  227 -604.156686     8
  228 15654.666345 24261
  229 3333.455050 12613
  230 -1369.369025     3
  231 13013.130504 25599
  232 4676.640963 22069
  233 523.925003  2552
  234 -925.327388     3
  235 10104.964910  4764
  236 -384.318963     2
  237 12945.512664 11817
  238 -1164.995528     9
  239 5304.476170  8720
  240 -764.819217     4
  241 4687.242604   876
  242 -1841.178207     4
  243 11404.982523 21854
  244 7033.327783 19497
  245 -116.911059     1
  246 -191.998353     2
  247 521.684831   546
  248 117.867664 22208
  249 -52.327809     3
  250 7364.537225  7189
  251 -1074.905949     8
  252 8568.315970  5355
  253 -1868.585572     9
  254 388.481434    80
  255 -1902.095109     5
  256 7585.747195 23594
  257 10933.348384 22728
  258 -1302.145941     1
  259 2140.238584 12216
  260 1896.672607   214
  261 9489.027804 19666
  262 -89.981467     7
  263 3140.424453    74
  264 -979.661183     0
  265 -386.053001     6
  266 1601.887316 16029
  267 11207.734737 16240
  268 1063.158737 27269
  269 16900.445271 23404
  270 -1149.279744     7
  271 2152.429218  3066
  272 -1107.286018     9
  273 8250.080402  3236
  274 1428.562965  8977
  275 -25.178187     2
  276 5064.431166 25687
  277 3594.657059 26575
  278 20805.667716 23229
  279 -797.408246     4
  280 -78.697622     2
  281 5602.580129 23859
  282 4830.282821  6530
  283 -604.248832     7
  284 3871.036737 10765
  285 2644.512005 15705
  286 5381.872329 24767
  287 17542.400039 14460
  288 3088.069612 17963
  289 6806.822329 16428
  290 -610.611472     6
  291 13006.611180 26421
  292 1418.427204 21578
  293 13849.326094 10799
  294 4428.963550  3784
  295 -627.318425     8
  296 -1919.783677     2
  297 -82.504472     8
  298 11191.092483 18046
  299 606.420748 14927
  300 7240.353992 19137
