300
    1 508.806992     1
    2 17146.745365 16119
    3 26366.004678 22552
    4 -384.325037     7
    5 -1534.074916     3
    6 3767.553863 17605
    7 -1195.304153     0
    8 -219.441540     6
    9 -873.711609     9
   10 4949.704587  5019
   11 177.482883 11402
   12 -1301.193023     2
   13 2161.548461  7882
   14 8242.732261 20490
   15 11783.117749  5438
   16 13088.716818 18433
   17 -2229.748967     5
   18 3749.525321 12080
   19 3079.126263  6863
   20 13244.055638 23698
   21 -612.166520     1
   22 4605.815891  1611
   23 293.426449   525
   24 -67.182489     6
   25 -637.472594     8
   26 -522.285599     1
   27 7733.888760 20096
   28 -3850.583322     8
   29 -2483.072754     7
   30 -8.706378     1
   31 10975.237106 24956
   32 1322.767733 18649
   33 -1673.742225     5
   34 12787.216689 14086
   35 -744.757845     1
   36 3212.037886   763
   37 7247.614480 14573
   38 6165.191764 22063
   39 -2303.193764     7
   40 14819.146253 18419
   41 3302.454768 21823
   42 -978.008116     2
   43 2446.734875 15275
   44 2007.937224 15882
   45 695.720490 14868
   46 -271.036749     8
   47 -1641.143488     7
   48 -1347.445157     1
   49 1308.188913  2208
   50 -279.696479     1
   51 -675.589149     2
   52 4989.445215 19961
   53 8738.255633 20395
   54 8345.492014 26497
   55 -854.920209     1
   56 3743.919376 17654
   57 9072.986256  4613
   58 -1114.367571     3
   59 474.764049 14985
   60 717.114341  2593
   61 11.538571 10343
   62 -90.078888     5
   63 -138.320046     6
   64 -411.080409     5
   65 3688.172898  2104
   66 -1581.578142     3
   67 -1120.810050     0
   68 18187.892255 20634
   69 7772.278225 17064
   70 -852.736325     3
   71 2241.005482 21647
   72 12093.686309 25568
   73 -34.749948     1
   74 1896.066627 18628
   75 387.005991  1257
   76 3194.735019 14979
   77 -99.778975     9
   78 9424.552314 13258
   79 1812.655036  2568
   80 3917.002801 22553
   81 4397.914562 12082
   82 -596.713529     2
   83 4016.538404 15949
   84 33276.276356 22106
   85 20050.706560 13544
   86 7923.838600  6255
   87 5013.436103 23714
   88 4178.802351  8149
   89 -26.489952     6
   90 -2176.364208     4
   91 6431.747907 10842
   92 5636.573638  6271
   93 3077.255622 15863
   94 7433.030272 23772
   95 -237.642712     5
   96 -17.537100     9
   97 -1106.194182     9
   98 28640.046784 21222
   99 3743.005574  1573
  100 11356.227202 22037
  101 737.375218   828
  102 -1519.063006     9
  103 610.904869 12746
  104 -1287.535980     1
  105 4720.808801   314
  106 -1851.583755     9
  107 37155.856555 23962
  108 -1504.476170     1
  109 24633.705537 23513
  110 8898.783667 12081
  111 -1256.065345     9
  112 3508.280120 13467
  113 6266.032442 27528
  114 -1359.904750     4
  115 -474.459147     9
  116 1809.107188 10984
  117 -1040.247789     4
  118 -21.313164     8
  119 -2556.153484     3
  120 -1025.907277     1
  121 30273.882118 19028
  122 -297.794118     1
  123 -3096.899077     9
  124 12904.465978 22549
  125 -907.555940     5
  126 -1612.153180     8
  127 11363.934408 26634
  128 -1496.825947     5
  129 3768.299521  8009
  130 -55.042424     9
  131 14461.029887 18283
  132 534.707825 14384
  133 1517.319840 14765
  134 5009.998509 14456
  135 -1155.777091     3
  136 649.630148  1602
  137 3050.181085  4234
  138 11347.817083 13370
  139 1440.449111  6832
  140 3379.554886 23847
  141 7294.613787  6524
  142 32001.571998 25512
  143 -1699.712452     7
  144 2826.433015 21094
  145 8662.103752 23238
  146 -144.834398     4
  147 2418.909082 23525
  148 -1002.684296     4
  149 -701.106087     7
  150 2189.817011   294
  151 12536.502651 10172
  152 -1097.684628     8
  153 25311.457660 21958
  154 -3733.236342     2
  155 -1616.985430     1
  156 2595.408795 19828
  157 -1205.166833     7
  158 5930.608824   731
  159 -743.350328     1
  160 4456.583635 15722
  161 4738.778092  3195
  162 3384.344458  1887
  163 1397.558467  3101
  164 601.584505  2558
  165 -561.618321     9
  166 -931.184198     1
  167 213.071841  7462
  168 -644.315717     9
  169 5610.610539  1250
  170 2729.882556 17861
  171 12877.998075 13695
  172 19135.010167 24490
  173 -2177.216596     7
  174 -62.161255     1
  175 -59.550087     8
  176 7056.985030 25213
  177 -180.603180     9
  178 -2436.966994     4
  179 5602.448212 11841
  180 37872.850293 26142
  181 4494.521450  3905
  182 6118.117350 18518
  183 6575.727559 26181
  184 -382.949779     0
  185 2326.620857  6201
  186 -710.221643     3
  187 -325.654529     1
  188 1610.634393  3731
  189 -314.555672     0
  190 2619.854013   594
  191 12733.359277 20258
  192 3519.974741  8869
  193 3079.063277 11140
  194 -628.178600     1
  195 -64.776890     4
  196 -2388.091820     6
  197 5315.865552  7350
  198 9508.529571 24250
  199 -881.891664     5
  200 2653.694174 16020
  201 5530.667007  6709
  202 1910.742060 12541
  203 -1329.607995     3
  204 -332.010050     5
  205 6769.347891 20824
  206 -39.586006     2
  207 3179.374044 10814
  208 15347.991911 20022
  209 -800.460093     5
  210 1553.648276   251
  211 4003.948233  1080
  212 13141.172498 15517
  213 7463.667588 23377
  214 -1871.482274     2
  215 -2853.069926     5
  216 -1286.768256     7
  217 7013.442513  1281
  218 3992.080655 21838
  219 -255.448181     3
  220 -730.946736     0
  221 18178.899879 12350
  222 2700.240613  9458
  223 -216.121000     5
  224 -2211.504167     0
  225 16309.683633 21527
  226 641.577443 15425
  227 -306.835543     8
  228 11143.123617 24261
  229 2718.916146 12613
  230 -553.774565     3
  231 1818.868510 25599
  232 20084.601519 22069
  233 2648.143585  2552
  234 -959.668829     3
  235 8874.137956  4764
  236 -64.489116     2
  237 9198.871449 11817
  238 -412.317546     9
  239 4270.826956  8720
  240 -48.490416     4
  241 5396.478348   876
  242 -627.790117     4
  243 773.689429 21854
  244 3811.248148 19497
  245 -450.127901     1
  246 -348.281080     2
  247 3754.157715   546
  248 16129.118528 22208
  249 -1611.972053     3
  250 4528.989900  7189
  251 -1802.927366     8
  252 8556.200049  5355
  253 -287.010377     9
  254 1075.279152    80
  255 -550.357070     5
  256 7.969463 23594
  257 14162.647339 22728
  258 -427.798857     1
  259 8463.199497 12216
  260 5223.655133   214
  261 4683.153707 19666
  262 -254.481031     7
  263 1512.611332    74
  264 -490.062609     0
  265 -323.399872     6
  266 1871.495535 16029
  267 8386.572617 16240
  268 6623.515025 27269
  269 23960.168997 23404
  270 -1239.372035     7
  271 1383.511370  3066
  272 -495.337096     9
  273 1707.590253  3236
  274 1932.758132  8977
  275 -694.638988     2
  276 14162.893408 25687
  277 15529.420886 26575
  278 6753.807138 23229
  279 -1005.613469     4
  280 -1199.442083     2
  281 6358.430511 23859
  282 2261.836455  6530
  283 -568.285783     7
  284 10284.634218 10765
  285 6783.059074 15705
  286 7087.084825 24767
  287 2060.814734 14460
  288 3383.504769 17963
  289 1157.874347 16428
  290 -332.758288     6
  291 8673.058148 26421
  292 21202.664024 21578
  293 9191.180311 10799
  294 3817.158660  3784
  295 -455.034359     8
  296 -491.518265     2
  297 -723.692747     8
  298 1291.139044 18046
  299 16217.101943 14927
  300 3367.254312 19137
