300
    1 1083.987227     1
    2 1654.563773 16119
    3 22504.927099 22552
    4 -1592.881061     7
    5 -1036.608752     3
    6 4272.423581 17605
    7 -478.190787     0
    8 -1278.115659     6
    9 -13.159714     9
   10 8802.900253  5019
   11 13050.637807 11402
   12 -1907.118630     2
   13 1275.069792  7882
   14 8134.168752 20490
   15 3856.872569  5438
   16 12057.219108 18433
   17 -1263.245526     5
   18 5287.223524 12080
   19 201.712638  6863
   20 1335.211943 23698
   21 -669.291972     1
   22 1036.798528  1611
   23 388.216179   525
   24 -1028.474452     6
   25 -1687.614825     8
   26 -1416.777948     1
   27 9471.333856 20096
   28 -362.131780     8
   29 -1340.499086     7
   30 -1982.052710     1
   31 8352.988912 24956
   32 12353.497709 18649
   33 -1889.579722     5
   34 7252.696835 14086
   35 -991.192254     1
   36 3776.561346   763
   37 13079.993584 14573
   38 26389.039697 22063
   39 -101.989057     7
   40 97.991876 18419
   41 7505.688886 21823
   42 -2282.284841     2
   43 1985.499408 15275
   44 10824.884297 15882
   45 19339.735896 14868
   46 -107.807479     8
   47 -476.028689     7
   48 -533.129473     1
   49 4446.784882  2208
   50 -274.731268     1
   51 -1423.888016     2
   52 4470.055386 19961
   53 8343.059533 20395
   54 16261.780194 26497
   55 -1130.410109     1
   56 3510.317816 17654
   57 14556.760942  4613
   58 -542.106254     3
   59 6543.106232 14985
   60 3793.965824  2593
   61 2525.488321 10343
   62 -74.100895     5
   63 -53.903156     6
   64 -254.070791     5
   65 4564.152286  2104
   66 -446.600692     3
   67 -826.767723     0
   68 8634.505558 20634
   69 20836.470196 17064
   70 -654.596823     3
   71 23905.840343 21647
   72 25506.636571 25568
   73 -108.748478     1
   74 20791.343771 18628
   75 420.033601  1257
   76 10139.676070 14979
   77 -1344.302408     9
   78 5854.947859 13258
   79 4330.368835  2568
   80 15661.221755 22553
   81 4191.457743 12082
   82 -451.299752     2
   83 18843.578384 15949
   84 10368.407930 22106
   85 8452.701738 13544
   86 4972.246628  6255
   87 2576.261690 23714
   88 1441.927525  8149
   89 -143.758799     6
   90 -386.055680     4
   91 1980.952494 10842
   92 7437.273520  6271
   93 3589.055900 15863
   94 3078.693321 23772
   95 -1797.101069     5
   96 -134.214966     9
   97 -2336.063409     9
   98 1943.657950 21222
   99 3670.315629  1573
  100 27615.487703 22037
  101 300.580830   828
  102 -340.495259     9
  103 9909.999482 12746
  104 -1486.985707     1
  105 3220.540345   314
  106 -1134.380242     9
  107 18618.840011 23962
  108 -37.125914     1
  109 11039.395649 23513
  110 2410.601396 12081
  111 -246.701970     9
  112 13220.654475 13467
  113 24025.306759 27528
  114 -2339.798903     4
  115 -851.569977     9
  116 1674.180598 10984
  117 -982.765732     4
  118 -420.615016     8
  119 -2274.988168     3
  120 -936.959045     1
  121 1610.279632 19028
  122 -318.700437     1
  123 -1039.407575     9
  124 5936.517881 22549
  125 -1373.044314     5
  126 -2956.422378     8
  127 1.442933 26634
  128 -307.314383     5
  129 3067.154626  8009
  130 -840.073520     9
  131 376.867854 18283
  132 8630.917440 14384
  133 809.830791 14765
  134 6799.880982 14456
  135 -573.303452     3
  136 887.252907  1602
  137 5231.507657  4234
  138 4769.567397 13370
  139 804.176549  6832
  140 5045.870069 23847
  141 2935.863349  6524
  142 14269.833274 25512
  143 -329.114568     7
  144 6265.695542 21094
  145 620.959900 23238
  146 -314.271211     4
  147 4318.056587 23525
  148 -1715.248678     4
  149 -357.642078     7
  150 602.171353   294
  151 1632.035737 10172
  152 -729.743943     8
  153 37.104592 21958
  154 -1458.105200     2
  155 -864.160485     1
  156 12408.784749 19828
  157 -982.287930     7
  158 965.556427   731
  159 -1036.033374     1
  160 6134.367422 15722
  161 3809.485398  3195
  162 4348.774092  1887
  163 2406.032147  3101
  164 520.065487  2558
  165 -1061.060417     9
  166 -3402.695653     1
  167 1644.982826  7462
  168 -68.121311     9
  169 2732.396759  1250
  170 2957.944534 17861
  171 11799.632174 13695
  172 1604.621768 24490
  173 -861.169181     7
  174 -57.885589     1
  175 -21.282305     8
  176 29396.199900 25213
  177 -654.331952     9
  178 -1381.242365     4
  179 13273.357700 11841
  180 9742.384007 26142
  181 8549.457405  3905
  182 8926.434212 18518
  183 7961.232884 26181
  184 -354.913273     0
  185 5765.322408  6201
  186 -56.954959     3
  187 -33.647875     1
  188 1673.951768  3731
  189 -177.358955     0
  190 456.706863   594
  191 12190.962485 20258
  192 3635.585367  8869
  193 13053.954576 11140
  194 -236.687739     1
  195 -1306.800669     4
  196 -788.776998     6
  197 5244.777234  7350
  198 20723.540647 24250
  199 -138.663494     5
  200 7774.174235 16020
  201 8223.060731  6709
  202 4696.227037 12541
  203 -206.708584     3
  204 -149.152496     5
  205 3538.978551 20824
  206 -62.741563     2
  207 4033.883778 10814
  208 9256.796593 20022
  209 -659.543323     5
  210 2195.919809   251
  211 1308.448506  1080
  212 9383.622095 15517
  213 36463.941416 23377
  214 -3.200961     2
  215 -147.236591     5
  216 -943.882164     7
  217 756.978513  1281
  218 12339.200117 21838
  219 -2445.468066     3
  220 -913.022065     0
  221 2735.137928 12350
  222 2903.564405  9458
  223 -626.901187     5
  224 -1398.765438     0
  225 6755.592938 21527
  226 11872.549363 15425
  227 -309.744569     8
  228 8995.052859 24261
  229 4542.939497 12613
  230 -2700.960973     3
  231 515.124664 25599
  232 31285.121131 22069
  233 2757.828555  2552
  234 -59.080203     3
  235 3981.455546  4764
  236 -223.504799     2
  237 3908.518338 11817
  238 -736.895544     9
  239 13535.878494  8720
  240 -1129.271409     4
  241 2071.224376   876
  242 -1647.271410     4
  243 5325.173527 21854
  244 7493.762446 19497
  245 -474.808737     1
  246 -1246.654926     2
  247 347.000259   546
  248 5406.713825 22208
  249 -106.810104     3
  250 7843.742553  7189
  251 -643.401494     8
  252 101.051101  5355
  253 -1152.142283     9
  254 613.206500    80
  255 -772.196996     5
  256 6447.569349 23594
  257 1647.986119 22728
  258 -306.752034     1
  259 6222.596948 12216
  260 643.308320   214
  261 6918.357052 19666
  262 -314.238053     7
  263 1268.392296    74
  264 -502.674921     0
  265 -122.674615     6
  266 155.627905 16029
  267 8512.440807 16240
  268 13304.195633 27269
  269 4814.369744 23404
  270 -1053.424390     7
  271 4472.660289  3066
  272 -3663.486817     9
  273 1876.098101  3236
  274 2104.209744  8977
  275 -207.166061     2
  276 5029.577075 25687
  277 35715.008700 26575
  278 11463.960152 23229
  279 -720.026827     4
  280 -94.704592     2
  281 2165.580177 23859
  282 9155.151347  6530
  283 -247.869203     7
  284 1963.263325 10765
  285 1763.251567 15705
  286 31889.719344 24767
  287 3174.763304 14460
  288 14866.045681 17963
  289 22726.026096 16428
  290 -544.521347     6
  291 3563.140997 26421
  292 4063.431471 21578
  293 6973.981411 10799
  294 3237.554168  3784
  295 -1368.561558     8
  296 -355.547282     2
  297 -1179.407212     8
  298 3359.407843 18046
  299 1167.816623 14927
  300 18437.181847 19137
