300
    1 5865.989359     1
    2 19070.272139 22552
    3 3100.254808 27863
    4 14269.666940 -1935
    5 991.320371 -2497
    6 -258.213851     2
    7 2677.446407  7882
    8 342.814238  5438
    9 622.431366 -2390
   10 9922.499888  6863
   11 483.901961 -2493
   12 -1452.479130     6
   13 -1984.137868     1
   14 -1528.767762     8
   15 4028.226412 -3259
   16 8953.626606 24956
   17 2558.409822 -2849
   18 40.037564 -3232
   19 10517.491833 14573
   20 390.029344 -3083
   21 -832.174151     2
   22 940.900044 15275
   23 -958.174151     8
   24 -190.332382     1
   25 -271.966692     1
   26 2988.534269 -2263
   27 6772.748489 20395
   28 2147.858559 -3111
   29 -1451.935501     3
   30 178.784530 14985
   31 5054.414019 10343
   32 -1794.102745     5
   33 -412.115283     3
   34 10232.094162 -2852
   35 -655.751146     3
   36 1741.464720 21647
   37 4860.793903 -2309
   38 2745.205123  1257
   39 4501.185575 -3064
   40 385.243397  2568
   41 -816.961146     2
   42 3319.787499 15949
   43 1891.844366 13544
   44 2243.692858 23714
   45 -3135.659754     4
   46 969.447220 10842
   47 6234.208869 15863
   48 -799.063030     9
   49 18989.729768 -3003
   50 16093.922346  1573
   51 -2220.817140     9
   52 -1149.969490     1
   53 6153.661281   314
   54 -661.831894     1
   55 685.109781 23513
   56 2129.026203 32017
   57 -293.096215     4
   58 2040.234062 -2540
   59 -466.328777     8
   60 14692.164325 31213
   61 -2443.464643     1
   62 363.488995 31927
   63 9827.067448 31951
   64 -565.261921     5
   65 -259.076011     9
   66 4285.903121 18283
   67 6990.607480 14765
   68 280.345352 27953
   69 4641.242655  4234
   70 11612.740414  6832
   71 880.236553  6524
   72 2734.410505 -2711
   73 -238.513012     4
   74 -645.813610     4
   75 173.692948 -2177
   76 -1268.243815     8
   77 19271.862292 21958
   78 802.871809 -2390
   79 367.310824 -2423
   80 9274.129356 -2110
   81 1069.338778  3195
   82 584.091352  3101
   83 -1111.222211     1
   84 -80.957039     9
   85 7139.162547  1250
   86 7421.020677 13695
   87 -1018.548581     1
   88 2826.317762 -2668
   89 -657.165554     4
   90 6028.641880 11841
   91 4696.573862  3905
   92 -1870.212753     0
   93 -1123.224483     3
   94 3299.317236 -2630
   95 289.962079 -2801
   96 6157.916432 20258
   97 -654.370001     1
   98 10381.547728 -2718
   99 20986.584492  7350
  100 8554.173122 -3230
  101 2975.084172  6709
  102 -2356.668877     5
  103 -2557.516093     2
  104 2682.492385 10814
  105 93.361021 -2651
  106 1958.945689  1080
  107 500.448306 23377
  108 -40.892804     7
  109 649.376331  1281
  110 -365.503267     0
  111 5059.426391 12350
  112 1736.656422 -1920
  113 1497.625868 21527
  114 9253.399898 28488
  115 8582.938598 12613
  116 10777.896188 25599
  117 -1510.275738     3
  118 -1240.415298     2
  119 34722.926443 11817
  120 -2421.984658     4
  121 4691.280881   876
  122 2563.522806 21854
  123 -866.682014     2
  124 1978.473191   546
  125 3707.340294 -1913
  126 686.009109 32558
  127 17.283537 29437
  128 19058.097258 32051
  129 -1828.162867     1
  130 5.642973 12216
  131 -1080.291374     7
  132 -2603.141553     0
  133 442.321102 -1966
  134 20204.903695 16240
  135 -361.909498     7
  136 7533.700013  3066
  137 1029.931740  3236
  138 3949.340402 -3156
  139 2181.377238 26575
  140 -1317.868345     2
  141 6084.253152 23859
  142 6944.095349 -2212
  143 6562.793706 15705
  144 4289.654820 14460
  145 -1436.039595     6
  146 7669.604436 26421
  147 729.303355 10799
  148 -145.462924     2
  149 3636.396068 30348
  150 1237.750514 14927
  151 31788.786659 -2981
  152 3084.679310  4176
  153 529.679934  3369
  154 10237.373537 -3090
  155 379.965467 -2741
  156 88.422851 26851
  157 217.154436 29251
  158 -1140.348925     2
  159 -1331.677701     5
  160 3659.107183 13900
  161 -60.663238     5
  162 -379.374513     8
  163 4.289709 18562
  164 -1454.980332     1
  165 340.519956 -2146
  166 -1215.717237     7
  167 -254.559904     3
  168 250.455511 32150
  169 12914.189546 -2166
  170 -399.616220     1
  171 -38.132864     1
  172 7270.895030 24598
  173 2568.122279 14057
  174 6353.104102 -2884
  175 -333.862644     6
  176 -2556.158042     3
  177 123.179039 31434
  178 -564.572872     7
  179 5109.963117 11021
  180 16393.290393 19654
  181 6702.817428 31837
  182 -104.270814     4
  183 2833.875566 14952
  184 24557.159518 26785
  185 3593.573015  6455
  186 3010.306148 -1650
  187 1249.547448 -2588
  188 -20.619835     0
  189 -896.204493     0
  190 21346.906410 13760
  191 362.318310 -2091
  192 -2870.805394     5
  193 7468.222516 29565
  194 83.514802 -1681
  195 -1299.974928     5
  196 4393.964744 -1684
  197 -945.027358     6
  198 15935.086398 17659
  199 1524.288062 -3088
  200 9540.227670  6147
  201 2898.341837 30936
  202 19400.309438 26161
  203 -69.038743     4
  204 249.076837 29234
  205 -2168.871933     2
  206 5963.754180 12201
  207 -2236.027735     0
  208 15416.609975 -2474
  209 2200.744834 11251
  210 529.409743 11128
  211 3231.740367 18494
  212 13012.490029 -1593
  213 16.361253 -2437
  214 -428.899973     2
  215 3090.419189 -1846
  216 11522.763194  1154
  217 7943.794968 15143
  218 14829.052812 -3103
  219 8499.068009 16679
  220 2536.715861 -2764
  221 13422.473515  1476
  222 18997.795619 19127
  223 127.879604  5680
  224 14408.316107  2168
  225 -741.921853     4
  226 3353.869838 25072
  227 -270.720584     6
  228 1037.725883  3095
  229 -454.090248     0
  230 953.608797 -3242
  231 15950.919792 11398
  232 -1049.664025     7
  233 -300.315875     7
  234 -1077.815998     3
  235 -250.684034     3
  236 7376.943931 31779
  237 638.463497 25768
  238 -190.498300     4
  239 -2226.228925     3
  240 -1415.688109     5
  241 3458.849002  9045
  242 12062.830028 28477
  243 10905.092329 25507
  244 1775.010791 27680
  245 421.182787  6344
  246 -273.698374     3
  247 2329.825966 -1812
  248 45.039795 -2751
  249 -219.948814     2
  250 4533.534132 19993
  251 -2771.820984     9
  252 8778.968975   131
  253 6776.291916 26725
  254 12884.553800 -2571
  255 -156.759348     4
  256 -703.133400     3
  257 910.053748 -2715
  258 18621.554912 11874
  259 4690.371513 -2572
  260 -1563.759428     3
  261 -154.012908     2
  262 553.278415 -2630
  263 -575.448548     0
  264 14773.093668  1231
  265 3293.454017 13187
  266 970.820132  7031
  267 2165.339859 -2424
  268 11307.785614 12441
  269 6377.355141 -2748
  270 16329.596334 27996
  271 11018.087163 20832
  272 2052.549164 -2129
  273 -416.662276     0
  274 14009.134153  3973
  275 1870.144300  9596
  276 5981.439204 29864
  277 12329.999097  8226
  278 645.486987  8125
  279 1773.389705  1936
  280 8930.748216   519
  281 -1405.010195     3
  282 765.824085 20779
  283 17.076530  5897
  284 -247.847003     8
  285 -180.660902     1
  286 -112.544528     7
  287 2704.374096 13467
  288 540.509528 -2093
  289 7233.305475 -1755
  290 1005.373985 15224
  291 5438.189101 16581
  292 -919.952033     2
  293 2248.216653 -2489
  294 14932.648092 12038
  295 10211.398344 14498
  296 -1215.325493     1
  297 767.333425 -3250
  298 5208.192848 32570
  299 -535.557545     9
  300 -595.030806     5
