300
    1 6389.561977     1
    2 11280.129680 22552
    3 3703.532258 27863
    4 10442.535476 -1935
    5 694.362909 -2497
    6 -283.322347     2
    7 8163.405869  7882
    8 5135.179453  5438
    9 524.743310 -2390
   10 1710.284927  6863
   11 506.867636 -2493
   12 -18.162645     6
   13 -1564.255892     1
   14 -321.307369     8
   15 14583.129579 -3259
   16 8922.279535 24956
   17 2485.034086 -2849
   18 559.649374 -3232
   19 1398.990833 14573
   20 2789.315153 -3083
   21 -2258.722803     2
   22 227.397189 15275
   23 -961.199125     8
   24 -119.743500     1
   25 -49.502816     1
   26 5077.820988 -2263
   27 12463.646753 20395
   28 9807.863733 -3111
   29 -199.427930     3
   30 362.182510 14985
   31 28057.552815 10343
   32 -1085.441309     5
   33 -589.721638     3
   34 14129.292908 -2852
   35 -1305.865528     3
   36 1606.625556 21647
   37 8299.147119 -2309
   38 2102.901144  1257
   39 7540.142993 -3064
   40 5829.379994  2568
   41 -972.275849     2
   42 264.198338 15949
   43 2514.739675 13544
   44 2694.333807 23714
   45 -2273.291985     4
   46 3874.874689 10842
   47 5381.151402 15863
   48 -641.100130     9
   49 6032.080028 -3003
   50 13001.010059  1573
   51 -1623.902251     9
   52 -3057.365922     1
   53 15734.399488   314
   54 -1804.556589     1
   55 3837.892792 23513
   56 1638.080626 32017
   57 -2097.213732     4
   58 4965.286112 -2540
   59 -510.081131     8
   60 3996.518038 31213
   61 -2734.567722     1
   62 3860.107825 31927
   63 13436.274265 31951
   64 -968.625750     5
   65 -335.787793     9
   66 6251.876036 18283
   67 7289.134754 14765
   68 32.363283 27953
   69 4748.397503  4234
   70 6997.535039  6832
   71 22035.037782  6524
   72 13964.795835 -2711
   73 -433.747917     4
   74 -800.942785     4
   75 51.000549 -2177
   76 -416.191013     8
   77 111.141281 21958
   78 10754.696725 -2390
   79 289.660016 -2423
   80 3272.920014 -2110
   81 162.152287  3195
   82 442.864005  3101
   83 -685.644990     1
   84 -907.813043     9
   85 4793.067991  1250
   86 7444.851702 13695
   87 -1280.334333     1
   88 1185.886334 -2668
   89 -792.073927     4
   90 13066.647821 11841
   91 9691.865485  3905
   92 -656.366665     0
   93 -1985.362221     3
   94 811.786234 -2630
   95 230.390805 -2801
   96 5140.250087 20258
   97 -2689.212050     1
   98 21259.749412 -2718
   99 13085.767182  7350
  100 3991.142157 -3230
  101 4187.150727  6709
  102 -549.777579     5
  103 -1150.282291     2
  104 18810.591315 10814
  105 32.376641 -2651
  106 1635.121384  1080
  107 9568.663692 23377
  108 -2050.055208     7
  109 14682.705527  1281
  110 -874.992147     0
  111 2155.408930 12350
  112 23927.166898 -1920
  113 1334.988694 21527
  114 17385.550175 28488
  115 9421.669937 12613
  116 2272.143339 25599
  117 -1898.268273     3
  118 -807.956755     2
  119 843.673711 11817
  120 -410.187664     4
  121 11867.398531   876
  122 1702.045144 21854
  123 -1305.067802     2
  124 2027.708358   546
  125 1326.820113 -1913
  126 116.951211 32558
  127 24.537063 29437
  128 3580.750979 32051
  129 -836.229289     1
  130 5.096228 12216
  131 -457.351601     7
  132 -1699.992350     0
  133 10806.404151 -1966
  134 10717.999642 16240
  135 -356.676854     7
  136 9248.066204  3066
  137 1240.575349  3236
  138 11863.897064 -3156
  139 8111.350697 26575
  140 -293.224882     2
  141 546.376756 23859
  142 5680.152453 -2212
  143 11692.651902 15705
  144 3074.829376 14460
  145 -922.469520     6
  146 345.053314 26421
  147 1318.377936 10799
  148 -1952.337083     2
  149 13481.460825 30348
  150 5992.767963 14927
  151 12090.475302 -2981
  152 8819.097041  4176
  153 579.047450  3369
  154 8422.806594 -3090
  155 7014.922654 -2741
  156 15440.354200 26851
  157 780.888720 29251
  158 -2028.546751     2
  159 -1162.720325     5
  160 1775.969380 13900
  161 -657.797671     5
  162 -263.070390     8
  163 623.487016 18562
  164 -719.687581     1
  165 150.042087 -2146
  166 -455.274276     7
  167 -153.363994     3
  168 8468.442239 32150
  169 7240.893779 -2166
  170 -454.502859     1
  171 -1306.386552     1
  172 22474.228476 24598
  173 2020.598903 14057
  174 1401.840950 -2884
  175 -478.283865     6
  176 -2886.694284     3
  177 1302.492231 31434
  178 -36.292062     7
  179 7487.828403 11021
  180 3817.823739 19654
  181 7808.192002 31837
  182 -753.804007     4
  183 8031.881113 14952
  184 16037.265365 26785
  185 7161.629564  6455
  186 5387.472410 -1650
  187 4910.597622 -2588
  188 -220.272719     0
  189 -956.529932     0
  190 1786.035073 13760
  191 615.490042 -2091
  192 -1338.129513     5
  193 12431.001341 29565
  194 9225.793944 -1681
  195 -1307.381877     5
  196 20382.139153 -1684
  197 -973.063298     6
  198 1113.586814 17659
  199 26612.731421 -3088
  200 6983.883371  6147
  201 6900.408714 30936
  202 3178.212559 26161
  203 -119.979139     4
  204 17.272929 29234
  205 -2410.851455     2
  206 8525.817788 12201
  207 -1393.531150     0
  208 9367.178326 -2474
  209 8683.325977 11251
  210 12037.138923 11128
  211 2392.807799 18494
  212 17689.948170 -1593
  213 3013.173661 -2437
  214 -449.835756     2
  215 6455.107535 -1846
  216 10265.371290  1154
  217 871.698589 15143
  218 12150.952047 -3103
  219 3759.084521 16679
  220 12368.864011 -2764
  221 4636.268970  1476
  222 2079.386631 19127
  223 2305.616592  5680
  224 9683.330069  2168
  225 -72.630554     4
  226 9504.460903 25072
  227 -461.529076     6
  228 22466.839731  3095
  229 -1997.670863     0
  230 226.814433 -3242
  231 14075.379897 11398
  232 -1842.720089     7
  233 -567.016599     7
  234 -1271.230167     3
  235 -450.089209     3
  236 781.325032 31779
  237 651.761119 25768
  238 -0.442801     4
  239 -2117.264380     3
  240 -2183.732051     5
  241 2229.214915  9045
  242 27096.785637 28477
  243 29803.781485 25507
  244 903.489257 27680
  245 10688.768892  6344
  246 -2844.792529     3
  247 6730.392388 -1812
  248 353.571836 -2751
  249 -264.710887     2
  250 13841.849796 19993
  251 -970.334921     9
  252 1134.377878   131
  253 813.459891 26725
  254 23749.646341 -2571
  255 -746.248140     4
  256 -84.866617     3
  257 923.744282 -2715
  258 25655.940418 11874
  259 7417.817734 -2572
  260 -3013.029793     3
  261 -1535.048941     2
  262 5248.367999 -2630
  263 -448.090582     0
  264 2558.690128  1231
  265 4547.629200 13187
  266 3737.030879  7031
  267 628.959509 -2424
  268 13596.495158 12441
  269 3057.675612 -2748
  270 17969.159248 27996
  271 11488.331160 20832
  272 5070.573538 -2129
  273 -519.614883     0
  274 3677.275997  3973
  275 909.991321  9596
  276 2025.534954 29864
  277 1420.297363  8226
  278 2471.162994  8125
  279 1211.400895  1936
  280 15336.197322   519
  281 -3008.798357     3
  282 6153.678982 20779
  283 34.343307  5897
  284 -1068.176664     8
  285 -699.840082     1
  286 -158.200270     7
  287 2030.103512 13467
  288 176.722360 -2093
  289 4111.623413 -1755
  290 4307.545150 15224
  291 26236.862079 16581
  292 -1860.395367     2
  293 2837.268658 -2489
  294 1808.754581 12038
  295 2512.376896 14498
  296 -151.573486     1
  297 266.545181 -3250
  298 414.226452 32570
  299 -927.284155     9
  300 -463.691730     5
