300
    1 1348.479294     1
    2 5762.367578 22552
    3 2028.768875 27863
    4 10419.351507 -1935
    5 5651.282816 -2497
    6 -381.528480     2
    7 16152.627363  7882
    8 18850.273037  5438
    9 4958.798241 -2390
   10 562.310177  6863
   11 339.366473 -2493
   12 -398.407927     6
   13 -384.530815     1
   14 -492.541896     8
   15 803.193545 -3259
   16 10592.028720 24956
   17 7883.361097 -2849
   18 4.644983 -3232
   19 19025.091963 14573
   20 10223.755137 -3083
   21 -1521.968512     2
   22 2655.261381 15275
   23 -1257.926646     8
   24 -1857.617924     1
   25 -505.858827     1
   26 10645.605555 -2263
   27 4202.356827 20395
   28 7998.373613 -3111
   29 -951.924628     3
   30 128.450132 14985
   31 5053.416377 10343
   32 -73.343256     5
   33 -657.031070     3
   34 7024.752610 -2852
   35 -2232.992873     3
   36 3236.499593 21647
   37 3761.199679 -2309
   38 17097.639108  1257
   39 6068.245897 -3064
   40 3301.707854  2568
   41 -1439.556806     2
   42 349.639423 15949
   43 1810.732728 13544
   44 5483.976087 23714
   45 -2341.764529     4
   46 2409.039610 10842
   47 9186.153021 15863
   48 -261.062476     9
   49 9782.591618 -3003
   50 6017.422928  1573
   51 -1005.676180     9
   52 -191.293071     1
   53 8807.678727   314
   54 -1451.522116     1
   55 7894.417267 23513
   56 5541.496475 32017
   57 -1879.094108     4
   58 1267.581824 -2540
   59 -968.257378     8
   60 14667.386670 31213
   61 -188.806528     1
   62 2175.183271 31927
   63 18087.891997 31951
   64 -748.605677     5
   65 -534.444526     9
   66 6345.952345 18283
   67 6037.850795 14765
   68 474.983994 27953
   69 3671.194226  4234
   70 7597.288938  6832
   71 2652.025483  6524
   72 9600.227009 -2711
   73 -1506.878516     4
   74 -493.349544     4
   75 104.168347 -2177
   76 -1668.848469     8
   77 23710.310741 21958
   78 2336.085547 -2390
   79 421.530218 -2423
   80 3336.619996 -2110
   81 524.392261  3195
   82 422.182173  3101
   83 -786.532963     1
   84 -14.223220     9
   85 7217.332188  1250
   86 4123.454568 13695
   87 -1317.331792     1
   88 5264.114173 -2668
   89 -228.394914     4
   90 6494.600186 11841
   91 5622.822279  3905
   92 -952.683126     0
   93 -1611.692909     3
   94 1541.412227 -2630
   95 48.921894 -2801
   96 3933.519241 20258
   97 -1922.019432     1
   98 19220.527513 -2718
   99 366.508010  7350
  100 1472.623696 -3230
  101 212.783029  6709
  102 -188.121376     5
  103 -1543.732110     2
  104 17820.624235 10814
  105 85.480404 -2651
  106 13854.851785  1080
  107 2543.655462 23377
  108 -1390.501901     7
  109 12652.905807  1281
  110 -3007.703990     0
  111 2246.198403 12350
  112 1161.151407 -1920
  113 3957.746141 21527
  114 16673.571110 28488
  115 6379.588283 12613
  116 313.778652 25599
  117 -1197.654493     3
  118 -188.466415     2
  119 12365.850772 11817
  120 -530.156494     4
  121 3800.710611   876
  122 6880.838850 21854
  123 -733.209795     2
  124 11416.451122   546
  125 1468.203303 -1913
  126 5521.305829 32558
  127 61.899093 29437
  128 11980.848075 32051
  129 -994.086129     1
  130 65.997302 12216
  131 -152.660379     7
  132 -692.529175     0
  133 10131.281271 -1966
  134 5784.904212 16240
  135 -1056.042196     7
  136 10732.461225  3066
  137 1257.827592  3236
  138 8726.950065 -3156
  139 4768.471090 26575
  140 -594.523999     2
  141 1739.025117 23859
  142 2633.623215 -2212
  143 12511.795582 15705
  144 20318.662452 14460
  145 -1171.388409     6
  146 6110.810902 26421
  147 222.658732 10799
  148 -658.243478     2
  149 15655.240324 30348
  150 6764.909905 14927
  151 5686.341133 -2981
  152 2559.570557  4176
  153 1492.205619  3369
  154 11101.933418 -3090
  155 10231.050738 -2741
  156 6075.685019 26851
  157 353.938707 29251
  158 -1780.833192     2
  159 -1232.886897     5
  160 3300.639059 13900
  161 -290.364533     5
  162 -1130.744046     8
  163 1256.967571 18562
  164 -517.571869     1
  165 1971.000244 -2146
  166 -211.317255     7
  167 -1686.799458     3
  168 9686.544044 32150
  169 1220.082148 -2166
  170 -950.124563     1
  171 -96.262123     1
  172 29342.668169 24598
  173 3780.274113 14057
  174 14771.646187 -2884
  175 -960.595713     6
  176 -3219.245366     3
  177 1839.726536 31434
  178 -206.690496     7
  179 11003.506487 11021
  180 15955.562269 19654
  181 3041.572492 31837
  182 -415.817776     4
  183 19690.844387 14952
  184 14095.379418 26785
  185 5885.550228  6455
  186 21685.373998 -1650
  187 3137.591869 -2588
  188 -702.718780     0
  189 -326.207991     0
  190 24942.043839 13760
  191 2061.162857 -2091
  192 -712.712091     5
  193 20774.535378 29565
  194 2704.592390 -1681
  195 -0.186764     5
  196 11286.856928 -1684
  197 -416.421349     6
  198 11383.599860 17659
  199 17049.900553 -3088
  200 5968.720550  6147
  201 1538.361654 30936
  202 252.540131 26161
  203 -3215.766185     4
  204 815.278059 29234
  205 -424.509194     2
  206 2993.011490 12201
  207 -1041.016782     0
  208 3867.196194 -2474
  209 5359.929439 11251
  210 4290.548086 11128
  211 3359.965307 18494
  212 27054.227049 -1593
  213 1472.520178 -2437
  214 -1221.261546     2
  215 685.367156 -1846
  216 5244.150559  1154
  217 815.538030 15143
  218 501.059494 -3103
  219 9441.944109 16679
  220 30010.148216 -2764
  221 921.458891  1476
  222 6061.107581 19127
  223 229.401782  5680
  224 18112.016761  2168
  225 -838.155137     4
  226 17632.236189 25072
  227 -1186.798861     6
  228 4032.210468  3095
  229 -942.735424     0
  230 612.919062 -3242
  231 12906.403465 11398
  232 -1202.088363     7
  233 -60.936895     7
  234 -887.215846     3
  235 -641.201025     3
  236 7517.588010 31779
  237 2254.909724 25768
  238 -59.666552     4
  239 -285.682613     3
  240 -1857.152431     5
  241 20255.217418  9045
  242 19788.041174 28477
  243 19488.209808 25507
  244 277.593480 27680
  245 3797.419526  6344
  246 -263.214922     3
  247 2544.088849 -1812
  248 128.477296 -2751
  249 -390.567355     2
  250 5763.105627 19993
  251 -596.302748     9
  252 4003.103276   131
  253 494.957991 26725
  254 11873.636330 -2571
  255 -602.160704     4
  256 -1594.281770     3
  257 4017.380440 -2715
  258 4535.237223 11874
  259 12531.540700 -2572
  260 -360.574636     3
  261 -388.060981     2
  262 1968.788786 -2630
  263 -486.233407     0
  264 23237.612464  1231
  265 2580.786333 13187
  266 650.947227  7031
  267 11527.618786 -2424
  268 18063.263890 12441
  269 7332.225952 -2748
  270 8008.314513 27996
  271 6291.783986 20832
  272 1235.089142 -2129
  273 -1079.782926     0
  274 4768.141041  3973
  275 2355.374630  9596
  276 2124.308038 29864
  277 6153.221523  8226
  278 3531.966225  8125
  279 4230.051518  1936
  280 14833.133504   519
  281 -704.467365     3
  282 5247.602302 20779
  283 14.185164  5897
  284 -815.110479     8
  285 -1844.002150     1
  286 -722.572980     7
  287 1506.997265 13467
  288 20834.389642 -2093
  289 13737.428386 -1755
  290 145.478753 15224
  291 8180.104032 16581
  292 -2234.992881     2
  293 11170.904602 -2489
  294 22305.690630 12038
  295 15656.281637 14498
  296 -2368.887762     1
  297 288.612113 -3250
  298 4570.977254 32570
  299 -1802.252991     9
  300 -568.094766     5
