300
    1 9475.884980     1
    2 13655.575259 22552
    3 794.551325 27863
    4 28588.463836 -1935
    5 782.376467 -2497
    6 -1655.580399     2
    7 9027.410767  7882
    8 8876.853893  5438
    9 1207.255507 -2390
   10 24521.798572  6863
   11 249.554372 -2493
   12 -702.777201     6
   13 -1169.996961     1
   14 -163.375528     8
   15 33946.284778 -3259
   16 4579.509244 24956
   17 1894.883299 -2849
   18 229.844229 -3232
   19 3949.510333 14573
   20 19594.167233 -3083
   21 -1544.082497     2
   22 4752.736169 15275
   23 -1717.299749     8
   24 -997.722258     1
   25 -20.275769     1
   26 7532.722341 -2263
   27 20312.261481 20395
   28 10404.851889 -3111
   29 -150.104108     3
   30 916.236845 14985
   31 14943.524459 10343
   32 -6.990002     5
   33 -724.747781     3
   34 10146.691393 -2852
   35 -1042.129140     3
   36 22358.713018 21647
   37 8863.267138 -2309
   38 1463.049464  1257
   39 8675.757597 -3064
   40 823.934376  2568
   41 -759.624758     2
   42 3105.913689 15949
   43 2370.563779 13544
   44 1894.970012 23714
   45 -1014.106521     4
   46 3299.542485 10842
   47 2569.846690 15863
   48 -606.102571     9
   49 8967.264990 -3003
   50 373.550177  1573
   51 -1445.678457     9
   52 -2761.332433     1
   53 14161.146922   314
   54 -120.693767     1
   55 3068.261764 23513
   56 3677.680938 32017
   57 -1418.578815     4
   58 5035.997046 -2540
   59 -998.491024     8
   60 8634.186892 31213
   61 -89.255392     1
   62 1786.101451 31927
   63 8405.913104 31951
   64 -666.914452     5
   65 -360.528544     9
   66 1022.445978 18283
   67 15445.201489 14765
   68 566.767790 27953
   69 4298.872505  4234
   70 6211.934046  6832
   71 24627.944790  6524
   72 318.155377 -2711
   73 -662.942768     4
   74 -495.780797     4
   75 42.196441 -2177
   76 -1385.092401     8
   77 7046.777381 21958
   78 4501.568424 -2390
   79 80.945217 -2423
   80 12999.607812 -2110
   81 601.523081  3195
   82 1709.167252  3101
   83 -579.758399     1
   84 -1368.005512     9
   85 2699.058990  1250
   86 4664.994326 13695
   87 -4.847626     1
   88 9739.054148 -2668
   89 -282.044261     4
   90 13071.016632 11841
   91 1621.003990  3905
   92 -4619.511057     0
   93 -1223.795343     3
   94 468.649956 -2630
   95 167.124621 -2801
   96 10635.221434 20258
   97 -1598.010918     1
   98 7862.259119 -2718
   99 6067.980580  7350
  100 2477.704730 -3230
  101 6173.104357  6709
  102 -1373.115440     5
  103 -1081.053478     2
  104 7717.487965 10814
  105 58.125652 -2651
  106 7373.410816  1080
  107 3442.045411 23377
  108 -794.784541     7
  109 28387.585459  1281
  110 -977.847121     0
  111 1873.217345 12350
  112 12043.192885 -1920
  113 123.467590 21527
  114 11772.880771 28488
  115 17423.507519 12613
  116 11200.957381 25599
  117 -1050.161397     3
  118 -404.651771     2
  119 15123.123141 11817
  120 -1068.119866     4
  121 7345.834183   876
  122 3859.076923 21854
  123 -1362.542144     2
  124 12538.764541   546
  125 62.950671 -1913
  126 1191.864192 32558
  127 12.763155 29437
  128 6248.955878 32051
  129 -723.342835     1
  130 213.468948 12216
  131 -2221.318567     7
  132 -427.237048     0
  133 1509.101764 -1966
  134 14040.437649 16240
  135 -1101.629811     7
  136 651.329766  3066
  137 5262.254531  3236
  138 22899.073701 -3156
  139 3139.648757 26575
  140 -229.515826     2
  141 2100.819327 23859
  142 2821.801404 -2212
  143 3369.420687 15705
  144 12192.135305 14460
  145 -363.906819     6
  146 4989.397770 26421
  147 108.086059 10799
  148 -867.206493     2
  149 11050.646022 30348
  150 989.473875 14927
  151 3178.351831 -2981
  152 5.872662  4176
  153 409.484920  3369
  154 7373.457698 -3090
  155 980.104023 -2741
  156 5957.518377 26851
  157 756.887629 29251
  158 -507.669572     2
  159 -882.603924     5
  160 4545.112711 13900
  161 -407.111496     5
  162 -140.458201     8
  163 2752.664795 18562
  164 -625.016292     1
  165 2929.960605 -2146
  166 -279.068551     7
  167 -492.189242     3
  168 805.177695 32150
  169 4508.268641 -2166
  170 -619.576996     1
  171 -1265.434108     1
  172 3819.292062 24598
  173 6385.298446 14057
  174 11254.945416 -2884
  175 -158.259583     6
  176 -1372.431121     3
  177 1979.537077 31434
  178 -471.949007     7
  179 5634.723064 11021
  180 15250.740400 19654
  181 2613.513534 31837
  182 -1215.343104     4
  183 6066.719342 14952
  184 5527.358049 26785
  185 3037.391686  6455
  186 965.603546 -1650
  187 6272.346496 -2588
  188 -664.909196     0
  189 -195.235725     0
  190 7045.856653 13760
  191 329.192049 -2091
  192 -1815.472906     5
  193 7593.620091 29565
  194 10229.549592 -1681
  195 -437.674383     5
  196 12285.306837 -1684
  197 -720.976719     6
  198 1225.076894 17659
  199 32001.494836 -3088
  200 5796.883612  6147
  201 14377.948930 30936
  202 13248.686336 26161
  203 -343.829992     4
  204 624.449429 29234
  205 -1367.869505     2
  206 6818.939602 12201
  207 -429.267180     0
  208 4761.361922 -2474
  209 185.319994 11251
  210 19052.898886 11128
  211 3500.285000 18494
  212 2667.601487 -1593
  213 1351.862037 -2437
  214 -264.650785     2
  215 6561.845768 -1846
  216 165.598038  1154
  217 451.707055 15143
  218 11859.690802 -3103
  219 83.316656 16679
  220 8151.224424 -2764
  221 9225.779946  1476
  222 9094.064992 19127
  223 534.648584  5680
  224 9165.970966  2168
  225 -176.901712     4
  226 3348.368424 25072
  227 -2549.535011     6
  228 2763.949870  3095
  229 -472.170967     0
  230 127.893047 -3242
  231 4754.857800 11398
  232 -1072.086430     7
  233 -945.024416     7
  234 -770.408420     3
  235 -96.651836     3
  236 7341.863119 31779
  237 56.687827 25768
  238 -517.621483     4
  239 -1997.368998     3
  240 -649.461473     5
  241 7371.011744  9045
  242 2194.412050 28477
  243 1176.136562 25507
  244 7479.626639 27680
  245 13989.250637  6344
  246 -621.481578     3
  247 7657.273145 -1812
  248 85.284918 -2751
  249 -2385.399792     2
  250 6421.052077 19993
  251 -1443.213805     9
  252 6060.543585   131
  253 7580.369033 26725
  254 10666.006832 -2571
  255 -652.500099     4
  256 -3245.802650     3
  257 4222.287990 -2715
  258 7352.394205 11874
  259 2931.869240 -2572
  260 -564.967669     3
  261 -695.977737     2
  262 11799.797032 -2630
  263 -192.331925     0
  264 21726.500733  1231
  265 801.886294 13187
  266 941.619838  7031
  267 2538.027199 -2424
  268 7092.928142 12441
  269 819.418814 -2748
  270 33827.402687 27996
  271 15026.646509 20832
  272 3796.931900 -2129
  273 -465.108137     0
  274 8890.950922  3973
  275 455.345007  9596
  276 247.886989 29864
  277 3106.385028  8226
  278 1426.074643  8125
  279 449.074160  1936
  280 4625.001804   519
  281 -518.057901     3
  282 9711.180845 20779
  283 100.481989  5897
  284 -1421.789439     8
  285 -1118.689322     1
  286 -1352.002057     7
  287 444.918608 13467
  288 33065.106911 -2093
  289 1714.214857 -1755
  290 5509.736711 15224
  291 28899.135906 16581
  292 -1500.242787     2
  293 1886.249000 -2489
  294 17426.582598 12038
  295 13290.451882 14498
  296 -807.484157     1
  297 34.264929 -3250
  298 21974.428378 32570
  299 -1847.613976     9
  300 -1341.155494     5
