300
    1 23374.847917     1
    2 24400.415097 22552
    3 536.108628 27863
    4 17380.121907 -1935
    5 4213.472152 -2497
    6 -529.924393     2
    7 11218.638599  7882
    8 3351.666551  5438
    9 1231.633228 -2390
   10 7070.672590  6863
   11 587.439802 -2493
   12 -1020.930619     6
   13 -808.950913     1
   14 -2737.181600     8
   15 4218.885720 -3259
   16 320.351495 24956
   17 9862.542821 -2849
   18 17.471833 -3232
   19 5343.340534 14573
   20 5800.762079 -3083
   21 -562.460787     2
   22 6792.468612 15275
   23 -768.056862     8
   24 -2446.744672     1
   25 -1484.424596     1
   26 3804.850736 -2263
   27 3702.797475 20395
   28 5326.052971 -3111
   29 -352.708478     3
   30 2735.787849 14985
   31 5651.353221 10343
   32 -1728.133178     5
   33 -176.258687     3
   34 189.916266 -2852
   35 -425.230520     3
   36 2681.741456 21647
   37 1481.921466 -2309
   38 152.347042  1257
   39 4773.810805 -3064
   40 20607.875121  2568
   41 -28.848066     2
   42 13919.639761 15949
   43 2223.050757 13544
   44 87.207229 23714
   45 -90.667907     4
   46 4832.691235 10842
   47 6546.942941 15863
   48 -135.156065     9
   49 17505.027524 -3003
   50 15874.674208  1573
   51 -1608.674383     9
   52 -2735.869081     1
   53 7692.590451   314
   54 -14.585024     1
   55 2510.688001 23513
   56 13838.658770 32017
   57 -453.531679     4
   58 6705.028086 -2540
   59 -495.984614     8
   60 749.341182 31213
   61 -944.381255     1
   62 18455.434712 31927
   63 12857.826409 31951
   64 -3559.354147     5
   65 -1208.116893     9
   66 12879.253426 18283
   67 10437.359129 14765
   68 167.224512 27953
   69 9752.470530  4234
   70 9356.525153  6832
   71 88.873067  6524
   72 18841.927047 -2711
   73 -31.345265     4
   74 -75.620265     4
   75 23.646874 -2177
   76 -3551.077360     8
   77 1570.110015 21958
   78 541.692218 -2390
   79 153.601099 -2423
   80 93.307660 -2110
   81 169.373392  3195
   82 1554.892974  3101
   83 -102.192669     1
   84 -963.197468     9
   85 13646.748250  1250
   86 6908.588613 13695
   87 -1309.719453     1
   88 2293.578963 -2668
   89 -806.667022     4
   90 754.600755 11841
   91 9271.050450  3905
   92 -1533.347992     0
   93 -149.420935     3
   94 46.912877 -2630
   95 181.632923 -2801
   96 453.820318 20258
   97 -699.016878     1
   98 17366.953422 -2718
   99 30431.507394  7350
  100 10251.726022 -3230
  101 10593.830133  6709
  102 -574.274150     5
  103 -283.132800     2
  104 12533.253626 10814
  105 24.658035 -2651
  106 38.105935  1080
  107 3203.335704 23377
  108 -1271.946343     7
  109 11380.167730  1281
  110 -1839.317218     0
  111 3163.248121 12350
  112 1156.217542 -1920
  113 2557.866644 21527
  114 3063.333726 28488
  115 25710.259755 12613
  116 23628.897837 25599
  117 -2604.000625     3
  118 -1164.560458     2
  119 2208.501508 11817
  120 -1504.459198     4
  121 27633.746760   876
  122 10917.532409 21854
  123 -3428.470475     2
  124 24450.543879   546
  125 4970.373104 -1913
  126 4562.059294 32558
  127 49.460209 29437
  128 1515.969635 32051
  129 -202.435331     1
  130 9.072364 12216
  131 -1891.108919     7
  132 -1240.970795     0
  133 3007.774946 -1966
  134 20221.692069 16240
  135 -441.972397     7
  136 4294.407669  3066
  137 447.825706  3236
  138 8410.214735 -3156
  139 6604.492105 26575
  140 -1307.930336     2
  141 285.855901 23859
  142 3436.619096 -2212
  143 3162.402172 15705
  144 7111.774541 14460
  145 -510.188334     6
  146 1617.640719 26421
  147 1942.436825 10799
  148 -19.658436     2
  149 2841.555708 30348
  150 15688.578819 14927
  151 2352.140283 -2981
  152 6147.507330  4176
  153 614.882127  3369
  154 666.253851 -3090
  155 2511.512438 -2741
  156 1610.616261 26851
  157 701.241300 29251
  158 -739.345983     2
  159 -340.772577     5
  160 4282.166392 13900
  161 -395.380931     5
  162 -336.329891     8
  163 1635.460022 18562
  164 -126.175927     1
  165 1978.815956 -2146
  166 -1662.753999     7
  167 -881.528556     3
  168 685.628379 32150
  169 5317.602005 -2166
  170 -936.989732     1
  171 -292.245682     1
  172 17163.643401 24598
  173 394.230600 14057
  174 15426.293156 -2884
  175 -412.294010     6
  176 -835.314939     3
  177 811.259845 31434
  178 -1244.571716     7
  179 7496.162099 11021
  180 123.736862 19654
  181 10707.288495 31837
  182 -140.273156     4
  183 15164.644849 14952
  184 17445.054175 26785
  185 5801.786043  6455
  186 18837.526206 -1650
  187 5609.563369 -2588
  188 -1462.292380     0
  189 -270.996242     0
  190 7117.216841 13760
  191 3113.234706 -2091
  192 -505.859322     5
  193 12697.826614 29565
  194 3843.334053 -1681
  195 -870.372802     5
  196 17164.225954 -1684
  197 -1034.185288     6
  198 11932.383277 17659
  199 12920.173605 -3088
  200 12815.272232  6147
  201 1462.756273 30936
  202 6050.333092 26161
  203 -939.802753     4
  204 97.455375 29234
  205 -800.534329     2
  206 2905.859537 12201
  207 -653.039152     0
  208 7143.084996 -2474
  209 19873.269227 11251
  210 1901.910323 11128
  211 400.097802 18494
  212 15527.245684 -1593
  213 3196.518185 -2437
  214 -1110.730737     2
  215 4234.287045 -1846
  216 273.396286  1154
  217 919.706890 15143
  218 1789.521461 -3103
  219 13416.004338 16679
  220 38692.108721 -2764
  221 23542.693385  1476
  222 370.620426 19127
  223 353.606226  5680
  224 3873.922655  2168
  225 -1707.533903     4
  226 10576.264027 25072
  227 -448.344073     6
  228 6116.534345  3095
  229 -955.913203     0
  230 752.364657 -3242
  231 5538.917298 11398
  232 -1914.196904     7
  233 -969.718159     7
  234 -1282.265887     3
  235 -44.874674     3
  236 16830.033533 31779
  237 2526.940456 25768
  238 -195.991960     4
  239 -406.364108     3
  240 -1163.756737     5
  241 32212.900214  9045
  242 8901.763761 28477
  243 3792.816378 25507
  244 5105.106632 27680
  245 6904.271829  6344
  246 -2064.787046     3
  247 11832.255568 -1812
  248 168.520146 -2751
  249 -769.361366     2
  250 1744.671462 19993
  251 -742.864298     9
  252 211.983325   131
  253 5584.039602 26725
  254 3312.612567 -2571
  255 -350.926167     4
  256 -121.675496     3
  257 1713.699112 -2715
  258 10476.435893 11874
  259 1724.045549 -2572
  260 -2316.005090     3
  261 -1477.853684     2
  262 18094.133869 -2630
  263 -59.992574     0
  264 12867.316094  1231
  265 6683.286726 13187
  266 1316.398434  7031
  267 40.400871 -2424
  268 7338.334768 12441
  269 1993.983650 -2748
  270 3696.769696 27996
  271 673.556783 20832
  272 11109.061600 -2129
  273 -112.181099     0
  274 12580.276061  3973
  275 139.050255  9596
  276 9716.520206 29864
  277 9741.751478  8226
  278 545.860687  8125
  279 560.260022  1936
  280 20039.568520   519
  281 -151.369484     3
  282 5086.864777 20779
  283 69.316404  5897
  284 -2867.867830     8
  285 -376.794247     1
  286 -1486.595063     7
  287 5914.871677 13467
  288 5160.575366 -2093
  289 5550.779754 -1755
  290 5621.913513 15224
  291 14825.050596 16581
  292 -2943.708192     2
  293 8669.741703 -2489
  294 1343.960926 12038
  295 19422.953688 14498
  296 -70.789239     1
  297 81.602416 -3250
  298 11104.783641 32570
  299 -641.765681     9
  300 -292.681227     5
