100
    1 8188.735015     1
    2 4350.613611 22552
    3 2316.699140 27863
    4 20013.376528 -1935
    5 2768.188342 -2497
    6 -1772.167898     2
    7 19147.436740  7882
    8 2218.993609  5438
    9 8545.276455 -2390
   10 9115.681880  6863
   11 543.271363 -2493
   12 -1250.560657     6
   13 -2079.556695     1
   14 -1625.584922     8
   15 15578.486696 -3259
   16 7484.070867 24956
   17 1546.242633 -2849
   18 596.983900 -3232
   19 401.382358 14573
   20 3881.260724 -3083
   21 -1213.741032     2
   22 7863.188768 15275
   23 -1184.493665     8
   24 -345.781115     1
   25 -2189.953851     1
   26 12594.339723 -2263
   27 9938.234070 20395
   28 4147.787908 -3111
   29 -2436.686874     3
   30 2008.877097 14985
   31 3834.458308 10343
   32 -57.530197     5
   33 -266.196456     3
   34 2120.998926 -2852
   35 -1478.990153     3
   36 18416.198124 21647
   37 17898.172479 -2309
   38 2752.078001  1257
   39 7040.715457 -3064
   40 9313.969566  2568
   41 -2452.382802     2
   42 2466.144773 15949
   43 4827.272233 13544
   44 2163.707534 23714
   45 -899.423063     4
   46 1811.324698 10842
   47 1309.399858 15863
   48 -1291.659684     9
   49 23788.906410 -3003
   50 17979.557325  1573
   51 -97.907679     9
   52 -1564.675003     1
   53 8829.163847   314
   54 -291.806003     1
   55 128.301670 23513
   56 17992.721051 32017
   57 -1355.730783     4
   58 3244.339512 -2540
   59 -1214.686878     8
   60 14763.271381 31213
   61 -1844.438951     1
   62 2350.646985 31927
   63 16183.745702 31951
   64 -1138.747156     5
   65 -1049.666860     9
   66 8611.446156 18283
   67 7992.614181 14765
   68 1066.197302 27953
   69 5801.973632  4234
   70 13902.310135  6832
   71 11053.740596  6524
   72 2590.847803 -2711
   73 -340.026178     4
   74 -386.561854     4
   75 126.604863 -2177
   76 -391.873554     8
   77 1322.600126 21958
   78 7000.574827 -2390
   79 11.714691 -2423
   80 6772.850478 -2110
   81 281.100671  3195
   82 217.963901  3101
   83 -1687.262626     1
   84 -320.983571     9
   85 16034.822070  1250
   86 5044.553651 13695
   87 -664.947591     1
   88 10958.591525 -2668
   89 -680.928740     4
   90 12190.162776 11841
   91 1410.386905  3905
   92 -362.959370     0
   93 -507.558708     3
   94 919.538808 -2630
   95 243.751726 -2801
   96 968.096353 20258
   97 -240.843122     1
   98 9274.255495 -2718
   99 4492.927217  7350
  100 3279.461387 -3230
