300
    1 5955.615853     1
    2 480.057419 22552
    3 10438.944989 27863
    4 5984.127167 -1935
    5 43.707902 -2497
    6 -929.165566     2
    7 2810.269353  7882
    8 3129.964357  5438
    9 3355.010244 -2390
   10 3024.067352  6863
   11 393.816778 -2493
   12 -356.242087     6
   13 -2208.664136     1
   14 -1348.581624     8
   15 1421.985012 -3259
   16 388.129780 24956
   17 6647.428804 -2849
   18 33.800037 -3232
   19 6300.510972 14573
   20 9666.853954 -3083
   21 -915.782230     2
   22 3017.681372 15275
   23 -139.648552     8
   24 -951.528259     1
   25 -1098.433072     1
   26 738.131474 -2263
   27 19134.577075 20395
   28 6996.211822 -3111
   29 -862.073788     3
   30 2251.552614 14985
   31 18092.426877 10343
   32 -304.310539     5
   33 -183.521411     3
   34 8393.685915 -2852
   35 -102.584291     3
   36 20354.376337 21647
   37 23251.632582 -2309
   38 4506.785257  1257
   39 2443.039067 -3064
   40 14541.104633  2568
   41 -189.768728     2
   42 6475.708873 15949
   43 1696.954710 13544
   44 106.150426 23714
   45 -561.113658     4
   46 894.309774 10842
   47 6408.408251 15863
   48 -89.252055     9
   49 3230.937154 -3003
   50 9350.106547  1573
   51 -297.634227     9
   52 -178.637495     1
   53 6606.968456   314
   54 -538.749410     1
   55 1544.120641 23513
   56 9037.570522 32017
   57 -27.810691     4
   58 6677.385756 -2540
   59 -339.941613     8
   60 10004.763182 31213
   61 -16.354965     1
   62 18020.871360 31927
   63 845.642445 31951
   64 -430.932846     5
   65 -18.776634     9
   66 6009.651907 18283
   67 7726.472975 14765
   68 772.296795 27953
   69 127.105191  4234
   70 5106.568548  6832
   71 3543.156272  6524
   72 1135.897433 -2711
   73 -58.760832     4
   74 -855.851823     4
   75 186.182660 -2177
   76 -3603.919383     8
   77 3812.996072 21958
   78 2025.173593 -2390
   79 392.709597 -2423
   80 1925.592829 -2110
   81 43.810641  3195
   82 1334.377860  3101
   83 -91.072671     1
   84 -1233.457085     9
   85 11860.427439  1250
   86 25815.004433 13695
   87 -115.776546     1
   88 21710.579001 -2668
   89 -1170.939172     4
   90 2393.129640 11841
   91 362.765916  3905
   92 -3599.335352     0
   93 -273.339725     3
   94 318.945369 -2630
   95 55.542830 -2801
   96 36.198792 20258
   97 -983.125759     1
   98 26967.690848 -2718
   99 3124.489164  7350
  100 354.613375 -3230
  101 521.875438  6709
  102 -1214.588206     5
  103 -240.511805     2
  104 19209.732536 10814
  105 262.126006 -2651
  106 15716.122299  1080
  107 3430.660217 23377
  108 -769.263777     7
  109 1149.123771  1281
  110 -1445.977370     0
  111 2289.688852 12350
  112 1323.413227 -1920
  113 10134.744906 21527
  114 7483.933183 28488
  115 9160.338622 12613
  116 292.676459 25599
  117 -71.875631     3
  118 -920.781488     2
  119 15441.880317 11817
  120 -2682.262981     4
  121 27626.351581   876
  122 6960.277631 21854
  123 -540.305913     2
  124 7994.755486   546
  125 4870.424748 -1913
  126 7942.274499 32558
  127 26.945515 29437
  128 1336.680852 32051
  129 -2119.318956     1
  130 42.190916 12216
  131 -2385.965465     7
  132 -2159.449755     0
  133 1490.446720 -1966
  134 25725.168516 16240
  135 -184.863613     7
  136 5336.654858  3066
  137 431.260072  3236
  138 9686.404554 -3156
  139 11812.507250 26575
  140 -452.908614     2
  141 720.324658 23859
  142 4567.873018 -2212
  143 1194.912392 15705
  144 9930.271844 14460
  145 -886.212427     6
  146 17444.584824 26421
  147 43.871060 10799
  148 -664.713006     2
  149 7832.974443 30348
  150 16356.816643 14927
  151 4925.831397 -2981
  152 17595.597773  4176
  153 213.514984  3369
  154 4638.055556 -3090
  155 108.840735 -2741
  156 7829.744551 26851
  157 79.411641 29251
  158 -626.036486     2
  159 -1719.909825     5
  160 1292.957699 13900
  161 -565.240140     5
  162 -171.269164     8
  163 1087.372788 18562
  164 -1320.138377     1
  165 792.560042 -2146
  166 -2523.626625     7
  167 -17.025535     3
  168 2505.514540 32150
  169 9648.744294 -2166
  170 -903.961499     1
  171 -817.682924     1
  172 4829.228079 24598
  173 11.401098 14057
  174 3987.483009 -2884
  175 -612.349020     6
  176 -1059.208515     3
  177 1568.316776 31434
  178 -47.018491     7
  179 1676.347152 11021
  180 5128.236720 19654
  181 1854.837266 31837
  182 -55.535542     4
  183 2147.696085 14952
  184 11902.639449 26785
  185 9414.393742  6455
  186 8769.189649 -1650
  187 2811.579952 -2588
  188 -89.834664     0
  189 -37.886763     0
  190 9621.507345 13760
  191 788.589362 -2091
  192 -998.760685     5
  193 5358.732486 29565
  194 14636.770417 -1681
  195 -966.893805     5
  196 15826.548365 -1684
  197 -105.388352     6
  198 1630.064755 17659
  199 504.914353 -3088
  200 1543.774831  6147
  201 5311.698678 30936
  202 5779.929734 26161
  203 -915.372828     4
  204 279.097079 29234
  205 -2299.355164     2
  206 5236.434375 12201
  207 -2034.824756     0
  208 5442.606076 -2474
  209 3071.173084 11251
  210 979.531611 11128
  211 843.450903 18494
  212 2985.281693 -1593
  213 30.350684 -2437
  214 -263.736456     2
  215 143.099652 -1846
  216 1585.122626  1154
  217 123.988613 15143
  218 12159.052429 -3103
  219 2484.273222 16679
  220 2081.646195 -2764
  221 5797.922863  1476
  222 13721.335739 19127
  223 1196.494333  5680
  224 14923.009213  2168
  225 -1554.762667     4
  226 919.221715 25072
  227 -1341.061895     6
  228 8563.381890  3095
  229 -429.550297     0
  230 884.790229 -3242
  231 11616.426336 11398
  232 -557.670462     7
  233 -764.748749     7
  234 -747.357782     3
  235 -1650.870146     3
  236 825.837220 31779
  237 1427.946786 25768
  238 -1427.648601     4
  239 -1752.895684     3
  240 -468.745773     5
  241 5337.316046  9045
  242 3037.017791 28477
  243 14944.057509 25507
  244 4551.805634 27680
  245 25551.695016  6344
  246 -1160.337834     3
  247 5255.730076 -1812
  248 207.244999 -2751
  249 -2608.520839     2
  250 8110.999389 19993
  251 -315.814035     9
  252 6775.102916   131
  253 7912.477058 26725
  254 1309.168313 -2571
  255 -298.640268     4
  256 -1577.070066     3
  257 1392.464553 -2715
  258 18985.753027 11874
  259 914.915158 -2572
  260 -763.350729     3
  261 -1134.516257     2
  262 21854.837145 -2630
  263 -547.197280     0
  264 3908.855549  1231
  265 78.825509 13187
  266 578.245077  7031
  267 2855.604960 -2424
  268 12005.904793 12441
  269 3958.733773 -2748
  270 7124.553608 27996
  271 1244.595000 20832
  272 1699.339370 -2129
  273 -971.933203     0
  274 17144.667198  3973
  275 541.552368  9596
  276 5240.313480 29864
  277 12822.882660  8226
  278 955.156325  8125
  279 1650.471132  1936
  280 21812.673784   519
  281 -2593.909684     3
  282 1859.097612 20779
  283 44.518188  5897
  284 -1641.645544     8
  285 -1321.807584     1
  286 -349.665804     7
  287 2669.367331 13467
  288 21617.091713 -2093
  289 7349.474736 -1755
  290 1135.766930 15224
  291 11788.597737 16581
  292 -14.140197     2
  293 2871.999389 -2489
  294 15830.300265 12038
  295 14778.734590 14498
  296 -2401.767380     1
  297 53.583379 -3250
  298 4903.837547 32570
  299 -558.092672     9
  300 -894.795623     5
