300
    1 4560.378580     1
    2 7097.797183 22552
    3 8172.644679 27863
    4 9755.481877 -1935
    5 1656.687324 -2497
    6 -1845.896310     2
    7 7363.640849  7882
    8 2872.852232  5438
    9 9720.334240 -2390
   10 10876.010348  6863
   11 1270.676005 -2493
   12 -2868.167403     6
   13 -2008.999124     1
   14 -282.674230     8
   15 16916.319307 -3259
   16 9709.374179 24956
   17 7572.532346 -2849
   18 85.693792 -3232
   19 11293.861958 14573
   20 6094.769678 -3083
   21 -1675.805488     2
   22 15172.257500 15275
   23 -10.246311     8
   24 -490.094073     1
   25 -1201.137285     1
   26 3889.769687 -2263
   27 10621.745287 20395
   28 6885.341545 -3111
   29 -164.309834     3
   30 1760.852921 14985
   31 32619.306203 10343
   32 -2897.122397     5
   33 -890.007576     3
   34 2513.048123 -2852
   35 -626.747140     3
   36 6622.339924 21647
   37 23968.622507 -2309
   38 1261.797373  1257
   39 8539.528394 -3064
   40 13905.620444  2568
   41 -706.788098     2
   42 2033.960529 15949
   43 4390.843239 13544
   44 3754.528768 23714
   45 -817.099612     4
   46 2018.145352 10842
   47 1868.105041 15863
   48 -423.622854     9
   49 14176.917826 -3003
   50 4863.564623  1573
   51 -1371.063432     9
   52 -2280.171078     1
   53 27811.021725   314
   54 -176.427018     1
   55 2600.064203 23513
   56 4429.045214 32017
   57 -1403.855687     4
   58 2473.328426 -2540
   59 -446.462006     8
   60 2653.710481 31213
   61 -1027.577541     1
   62 12080.565416 31927
   63 23030.819454 31951
   64 -608.408024     5
   65 -1425.394560     9
   66 5157.085953 18283
   67 4223.838277 14765
   68 569.107387 27953
   69 9077.349185  4234
   70 1956.921480  6832
   71 13185.530607  6524
   72 9625.452637 -2711
   73 -326.301893     4
   74 -399.444631     4
   75 20.491044 -2177
   76 -368.028820     8
   77 11696.954320 21958
   78 6637.034509 -2390
   79 149.416484 -2423
   80 8862.114147 -2110
   81 1149.254522  3195
   82 772.383157  3101
   83 -959.318726     1
   84 -1192.543947     9
   85 18094.438789  1250
   86 18715.433077 13695
   87 -935.588302     1
   88 6000.992042 -2668
   89 -1111.479633     4
   90 3536.476758 11841
   91 2758.765024  3905
   92 -770.801656     0
   93 -544.356662     3
   94 2823.347089 -2630
   95 361.088079 -2801
   96 682.546074 20258
   97 -670.356583     1
   98 16143.587931 -2718
   99 2987.326621  7350
  100 12178.703842 -3230
  101 2188.476341  6709
  102 -87.543626     5
  103 -188.596139     2
  104 7581.020291 10814
  105 6.570746 -2651
  106 10459.211506  1080
  107 19498.241940 23377
  108 -23.900703     7
  109 241.840298  1281
  110 -2316.392939     0
  111 2200.030722 12350
  112 23761.176226 -1920
  113 20333.990802 21527
  114 17513.813235 28488
  115 7316.954571 12613
  116 9440.738264 25599
  117 -2658.297770     3
  118 -1047.912983     2
  119 28751.785787 11817
  120 -726.741905     4
  121 9650.434626   876
  122 3567.980599 21854
  123 -2147.573552     2
  124 2751.971682   546
  125 5267.628527 -1913
  126 1592.347914 32558
  127 49.919794 29437
  128 13419.339627 32051
  129 -2581.158957     1
  130 5.812161 12216
  131 -786.865538     7
  132 -734.299940     0
  133 7533.354621 -1966
  134 10648.789598 16240
  135 -1983.061401     7
  136 15662.743637  3066
  137 4332.077946  3236
  138 12250.393778 -3156
  139 25156.401624 26575
  140 -198.068928     2
  141 3990.607768 23859
  142 5129.843396 -2212
  143 14210.751131 15705
  144 8862.073264 14460
  145 -547.131153     6
  146 3211.542160 26421
  147 1834.349488 10799
  148 -1121.874413     2
  149 42.152936 30348
  150 1833.977892 14927
  151 13811.506977 -2981
  152 4516.955020  4176
  153 1065.185682  3369
  154 3273.925539 -3090
  155 5835.716378 -2741
  156 190.157642 26851
  157 1347.315608 29251
  158 -1388.650252     2
  159 -642.424632     5
  160 1124.857653 13900
  161 -36.349696     5
  162 -82.835891     8
  163 315.039594 18562
  164 -143.560395     1
  165 508.183267 -2146
  166 -796.053130     7
  167 -2146.967300     3
  168 9281.726159 32150
  169 4105.426920 -2166
  170 -457.609661     1
  171 -1262.317774     1
  172 12023.090218 24598
  173 2300.016840 14057
  174 15492.735910 -2884
  175 -1231.893645     6
  176 -1837.536190     3
  177 949.728486 31434
  178 -1137.114521     7
  179 9810.682155 11021
  180 3598.500453 19654
  181 6825.200092 31837
  182 -20.141331     4
  183 26232.622123 14952
  184 8804.107293 26785
  185 6285.316080  6455
  186 13397.910040 -1650
  187 10176.961861 -2588
  188 -923.445513     0
  189 -1830.540105     0
  190 17820.228391 13760
  191 2887.787527 -2091
  192 -1073.107478     5
  193 33510.733801 29565
  194 3721.335223 -1681
  195 -1642.154147     5
  196 4615.594993 -1684
  197 -833.759970     6
  198 3933.844181 17659
  199 2126.555088 -3088
  200 12772.086794  6147
  201 17453.478842 30936
  202 14979.374667 26161
  203 -2703.221629     4
  204 19.914727 29234
  205 -1485.406684     2
  206 11268.727464 12201
  207 -952.156831     0
  208 11810.974611 -2474
  209 2659.886601 11251
  210 10458.736245 11128
  211 2804.630846 18494
  212 8745.369171 -1593
  213 866.932207 -2437
  214 -285.501675     2
  215 17402.727523 -1846
  216 6269.829195  1154
  217 6925.848246 15143
  218 5374.227420 -3103
  219 6366.782974 16679
  220 8270.229520 -2764
  221 9334.360017  1476
  222 15952.469092 19127
  223 483.642514  5680
  224 279.937887  2168
  225 -356.918839     4
  226 3557.379965 25072
  227 -822.156560     6
  228 1315.341441  3095
  229 -1001.100393     0
  230 479.090684 -3242
  231 802.077299 11398
  232 -42.819684     7
  233 -995.051648     7
  234 -2663.272001     3
  235 -246.687923     3
  236 1078.152995 31779
  237 4074.614408 25768
  238 -62.015371     4
  239 -38.700588     3
  240 -1943.551053     5
  241 6348.788691  9045
  242 3223.908433 28477
  243 18079.288091 25507
  244 7485.869183 27680
  245 23544.647388  6344
  246 -823.548452     3
  247 4357.724474 -1812
  248 338.894879 -2751
  249 -2794.581658     2
  250 5390.456708 19993
  251 -1255.092585     9
  252 5105.869473   131
  253 4986.247827 26725
  254 4069.750124 -2571
  255 -1478.798513     4
  256 -122.744700     3
  257 3016.636919 -2715
  258 21150.091706 11874
  259 17038.045093 -2572
  260 -1580.340834     3
  261 -1452.339642     2
  262 17720.474587 -2630
  263 -747.982884     0
  264 12686.060279  1231
  265 4115.363343 13187
  266 1032.650648  7031
  267 14798.751112 -2424
  268 6740.787002 12441
  269 7484.265207 -2748
  270 12528.279006 27996
  271 17755.724153 20832
  272 808.033141 -2129
  273 -1397.101753     0
  274 17374.347465  3973
  275 3849.856270  9596
  276 4786.515295 29864
  277 15455.936706  8226
  278 4786.070445  8125
  279 547.702721  1936
  280 14337.117285   519
  281 -1985.294533     3
  282 5350.120833 20779
  283 13.324141  5897
  284 -662.984643     8
  285 -220.619141     1
  286 -1264.222374     7
  287 3842.147853 13467
  288 13838.675732 -2093
  289 861.849929 -1755
  290 2282.682233 15224
  291 2539.898595 16581
  292 -1346.405336     2
  293 665.761055 -2489
  294 1348.565645 12038
  295 1829.881880 14498
  296 -40.603890     1
  297 466.609015 -3250
  298 25268.045864 32570
  299 -440.876727     9
  300 -22.373629     5
