300
    1 15069.014220     1
    2 21164.890340 22552
    3 8443.814991 27863
    4 4447.881625 -1935
    5 1037.789937 -2497
    6 -1092.523643     2
    7 10218.625654  7882
    8 7149.789975  5438
    9 611.186693 -2390
   10 2672.169818  6863
   11 1209.448943 -2493
   12 -79.201473     6
   13 -1633.976026     1
   14 -1634.825470     8
   15 32053.059183 -3259
   16 1555.006639 24956
   17 6104.085348 -2849
   18 271.798314 -3232
   19 3537.465586 14573
   20 7485.417023 -3083
   21 -2005.919499     2
   22 4860.767508 15275
   23 -1065.052699     8
   24 -1369.564755     1
   25 -750.692781     1
   26 5545.528725 -2263
   27 4281.094594 20395
   28 2877.727336 -3111
   29 -702.987956     3
   30 1866.032709 14985
   31 15967.282795 10343
   32 -1450.382309     5
   33 -692.820804     3
   34 7918.380742 -2852
   35 -1321.399441     3
   36 2612.739122 21647
   37 5438.274393 -2309
   38 5275.309140  1257
   39 7026.186054 -3064
   40 6264.097524  2568
   41 -2167.110485     2
   42 1914.518846 15949
   43 2572.788947 13544
   44 8182.904798 23714
   45 -1019.398394     4
   46 1431.095987 10842
   47 5027.272679 15863
   48 -603.055255     9
   49 8474.987898 -3003
   50 1441.573046  1573
   51 -238.336473     9
   52 -53.108916     1
   53 19535.798259   314
   54 -1419.520374     1
   55 6246.769859 23513
   56 5340.049491 32017
   57 -1585.400434     4
   58 919.913465 -2540
   59 -1234.462978     8
   60 12945.548438 31213
   61 -272.991173     1
   62 5541.666964 31927
   63 2530.293872 31951
   64 -365.131870     5
   65 -755.031522     9
   66 3729.927877 18283
   67 11385.732603 14765
   68 112.277246 27953
   69 6256.462466  4234
   70 15182.486338  6832
   71 16067.675514  6524
   72 6792.393738 -2711
   73 -1565.487830     4
   74 -1105.869686     4
   75 113.940339 -2177
   76 -1046.680874     8
   77 2599.801492 21958
   78 5637.075258 -2390
   79 168.963628 -2423
   80 6051.958825 -2110
   81 1023.320634  3195
   82 1199.817558  3101
   83 -893.045660     1
   84 -16.164149     9
   85 5521.039443  1250
   86 9929.345176 13695
   87 -1896.074745     1
   88 6916.943993 -2668
   89 -215.085057     4
   90 2761.201381 11841
   91 5113.098524  3905
   92 -1470.746130     0
   93 -858.643544     3
   94 2230.629579 -2630
   95 173.170126 -2801
   96 2241.195396 20258
   97 -620.281259     1
   98 8074.922255 -2718
   99 13784.535058  7350
  100 2888.451468 -3230
  101 5509.744961  6709
  102 -1439.755599     5
  103 -1489.314934     2
  104 191.592541 10814
  105 152.130827 -2651
  106 5095.663746  1080
  107 4490.614155 23377
  108 -825.139765     7
  109 5166.865608  1281
  110 -1500.022041     0
  111 3344.979704 12350
  112 6480.488684 -1920
  113 10681.428798 21527
  114 3634.172146 28488
  115 2622.532080 12613
  116 1795.488649 25599
  117 -1862.393569     3
  118 -862.402969     2
  119 3492.844617 11817
  120 -635.705001     4
  121 12688.087958   876
  122 6010.224258 21854
  123 -3547.256865     2
  124 2263.354208   546
  125 4171.196159 -1913
  126 1072.056375 32558
  127 35.701875 29437
  128 9522.628402 32051
  129 -524.173109     1
  130 1.421207 12216
  131 -1306.382137     7
  132 -1092.250721     0
  133 8999.033154 -1966
  134 5216.921594 16240
  135 -2200.779286     7
  136 4060.701223  3066
  137 4136.540448  3236
  138 16580.363060 -3156
  139 19292.693730 26575
  140 -528.654656     2
  141 958.159738 23859
  142 1425.192877 -2212
  143 14904.683400 15705
  144 8786.932902 14460
  145 -74.205904     6
  146 1007.683017 26421
  147 1223.254557 10799
  148 -961.832737     2
  149 19445.046773 30348
  150 6969.603002 14927
  151 14580.203963 -2981
  152 5724.919791  4176
  153 1244.953570  3369
  154 5703.257386 -3090
  155 1963.042461 -2741
  156 1363.107502 26851
  157 1210.532823 29251
  158 -925.221927     2
  159 -1725.940981     5
  160 3494.079346 13900
  161 -917.512248     5
  162 -871.564721     8
  163 1878.351967 18562
  164 -1344.742558     1
  165 144.932154 -2146
  166 -503.386869     7
  167 -574.448226     3
  168 7804.097178 32150
  169 13902.546639 -2166
  170 -1439.411987     1
  171 -1909.653482     1
  172 148.929674 24598
  173 3301.871336 14057
  174 1529.072506 -2884
  175 -163.117550     6
  176 -1945.981013     3
  177 405.755928 31434
  178 -92.464487     7
  179 2316.613549 11021
  180 979.803088 19654
  181 8584.693177 31837
  182 -265.542770     4
  183 15704.948637 14952
  184 5694.755857 26785
  185 7729.503032  6455
  186 9822.154965 -1650
  187 4640.771276 -2588
  188 -2528.565687     0
  189 -1108.338496     0
  190 4027.467287 13760
  191 437.035098 -2091
  192 -1894.748367     5
  193 5136.611860 29565
  194 24376.227048 -1681
  195 -738.932208     5
  196 21166.986678 -1684
  197 -879.095226     6
  198 2984.570283 17659
  199 12157.402063 -3088
  200 1158.346917  6147
  201 709.736096 30936
  202 16494.490695 26161
  203 -1283.143214     4
  204 993.199720 29234
  205 -912.379393     2
  206 1932.552565 12201
  207 -436.583465     0
  208 10973.967468 -2474
  209 25806.274474 11251
  210 3715.170709 11128
  211 2602.356463 18494
  212 10569.935897 -1593
  213 738.669408 -2437
  214 -981.973063     2
  215 21164.943862 -1846
  216 3661.665063  1154
  217 261.537877 15143
  218 3002.993435 -3103
  219 2291.010938 16679
  220 19798.857344 -2764
  221 4744.047518  1476
  222 6145.542575 19127
  223 491.766436  5680
  224 18249.720787  2168
  225 -933.084220     4
  226 25019.979176 25072
  227 -126.346887     6
  228 32263.951893  3095
  229 -559.832706     0
  230 2520.849133 -3242
  231 7832.688305 11398
  232 -1642.351665     7
  233 -1009.632168     7
  234 -199.028056     3
  235 -1372.106249     3
  236 614.012893 31779
  237 4014.317551 25768
  238 -2200.177243     4
  239 -370.570662     3
  240 -2301.195198     5
  241 22606.282917  9045
  242 28332.918716 28477
  243 12962.935360 25507
  244 787.195200 27680
  245 817.442472  6344
  246 -31.072735     3
  247 9137.779273 -1812
  248 47.360713 -2751
  249 -292.958000     2
  250 9203.794357 19993
  251 -308.069467     9
  252 19759.392524   131
  253 199.017924 26725
  254 12418.626910 -2571
  255 -592.979183     4
  256 -2268.969666     3
  257 12442.886903 -2715
  258 2975.795737 11874
  259 9492.613951 -2572
  260 -2731.687133     3
  261 -5.325895     2
  262 10432.985911 -2630
  263 -86.684657     0
  264 6794.287129  1231
  265 5389.312443 13187
  266 1239.698157  7031
  267 15445.230401 -2424
  268 24581.453700 12441
  269 752.337872 -2748
  270 18062.973789 27996
  271 5934.959785 20832
  272 7897.423593 -2129
  273 -340.613500     0
  274 436.171934  3973
  275 664.232414  9596
  276 11193.761341 29864
  277 5810.352269  8226
  278 153.000584  8125
  279 1063.817158  1936
  280 29556.856260   519
  281 -777.134795     3
  282 7473.252062 20779
  283 43.078406  5897
  284 -7.555901     8
  285 -510.041792     1
  286 -1398.263683     7
  287 4613.692328 13467
  288 13518.768590 -2093
  289 4699.255847 -1755
  290 1677.712269 15224
  291 16118.720737 16581
  292 -1369.460886     2
  293 592.625911 -2489
  294 7482.084086 12038
  295 27604.931612 14498
  296 -638.899116     1
  297 804.614194 -3250
  298 4547.001758 32570
  299 -46.076235     9
  300 -1228.124889     5
