300
    1 16261.461606     1
    2 7643.870560 22552
    3 3212.484428 27863
    4 224.376045 -1935
    5 138.417382 -2497
    6 -101.855288     2
    7 6059.046542  7882
    8 1998.531618  5438
    9 4153.876672 -2390
   10 4895.976673  6863
   11 234.687854 -2493
   12 -395.416400     6
   13 -1081.199174     1
   14 -217.884307     8
   15 20689.279262 -3259
   16 4587.115119 24956
   17 3164.173857 -2849
   18 618.265801 -3232
   19 1261.573286 14573
   20 2699.814224 -3083
   21 -961.074165     2
   22 5884.739544 15275
   23 -783.440307     8
   24 -1206.857646     1
   25 -858.488768     1
   26 4713.416801 -2263
   27 3617.418308 20395
   28 7146.278501 -3111
   29 -2872.565085     3
   30 1698.769067 14985
   31 23067.108615 10343
   32 -1052.381184     5
   33 -311.774266     3
   34 26499.000809 -2852
   35 -374.963363     3
   36 5793.560560 21647
   37 9650.544536 -2309
   38 5644.433743  1257
   39 428.706845 -3064
   40 12493.530766  2568
   41 -1195.121294     2
   42 2751.101546 15949
   43 7814.129369 13544
   44 78.822781 23714
   45 -203.702851     4
   46 2022.805901 10842
   47 4932.736929 15863
   48 -653.549666     9
   49 5861.348486 -3003
   50 14086.518044  1573
   51 -765.410491     9
   52 -363.083198     1
   53 6823.617238   314
   54 -996.182328     1
   55 3592.720033 23513
   56 1232.201816 32017
   57 -1805.138805     4
   58 4900.136965 -2540
   59 -1028.648075     8
   60 116.686731 31213
   61 -2261.996856     1
   62 1474.414590 31927
   63 26198.571597 31951
   64 -3013.530975     5
   65 -114.931784     9
   66 10234.920516 18283
   67 6357.650897 14765
   68 634.901588 27953
   69 2417.373583  4234
   70 1651.306480  6832
   71 4591.317079  6524
   72 158.125428 -2711
   73 -1640.495749     4
   74 -369.239894     4
   75 195.987048 -2177
   76 -907.876620     8
   77 742.964810 21958
   78 17423.146255 -2390
   79 193.475566 -2423
   80 6669.509593 -2110
   81 184.399254  3195
   82 1161.612193  3101
   83 -1917.060442     1
   84 -2875.881278     9
   85 3104.457150  1250
   86 8811.187011 13695
   87 -988.065507     1
   88 20171.057268 -2668
   89 -410.052055     4
   90 1188.525932 11841
   91 10796.481946  3905
   92 -588.907926     0
   93 -808.853905     3
   94 205.887347 -2630
   95 41.143761 -2801
   96 4392.239510 20258
   97 -1801.557238     1
   98 18685.235638 -2718
   99 7202.537393  7350
  100 3339.525490 -3230
  101 2809.186007  6709
  102 -306.900868     5
  103 -122.542962     2
  104 3518.497796 10814
  105 5.627991 -2651
  106 1065.151007  1080
  107 1655.136040 23377
  108 -909.228826     7
  109 4953.724287  1281
  110 -731.932152     0
  111 2192.702069 12350
  112 6476.880593 -1920
  113 9156.821333 21527
  114 10329.527660 28488
  115 11090.659322 12613
  116 19105.137231 25599
  117 -565.160066     3
  118 -142.715300     2
  119 1200.856028 11817
  120 -3885.065151     4
  121 20739.683913   876
  122 546.310388 21854
  123 -1290.951739     2
  124 1547.169174   546
  125 3237.613580 -1913
  126 880.933320 32558
  127 40.178133 29437
  128 14424.387507 32051
  129 -491.487721     1
  130 181.748318 12216
  131 -1042.139261     7
  132 -2479.443228     0
  133 15796.705367 -1966
  134 1315.872424 16240
  135 -103.520364     7
  136 8513.696894  3066
  137 1498.694359  3236
  138 7039.469228 -3156
  139 6958.603567 26575
  140 -1965.450897     2
  141 4231.086296 23859
  142 636.364720 -2212
  143 19599.272594 15705
  144 6482.265118 14460
  145 -1016.399567     6
  146 7281.997131 26421
  147 4958.113654 10799
  148 -525.429107     2
  149 4594.455877 30348
  150 5038.384339 14927
  151 3409.343677 -2981
  152 1519.962455  4176
  153 1124.760868  3369
  154 3518.952200 -3090
  155 9716.637442 -2741
  156 2019.677474 26851
  157 491.887827 29251
  158 -578.096938     2
  159 -295.264621     5
  160 415.288057 13900
  161 -832.236002     5
  162 -1129.006904     8
  163 2003.196849 18562
  164 -1598.884121     1
  165 146.159671 -2146
  166 -771.008929     7
  167 -1368.435917     3
  168 1076.838542 32150
  169 13862.651775 -2166
  170 -959.697152     1
  171 -1501.447924     1
  172 3361.404883 24598
  173 3388.107309 14057
  174 7552.456821 -2884
  175 -45.915376     6
  176 -2322.650534     3
  177 598.252519 31434
  178 -386.380447     7
  179 998.576022 11021
  180 8923.696646 19654
  181 9834.138989 31837
  182 -424.024837     4
  183 10877.135765 14952
  184 21907.290113 26785
  185 502.892080  6455
  186 2571.198593 -1650
  187 4054.109777 -2588
  188 -267.990530     0
  189 -423.845340     0
  190 15021.569039 13760
  191 1290.748383 -2091
  192 -834.951973     5
  193 816.117518 29565
  194 7712.126775 -1681
  195 -341.061433     5
  196 4838.778785 -1684
  197 -1778.814281     6
  198 850.304772 17659
  199 2996.805836 -3088
  200 276.251196  6147
  201 3425.259114 30936
  202 17783.947799 26161
  203 -903.999238     4
  204 391.133136 29234
  205 -145.780335     2
  206 8441.027936 12201
  207 -442.055462     0
  208 8412.164075 -2474
  209 58.741801 11251
  210 12878.789761 11128
  211 1647.659643 18494
  212 30069.936174 -1593
  213 1535.116326 -2437
  214 -107.075543     2
  215 7664.237709 -1846
  216 17946.717191  1154
  217 9551.641189 15143
  218 14350.522483 -3103
  219 13070.348518 16679
  220 4998.919940 -2764
  221 1107.430012  1476
  222 1555.613715 19127
  223 383.166318  5680
  224 23932.541198  2168
  225 -934.572771     4
  226 11969.808168 25072
  227 -2290.681399     6
  228 25719.844257  3095
  229 -3509.743920     0
  230 1234.861431 -3242
  231 14252.205167 11398
  232 -550.279478     7
  233 -76.509986     7
  234 -1114.894732     3
  235 -710.589706     3
  236 3971.239940 31779
  237 1364.539598 25768
  238 -349.110702     4
  239 -118.924700     3
  240 -956.385535     5
  241 9988.603209  9045
  242 2989.848436 28477
  243 16001.058132 25507
  244 699.554755 27680
  245 9171.630143  6344
  246 -2367.210810     3
  247 10578.871280 -1812
  248 190.685973 -2751
  249 -62.653343     2
  250 3853.382731 19993
  251 -170.261637     9
  252 9007.927896   131
  253 11599.860705 26725
  254 2015.304322 -2571
  255 -1754.160665     4
  256 -3669.247249     3
  257 2436.282517 -2715
  258 4433.843029 11874
  259 12683.020173 -2572
  260 -943.871632     3
  261 -1104.535337     2
  262 20456.467225 -2630
  263 -2208.853968     0
  264 7604.056280  1231
  265 3572.933544 13187
  266 1078.576971  7031
  267 5526.864718 -2424
  268 3408.204214 12441
  269 3668.366060 -2748
  270 4362.047907 27996
  271 13125.108239 20832
  272 4572.549128 -2129
  273 -867.980028     0
  274 1540.476886  3973
  275 197.686998  9596
  276 2264.679842 29864
  277 9939.054780  8226
  278 1631.319440  8125
  279 993.702252  1936
  280 4690.438342   519
  281 -433.132482     3
  282 6324.604523 20779
  283 141.594791  5897
  284 -682.347824     8
  285 -1559.874001     1
  286 -74.921587     7
  287 2851.638726 13467
  288 22806.368792 -2093
  289 15005.051339 -1755
  290 2242.046610 15224
  291 2419.089548 16581
  292 -139.400263     2
  293 3304.866145 -2489
  294 1883.938803 12038
  295 24021.836489 14498
  296 -1432.086136     1
  297 493.180018 -3250
  298 16763.239048 32570
  299 -2590.512821     9
  300 -1222.233839     5
