300
    1 8225.350686     1
    2 32849.124552 22552
    3 1570.396431 27863
    4 12783.588734 -1935
    5 219.068452 -2497
    6 -2592.397043     2
    7 9883.202765  7882
    8 24701.683727  5438
    9 2945.128635 -2390
   10 5282.780728  6863
   11 506.863168 -2493
   12 -1480.284406     6
   13 -102.407161     1
   14 -69.954678     8
   15 18136.222728 -3259
   16 4349.757486 24956
   17 44.028414 -2849
   18 238.501739 -3232
   19 24784.221681 14573
   20 8678.697600 -3083
   21 -260.553983     2
   22 6615.054014 15275
   23 -438.500305     8
   24 -1089.314492     1
   25 -882.118176     1
   26 12530.542091 -2263
   27 430.421586 20395
   28 3399.865777 -3111
   29 -844.872963     3
   30 1906.317955 14985
   31 7971.343516 10343
   32 -130.063723     5
   33 -2195.891057     3
   34 2608.676949 -2852
   35 -1114.536246     3
   36 7706.708441 21647
   37 6847.843921 -2309
   38 1472.011192  1257
   39 3357.227045 -3064
   40 6310.378359  2568
   41 -1195.923482     2
   42 8406.673582 15949
   43 1739.133440 13544
   44 2383.918329 23714
   45 -1757.839639     4
   46 2759.174802 10842
   47 24012.206262 15863
   48 -864.907634     9
   49 19476.368205 -3003
   50 4987.382888  1573
   51 -1867.149148     9
   52 -3596.297805     1
   53 19658.858613   314
   54 -941.674621     1
   55 1165.896805 23513
   56 1340.915823 32017
   57 -865.309150     4
   58 6397.981837 -2540
   59 -483.456940     8
   60 17450.947554 31213
   61 -285.568829     1
   62 1369.796882 31927
   63 6911.918976 31951
   64 -368.501409     5
   65 -126.372751     9
   66 47.137873 18283
   67 9503.067871 14765
   68 330.762580 27953
   69 4677.869382  4234
   70 1116.682783  6832
   71 7236.467298  6524
   72 13711.818433 -2711
   73 -525.057677     4
   74 -479.132030     4
   75 62.604875 -2177
   76 -3208.065973     8
   77 22416.292016 21958
   78 4977.665063 -2390
   79 11.107167 -2423
   80 2483.230423 -2110
   81 1876.913641  3195
   82 786.909900  3101
   83 -1541.910272     1
   84 -297.161420     9
   85 5029.660876  1250
   86 2929.122764 13695
   87 -840.984669     1
   88 8827.358863 -2668
   89 -1172.514799     4
   90 1330.243821 11841
   91 2044.219094  3905
   92 -433.192559     0
   93 -667.367207     3
   94 228.715328 -2630
   95 712.198042 -2801
   96 823.437783 20258
   97 -751.830378     1
   98 12581.922518 -2718
   99 8705.392319  7350
  100 12052.401493 -3230
  101 1500.830176  6709
  102 -273.456969     5
  103 -1344.684756     2
  104 5257.953458 10814
  105 269.716403 -2651
  106 5553.656900  1080
  107 22097.866094 23377
  108 -76.994160     7
  109 23623.989966  1281
  110 -2026.692730     0
  111 4879.344304 12350
  112 25473.608810 -1920
  113 1259.736697 21527
  114 31485.876070 28488
  115 7014.700636 12613
  116 9249.623113 25599
  117 -1008.495498     3
  118 -1253.087828     2
  119 13147.570951 11817
  120 -1926.495322     4
  121 15359.659619   876
  122 4594.391023 21854
  123 -1214.003659     2
  124 10860.032155   546
  125 4248.116237 -1913
  126 1359.319575 32558
  127 24.524234 29437
  128 767.193406 32051
  129 -1706.556812     1
  130 39.526698 12216
  131 -751.388672     7
  132 -1269.344625     0
  133 5058.368832 -1966
  134 975.698046 16240
  135 -1343.831192     7
  136 4063.307103  3066
  137 2930.889957  3236
  138 3206.946870 -3156
  139 28711.599425 26575
  140 -1564.099861     2
  141 854.112593 23859
  142 2407.899641 -2212
  143 728.299240 15705
  144 180.219871 14460
  145 -1134.857578     6
  146 12410.177222 26421
  147 1216.254687 10799
  148 -532.197210     2
  149 2485.543537 30348
  150 9980.752350 14927
  151 15992.022109 -2981
  152 5071.730492  4176
  153 4443.437888  3369
  154 14936.035118 -3090
  155 4375.330837 -2741
  156 8745.776401 26851
  157 1150.609024 29251
  158 -2358.214142     2
  159 -526.941090     5
  160 4110.873463 13900
  161 -674.059353     5
  162 -442.208092     8
  163 468.423130 18562
  164 -1458.303878     1
  165 720.045754 -2146
  166 -732.677129     7
  167 -1471.380030     3
  168 926.252093 32150
  169 102.621388 -2166
  170 -593.976080     1
  171 -956.757782     1
  172 18752.714817 24598
  173 1516.529994 14057
  174 10186.036877 -2884
  175 -311.555707     6
  176 -2282.744576     3
  177 787.815001 31434
  178 -1332.854871     7
  179 3056.030820 11021
  180 3751.907713 19654
  181 4259.507489 31837
  182 -368.656938     4
  183 5169.165752 14952
  184 762.839387 26785
  185 10918.689365  6455
  186 4597.014088 -1650
  187 1281.968979 -2588
  188 -368.693029     0
  189 -316.141209     0
  190 7902.771717 13760
  191 1410.060103 -2091
  192 -1231.783221     5
  193 10081.416403 29565
  194 15063.021469 -1681
  195 -997.060007     5
  196 11438.609885 -1684
  197 -1206.885224     6
  198 4978.624160 17659
  199 18669.664818 -3088
  200 206.616964  6147
  201 673.941783 30936
  202 3951.999564 26161
  203 -1429.345239     4
  204 43.690925 29234
  205 -1998.857513     2
  206 5642.671812 12201
  207 -2108.373550     0
  208 122.266346 -2474
  209 7777.342678 11251
  210 30810.277635 11128
  211 3030.902625 18494
  212 9435.712349 -1593
  213 476.746061 -2437
  214 -1066.020906     2
  215 7715.952353 -1846
  216 10604.126999  1154
  217 4556.067755 15143
  218 16431.188054 -3103
  219 1894.535320 16679
  220 15113.696141 -2764
  221 19716.746582  1476
  222 4586.694257 19127
  223 2573.162943  5680
  224 32805.649701  2168
  225 -72.337430     4
  226 11575.057110 25072
  227 -1873.840890     6
  228 21649.287498  3095
  229 -585.146158     0
  230 2063.702137 -3242
  231 6017.426281 11398
  232 -669.105953     7
  233 -560.283248     7
  234 -1524.854655     3
  235 -200.638815     3
  236 3460.008055 31779
  237 2532.288502 25768
  238 -1131.102510     4
  239 -1201.957301     3
  240 -713.269199     5
  241 9338.034813  9045
  242 10745.322946 28477
  243 4914.903975 25507
  244 717.625892 27680
  245 1795.798075  6344
  246 -166.958489     3
  247 2301.245315 -1812
  248 29.311525 -2751
  249 -3142.065677     2
  250 5105.731307 19993
  251 -1204.177713     9
  252 1446.796574   131
  253 2532.503405 26725
  254 4747.659089 -2571
  255 -684.304315     4
  256 -1787.407378     3
  257 2607.290543 -2715
  258 11432.731493 11874
  259 10661.913335 -2572
  260 -2942.183975     3
  261 -1765.396358     2
  262 31922.697849 -2630
  263 -862.052426     0
  264 3577.778085  1231
  265 735.270415 13187
  266 2735.290797  7031
  267 4840.387512 -2424
  268 14742.720835 12441
  269 3782.000228 -2748
  270 6050.833893 27996
  271 1736.455013 20832
  272 325.547496 -2129
  273 -127.291099     0
  274 11751.334415  3973
  275 1797.455560  9596
  276 176.857358 29864
  277 962.727073  8226
  278 3624.684807  8125
  279 1147.305411  1936
  280 9014.975587   519
  281 -1676.557150     3
  282 1342.003393 20779
  283 130.548955  5897
  284 -1581.482563     8
  285 -1854.641894     1
  286 -766.340259     7
  287 4420.350689 13467
  288 16012.697269 -2093
  289 10898.277669 -1755
  290 4323.818601 15224
  291 17775.558443 16581
  292 -1698.170056     2
  293 6158.380489 -2489
  294 20492.173557 12038
  295 8684.627470 14498
  296 -799.754550     1
  297 72.892111 -3250
  298 4396.630124 32570
  299 -1763.952739     9
  300 -360.045343     5
