300
    1 6788.646895     1
    2 26977.750540 22552
    3 4255.548566 27863
    4 11500.276367 -1935
    5 352.029783 -2497
    6 -1849.163740     2
    7 9972.839343  7882
    8 10603.238480  5438
    9 2030.647046 -2390
   10 12366.267187  6863
   11 620.331796 -2493
   12 -756.063973     6
   13 -1567.195220     1
   14 -399.743004     8
   15 13278.369330 -3259
   16 7065.333960 24956
   17 14326.565023 -2849
   18 514.031416 -3232
   19 49.593026 14573
   20 6549.524775 -3083
   21 -2196.143282     2
   22 4730.783901 15275
   23 -139.080062     8
   24 -755.608542     1
   25 -82.002106     1
   26 18163.895530 -2263
   27 13147.422477 20395
   28 9543.660848 -3111
   29 -318.895257     3
   30 404.522286 14985
   31 4162.200712 10343
   32 -858.894413     5
   33 -674.927758     3
   34 14951.257312 -2852
   35 -1292.347228     3
   36 1073.103933 21647
   37 11193.126764 -2309
   38 6547.372952  1257
   39 1488.872737 -3064
   40 2938.945056  2568
   41 -2140.659940     2
   42 5265.857972 15949
   43 2614.367025 13544
   44 2617.220251 23714
   45 -1361.077573     4
   46 725.914732 10842
   47 5206.078405 15863
   48 -433.028640     9
   49 3689.713635 -3003
   50 3286.647592  1573
   51 -2132.428728     9
   52 -620.109391     1
   53 6449.388507   314
   54 -504.476338     1
   55 1543.718156 23513
   56 7330.707057 32017
   57 -282.982505     4
   58 3654.057459 -2540
   59 -588.066994     8
   60 22916.229051 31213
   61 -2816.550639     1
   62 2794.282731 31927
   63 4286.986238 31951
   64 -1305.579833     5
   65 -1183.233456     9
   66 7932.401824 18283
   67 10142.508498 14765
   68 512.263448 27953
   69 4441.583214  4234
   70 6460.291350  6832
   71 12478.134482  6524
   72 2073.335848 -2711
   73 -1015.638080     4
   74 -548.425937     4
   75 38.033055 -2177
   76 -316.824328     8
   77 20846.120130 21958
   78 2522.805084 -2390
   79 193.934623 -2423
   80 9372.643778 -2110
   81 123.614613  3195
   82 354.366394  3101
   83 -411.382819     1
   84 -767.657266     9
   85 10971.440890  1250
   86 11584.524142 13695
   87 -1249.064425     1
   88 766.536592 -2668
   89 -1227.594806     4
   90 11692.831285 11841
   91 13944.326278  3905
   92 -1822.019612     0
   93 -1101.691832     3
   94 1873.365164 -2630
   95 212.196117 -2801
   96 5015.226116 20258
   97 -2833.861360     1
   98 21289.094279 -2718
   99 15698.652363  7350
  100 9331.330243 -3230
  101 5029.625081  6709
  102 -3023.191195     5
  103 -1583.074733     2
  104 2049.687867 10814
  105 37.129959 -2651
  106 1781.614294  1080
  107 6901.724461 23377
  108 -160.959098     7
  109 18892.095668  1281
  110 -1574.580149     0
  111 1753.138955 12350
  112 23022.311346 -1920
  113 8635.276811 21527
  114 541.565976 28488
  115 8484.060228 12613
  116 2124.927400 25599
  117 -511.829893     3
  118 -701.397192     2
  119 3480.382963 11817
  120 -992.945900     4
  121 8221.424254   876
  122 4308.251098 21854
  123 -1292.098637     2
  124 1725.516123   546
  125 3495.316163 -1913
  126 1248.951905 32558
  127 34.581982 29437
  128 19575.346448 32051
  129 -3082.615790     1
  130 63.369247 12216
  131 -445.984260     7
  132 -1767.263260     0
  133 15159.497001 -1966
  134 7431.157468 16240
  135 -273.180649     7
  136 11134.458611  3066
  137 5669.084639  3236
  138 13960.690331 -3156
  139 11920.876728 26575
  140 -1071.283605     2
  141 1532.818288 23859
  142 4710.138227 -2212
  143 11649.927922 15705
  144 2764.708686 14460
  145 -71.273958     6
  146 4904.054468 26421
  147 1223.883535 10799
  148 -1970.804097     2
  149 10997.130093 30348
  150 2076.497456 14927
  151 2290.647629 -2981
  152 1599.859774  4176
  153 1045.475348  3369
  154 5657.573729 -3090
  155 76.743696 -2741
  156 2984.076108 26851
  157 500.743823 29251
  158 -311.757555     2
  159 -436.242290     5
  160 4322.804990 13900
  161 -870.437602     5
  162 -184.328767     8
  163 450.124749 18562
  164 -1806.105793     1
  165 2271.021848 -2146
  166 -41.903026     7
  167 -557.017416     3
  168 3273.824332 32150
  169 11881.016750 -2166
  170 -1302.890553     1
  171 -1651.284056     1
  172 18537.395683 24598
  173 3854.152343 14057
  174 6316.794193 -2884
  175 -265.000784     6
  176 -1520.064348     3
  177 2918.042503 31434
  178 -392.945974     7
  179 7423.719458 11021
  180 4322.217652 19654
  181 3629.428810 31837
  182 -934.776455     4
  183 8842.385969 14952
  184 13687.437330 26785
  185 6552.413074  6455
  186 8590.721511 -1650
  187 1551.741228 -2588
  188 -1968.184951     0
  189 -3635.128546     0
  190 8068.085608 13760
  191 2089.646477 -2091
  192 -1486.089140     5
  193 305.867357 29565
  194 10048.452632 -1681
  195 -506.144016     5
  196 21211.777302 -1684
  197 -378.191250     6
  198 3769.282660 17659
  199 20305.417043 -3088
  200 644.293441  6147
  201 4317.551284 30936
  202 13772.909910 26161
  203 -476.084089     4
  204 105.832417 29234
  205 -1746.965260     2
  206 8413.551672 12201
  207 -89.064181     0
  208 8015.100577 -2474
  209 8248.355854 11251
  210 24150.030733 11128
  211 121.943361 18494
  212 19274.500318 -1593
  213 2493.120390 -2437
  214 -49.880030     2
  215 827.096324 -1846
  216 2808.461417  1154
  217 1689.369613 15143
  218 2155.907690 -3103
  219 49.377981 16679
  220 8394.585850 -2764
  221 1153.605242  1476
  222 1784.132427 19127
  223 830.463660  5680
  224 14698.497399  2168
  225 -952.312892     4
  226 2148.605823 25072
  227 -729.564280     6
  228 8797.364113  3095
  229 -1942.418971     0
  230 1464.542576 -3242
  231 2162.375470 11398
  232 -587.746671     7
  233 -773.558731     7
  234 -1105.056029     3
  235 -1313.258826     3
  236 3296.660854 31779
  237 1095.782968 25768
  238 -957.581416     4
  239 -246.488121     3
  240 -1011.008141     5
  241 2849.915827  9045
  242 6220.351895 28477
  243 14922.034706 25507
  244 3602.309267 27680
  245 22478.762822  6344
  246 -761.380515     3
  247 4463.600244 -1812
  248 71.454989 -2751
  249 -578.238501     2
  250 5142.809093 19993
  251 -2254.824841     9
  252 19345.975192   131
  253 5201.600475 26725
  254 16494.573114 -2571
  255 -147.296666     4
  256 -240.542351     3
  257 3741.562859 -2715
  258 4291.511110 11874
  259 11167.049441 -2572
  260 -1589.925056     3
  261 -899.980483     2
  262 2614.979464 -2630
  263 -524.837439     0
  264 9960.047962  1231
  265 2601.993670 13187
  266 497.124011  7031
  267 15793.802334 -2424
  268 7221.313556 12441
  269 2770.405101 -2748
  270 17123.426500 27996
  271 396.733808 20832
  272 472.051825 -2129
  273 -1305.010566     0
  274 10327.204126  3973
  275 4213.646115  9596
  276 9626.177630 29864
  277 20187.472229  8226
  278 128.312769  8125
  279 1307.788375  1936
  280 15689.410846   519
  281 -1873.782439     3
  282 3743.306641 20779
  283 37.730838  5897
  284 -1092.221774     8
  285 -956.218712     1
  286 -860.273416     7
  287 4276.808755 13467
  288 3687.924701 -2093
  289 5477.510281 -1755
  290 1294.710261 15224
  291 8174.059936 16581
  292 -876.088626     2
  293 14125.600329 -2489
  294 10194.453973 12038
  295 14239.828308 14498
  296 -1012.728794     1
  297 644.619008 -3250
  298 2146.156720 32570
  299 -408.899154     9
  300 -682.321802     5
