300
    1 316.984501     1
    2 56199.598813 22552
    3 3575.810592 27863
    4 3370.771142 -1935
    5 2790.177784 -2497
    6 -2585.242475     2
    7 6292.882984  7882
    8 6844.281880  5438
    9 1511.818517 -2390
   10 5113.913044  6863
   11 56.173203 -2493
   12 -922.041405     6
   13 -358.900108     1
   14 -481.674120     8
   15 4111.543916 -3259
   16 2018.709355 24956
   17 3265.767135 -2849
   18 530.491064 -3232
   19 4406.978121 14573
   20 4296.381887 -3083
   21 -13.943347     2
   22 7033.324725 15275
   23 -1044.105706     8
   24 -320.694488     1
   25 -78.545814     1
   26 5192.879222 -2263
   27 13480.086311 20395
   28 2459.214636 -3111
   29 -1173.519566     3
   30 613.040751 14985
   31 4296.143304 10343
   32 -2122.360372     5
   33 -684.242057     3
   34 7617.888136 -2852
   35 -607.355118     3
   36 28083.978575 21647
   37 1772.746602 -2309
   38 3658.715514  1257
   39 15961.107782 -3064
   40 1727.888191  2568
   41 -1853.678575     2
   42 16055.971533 15949
   43 1958.504419 13544
   44 4703.488135 23714
   45 -1806.791164     4
   46 2622.979379 10842
   47 12525.197708 15863
   48 -270.486985     9
   49 7937.821017 -3003
   50 7452.822819  1573
   51 -103.296324     9
   52 -207.264132     1
   53 8713.253373   314
   54 -226.415391     1
   55 2622.972775 23513
   56 6686.593189 32017
   57 -2373.603994     4
   58 2876.984288 -2540
   59 -253.038134     8
   60 13843.889073 31213
   61 -121.384306     1
   62 14932.966647 31927
   63 7269.425482 31951
   64 -118.866615     5
   65 -124.000204     9
   66 4755.945526 18283
   67 7412.754287 14765
   68 905.274990 27953
   69 5808.301309  4234
   70 1013.720547  6832
   71 9637.259106  6524
   72 7799.821563 -2711
   73 -761.317472     4
   74 -906.809546     4
   75 240.375658 -2177
   76 -1084.478708     8
   77 2674.450781 21958
   78 5600.369462 -2390
   79 372.610526 -2423
   80 5493.444667 -2110
   81 1099.215563  3195
   82 186.171310  3101
   83 -313.521765     1
   84 -965.980460     9
   85 7577.879771  1250
   86 2415.047410 13695
   87 -1370.081570     1
   88 27082.586128 -2668
   89 -1619.100357     4
   90 2229.897126 11841
   91 3653.328439  3905
   92 -2926.382758     0
   93 -766.163768     3
   94 198.953466 -2630
   95 98.174198 -2801
   96 3285.350959 20258
   97 -1378.572733     1
   98 12301.625432 -2718
   99 9029.474082  7350
  100 7035.323013 -3230
  101 2764.311631  6709
  102 -905.066553     5
  103 -1337.895096     2
  104 10402.300160 10814
  105 74.134229 -2651
  106 3167.303234  1080
  107 4845.028955 23377
  108 -1112.997805     7
  109 15931.285533  1281
  110 -1336.504647     0
  111 577.622210 12350
  112 11872.431164 -1920
  113 1393.441988 21527
  114 7166.177162 28488
  115 9211.375176 12613
  116 6585.343279 25599
  117 -1644.769860     3
  118 -99.236859     2
  119 24744.978141 11817
  120 -1197.102045     4
  121 12568.528472   876
  122 7911.120359 21854
  123 -411.503939     2
  124 6775.872635   546
  125 4481.141105 -1913
  126 2055.875362 32558
  127 9.906138 29437
  128 17678.463988 32051
  129 -167.838786     1
  130 42.404724 12216
  131 -578.088433     7
  132 -194.396315     0
  133 10376.167022 -1966
  134 10454.800131 16240
  135 -181.735599     7
  136 10953.272090  3066
  137 5517.292234  3236
  138 3676.852182 -3156
  139 10253.323350 26575
  140 -713.750739     2
  141 1568.838579 23859
  142 4115.013745 -2212
  143 18852.285818 15705
  144 7747.391576 14460
  145 -1072.916160     6
  146 8235.586064 26421
  147 18.627516 10799
  148 -99.758844     2
  149 11512.558466 30348
  150 7914.874921 14927
  151 10191.979624 -2981
  152 8242.978555  4176
  153 1488.002748  3369
  154 604.349959 -3090
  155 2170.556046 -2741
  156 615.006232 26851
  157 152.039104 29251
  158 -1903.555442     2
  159 -97.535025     5
  160 1944.972915 13900
  161 -237.919137     5
  162 -1997.395912     8
  163 1058.617103 18562
  164 -268.690930     1
  165 251.318125 -2146
  166 -526.339461     7
  167 -400.743139     3
  168 4831.080734 32150
  169 146.250133 -2166
  170 -15.043204     1
  171 -1951.733326     1
  172 555.303051 24598
  173 1581.515441 14057
  174 10027.773894 -2884
  175 -1101.238897     6
  176 -366.938222     3
  177 1165.290147 31434
  178 -1350.449709     7
  179 6561.616293 11021
  180 12202.910155 19654
  181 2486.624933 31837
  182 -938.891597     4
  183 39508.152938 14952
  184 1065.452664 26785
  185 14359.338947  6455
  186 2110.889008 -1650
  187 7526.723056 -2588
  188 -2666.568977     0
  189 -434.185632     0
  190 6158.995816 13760
  191 1019.125266 -2091
  192 -735.065103     5
  193 58.482103 29565
  194 1719.957321 -1681
  195 -224.868472     5
  196 3722.832511 -1684
  197 -66.225265     6
  198 3475.005793 17659
  199 1963.366350 -3088
  200 12139.129091  6147
  201 9735.288492 30936
  202 3308.918284 26161
  203 -256.905136     4
  204 52.476520 29234
  205 -1259.475057     2
  206 2770.080257 12201
  207 -533.695227     0
  208 5745.108721 -2474
  209 6745.049019 11251
  210 851.753160 11128
  211 2017.582302 18494
  212 2828.777211 -1593
  213 610.654838 -2437
  214 -297.132624     2
  215 2224.592891 -1846
  216 14633.832764  1154
  217 2799.293971 15143
  218 9813.814844 -3103
  219 16003.120851 16679
  220 3811.019651 -2764
  221 4425.013999  1476
  222 19925.645352 19127
  223 171.173719  5680
  224 5389.031980  2168
  225 -646.896450     4
  226 12258.294191 25072
  227 -2343.857765     6
  228 1930.617493  3095
  229 -1834.552766     0
  230 1197.941192 -3242
  231 7603.654906 11398
  232 -404.147339     7
  233 -720.070358     7
  234 -150.515918     3
  235 -172.005652     3
  236 2177.195016 31779
  237 690.338713 25768
  238 -1717.235327     4
  239 -48.377743     3
  240 -655.917078     5
  241 8971.821874  9045
  242 27331.237605 28477
  243 1819.702747 25507
  244 4304.233158 27680
  245 4833.749508  6344
  246 -14.925022     3
  247 7960.931283 -1812
  248 67.894680 -2751
  249 -348.867006     2
  250 255.587618 19993
  251 -2830.690791     9
  252 15117.532451   131
  253 3972.694349 26725
  254 14053.599115 -2571
  255 -871.041636     4
  256 -139.004158     3
  257 3176.744831 -2715
  258 6513.136311 11874
  259 6025.912712 -2572
  260 -272.117752     3
  261 -1960.417738     2
  262 1600.091369 -2630
  263 -1170.918927     0
  264 5893.789634  1231
  265 2683.452050 13187
  266 721.053131  7031
  267 2666.798177 -2424
  268 5881.039682 12441
  269 4224.800483 -2748
  270 10137.222196 27996
  271 2463.577069 20832
  272 1909.980158 -2129
  273 -1347.528285     0
  274 6781.490419  3973
  275 2098.965740  9596
  276 4173.739493 29864
  277 9830.338613  8226
  278 3047.924401  8125
  279 403.347283  1936
  280 3340.406837   519
  281 -560.838520     3
  282 1575.537875 20779
  283 250.979259  5897
  284 -2612.042356     8
  285 -573.267485     1
  286 -936.293939     7
  287 113.765428 13467
  288 996.740240 -2093
  289 2041.494819 -1755
  290 1382.297166 15224
  291 32082.044867 16581
  292 -1464.610090     2
  293 1090.451312 -2489
  294 6536.640054 12038
  295 8840.760123 14498
  296 -775.466015     1
  297 346.268019 -3250
  298 1497.367505 32570
  299 -1710.436350     9
  300 -183.676721     5
