300
    1 7565.246529     1
    2 4249.659092 22552
    3 7483.555332 27863
    4 22832.586393 -1935
    5 654.729501 -2497
    6 -1414.467341     2
    7 14087.505136  7882
    8 3964.357914  5438
    9 2384.248330 -2390
   10 10732.319022  6863
   11 1485.797621 -2493
   12 -423.592121     6
   13 -780.614640     1
   14 -1118.633871     8
   15 2343.199001 -3259
   16 15754.870080 24956
   17 3692.241204 -2849
   18 358.894142 -3232
   19 18273.788740 14573
   20 1563.862002 -3083
   21 -81.817016     2
   22 4611.343102 15275
   23 -1760.366820     8
   24 -1218.604391     1
   25 -726.491136     1
   26 9025.400611 -2263
   27 3745.753034 20395
   28 1761.665421 -3111
   29 -1241.382506     3
   30 2479.527942 14985
   31 3283.661903 10343
   32 -1448.635741     5
   33 -1744.348619     3
   34 8707.809478 -2852
   35 -703.707565     3
   36 540.227624 21647
   37 10008.945252 -2309
   38 4099.419077  1257
   39 752.048006 -3064
   40 9493.974639  2568
   41 -49.960393     2
   42 13156.445181 15949
   43 768.715985 13544
   44 5643.451701 23714
   45 -595.095811     4
   46 130.323246 10842
   47 17439.060048 15863
   48 -549.119813     9
   49 3322.424326 -3003
   50 12481.538550  1573
   51 -996.352606     9
   52 -556.996720     1
   53 6657.819488   314
   54 -363.402521     1
   55 2340.765741 23513
   56 94.915525 32017
   57 -1425.888586     4
   58 9750.386047 -2540
   59 -457.017493     8
   60 17546.038976 31213
   61 -1596.794889     1
   62 4300.654993 31927
   63 596.767656 31951
   64 -2059.912484     5
   65 -1260.620092     9
   66 13808.046779 18283
   67 311.724361 14765
   68 1748.579470 27953
   69 2581.121226  4234
   70 2065.581376  6832
   71 6084.568179  6524
   72 524.458209 -2711
   73 -237.892630     4
   74 -1351.460947     4
   75 6.058920 -2177
   76 -1052.243848     8
   77 15359.544640 21958
   78 22864.104337 -2390
   79 526.622136 -2423
   80 1105.315951 -2110
   81 517.428531  3195
   82 29.421697  3101
   83 -1161.001548     1
   84 -1171.455958     9
   85 427.368185  1250
   86 7844.145766 13695
   87 -122.492277     1
   88 12334.077900 -2668
   89 -173.273210     4
   90 20730.872245 11841
   91 1772.954926  3905
   92 -941.784449     0
   93 -1387.509160     3
   94 490.602921 -2630
   95 144.346144 -2801
   96 976.340443 20258
   97 -868.421176     1
   98 19335.201281 -2718
   99 4636.853195  7350
  100 1420.983296 -3230
  101 964.576602  6709
  102 -1053.542634     5
  103 -151.404911     2
  104 8636.476477 10814
  105 71.929239 -2651
  106 2896.016516  1080
  107 3261.248101 23377
  108 -262.983668     7
  109 9342.989806  1281
  110 -372.443612     0
  111 2057.739947 12350
  112 1782.802423 -1920
  113 18394.848006 21527
  114 6992.471114 28488
  115 38174.667808 12613
  116 6031.533784 25599
  117 -2776.731463     3
  118 -1194.663156     2
  119 11401.361282 11817
  120 -801.374013     4
  121 11524.289217   876
  122 16282.743254 21854
  123 -3193.626431     2
  124 17.135454   546
  125 470.440957 -1913
  126 4053.590964 32558
  127 53.145065 29437
  128 15466.947263 32051
  129 -2293.346379     1
  130 204.980033 12216
  131 -734.005764     7
  132 -1812.559539     0
  133 376.723908 -1966
  134 4488.528380 16240
  135 -1768.134211     7
  136 19709.290999  3066
  137 710.800183  3236
  138 13385.828200 -3156
  139 1019.752607 26575
  140 -362.961066     2
  141 102.899012 23859
  142 8697.985531 -2212
  143 2498.219110 15705
  144 6541.562242 14460
  145 -578.813937     6
  146 22143.197235 26421
  147 1251.608044 10799
  148 -487.688634     2
  149 6729.114243 30348
  150 8212.394814 14927
  151 5040.758752 -2981
  152 1871.848347  4176
  153 1665.248876  3369
  154 16992.583687 -3090
  155 889.459359 -2741
  156 4685.517693 26851
  157 277.067564 29251
  158 -2274.519771     2
  159 -2775.581284     5
  160 2054.884797 13900
  161 -698.007648     5
  162 -237.730907     8
  163 1272.063058 18562
  164 -207.890046     1
  165 178.746420 -2146
  166 -421.806860     7
  167 -397.543452     3
  168 11738.079409 32150
  169 1767.143066 -2166
  170 -587.003050     1
  171 -2440.982557     1
  172 6934.211938 24598
  173 8199.148267 14057
  174 4169.916370 -2884
  175 -251.887229     6
  176 -97.618273     3
  177 553.107173 31434
  178 -1464.850654     7
  179 4772.636960 11021
  180 10826.986446 19654
  181 1904.599181 31837
  182 -1603.487272     4
  183 19867.772635 14952
  184 8973.964449 26785
  185 6890.665888  6455
  186 3966.907791 -1650
  187 4627.905527 -2588
  188 -2925.537671     0
  189 -548.183682     0
  190 10485.599537 13760
  191 997.253118 -2091
  192 -453.606616     5
  193 5091.696664 29565
  194 1241.583480 -1681
  195 -233.405366     5
  196 6847.143842 -1684
  197 -423.984826     6
  198 4757.402665 17659
  199 20618.780035 -3088
  200 2963.460096  6147
  201 69.937616 30936
  202 13020.340592 26161
  203 -1653.897018     4
  204 270.749104 29234
  205 -870.568072     2
  206 2840.238019 12201
  207 -1889.684603     0
  208 9685.466089 -2474
  209 1908.597604 11251
  210 17684.050566 11128
  211 1031.209218 18494
  212 371.007137 -1593
  213 764.388900 -2437
  214 -91.493508     2
  215 2290.961466 -1846
  216 1512.376238  1154
  217 7081.644119 15143
  218 15752.652926 -3103
  219 3305.054403 16679
  220 24948.292597 -2764
  221 6100.846612  1476
  222 13358.184350 19127
  223 1509.025094  5680
  224 2867.778828  2168
  225 -415.292226     4
  226 5235.820962 25072
  227 -594.637829     6
  228 9648.189939  3095
  229 -515.941297     0
  230 937.388882 -3242
  231 10778.534991 11398
  232 -409.922652     7
  233 -93.425724     7
  234 -1289.268420     3
  235 -304.220348     3
  236 10494.788133 31779
  237 3459.162020 25768
  238 -1369.519729     4
  239 -2717.697063     3
  240 -415.391558     5
  241 9200.491211  9045
  242 4406.677486 28477
  243 26609.492611 25507
  244 2647.986189 27680
  245 2442.570554  6344
  246 -371.945828     3
  247 11221.974608 -1812
  248 231.994228 -2751
  249 -1289.579187     2
  250 690.143493 19993
  251 -1146.534944     9
  252 5580.944448   131
  253 5925.966526 26725
  254 1313.945135 -2571
  255 -1611.184658     4
  256 -1555.738010     3
  257 3261.377820 -2715
  258 24880.968129 11874
  259 4038.483718 -2572
  260 -931.921651     3
  261 -365.375270     2
  262 15660.687875 -2630
  263 -483.474255     0
  264 163.269252  1231
  265 3067.083309 13187
  266 4743.319487  7031
  267 6996.050524 -2424
  268 16212.998579 12441
  269 4804.180214 -2748
  270 402.225531 27996
  271 13802.031051 20832
  272 5735.491631 -2129
  273 -91.741541     0
  274 12503.853655  3973
  275 3266.150072  9596
  276 1104.029876 29864
  277 6174.959767  8226
  278 1786.758377  8125
  279 847.270420  1936
  280 15174.053720   519
  281 -2000.395016     3
  282 4793.538180 20779
  283 80.888952  5897
  284 -334.347289     8
  285 -1477.865496     1
  286 -566.378575     7
  287 932.721359 13467
  288 16316.611759 -2093
  289 18984.573809 -1755
  290 3023.906410 15224
  291 20337.265202 16581
  292 -2352.446659     2
  293 3890.549908 -2489
  294 6404.355270 12038
  295 11284.349987 14498
  296 -36.095429     1
  297 113.360400 -3250
  298 2658.334466 32570
  299 -909.851768     9
  300 -194.752948     5
