300
    1 1574.691678     1
    2 36948.863904 22552
    3 2052.283907 27863
    4 11762.304003 -1935
    5 2031.640636 -2497
    6 -2327.961867     2
    7 9314.040513  7882
    8 6624.637293  5438
    9 730.708101 -2390
   10 22020.143180  6863
   11 1118.797259 -2493
   12 -1123.304114     6
   13 -2106.524526     1
   14 -74.293838     8
   15 6339.158275 -3259
   16 636.646073 24956
   17 1363.658853 -2849
   18 579.183805 -3232
   19 3113.162633 14573
   20 8988.808237 -3083
   21 -2844.334100     2
   22 4610.021316 15275
   23 -452.829344     8
   24 -6.678162     1
   25 -847.430853     1
   26 17920.802890 -2263
   27 14307.729082 20395
   28 11935.517644 -3111
   29 -3320.703656     3
   30 1450.374263 14985
   31 12445.003459 10343
   32 -69.862552     5
   33 -792.238834     3
   34 11397.226606 -2852
   35 -148.193218     3
   36 9920.244006 21647
   37 5566.057610 -2309
   38 255.256253  1257
   39 9164.654724 -3064
   40 11391.271723  2568
   41 -25.163854     2
   42 6109.510593 15949
   43 1452.760108 13544
   44 479.016017 23714
   45 -149.196281     4
   46 3594.851366 10842
   47 38049.979614 15863
   48 -534.493723     9
   49 2845.443665 -3003
   50 17818.009358  1573
   51 -1346.746859     9
   52 -42.531929     1
   53 2364.708242   314
   54 -1507.628212     1
   55 784.138471 23513
   56 2653.108815 32017
   57 -2480.546819     4
   58 7851.918373 -2540
   59 -2867.874388     8
   60 2242.317854 31213
   61 -373.824734     1
   62 13639.745378 31927
   63 10718.756000 31951
   64 -866.072790     5
   65 -234.235279     9
   66 1082.528649 18283
   67 1905.333837 14765
   68 14.675082 27953
   69 6456.800381  4234
   70 25104.319255  6832
   71 761.552226  6524
   72 12211.276821 -2711
   73 -1186.906284     4
   74 -38.950437     4
   75 29.205046 -2177
   76 -2425.866561     8
   77 7116.755492 21958
   78 1050.884426 -2390
   79 399.841850 -2423
   80 8613.150598 -2110
   81 2334.696640  3195
   82 781.554441  3101
   83 -2882.138922     1
   84 -661.163946     9
   85 1849.863791  1250
   86 24053.665566 13695
   87 -304.018929     1
   88 14529.015908 -2668
   89 -101.627559     4
   90 134.467629 11841
   91 5286.893571  3905
   92 -2516.501216     0
   93 -134.030513     3
   94 21.026350 -2630
   95 158.031541 -2801
   96 129.706114 20258
   97 -274.696869     1
   98 8708.155107 -2718
   99 8879.825746  7350
  100 131.479343 -3230
  101 566.376150  6709
  102 -2640.481142     5
  103 -128.790759     2
  104 8830.918904 10814
  105 46.799899 -2651
  106 16919.970335  1080
  107 2846.455291 23377
  108 -1467.827856     7
  109 22973.167673  1281
  110 -2882.354870     0
  111 766.334577 12350
  112 19534.153313 -1920
  113 3772.964156 21527
  114 1001.776302 28488
  115 6081.676769 12613
  116 1928.340884 25599
  117 -406.716005     3
  118 -64.510291     2
  119 236.689494 11817
  120 -615.028739     4
  121 6999.235602   876
  122 17181.283395 21854
  123 -680.392299     2
  124 5400.148046   546
  125 2292.847513 -1913
  126 369.930302 32558
  127 1.072871 29437
  128 19682.001494 32051
  129 -18.998422     1
  130 8.453359 12216
  131 -559.442657     7
  132 -2906.770503     0
  133 5742.901145 -1966
  134 2767.429750 16240
  135 -417.153005     7
  136 11172.524336  3066
  137 2095.996888  3236
  138 17923.474941 -3156
  139 16635.869774 26575
  140 -788.475722     2
  141 3270.208214 23859
  142 9003.159629 -2212
  143 16115.340244 15705
  144 14095.609271 14460
  145 -47.317081     6
  146 5414.633083 26421
  147 430.470901 10799
  148 -2263.082217     2
  149 564.628928 30348
  150 10624.163430 14927
  151 11639.488815 -2981
  152 9816.428608  4176
  153 127.700466  3369
  154 10533.481777 -3090
  155 149.742563 -2741
  156 1536.533759 26851
  157 174.353431 29251
  158 -2725.383234     2
  159 -186.909107     5
  160 3573.217078 13900
  161 -378.298569     5
  162 -2975.636802     8
  163 755.931360 18562
  164 -223.690620     1
  165 2630.295268 -2146
  166 -881.993879     7
  167 -721.932257     3
  168 2029.813112 32150
  169 560.234363 -2166
  170 -1146.217350     1
  171 -1241.221215     1
  172 3136.975868 24598
  173 726.345385 14057
  174 7464.251550 -2884
  175 -460.793387     6
  176 -1782.730341     3
  177 1846.766413 31434
  178 -148.906745     7
  179 947.590802 11021
  180 5168.189849 19654
  181 6836.277837 31837
  182 -861.228475     4
  183 4534.695937 14952
  184 9781.717880 26785
  185 11957.905109  6455
  186 18762.255246 -1650
  187 8819.542720 -2588
  188 -363.000561     0
  189 -1847.127034     0
  190 19358.211799 13760
  191 928.546610 -2091
  192 -365.122308     5
  193 8919.737320 29565
  194 5536.659880 -1681
  195 -253.673660     5
  196 8995.155033 -1684
  197 -793.163255     6
  198 320.570696 17659
  199 22076.463333 -3088
  200 15735.570845  6147
  201 7434.648306 30936
  202 4796.967622 26161
  203 -1397.835435     4
  204 859.799816 29234
  205 -5.410556     2
  206 697.214075 12201
  207 -2035.098362     0
  208 1992.113433 -2474
  209 5135.773662 11251
  210 9561.486019 11128
  211 376.159127 18494
  212 2469.720883 -1593
  213 2491.773176 -2437
  214 -484.470364     2
  215 7431.516908 -1846
  216 4760.077053  1154
  217 333.118701 15143
  218 12550.505142 -3103
  219 4245.068230 16679
  220 6335.180510 -2764
  221 5769.684273  1476
  222 15570.514669 19127
  223 2171.026197  5680
  224 25803.964119  2168
  225 -688.391843     4
  226 14049.939654 25072
  227 -1389.512970     6
  228 25318.751081  3095
  229 -0.474068     0
  230 279.391007 -3242
  231 4916.878115 11398
  232 -1851.568465     7
  233 -235.652173     7
  234 -2362.182294     3
  235 -986.047583     3
  236 12807.952674 31779
  237 363.783714 25768
  238 -1818.163600     4
  239 -2611.715543     3
  240 -2159.480156     5
  241 4975.873443  9045
  242 24291.735425 28477
  243 2844.930296 25507
  244 2869.785208 27680
  245 9988.948035  6344
  246 -153.904539     3
  247 1728.699441 -1812
  248 27.214433 -2751
  249 -2905.521198     2
  250 10202.012448 19993
  251 -653.595123     9
  252 12647.074896   131
  253 3066.258296 26725
  254 1876.709975 -2571
  255 -327.506125     4
  256 -3.278649     3
  257 188.779265 -2715
  258 347.846143 11874
  259 362.348162 -2572
  260 -154.536909     3
  261 -169.592154     2
  262 11238.532386 -2630
  263 -1006.760510     0
  264 3912.846993  1231
  265 148.430593 13187
  266 789.249323  7031
  267 496.513306 -2424
  268 15625.065095 12441
  269 11740.344535 -2748
  270 17722.465570 27996
  271 567.614860 20832
  272 3024.261335 -2129
  273 -530.471288     0
  274 4153.459693  3973
  275 4702.471993  9596
  276 19462.938758 29864
  277 6692.745534  8226
  278 1015.348907  8125
  279 648.946297  1936
  280 1426.567512   519
  281 -2205.872897     3
  282 6593.515934 20779
  283 100.853409  5897
  284 -194.342258     8
  285 -66.313520     1
  286 -869.213261     7
  287 314.289735 13467
  288 12560.099962 -2093
  289 3846.653440 -1755
  290 7003.990828 15224
  291 40727.461866 16581
  292 -1342.099576     2
  293 265.597517 -2489
  294 33108.413034 12038
  295 2031.674209 14498
  296 -919.677610     1
  297 125.177964 -3250
  298 4951.829240 32570
  299 -265.308983     9
  300 -147.112338     5
