300
    1 2349.315316     1
    2 12288.021000 22552
    3 5524.279557 27863
    4 19423.621626 -1935
    5 1892.817699 -2497
    6 -2447.500470     2
    7 6522.453961  7882
    8 4165.586320  5438
    9 8553.982993 -2390
   10 13355.579925  6863
   11 1548.876149 -2493
   12 -476.986463     6
   13 -528.584184     1
   14 -431.301910     8
   15 3947.189549 -3259
   16 15605.749264 24956
   17 6631.168285 -2849
   18 185.012149 -3232
   19 17148.278099 14573
   20 13043.690894 -3083
   21 -1906.191143     2
   22 33.788412 15275
   23 -2161.066173     8
   24 -215.573710     1
   25 -344.798035     1
   26 14243.912651 -2263
   27 5214.979674 20395
   28 13380.429859 -3111
   29 -751.984431     3
   30 856.296359 14985
   31 1710.277543 10343
   32 -419.383673     5
   33 -684.530426     3
   34 310.431363 -2852
   35 -422.506179     3
   36 5663.519197 21647
   37 2265.871431 -2309
   38 6678.706607  1257
   39 13208.500389 -3064
   40 23244.757654  2568
   41 -293.302018     2
   42 8375.362565 15949
   43 2454.505865 13544
   44 3682.642256 23714
   45 -1751.080406     4
   46 1207.885442 10842
   47 2208.179513 15863
   48 -499.393549     9
   49 10653.915677 -3003
   50 7424.147001  1573
   51 -439.115086     9
   52 -3111.657011     1
   53 2813.121222   314
   54 -1277.929352     1
   55 1078.715983 23513
   56 1224.450809 32017
   57 -1063.856846     4
   58 84.989111 -2540
   59 -858.923259     8
   60 18369.633305 31213
   61 -1905.134667     1
   62 19307.443962 31927
   63 3049.190760 31951
   64 -288.061949     5
   65 -204.037552     9
   66 1294.140448 18283
   67 9473.232143 14765
   68 160.613444 27953
   69 4890.341423  4234
   70 4099.808442  6832
   71 16163.831258  6524
   72 3669.519121 -2711
   73 -1821.011125     4
   74 -1095.914330     4
   75 145.104227 -2177
   76 -927.696114     8
   77 16026.749664 21958
   78 1205.474320 -2390
   79 356.602157 -2423
   80 5020.090595 -2110
   81 1191.256597  3195
   82 1811.863367  3101
   83 -437.934159     1
   84 -527.346027     9
   85 5727.543149  1250
   86 5624.344993 13695
   87 -189.059467     1
   88 9582.974255 -2668
   89 -2315.698948     4
   90 16004.859470 11841
   91 3581.937662  3905
   92 -976.291486     0
   93 -1180.149544     3
   94 3399.912119 -2630
   95 227.208329 -2801
   96 3477.984658 20258
   97 -1917.291768     1
   98 4418.071005 -2718
   99 14575.080227  7350
  100 6157.881536 -3230
  101 5895.195322  6709
  102 -895.412795     5
  103 -2710.642356     2
  104 6833.940840 10814
  105 116.441083 -2651
  106 4573.571248  1080
  107 3209.010238 23377
  108 -45.679577     7
  109 10233.553571  1281
  110 -172.361510     0
  111 3332.290161 12350
  112 19262.177149 -1920
  113 629.383142 21527
  114 17020.486603 28488
  115 5331.117544 12613
  116 10293.431098 25599
  117 -2268.290565     3
  118 -659.843217     2
  119 14013.893012 11817
  120 -572.419841     4
  121 12512.617053   876
  122 7218.645869 21854
  123 -1830.911350     2
  124 3123.671031   546
  125 565.885424 -1913
  126 1914.985840 32558
  127 22.737536 29437
  128 12291.659603 32051
  129 -1501.074117     1
  130 9.407336 12216
  131 -627.405559     7
  132 -1432.732652     0
  133 10153.153893 -1966
  134 21332.931292 16240
  135 -1100.899517     7
  136 7803.761091  3066
  137 3003.183457  3236
  138 17641.978340 -3156
  139 612.982242 26575
  140 -395.331492     2
  141 4447.906166 23859
  142 7957.768380 -2212
  143 4647.793714 15705
  144 6249.349463 14460
  145 -102.928101     6
  146 3078.950978 26421
  147 1664.117100 10799
  148 -1091.600115     2
  149 2869.657992 30348
  150 2270.991165 14927
  151 10670.099424 -2981
  152 4411.945684  4176
  153 1681.107756  3369
  154 8487.128654 -3090
  155 7490.830180 -2741
  156 1710.180683 26851
  157 821.124021 29251
  158 -593.235711     2
  159 -2096.130178     5
  160 2167.006559 13900
  161 -1786.070470     5
  162 -62.952500     8
  163 1158.124343 18562
  164 -1570.124548     1
  165 3087.738436 -2146
  166 -70.444597     7
  167 -1464.103279     3
  168 12335.616156 32150
  169 3103.467542 -2166
  170 -652.996444     1
  171 -472.414039     1
  172 3228.100249 24598
  173 3611.784000 14057
  174 9617.452261 -2884
  175 -269.900158     6
  176 -528.039237     3
  177 111.287198 31434
  178 -802.004901     7
  179 10844.089267 11021
  180 763.598299 19654
  181 5812.628220 31837
  182 -88.118774     4
  183 19184.643950 14952
  184 11208.448291 26785
  185 3760.707530  6455
  186 16081.053349 -1650
  187 2386.835391 -2588
  188 -210.597653     0
  189 -267.272616     0
  190 7720.738111 13760
  191 383.892856 -2091
  192 -1214.571805     5
  193 2763.864843 29565
  194 9337.597345 -1681
  195 -357.647484     5
  196 3094.463359 -1684
  197 -1362.096713     6
  198 7171.322033 17659
  199 2656.715068 -3088
  200 6103.101352  6147
  201 553.307022 30936
  202 8550.695682 26161
  203 -344.957442     4
  204 128.386495 29234
  205 -1703.730845     2
  206 6694.062827 12201
  207 -2049.384936     0
  208 1734.065086 -2474
  209 7154.976224 11251
  210 2892.877980 11128
  211 800.699985 18494
  212 346.434666 -1593
  213 3930.094117 -2437
  214 -108.236771     2
  215 9667.949185 -1846
  216 16636.580746  1154
  217 755.938814 15143
  218 6460.439857 -3103
  219 27658.776216 16679
  220 17310.580088 -2764
  221 5940.028906  1476
  222 664.373583 19127
  223 631.574191  5680
  224 31664.434363  2168
  225 -2034.083504     4
  226 2258.073018 25072
  227 -433.213339     6
  228 20186.732005  3095
  229 -1086.549452     0
  230 409.309865 -3242
  231 6617.047367 11398
  232 -2591.275103     7
  233 -290.629532     7
  234 -227.412600     3
  235 -2202.481813     3
  236 14457.628015 31779
  237 1571.179707 25768
  238 -20.801066     4
  239 -3094.350538     3
  240 -489.126724     5
  241 10476.498404  9045
  242 16893.175259 28477
  243 10921.037877 25507
  244 1693.454689 27680
  245 8877.814181  6344
  246 -116.491775     3
  247 10394.906113 -1812
  248 58.535024 -2751
  249 -1136.426446     2
  250 9710.989145 19993
  251 -1511.124931     9
  252 190.988899   131
  253 17120.387322 26725
  254 8882.049651 -2571
  255 -1719.038054     4
  256 -1960.423347     3
  257 595.780518 -2715
  258 14377.863430 11874
  259 6293.644583 -2572
  260 -1884.592934     3
  261 -2469.476093     2
  262 11374.244824 -2630
  263 -766.003740     0
  264 3453.484573  1231
  265 2927.971532 13187
  266 1777.056991  7031
  267 7686.095326 -2424
  268 1618.742204 12441
  269 844.777735 -2748
  270 18982.327601 27996
  271 10750.515974 20832
  272 409.084805 -2129
  273 -30.676328     0
  274 19095.330210  3973
  275 941.730719  9596
  276 8614.340817 29864
  277 1880.043220  8226
  278 97.854346  8125
  279 1105.020580  1936
  280 13655.481798   519
  281 -387.088823     3
  282 4020.601183 20779
  283 66.583665  5897
  284 -211.065463     8
  285 -50.867655     1
  286 -974.208705     7
  287 5141.549799 13467
  288 11079.488083 -2093
  289 340.573757 -1755
  290 65.820289 15224
  291 9277.246557 16581
  292 -168.586480     2
  293 16022.628184 -2489
  294 17216.938583 12038
  295 5107.126513 14498
  296 -2133.106423     1
  297 59.486027 -3250
  298 6301.989764 32570
  299 -1129.707916     9
  300 -123.682848     5
