300
    1 501.046542     1
    2 30190.921319 22552
    3 3572.657782 27863
    4 9478.151554 -1935
    5 3438.884615 -2497
    6 -86.373200     2
    7 7300.875909  7882
    8 23875.168723  5438
    9 1281.829293 -2390
   10 1635.951255  6863
   11 856.360271 -2493
   12 -380.970745     6
   13 -1947.809865     1
   14 -332.010725     8
   15 8640.997974 -3259
   16 8157.156833 24956
   17 5962.826720 -2849
   18 331.858846 -3232
   19 3891.128907 14573
   20 2220.311218 -3083
   21 -2479.392420     2
   22 8539.928143 15275
   23 -667.931434     8
   24 -507.585763     1
   25 -221.828695     1
   26 197.869462 -2263
   27 16718.160858 20395
   28 3905.103054 -3111
   29 -400.962154     3
   30 1528.456518 14985
   31 9386.833247 10343
   32 -1819.086427     5
   33 -552.313383     3
   34 4921.497066 -2852
   35 -587.589258     3
   36 11299.682225 21647
   37 14993.399638 -2309
   38 3426.198092  1257
   39 4271.452757 -3064
   40 86.170601  2568
   41 -161.200715     2
   42 5343.387065 15949
   43 2975.615616 13544
   44 2995.778992 23714
   45 -444.681275     4
   46 535.217854 10842
   47 1869.300021 15863
   48 -126.357061     9
   49 18538.152395 -3003
   50 11606.612302  1573
   51 -810.280764     9
   52 -58.138411     1
   53 25136.244522   314
   54 -367.003213     1
   55 362.021882 23513
   56 6451.604131 32017
   57 -494.318279     4
   58 2298.957216 -2540
   59 -783.668608     8
   60 22841.851977 31213
   61 -784.178223     1
   62 3210.295718 31927
   63 2176.730776 31951
   64 -489.148521     5
   65 -390.072444     9
   66 3700.747412 18283
   67 6832.097291 14765
   68 910.211559 27953
   69 7833.931212  4234
   70 7327.734009  6832
   71 10368.211201  6524
   72 4776.652197 -2711
   73 -624.119740     4
   74 -625.074588     4
   75 148.360789 -2177
   76 -2625.082863     8
   77 5326.950684 21958
   78 2603.579643 -2390
   79 65.143209 -2423
   80 3283.759713 -2110
   81 1258.154032  3195
   82 2092.632143  3101
   83 -987.084380     1
   84 -1422.372435     9
   85 7887.011892  1250
   86 13481.068115 13695
   87 -1198.072319     1
   88 1687.317729 -2668
   89 -534.308332     4
   90 7245.602152 11841
   91 7079.345157  3905
   92 -102.591601     0
   93 -908.513722     3
   94 140.598492 -2630
   95 357.038754 -2801
   96 4372.493716 20258
   97 -532.102811     1
   98 2720.653134 -2718
   99 8776.087302  7350
  100 3004.839408 -3230
  101 9435.348167  6709
  102 -1707.590388     5
  103 -1286.984887     2
  104 5315.551016 10814
  105 114.443494 -2651
  106 1546.233946  1080
  107 34997.976414 23377
  108 -564.039352     7
  109 6709.922620  1281
  110 -2200.563189     0
  111 2090.170046 12350
  112 6995.876986 -1920
  113 3996.608427 21527
  114 7370.590354 28488
  115 21090.214014 12613
  116 12433.136553 25599
  117 -1582.960219     3
  118 -1148.655330     2
  119 5492.390419 11817
  120 -1113.835392     4
  121 3003.330405   876
  122 11297.252697 21854
  123 -1220.995929     2
  124 9730.181607   546
  125 1626.038774 -1913
  126 2478.353442 32558
  127 13.740692 29437
  128 12932.638397 32051
  129 -1567.974957     1
  130 91.347728 12216
  131 -934.546721     7
  132 -500.853878     0
  133 14013.000416 -1966
  134 12567.541155 16240
  135 -1395.552249     7
  136 683.378904  3066
  137 9810.934297  3236
  138 18443.624518 -3156
  139 2332.217867 26575
  140 -283.577564     2
  141 3742.289844 23859
  142 2950.167528 -2212
  143 9910.707515 15705
  144 5891.672876 14460
  145 -962.701054     6
  146 18190.254658 26421
  147 592.013626 10799
  148 -1465.915239     2
  149 1642.254161 30348
  150 4500.598092 14927
  151 139.774812 -2981
  152 1454.982757  4176
  153 2459.051816  3369
  154 2906.159098 -3090
  155 3605.225714 -2741
  156 11901.874494 26851
  157 469.056809 29251
  158 -512.870022     2
  159 -658.294429     5
  160 1405.586757 13900
  161 -1796.722342     5
  162 -2399.672031     8
  163 2254.148866 18562
  164 -52.554248     1
  165 4592.154375 -2146
  166 -1140.747120     7
  167 -712.191591     3
  168 1242.579363 32150
  169 6225.643514 -2166
  170 -1188.361900     1
  171 -1213.886450     1
  172 6371.775307 24598
  173 1981.021660 14057
  174 5759.250670 -2884
  175 -1369.289602     6
  176 -2813.979305     3
  177 329.079922 31434
  178 -687.998679     7
  179 797.591402 11021
  180 9780.133749 19654
  181 12215.596585 31837
  182 -2057.077617     4
  183 18252.383718 14952
  184 6029.164464 26785
  185 1904.113098  6455
  186 18889.270922 -1650
  187 2467.008411 -2588
  188 -512.390264     0
  189 -1626.759032     0
  190 17483.511421 13760
  191 1083.164549 -2091
  192 -219.270751     5
  193 12254.367018 29565
  194 1412.580008 -1681
  195 -1106.730925     5
  196 4218.121064 -1684
  197 -224.511266     6
  198 9171.953435 17659
  199 12806.762300 -3088
  200 6640.382435  6147
  201 0.131678 30936
  202 2582.190887 26161
  203 -201.062164     4
  204 81.472278 29234
  205 -233.526134     2
  206 4283.348038 12201
  207 -761.016364     0
  208 14726.015796 -2474
  209 1585.290436 11251
  210 5311.240932 11128
  211 57.804882 18494
  212 14305.869513 -1593
  213 1698.226573 -2437
  214 -572.616162     2
  215 4147.664605 -1846
  216 12362.031774  1154
  217 5075.833021 15143
  218 17009.796439 -3103
  219 19893.622648 16679
  220 16121.564033 -2764
  221 11600.677952  1476
  222 16155.735697 19127
  223 601.425767  5680
  224 17272.647489  2168
  225 -1326.135896     4
  226 5616.583279 25072
  227 -948.710281     6
  228 176.090294  3095
  229 -1516.707481     0
  230 335.273506 -3242
  231 2892.294894 11398
  232 -1047.817349     7
  233 -114.903039     7
  234 -66.653576     3
  235 -354.528490     3
  236 7052.038493 31779
  237 588.170702 25768
  238 -757.614258     4
  239 -1083.925158     3
  240 -69.446302     5
  241 26866.178873  9045
  242 3327.622530 28477
  243 6402.882537 25507
  244 9352.964319 27680
  245 4469.814802  6344
  246 -513.175333     3
  247 10897.555786 -1812
  248 165.975310 -2751
  249 -124.430505     2
  250 5218.684508 19993
  251 -1710.284260     9
  252 1893.114797   131
  253 139.128358 26725
  254 1007.677908 -2571
  255 -578.767386     4
  256 -878.632565     3
  257 1493.780197 -2715
  258 5953.859429 11874
  259 4735.592822 -2572
  260 -1028.312607     3
  261 -591.576714     2
  262 7192.175146 -2630
  263 -174.418858     0
  264 3551.964823  1231
  265 785.551761 13187
  266 11.218033  7031
  267 11179.565241 -2424
  268 3240.296939 12441
  269 2059.105275 -2748
  270 3684.812783 27996
  271 5338.238710 20832
  272 4639.717709 -2129
  273 -612.664794     0
  274 8041.363863  3973
  275 165.640951  9596
  276 3152.668853 29864
  277 14474.945733  8226
  278 2066.770997  8125
  279 4048.905061  1936
  280 22208.033773   519
  281 -1111.937673     3
  282 1900.437223 20779
  283 81.621268  5897
  284 -1492.824112     8
  285 -1161.199315     1
  286 -1708.638071     7
  287 1338.569000 13467
  288 10275.670350 -2093
  289 21869.165633 -1755
  290 1507.716761 15224
  291 5836.264431 16581
  292 -557.218665     2
  293 1523.181104 -2489
  294 13130.317686 12038
  295 1182.617205 14498
  296 -394.703106     1
  297 39.201982 -3250
  298 2410.715788 32570
  299 -495.960879     9
  300 -117.464473     5
