100
    1 4922.050702     1
    2 27278.159186 22552
    3 3336.562137 27863
    4 16363.517808 -1935
    5 4805.594913 -2497
    6 -51.236867     2
    7 6725.529843  7882
    8 12514.170073  5438
    9 6244.186553 -2390
   10 8145.274375  6863
   11 114.974878 -2493
   12 -1644.988794     6
   13 -131.320505     1
   14 -745.180131     8
   15 8821.146265 -3259
   16 9685.089985 24956
   17 11147.114417 -2849
   18 150.824005 -3232
   19 19031.636832 14573
   20 7592.098789 -3083
   21 -789.124914     2
   22 5782.771962 15275
   23 -1797.503143     8
   24 -598.920959     1
   25 -536.834432     1
   26 2717.190144 -2263
   27 6386.435550 20395
   28 1566.487173 -3111
   29 -418.457822     3
   30 2356.854879 14985
   31 1018.752691 10343
   32 -310.443499     5
   33 -839.578274     3
   34 10290.326892 -2852
   35 -1841.526133     3
   36 11506.125687 21647
   37 10756.465591 -2309
   38 4990.208524  1257
   39 10479.723888 -3064
   40 8949.910349  2568
   41 -847.845578     2
   42 3744.028072 15949
   43 2872.943294 13544
   44 8643.381716 23714
   45 -431.519319     4
   46 3849.598233 10842
   47 4827.498858 15863
   48 -1363.510337     9
   49 2862.083944 -3003
   50 7192.969740  1573
   51 -598.765370     9
   52 -1085.535503     1
   53 3041.861401   314
   54 -669.520746     1
   55 2543.373362 23513
   56 8272.419176 32017
   57 -1493.489099     4
   58 684.752146 -2540
   59 -885.035400     8
   60 25076.870885 31213
   61 -563.182514     1
   62 14509.416991 31927
   63 8464.951040 31951
   64 -2423.153813     5
   65 -163.849478     9
   66 4716.920917 18283
   67 3058.266569 14765
   68 390.637300 27953
   69 2053.283583  4234
   70 6494.271996  6832
   71 17585.841679  6524
   72 14043.077963 -2711
   73 -1036.400950     4
   74 -1930.631660     4
   75 4.942213 -2177
   76 -1568.381648     8
   77 10744.306442 21958
   78 2370.792906 -2390
   79 633.231891 -2423
   80 8213.199864 -2110
   81 291.369326  3195
   82 243.156647  3101
   83 -1179.770242     1
   84 -357.658141     9
   85 6815.310061  1250
   86 10213.288281 13695
   87 -1357.702760     1
   88 5455.228267 -2668
   89 -1026.289598     4
   90 4301.383311 11841
   91 13743.140871  3905
   92 -3802.945890     0
   93 -2170.444976     3
   94 879.543861 -2630
   95 55.395797 -2801
   96 2926.754527 20258
   97 -951.456636     1
   98 1480.088552 -2718
   99 11794.806759  7350
  100 12029.496036 -3230
