100
    1 135.838214     1
    2 20399.189776 22552
    3 23987.493810 27863
    4 15597.411266 -1935
    5 808.549299 -2497
    6 -1163.609278     2
    7 1859.404397  7882
    8 1119.152769  5438
    9 288.896001 -2390
   10 23676.459907  6863
   11 222.462822 -2493
   12 -1836.485837     6
   13 -8.112010     1
   14 -147.691307     8
   15 9395.623698 -3259
   16 13334.199458 24956
   17 1728.369244 -2849
   18 444.697024 -3232
   19 7746.711384 14573
   20 6998.915384 -3083
   21 -171.762591     2
   22 2427.350580 15275
   23 -941.366023     8
   24 -1806.992651     1
   25 -667.717899     1
   26 27246.257454 -2263
   27 8537.164842 20395
   28 16823.312889 -3111
   29 -3076.820892     3
   30 1498.494994 14985
   31 28973.922047 10343
   32 -2464.911724     5
   33 -565.702431     3
   34 11720.582867 -2852
   35 -1454.980874     3
   36 3166.832513 21647
   37 6082.621310 -2309
   38 4751.686478  1257
   39 285.438040 -3064
   40 1740.291544  2568
   41 -497.896260     2
   42 9820.393394 15949
   43 3101.531291 13544
   44 939.673078 23714
   45 -471.054000     4
   46 385.493225 10842
   47 19326.555608 15863
   48 -941.088546     9
   49 8351.193665 -3003
   50 2846.159887  1573
   51 -1765.972733     9
   52 -1679.117584     1
   53 34660.074186   314
   54 -723.490837     1
   55 4845.949812 23513
   56 4095.766914 32017
   57 -965.340475     4
   58 6764.879690 -2540
   59 -856.323012     8
   60 18415.618379 31213
   61 -885.903258     1
   62 14459.875182 31927
   63 909.684493 31951
   64 -1945.490169     5
   65 -1044.846092     9
   66 10371.667555 18283
   67 7024.082452 14765
   68 1125.468421 27953
   69 1504.426844  4234
   70 13652.167144  6832
   71 22765.601265  6524
   72 11289.386794 -2711
   73 -1058.332101     4
   74 -680.415431     4
   75 256.288965 -2177
   76 -845.238166     8
   77 14537.766858 21958
   78 14482.816227 -2390
   79 511.389730 -2423
   80 1642.269072 -2110
   81 258.063083  3195
   82 280.037982  3101
   83 -121.564879     1
   84 -742.907903     9
   85 11022.528928  1250
   86 4753.611769 13695
   87 -199.674886     1
   88 9335.059408 -2668
   89 -2128.456215     4
   90 14706.218830 11841
   91 6381.354391  3905
   92 -530.899288     0
   93 -1060.573700     3
   94 360.588836 -2630
   95 284.318746 -2801
   96 3582.915828 20258
   97 -401.711867     1
   98 18317.742122 -2718
   99 2800.410314  7350
  100 1181.445129 -3230
