300
    1 333.887995     1
    2 16140.677355 22552
    3 1056.255059 27863
    4 28037.480215 -1935
    5 1230.637874 -2497
    6 -712.648237     2
    7 4552.047093  7882
    8 14843.412544  5438
    9 4589.406571 -2390
   10 16436.037452  6863
   11 974.377980 -2493
   12 -96.777072     6
   13 -798.286361     1
   14 -198.369594     8
   15 9079.723672 -3259
   16 12795.829264 24956
   17 6374.044520 -2849
   18 202.858167 -3232
   19 3887.383432 14573
   20 4230.973244 -3083
   21 -2482.320651     2
   22 3172.401705 15275
   23 -1978.190400     8
   24 -888.404503     1
   25 -59.128290     1
   26 12265.021327 -2263
   27 12597.207523 20395
   28 8380.896815 -3111
   29 -1536.701324     3
   30 682.952807 14985
   31 18101.201009 10343
   32 -1082.146479     5
   33 -1452.444466     3
   34 20680.317928 -2852
   35 -1050.643485     3
   36 2292.516512 21647
   37 324.487635 -2309
   38 2177.008396  1257
   39 5951.322969 -3064
   40 3677.052567  2568
   41 -808.378639     2
   42 23258.638471 15949
   43 4273.596396 13544
   44 4157.933554 23714
   45 -1537.253088     4
   46 3583.405555 10842
   47 15567.552975 15863
   48 -1282.738842     9
   49 13135.354683 -3003
   50 3069.281094  1573
   51 -1105.084498     9
   52 -1442.597273     1
   53 18301.845118   314
   54 -173.887828     1
   55 2073.152156 23513
   56 3837.055585 32017
   57 -1077.646501     4
   58 5828.306158 -2540
   59 -2046.672935     8
   60 981.084319 31213
   61 -595.912415     1
   62 5839.217252 31927
   63 4437.859124 31951
   64 -700.244699     5
   65 -1410.547919     9
   66 2896.059124 18283
   67 4260.287043 14765
   68 911.043617 27953
   69 7640.092442  4234
   70 21024.701370  6832
   71 3444.636506  6524
   72 7218.574683 -2711
   73 -516.926576     4
   74 -1462.100903     4
   75 105.877172 -2177
   76 -3577.290699     8
   77 8004.963961 21958
   78 4712.590086 -2390
   79 64.651114 -2423
   80 11477.897970 -2110
   81 42.938451  3195
   82 865.964750  3101
   83 -21.066366     1
   84 -513.762098     9
   85 2666.835786  1250
   86 25273.153170 13695
   87 -42.314643     1
   88 2728.133845 -2668
   89 -1110.368527     4
   90 6836.415916 11841
   91 5202.507594  3905
   92 -68.949591     0
   93 -919.979925     3
   94 196.350727 -2630
   95 150.284225 -2801
   96 7276.176035 20258
   97 -1671.488664     1
   98 2306.244182 -2718
   99 2516.393638  7350
  100 3457.810139 -3230
  101 2864.214768  6709
  102 -1803.290315     5
  103 -838.547965     2
  104 20447.785622 10814
  105 41.188664 -2651
  106 3698.944045  1080
  107 19558.973656 23377
  108 -1080.935325     7
  109 18351.381215  1281
  110 -92.877979     0
  111 1875.272057 12350
  112 6126.907061 -1920
  113 7481.270404 21527
  114 18811.915079 28488
  115 18989.256344 12613
  116 2450.054589 25599
  117 -1361.648909     3
  118 -1219.463779     2
  119 8811.693752 11817
  120 -1052.709033     4
  121 3560.512787   876
  122 7534.506809 21854
  123 -598.429631     2
  124 17353.790167   546
  125 1571.789348 -1913
  126 3387.317273 32558
  127 24.688811 29437
  128 2423.350251 32051
  129 -2291.180288     1
  130 34.951198 12216
  131 -88.228363     7
  132 -885.514302     0
  133 1321.493732 -1966
  134 27037.028651 16240
  135 -239.973925     7
  136 17152.209791  3066
  137 3909.905658  3236
  138 10333.626235 -3156
  139 10108.754753 26575
  140 -544.207472     2
  141 2823.843325 23859
  142 1417.116214 -2212
  143 544.667466 15705
  144 1043.048979 14460
  145 -333.747626     6
  146 2015.295162 26421
  147 3457.759578 10799
  148 -134.677002     2
  149 13253.666146 30348
  150 4089.780553 14927
  151 4789.425279 -2981
  152 7127.398818  4176
  153 631.839978  3369
  154 220.637203 -3090
  155 6149.207095 -2741
  156 3110.818789 26851
  157 667.986040 29251
  158 -528.707663     2
  159 -1940.249069     5
  160 436.380867 13900
  161 -953.700890     5
  162 -404.200652     8
  163 636.775383 18562
  164 -678.714967     1
  165 412.194946 -2146
  166 -766.482801     7
  167 -619.172876     3
  168 2197.857063 32150
  169 10175.001544 -2166
  170 -169.720552     1
  171 -2139.027168     1
  172 9884.648171 24598
  173 4197.217648 14057
  174 10325.958757 -2884
  175 -543.831216     6
  176 -39.224203     3
  177 3998.527063 31434
  178 -794.625545     7
  179 1195.862265 11021
  180 3941.172917 19654
  181 951.453719 31837
  182 -990.488542     4
  183 9547.728569 14952
  184 9545.308419 26785
  185 5456.695422  6455
  186 19695.196105 -1650
  187 1447.306737 -2588
  188 -1320.837260     0
  189 -81.042489     0
  190 10658.555562 13760
  191 1658.110443 -2091
  192 -236.888496     5
  193 6437.067516 29565
  194 1379.495497 -1681
  195 -910.530696     5
  196 15754.259828 -1684
  197 -920.944397     6
  198 2933.510101 17659
  199 41386.164456 -3088
  200 271.690031  6147
  201 9650.630672 30936
  202 1763.840447 26161
  203 -2098.655833     4
  204 543.244942 29234
  205 -412.336841     2
  206 1323.466412 12201
  207 -603.766389     0
  208 3925.772544 -2474
  209 1117.624401 11251
  210 12919.133172 11128
  211 928.379437 18494
  212 7328.694610 -1593
  213 940.878208 -2437
  214 -437.042436     2
  215 5359.373696 -1846
  216 6478.887714  1154
  217 2288.579177 15143
  218 6560.380839 -3103
  219 10134.413157 16679
  220 5692.912048 -2764
  221 9865.653893  1476
  222 231.378772 19127
  223 367.494261  5680
  224 4548.884640  2168
  225 -505.638078     4
  226 22945.720791 25072
  227 -3472.858841     6
  228 9918.743920  3095
  229 -373.960844     0
  230 205.002934 -3242
  231 3515.606342 11398
  232 -1212.117244     7
  233 -508.053739     7
  234 -102.662109     3
  235 -462.374586     3
  236 2389.252397 31779
  237 3353.010290 25768
  238 -651.431467     4
  239 -406.494690     3
  240 -1223.145086     5
  241 12426.755735  9045
  242 6717.522683 28477
  243 884.955768 25507
  244 1105.374512 27680
  245 5445.775651  6344
  246 -1182.811520     3
  247 5289.987013 -1812
  248 152.363029 -2751
  249 -670.266166     2
  250 5211.491792 19993
  251 -1281.334578     9
  252 7648.791906   131
  253 816.307703 26725
  254 4619.815579 -2571
  255 -357.844646     4
  256 -826.672003     3
  257 3729.718097 -2715
  258 5289.637860 11874
  259 22470.606989 -2572
  260 -509.175631     3
  261 -1029.056925     2
  262 7370.109664 -2630
  263 -321.438732     0
  264 6992.085934  1231
  265 4869.366952 13187
  266 697.216491  7031
  267 4794.416465 -2424
  268 12394.589327 12441
  269 2954.003122 -2748
  270 7939.116801 27996
  271 20477.982841 20832
  272 3284.594909 -2129
  273 -396.502008     0
  274 4359.547996  3973
  275 4376.115082  9596
  276 743.902570 29864
  277 9558.920410  8226
  278 1089.109327  8125
  279 2236.503246  1936
  280 6464.062408   519
  281 -1360.471194     3
  282 320.404580 20779
  283 78.099241  5897
  284 -2287.769069     8
  285 -75.758435     1
  286 -1856.582878     7
  287 3514.720988 13467
  288 20019.578860 -2093
  289 473.432776 -1755
  290 4053.269612 15224
  291 12511.387404 16581
  292 -116.859952     2
  293 5318.875305 -2489
  294 1534.208871 12038
  295 13791.110803 14498
  296 -1049.975158     1
  297 1.482426 -3250
  298 886.289994 32570
  299 -3156.966532     9
  300 -1196.838089     5
