300
    1 1171.637460     1
    2 23766.373520 22552
    3 5608.002729 27863
    4 17177.105273 -1935
    5 2815.794812 -2497
    6 -1491.523942     2
    7 6778.782970  7882
    8 12773.951600  5438
    9 3582.422742 -2390
   10 3213.818194  6863
   11 965.238009 -2493
   12 -104.656940     6
   13 -1455.967798     1
   14 -169.224876     8
   15 6767.286075 -3259
   16 1948.045567 24956
   17 4334.088801 -2849
   18 162.032674 -3232
   19 573.984945 14573
   20 655.018719 -3083
   21 -116.915106     2
   22 3163.706683 15275
   23 -445.742337     8
   24 -2567.885813     1
   25 -546.467696     1
   26 9873.343383 -2263
   27 6283.229045 20395
   28 5730.686376 -3111
   29 -107.793515     3
   30 1165.168844 14985
   31 21903.870053 10343
   32 -1302.917711     5
   33 -219.548300     3
   34 953.549709 -2852
   35 -92.169929     3
   36 4676.652356 21647
   37 1997.420637 -2309
   38 9817.377107  1257
   39 12619.084154 -3064
   40 12467.392758  2568
   41 -222.709831     2
   42 4273.890300 15949
   43 1877.045627 13544
   44 402.068297 23714
   45 -3394.571681     4
   46 2752.694988 10842
   47 210.457511 15863
   48 -897.396643     9
   49 2578.367969 -3003
   50 11629.490647  1573
   51 -12.682027     9
   52 -531.660290     1
   53 4820.374006   314
   54 -276.597195     1
   55 1927.854880 23513
   56 425.467748 32017
   57 -873.998858     4
   58 1424.981486 -2540
   59 -639.616213     8
   60 2908.099737 31213
   61 -1302.951322     1
   62 1092.069108 31927
   63 2446.545407 31951
   64 -1708.062576     5
   65 -1534.261114     9
   66 8954.063142 18283
   67 731.925317 14765
   68 656.929456 27953
   69 2980.626789  4234
   70 13707.833075  6832
   71 33398.876154  6524
   72 11979.302140 -2711
   73 -153.453077     4
   74 -392.130544     4
   75 29.736616 -2177
   76 -1585.250158     8
   77 2564.131741 21958
   78 63.979428 -2390
   79 64.347133 -2423
   80 842.800276 -2110
   81 1242.235536  3195
   82 788.202427  3101
   83 -1077.370881     1
   84 -240.807039     9
   85 8980.665460  1250
   86 4742.789038 13695
   87 -1194.487990     1
   88 9830.940542 -2668
   89 -237.036908     4
   90 18220.516572 11841
   91 8571.891876  3905
   92 -249.229612     0
   93 -224.832641     3
   94 2054.335075 -2630
   95 63.685289 -2801
   96 7589.909228 20258
   97 -64.182477     1
   98 6490.926224 -2718
   99 10072.330065  7350
  100 12026.548212 -3230
  101 976.020069  6709
  102 -1726.132245     5
  103 -902.669135     2
  104 22924.088255 10814
  105 12.021719 -2651
  106 409.092440  1080
  107 5979.872735 23377
  108 -994.041015     7
  109 2570.867112  1281
  110 -1411.705522     0
  111 129.886174 12350
  112 27950.111158 -1920
  113 5296.602133 21527
  114 779.423853 28488
  115 1707.639901 12613
  116 21468.917756 25599
  117 -753.264465     3
  118 -143.112979     2
  119 812.194995 11817
  120 -1139.194340     4
  121 34005.001356   876
  122 11623.033932 21854
  123 -757.215678     2
  124 292.772309   546
  125 2227.563009 -1913
  126 5920.974353 32558
  127 4.375285 29437
  128 12986.993552 32051
  129 -35.713138     1
  130 39.780072 12216
  131 -745.212735     7
  132 -566.865764     0
  133 4980.227674 -1966
  134 34199.305713 16240
  135 -634.152023     7
  136 2389.873203  3066
  137 478.856574  3236
  138 24616.096882 -3156
  139 8373.264424 26575
  140 -69.222319     2
  141 55.192925 23859
  142 7483.023614 -2212
  143 23077.121601 15705
  144 15611.164676 14460
  145 -22.969844     6
  146 9497.511890 26421
  147 1565.712106 10799
  148 -1933.049131     2
  149 129.640271 30348
  150 3902.477926 14927
  151 6237.756776 -2981
  152 10971.469887  4176
  153 1055.811018  3369
  154 7270.724424 -3090
  155 1140.299380 -2741
  156 5098.569089 26851
  157 1421.882769 29251
  158 -159.004847     2
  159 -2660.042079     5
  160 94.507826 13900
  161 -579.341761     5
  162 -1946.438736     8
  163 1824.893574 18562
  164 -1250.956108     1
  165 4862.255623 -2146
  166 -2901.050804     7
  167 -463.827094     3
  168 2372.328723 32150
  169 13232.703471 -2166
  170 -1778.475179     1
  171 -252.273349     1
  172 2466.331273 24598
  173 2097.838921 14057
  174 600.370725 -2884
  175 -289.159891     6
  176 -164.508810     3
  177 239.187914 31434
  178 -108.892865     7
  179 2278.407681 11021
  180 2481.643911 19654
  181 2900.673168 31837
  182 -645.154132     4
  183 15839.573547 14952
  184 1135.460538 26785
  185 330.696093  6455
  186 3941.661027 -1650
  187 6129.268660 -2588
  188 -537.221081     0
  189 -968.182912     0
  190 15428.622419 13760
  191 4735.619503 -2091
  192 -912.058823     5
  193 15513.777612 29565
  194 6494.494241 -1681
  195 -2126.247003     5
  196 3476.298842 -1684
  197 -892.543305     6
  198 16740.302754 17659
  199 8895.075489 -3088
  200 12214.145342  6147
  201 8412.043195 30936
  202 6189.242724 26161
  203 -347.103193     4
  204 480.970193 29234
  205 -1427.805353     2
  206 367.330315 12201
  207 -2039.412228     0
  208 2900.210171 -2474
  209 5497.078195 11251
  210 14952.158721 11128
  211 71.866102 18494
  212 19992.629887 -1593
  213 2415.553695 -2437
  214 -1020.778593     2
  215 13811.682303 -1846
  216 4939.003315  1154
  217 5114.737135 15143
  218 957.281107 -3103
  219 8904.360601 16679
  220 11386.082481 -2764
  221 1539.153368  1476
  222 16281.376700 19127
  223 2850.215466  5680
  224 17344.230942  2168
  225 -237.254973     4
  226 9728.346294 25072
  227 -973.830537     6
  228 29760.117654  3095
  229 -135.855554     0
  230 1545.864826 -3242
  231 1615.311963 11398
  232 -1838.593470     7
  233 -511.315163     7
  234 -0.078966     3
  235 -208.050641     3
  236 15125.953096 31779
  237 1358.260553 25768
  238 -143.143196     4
  239 -6.094965     3
  240 -856.948312     5
  241 21074.201605  9045
  242 17736.310938 28477
  243 6176.486268 25507
  244 3254.547863 27680
  245 5570.493025  6344
  246 -244.348027     3
  247 5126.793171 -1812
  248 26.779996 -2751
  249 -1136.888042     2
  250 716.429550 19993
  251 -874.397830     9
  252 1997.926992   131
  253 645.913126 26725
  254 5883.361469 -2571
  255 -71.528836     4
  256 -1415.334343     3
  257 1246.974190 -2715
  258 14293.524433 11874
  259 39187.201709 -2572
  260 -156.694513     3
  261 -546.697641     2
  262 15520.355920 -2630
  263 -1008.223652     0
  264 24168.619358  1231
  265 1562.604297 13187
  266 2522.963788  7031
  267 2187.309982 -2424
  268 16981.859692 12441
  269 15871.158858 -2748
  270 6758.675877 27996
  271 5929.155347 20832
  272 3831.571326 -2129
  273 -1639.985421     0
  274 15315.766602  3973
  275 4737.135009  9596
  276 2517.866761 29864
  277 5493.019004  8226
  278 3733.392693  8125
  279 1515.750100  1936
  280 895.115876   519
  281 -2136.148829     3
  282 6992.956286 20779
  283 43.674991  5897
  284 -55.700374     8
  285 -549.093933     1
  286 -5.331175     7
  287 688.837385 13467
  288 2659.562061 -2093
  289 20227.616134 -1755
  290 3244.047073 15224
  291 12352.116587 16581
  292 -373.491353     2
  293 2911.386269 -2489
  294 31189.431504 12038
  295 6505.639986 14498
  296 -382.536396     1
  297 140.060958 -3250
  298 1391.372252 32570
  299 -270.845931     9
  300 -1022.400676     5
