300
    1 652.926171     1
    2 9408.269655 22552
    3 7896.748191 27863
    4 1007.911179 -1935
    5 642.899318 -2497
    6 -273.179102     2
    7 4738.188164  7882
    8 8465.096004  5438
    9 519.476645 -2390
   10 794.997046  6863
   11 381.888150 -2493
   12 -907.670561     6
   13 -208.018812     1
   14 -618.433363     8
   15 15763.335820 -3259
   16 6920.727511 24956
   17 10469.938578 -2849
   18 41.458949 -3232
   19 11698.558817 14573
   20 12575.939922 -3083
   21 -2861.720154     2
   22 2002.460146 15275
   23 -2976.935411     8
   24 -998.608882     1
   25 -471.581486     1
   26 26084.949380 -2263
   27 10254.610527 20395
   28 5563.688691 -3111
   29 -1884.286442     3
   30 827.001336 14985
   31 7426.497140 10343
   32 -48.248161     5
   33 -227.070315     3
   34 11858.803422 -2852
   35 -669.038819     3
   36 19194.842932 21647
   37 3763.197313 -2309
   38 3249.302250  1257
   39 2525.584724 -3064
   40 6177.690493  2568
   41 -106.272689     2
   42 6705.821715 15949
   43 1818.447723 13544
   44 4509.691461 23714
   45 -1038.549652     4
   46 4262.066226 10842
   47 19038.121901 15863
   48 -1614.023419     9
   49 24158.571322 -3003
   50 1864.000791  1573
   51 -1411.246515     9
   52 -306.213087     1
   53 5276.194167   314
   54 -2180.943384     1
   55 4529.167056 23513
   56 9982.213051 32017
   57 -2079.791604     4
   58 3986.639228 -2540
   59 -946.660230     8
   60 10405.450680 31213
   61 -169.231061     1
   62 12759.790145 31927
   63 7628.435625 31951
   64 -597.316325     5
   65 -345.469101     9
   66 4698.718279 18283
   67 759.614693 14765
   68 638.093752 27953
   69 133.024011  4234
   70 9608.253284  6832
   71 17202.167765  6524
   72 9437.146227 -2711
   73 -342.253150     4
   74 -1366.824707     4
   75 3.798585 -2177
   76 -1697.799116     8
   77 19848.139244 21958
   78 3095.341770 -2390
   79 64.931238 -2423
   80 2548.481354 -2110
   81 79.406976  3195
   82 1478.178666  3101
   83 -640.051988     1
   84 -1877.688455     9
   85 7362.555143  1250
   86 5887.223730 13695
   87 -2114.023451     1
   88 1458.310665 -2668
   89 -623.162257     4
   90 14405.423155 11841
   91 4441.530826  3905
   92 -2207.246968     0
   93 -260.367445     3
   94 1496.537505 -2630
   95 615.552029 -2801
   96 3688.406828 20258
   97 -2121.938717     1
   98 28680.873608 -2718
   99 2208.053750  7350
  100 1392.661309 -3230
  101 7142.106530  6709
  102 -1601.825689     5
  103 -1841.611695     2
  104 4301.388361 10814
  105 27.837944 -2651
  106 7119.372468  1080
  107 23144.632246 23377
  108 -907.804388     7
  109 3845.812543  1281
  110 -1414.629044     0
  111 735.191418 12350
  112 19115.681503 -1920
  113 205.784806 21527
  114 5587.819790 28488
  115 5385.757750 12613
  116 20167.493157 25599
  117 -116.403053     3
  118 -17.342416     2
  119 1855.857456 11817
  120 -1194.302743     4
  121 16530.059180   876
  122 1623.888716 21854
  123 -2033.918496     2
  124 3605.324813   546
  125 29.077637 -1913
  126 3168.459297 32558
  127 7.104979 29437
  128 11366.265945 32051
  129 -3061.032330     1
  130 127.942961 12216
  131 -352.879067     7
  132 -254.890209     0
  133 1795.773768 -1966
  134 462.937459 16240
  135 -396.745946     7
  136 16504.890862  3066
  137 430.355197  3236
  138 16961.691556 -3156
  139 30225.263781 26575
  140 -1630.319277     2
  141 4011.573298 23859
  142 3894.562108 -2212
  143 6800.955837 15705
  144 19679.276062 14460
  145 -365.511048     6
  146 8742.305440 26421
  147 391.835236 10799
  148 -2579.706980     2
  149 127.753534 30348
  150 1349.694964 14927
  151 2699.455126 -2981
  152 14938.365207  4176
  153 793.634837  3369
  154 1589.441474 -3090
  155 53.812995 -2741
  156 3275.545339 26851
  157 334.728835 29251
  158 -1769.185261     2
  159 -162.073780     5
  160 2086.288469 13900
  161 -135.658899     5
  162 -774.066928     8
  163 47.414123 18562
  164 -1458.379676     1
  165 396.302716 -2146
  166 -453.794062     7
  167 -393.822807     3
  168 6249.023229 32150
  169 1139.690358 -2166
  170 -920.693142     1
  171 -56.844844     1
  172 13630.534122 24598
  173 2958.255776 14057
  174 2019.136203 -2884
  175 -704.365512     6
  176 -1007.287138     3
  177 1515.442274 31434
  178 -301.547376     7
  179 10999.043857 11021
  180 15301.785170 19654
  181 11117.593800 31837
  182 -19.075490     4
  183 15545.353765 14952
  184 3705.074938 26785
  185 4614.575197  6455
  186 4338.931926 -1650
  187 3462.609462 -2588
  188 -1282.224841     0
  189 -133.130909     0
  190 16502.485733 13760
  191 1371.651258 -2091
  192 -71.485293     5
  193 15872.516403 29565
  194 1800.847083 -1681
  195 -323.437181     5
  196 3041.334172 -1684
  197 -186.765342     6
  198 801.532528 17659
  199 27491.317985 -3088
  200 9684.605431  6147
  201 3042.833804 30936
  202 16158.899139 26161
  203 -93.483907     4
  204 271.174599 29234
  205 -424.721816     2
  206 1585.987014 12201
  207 -1007.409027     0
  208 3736.804893 -2474
  209 2415.483495 11251
  210 11674.640618 11128
  211 77.391545 18494
  212 10963.170053 -1593
  213 654.903199 -2437
  214 -660.413314     2
  215 2554.300507 -1846
  216 1630.818877  1154
  217 1914.443454 15143
  218 1854.390551 -3103
  219 2932.115866 16679
  220 10309.235780 -2764
  221 16698.771347  1476
  222 4434.347637 19127
  223 634.187832  5680
  224 10249.378367  2168
  225 -363.128466     4
  226 16343.174540 25072
  227 -415.011460     6
  228 4838.776553  3095
  229 -759.978033     0
  230 724.639489 -3242
  231 15127.284956 11398
  232 -1.155837     7
  233 -736.100835     7
  234 -1036.371924     3
  235 -262.250080     3
  236 3597.452970 31779
  237 495.732471 25768
  238 -256.719250     4
  239 -1000.434293     3
  240 -992.382050     5
  241 7694.684130  9045
  242 8977.814062 28477
  243 8163.116899 25507
  244 2760.038521 27680
  245 19937.202698  6344
  246 -1622.814857     3
  247 9592.034525 -1812
  248 292.979586 -2751
  249 -1228.892402     2
  250 3237.946576 19993
  251 -2344.881008     9
  252 3486.419692   131
  253 1278.770907 26725
  254 3080.300544 -2571
  255 -510.223274     4
  256 -1057.798879     3
  257 6236.138752 -2715
  258 191.218932 11874
  259 10113.480679 -2572
  260 -1484.690368     3
  261 -1291.300783     2
  262 7451.321979 -2630
  263 -1478.467296     0
  264 9738.696318  1231
  265 2834.017657 13187
  266 2211.579915  7031
  267 15273.971441 -2424
  268 6879.150014 12441
  269 3842.505705 -2748
  270 9789.610816 27996
  271 13500.464716 20832
  272 4437.299775 -2129
  273 -1381.872155     0
  274 5968.657087  3973
  275 1564.361606  9596
  276 3421.819983 29864
  277 16864.532512  8226
  278 846.020285  8125
  279 2936.188819  1936
  280 11347.832945   519
  281 -517.594689     3
  282 2622.387681 20779
  283 21.346390  5897
  284 -1152.766416     8
  285 -1075.540943     1
  286 -837.055021     7
  287 2917.994546 13467
  288 8543.507767 -2093
  289 16594.483838 -1755
  290 2418.203913 15224
  291 11041.238349 16581
  292 -1229.568525     2
  293 4882.211972 -2489
  294 5576.504120 12038
  295 16786.572469 14498
  296 -1047.734823     1
  297 841.957800 -3250
  298 8941.648309 32570
  299 -2111.999388     9
  300 -673.036638     5
