300
    1 6083.892898     1
    2 17598.078102 22552
    3 4488.338167 27863
    4 3610.371591 -1935
    5 2419.797018 -2497
    6 -372.432725     2
    7 20223.705871  7882
    8 6483.446833  5438
    9 172.597994 -2390
   10 3372.640158  6863
   11 636.573994 -2493
   12 -364.648192     6
   13 -1025.827915     1
   14 -894.710428     8
   15 3956.233901 -3259
   16 1301.690754 24956
   17 6348.843019 -2849
   18 43.508554 -3232
   19 15631.362874 14573
   20 766.269113 -3083
   21 -1279.440200     2
   22 2909.990092 15275
   23 -686.776275     8
   24 -1746.303034     1
   25 -511.781897     1
   26 7981.280164 -2263
   27 1959.780500 20395
   28 4075.704455 -3111
   29 -1799.932470     3
   30 2387.247808 14985
   31 19379.846776 10343
   32 -68.896081     5
   33 -1320.544265     3
   34 22032.952467 -2852
   35 -247.041985     3
   36 28423.162409 21647
   37 3823.186830 -2309
   38 13662.562610  1257
   39 248.690895 -3064
   40 6249.199213  2568
   41 -297.761728     2
   42 21070.220617 15949
   43 212.119973 13544
   44 5962.636645 23714
   45 -570.731187     4
   46 227.344276 10842
   47 3389.795251 15863
   48 -95.658572     9
   49 20341.404937 -3003
   50 27686.507545  1573
   51 -275.170014     9
   52 -181.812409     1
   53 10898.662982   314
   54 -245.387188     1
   55 1173.639338 23513
   56 4237.525254 32017
   57 -2.851677     4
   58 8946.724855 -2540
   59 -12.965540     8
   60 1201.174946 31213
   61 -187.922717     1
   62 3650.932039 31927
   63 19614.691535 31951
   64 -2343.584992     5
   65 -943.949236     9
   66 20945.493366 18283
   67 5172.355020 14765
   68 1266.791280 27953
   69 240.306709  4234
   70 9566.524628  6832
   71 4248.620648  6524
   72 12212.538348 -2711
   73 -1881.883218     4
   74 -591.611248     4
   75 16.440192 -2177
   76 -1661.747900     8
   77 5369.171619 21958
   78 17562.677653 -2390
   79 788.520506 -2423
   80 7556.788680 -2110
   81 394.347559  3195
   82 616.402555  3101
   83 -1848.841877     1
   84 -1595.192274     9
   85 6401.415872  1250
   86 43.266068 13695
   87 -1134.106569     1
   88 10882.205840 -2668
   89 -1949.576388     4
   90 25898.024561 11841
   91 42.294150  3905
   92 -836.095606     0
   93 -313.367340     3
   94 382.058443 -2630
   95 124.926103 -2801
   96 4462.388203 20258
   97 -2474.597276     1
   98 28529.671855 -2718
   99 964.223411  7350
  100 10462.822291 -3230
  101 17327.041320  6709
  102 -2026.900865     5
  103 -902.989776     2
  104 2749.042107 10814
  105 17.554314 -2651
  106 8674.776791  1080
  107 818.969477 23377
  108 -265.955090     7
  109 2498.655852  1281
  110 -1991.663464     0
  111 5061.723710 12350
  112 5919.498786 -1920
  113 3678.880138 21527
  114 1256.650848 28488
  115 15323.419595 12613
  116 23432.652023 25599
  117 -2166.360742     3
  118 -1010.541774     2
  119 11412.713008 11817
  120 -2251.288969     4
  121 5136.855822   876
  122 5973.427594 21854
  123 -156.451698     2
  124 23385.658373   546
  125 44.358853 -1913
  126 3517.409745 32558
  127 107.787478 29437
  128 11106.260311 32051
  129 -93.865966     1
  130 159.627235 12216
  131 -521.852933     7
  132 -206.236082     0
  133 1871.483258 -1966
  134 697.382999 16240
  135 -399.169288     7
  136 22220.393607  3066
  137 2246.907109  3236
  138 28.333606 -3156
  139 3750.300012 26575
  140 -109.272723     2
  141 2744.797967 23859
  142 12275.221134 -2212
  143 23569.155034 15705
  144 21177.676310 14460
  145 -981.803328     6
  146 17737.173492 26421
  147 668.112634 10799
  148 -77.186421     2
  149 7230.336807 30348
  150 1623.745043 14927
  151 9882.618294 -2981
  152 3408.726471  4176
  153 83.567093  3369
  154 2163.885613 -3090
  155 9.749172 -2741
  156 8642.284031 26851
  157 1218.966438 29251
  158 -206.287132     2
  159 -407.962675     5
  160 531.737986 13900
  161 -374.027252     5
  162 -1450.247087     8
  163 733.772388 18562
  164 -2.246453     1
  165 417.134557 -2146
  166 -1838.475381     7
  167 -293.088415     3
  168 456.999209 32150
  169 4904.754064 -2166
  170 -47.335601     1
  171 -1072.125584     1
  172 11896.134517 24598
  173 883.619750 14057
  174 2750.377310 -2884
  175 -446.579506     6
  176 -1057.247175     3
  177 5677.773064 31434
  178 -820.095766     7
  179 6108.524979 11021
  180 2575.186513 19654
  181 12673.235522 31837
  182 -974.328533     4
  183 25487.202431 14952
  184 2933.486012 26785
  185 6778.733862  6455
  186 10588.084487 -1650
  187 7944.898519 -2588
  188 -694.677623     0
  189 -21.222109     0
  190 5191.253490 13760
  191 245.305063 -2091
  192 -400.012457     5
  193 6826.505171 29565
  194 1605.769060 -1681
  195 -1777.680341     5
  196 173.839339 -1684
  197 -387.635133     6
  198 3324.851568 17659
  199 24119.014670 -3088
  200 20.196284  6147
  201 1747.119415 30936
  202 55.936647 26161
  203 -360.936579     4
  204 703.522770 29234
  205 -2256.196045     2
  206 11673.184428 12201
  207 -1987.599934     0
  208 1736.186150 -2474
  209 12654.958983 11251
  210 16065.265263 11128
  211 993.566570 18494
  212 4910.684459 -1593
  213 2069.214078 -2437
  214 -614.345579     2
  215 5086.680557 -1846
  216 428.091769  1154
  217 4145.302347 15143
  218 2786.333286 -3103
  219 8534.949241 16679
  220 703.188223 -2764
  221 146.691711  1476
  222 17393.659022 19127
  223 769.489462  5680
  224 28732.242132  2168
  225 -975.922698     4
  226 711.583594 25072
  227 -710.007719     6
  228 22416.203369  3095
  229 -1147.204984     0
  230 474.725037 -3242
  231 1301.593209 11398
  232 -1126.714899     7
  233 -354.617130     7
  234 -281.980042     3
  235 -522.827794     3
  236 38.963395 31779
  237 512.488999 25768
  238 -1665.374037     4
  239 -110.597768     3
  240 -1180.886736     5
  241 33289.601544  9045
  242 13298.801090 28477
  243 3447.298373 25507
  244 6915.920759 27680
  245 22318.130785  6344
  246 -1544.953802     3
  247 1811.170869 -1812
  248 391.361302 -2751
  249 -450.703547     2
  250 6152.941147 19993
  251 -277.775035     9
  252 308.021331   131
  253 2700.301154 26725
  254 17386.130422 -2571
  255 -182.974215     4
  256 -1829.072232     3
  257 433.392497 -2715
  258 3924.822877 11874
  259 1649.760023 -2572
  260 -3222.343598     3
  261 -2475.212309     2
  262 3884.341146 -2630
  263 -381.247278     0
  264 4501.023759  1231
  265 3086.780316 13187
  266 5206.666107  7031
  267 3383.968535 -2424
  268 26409.042899 12441
  269 1409.369747 -2748
  270 19320.951441 27996
  271 28087.430561 20832
  272 7883.643282 -2129
  273 -1631.559898     0
  274 14649.645986  3973
  275 1619.096719  9596
  276 666.759908 29864
  277 5275.930221  8226
  278 2360.225594  8125
  279 402.103915  1936
  280 17135.115547   519
  281 -1740.588222     3
  282 13430.079970 20779
  283 147.717517  5897
  284 -2226.999150     8
  285 -172.440061     1
  286 -1962.434298     7
  287 5136.483221 13467
  288 4884.995091 -2093
  289 374.924612 -1755
  290 4442.216168 15224
  291 2329.662233 16581
  292 -1206.572398     2
  293 1184.931194 -2489
  294 36277.711784 12038
  295 3737.360618 14498
  296 -1608.901238     1
  297 204.455857 -3250
  298 355.522026 32570
  299 -607.902850     9
  300 -381.258821     5
