300
    1 11130.912735     1
    2 23673.118540 22552
    3 3093.540061 27863
    4 6321.937588 -1935
    5 4842.251035 -2497
    6 -626.214269     2
    7 1432.311981  7882
    8 8717.490951  5438
    9 3854.033441 -2390
   10 30534.960373  6863
   11 447.730079 -2493
   12 -85.637142     6
   13 -1205.230720     1
   14 -2231.223126     8
   15 13045.191997 -3259
   16 9509.370259 24956
   17 4128.074590 -2849
   18 459.839528 -3232
   19 5797.096221 14573
   20 9987.033803 -3083
   21 -3124.183764     2
   22 3596.947824 15275
   23 -2175.347782     8
   24 -652.457089     1
   25 -214.023606     1
   26 3730.809050 -2263
   27 2107.629598 20395
   28 5890.947787 -3111
   29 -1744.880668     3
   30 1282.038651 14985
   31 3984.739983 10343
   32 -2298.855015     5
   33 -963.671519     3
   34 9695.125138 -2852
   35 -485.500806     3
   36 2469.226089 21647
   37 9714.356812 -2309
   38 2287.396383  1257
   39 7701.694300 -3064
   40 1558.898681  2568
   41 -2426.123568     2
   42 12545.869285 15949
   43 2782.432753 13544
   44 32.772027 23714
   45 -235.034321     4
   46 2054.737675 10842
   47 2826.175725 15863
   48 -226.147584     9
   49 1594.100125 -3003
   50 15684.450197  1573
   51 -1055.587360     9
   52 -1280.867933     1
   53 2271.711404   314
   54 -2822.234848     1
   55 5795.189943 23513
   56 4150.835469 32017
   57 -1354.219711     4
   58 6144.005123 -2540
   59 -762.959440     8
   60 16713.418489 31213
   61 -3726.331406     1
   62 1264.902023 31927
   63 29231.350830 31951
   64 -1320.565491     5
   65 -833.647552     9
   66 3168.619420 18283
   67 2888.458298 14765
   68 1462.695467 27953
   69 5087.452045  4234
   70 9534.821294  6832
   71 7590.519585  6524
   72 15137.780295 -2711
   73 -1039.666365     4
   74 -1140.170329     4
   75 24.987510 -2177
   76 -385.706532     8
   77 24766.438953 21958
   78 761.109426 -2390
   79 267.612098 -2423
   80 83.562471 -2110
   81 651.753495  3195
   82 1130.664434  3101
   83 -1179.908568     1
   84 -240.999868     9
   85 11164.461881  1250
   86 6040.353019 13695
   87 -353.182090     1
   88 15598.170490 -2668
   89 -834.588306     4
   90 4375.226197 11841
   91 5092.770398  3905
   92 -1550.679345     0
   93 -681.799943     3
   94 1047.739874 -2630
   95 96.351039 -2801
   96 4378.014549 20258
   97 -2921.165936     1
   98 22071.082532 -2718
   99 17420.708346  7350
  100 377.712128 -3230
  101 2995.417501  6709
  102 -4611.984854     5
  103 -323.588445     2
  104 3657.670460 10814
  105 7.271897 -2651
  106 5255.827595  1080
  107 7461.054971 23377
  108 -787.889508     7
  109 2358.105325  1281
  110 -862.941445     0
  111 4802.873967 12350
  112 16164.033470 -1920
  113 6018.485319 21527
  114 3313.865958 28488
  115 2378.701109 12613
  116 7617.035224 25599
  117 -3132.927275     3
  118 -112.449154     2
  119 2016.746259 11817
  120 -1046.961903     4
  121 1337.609817   876
  122 3378.789074 21854
  123 -2430.818123     2
  124 19616.341776   546
  125 4397.896688 -1913
  126 2584.801499 32558
  127 0.129088 29437
  128 18356.518716 32051
  129 -968.696793     1
  130 65.609842 12216
  131 -1221.376695     7
  132 -2398.938104     0
  133 9580.096364 -1966
  134 4999.904368 16240
  135 -496.071401     7
  136 1080.732323  3066
  137 8897.022986  3236
  138 4340.138597 -3156
  139 1060.526687 26575
  140 -411.011712     2
  141 2702.864147 23859
  142 1120.840150 -2212
  143 5463.797331 15705
  144 4372.489587 14460
  145 -448.200033     6
  146 7518.503787 26421
  147 2635.308403 10799
  148 -205.951005     2
  149 495.704952 30348
  150 5909.917905 14927
  151 3368.158903 -2981
  152 74.574406  4176
  153 863.805064  3369
  154 2429.514538 -3090
  155 8153.006818 -2741
  156 155.591147 26851
  157 378.929780 29251
  158 -833.838363     2
  159 -25.355903     5
  160 5069.033380 13900
  161 -943.272956     5
  162 -425.181219     8
  163 721.698703 18562
  164 -1812.037695     1
  165 2420.555890 -2146
  166 -1262.656235     7
  167 -886.012236     3
  168 11723.136351 32150
  169 3769.279697 -2166
  170 -757.155307     1
  171 -887.345795     1
  172 15583.101379 24598
  173 1098.672148 14057
  174 11981.969899 -2884
  175 -625.816770     6
  176 -2493.828454     3
  177 480.975113 31434
  178 -1291.986484     7
  179 4901.846514 11021
  180 444.789572 19654
  181 6186.242512 31837
  182 -106.130176     4
  183 3290.078895 14952
  184 12008.439512 26785
  185 4825.629590  6455
  186 3188.495188 -1650
  187 4002.711181 -2588
  188 -2823.946957     0
  189 -28.567216     0
  190 5277.138457 13760
  191 2370.533987 -2091
  192 -338.011079     5
  193 28856.959147 29565
  194 4938.043296 -1681
  195 -277.095612     5
  196 5898.228673 -1684
  197 -1120.943811     6
  198 5259.506203 17659
  199 13995.352356 -3088
  200 5643.896214  6147
  201 10575.123365 30936
  202 3126.489542 26161
  203 -1253.874613     4
  204 428.870121 29234
  205 -158.396518     2
  206 9854.962581 12201
  207 -456.405713     0
  208 4788.953796 -2474
  209 813.425510 11251
  210 5221.392659 11128
  211 1900.943057 18494
  212 27176.136812 -1593
  213 2042.753302 -2437
  214 -995.004030     2
  215 5663.371910 -1846
  216 6479.874712  1154
  217 7932.540826 15143
  218 1895.478531 -3103
  219 11214.914811 16679
  220 5574.916933 -2764
  221 6855.025721  1476
  222 22759.021840 19127
  223 891.935466  5680
  224 5928.117854  2168
  225 -977.223163     4
  226 3502.150493 25072
  227 -758.709929     6
  228 7981.184066  3095
  229 -693.561192     0
  230 1640.894250 -3242
  231 8735.470957 11398
  232 -105.141796     7
  233 -302.176577     7
  234 -82.151532     3
  235 -641.153011     3
  236 6355.749254 31779
  237 1990.678202 25768
  238 -175.055190     4
  239 -1718.580509     3
  240 -332.178493     5
  241 10820.955605  9045
  242 8949.894828 28477
  243 18024.352609 25507
  244 1901.485434 27680
  245 16056.343730  6344
  246 -889.020712     3
  247 4554.107505 -1812
  248 39.056453 -2751
  249 -1065.053812     2
  250 5104.777360 19993
  251 -42.162505     9
  252 2490.047378   131
  253 3524.016698 26725
  254 14993.370576 -2571
  255 -1013.967189     4
  256 -888.699829     3
  257 6306.370297 -2715
  258 4599.320316 11874
  259 3242.645780 -2572
  260 -966.343934     3
  261 -1011.246824     2
  262 9186.645920 -2630
  263 -1485.867641     0
  264 15628.803356  1231
  265 843.154297 13187
  266 2411.188590  7031
  267 1395.571186 -2424
  268 4290.607933 12441
  269 7719.790694 -2748
  270 36063.752174 27996
  271 18446.401937 20832
  272 39.998122 -2129
  273 -562.921055     0
  274 6992.547661  3973
  275 750.236567  9596
  276 2529.427122 29864
  277 18909.895692  8226
  278 1469.378054  8125
  279 826.202389  1936
  280 4623.355761   519
  281 -359.093375     3
  282 2390.448108 20779
  283 20.579496  5897
  284 -854.661111     8
  285 -1811.621611     1
  286 -158.714188     7
  287 411.404292 13467
  288 2110.708730 -2093
  289 499.219821 -1755
  290 260.927156 15224
  291 22228.624800 16581
  292 -904.562251     2
  293 10724.730719 -2489
  294 17821.573884 12038
  295 33127.743917 14498
  296 -118.835660     1
  297 521.856889 -3250
  298 6714.081491 32570
  299 -1359.342974     9
  300 -2315.724920     5
