100
    1 13999.941608     1
    2 551.553090 22552
    3 3869.001357 27863
    4 13018.639018 -1935
    5 721.695555 -2497
    6 -500.812454     2
    7 10280.931871  7882
    8 3388.769635  5438
    9 5443.348797 -2390
   10 8436.529538  6863
   11 905.091085 -2493
   12 -462.786595     6
   13 -624.742236     1
   14 -869.936854     8
   15 14669.590955 -3259
   16 2426.262084 24956
   17 5861.307108 -2849
   18 755.578977 -3232
   19 555.561803 14573
   20 9214.505198 -3083
   21 -374.555933     2
   22 7830.164819 15275
   23 -1651.724940     8
   24 -1283.998343     1
   25 -239.571016     1
   26 3973.805297 -2263
   27 9035.050458 20395
   28 4804.791735 -3111
   29 -1119.262760     3
   30 1168.334276 14985
   31 974.072407 10343
   32 -921.905744     5
   33 -518.040183     3
   34 12634.372271 -2852
   35 -1848.704620     3
   36 4914.037133 21647
   37 4577.190656 -2309
   38 8837.276212  1257
   39 4769.424718 -3064
   40 11447.260865  2568
   41 -1102.963643     2
   42 10492.326614 15949
   43 3414.064813 13544
   44 1146.058611 23714
   45 -309.288408     4
   46 3581.252379 10842
   47 217.282498 15863
   48 -831.566567     9
   49 603.581151 -3003
   50 4872.147401  1573
   51 -436.071267     9
   52 -1434.072766     1
   53 20069.720271   314
   54 -689.043525     1
   55 4517.986185 23513
   56 8080.368606 32017
   57 -560.226602     4
   58 3282.576939 -2540
   59 -870.816418     8
   60 16480.635541 31213
   61 -3189.784376     1
   62 5487.242369 31927
   63 10297.331656 31951
   64 -1848.033840     5
   65 -222.827369     9
   66 7118.140802 18283
   67 4006.374539 14765
   68 1897.744887 27953
   69 4386.806925  4234
   70 4566.717051  6832
   71 23023.140681  6524
   72 13487.062418 -2711
   73 -434.363032     4
   74 -493.276844     4
   75 19.949859 -2177
   76 -385.925423     8
   77 12313.062455 21958
   78 4742.722657 -2390
   79 862.767093 -2423
   80 4631.337625 -2110
   81 45.476947  3195
   82 382.177780  3101
   83 -182.772283     1
   84 -741.446886     9
   85 5658.887191  1250
   86 7123.346908 13695
   87 -812.600144     1
   88 2029.320304 -2668
   89 -2178.948132     4
   90 16906.774591 11841
   91 12481.178632  3905
   92 -874.722510     0
   93 -306.467399     3
   94 1380.667680 -2630
   95 410.372191 -2801
   96 6715.102004 20258
   97 -175.488906     1
   98 13783.800587 -2718
   99 1400.100231  7350
  100 9534.068166 -3230
