300
    1 4529.772277     1
    2 34367.361125 22552
    3 3631.489590 27863
    4 13209.203389 -1935
    5 1088.125680 -2497
    6 -525.415580     2
    7 15881.408038  7882
    8 13363.522641  5438
    9 13026.201192 -2390
   10 14139.682129  6863
   11 1275.620284 -2493
   12 -90.697186     6
   13 -1095.492273     1
   14 -632.824075     8
   15 4358.828536 -3259
   16 1567.502827 24956
   17 2217.083456 -2849
   18 319.338532 -3232
   19 1565.899512 14573
   20 3947.672288 -3083
   21 -289.440496     2
   22 7101.587077 15275
   23 -1250.251312     8
   24 -1661.528662     1
   25 -1090.457478     1
   26 11031.029961 -2263
   27 3137.349273 20395
   28 7952.048547 -3111
   29 -55.055537     3
   30 728.587350 14985
   31 2366.817344 10343
   32 -1832.636653     5
   33 -329.550403     3
   34 11519.397564 -2852
   35 -554.960342     3
   36 11158.914244 21647
   37 4505.684023 -2309
   38 10919.620754  1257
   39 2192.715128 -3064
   40 8979.183511  2568
   41 -628.930506     2
   42 2300.180327 15949
   43 1457.830330 13544
   44 1508.994166 23714
   45 -60.941223     4
   46 964.450088 10842
   47 5379.358911 15863
   48 -918.774976     9
   49 7083.415060 -3003
   50 1567.673696  1573
   51 -2343.256075     9
   52 -1676.390378     1
   53 2113.659039   314
   54 -761.100083     1
   55 6142.500745 23513
   56 784.652100 32017
   57 -370.768282     4
   58 3623.444098 -2540
   59 -904.596788     8
   60 4940.020566 31213
   61 -95.541638     1
   62 9800.282589 31927
   63 9619.179291 31951
   64 -1902.711000     5
   65 -365.808383     9
   66 152.303017 18283
   67 9084.507689 14765
   68 1383.554749 27953
   69 14912.366017  4234
   70 3774.839543  6832
   71 619.768326  6524
   72 2787.732407 -2711
   73 -456.376218     4
   74 -1028.194296     4
   75 24.571378 -2177
   76 -1245.819699     8
   77 37553.283055 21958
   78 867.725175 -2390
   79 110.890379 -2423
   80 10610.760217 -2110
   81 115.194728  3195
   82 537.331346  3101
   83 -932.426128     1
   84 -1891.588068     9
   85 7689.044391  1250
   86 4152.416445 13695
   87 -111.688922     1
   88 10834.587631 -2668
   89 -740.716964     4
   90 4159.530916 11841
   91 11515.242362  3905
   92 -2.313912     0
   93 -664.001884     3
   94 519.041711 -2630
   95 28.600501 -2801
   96 4793.314662 20258
   97 -1487.510870     1
   98 754.775110 -2718
   99 1909.485655  7350
  100 12790.653532 -3230
  101 2955.163576  6709
  102 -452.829832     5
  103 -178.680726     2
  104 17878.383133 10814
  105 42.433961 -2651
  106 10107.921511  1080
  107 2326.866338 23377
  108 -15.848798     7
  109 4821.013948  1281
  110 -252.928896     0
  111 3190.233986 12350
  112 11908.006982 -1920
  113 11244.091019 21527
  114 24011.836012 28488
  115 9407.026400 12613
  116 14379.058609 25599
  117 -1130.097715     3
  118 -34.062493     2
  119 5102.778969 11817
  120 -1249.432389     4
  121 11181.841662   876
  122 20909.924261 21854
  123 -3790.758939     2
  124 4999.535585   546
  125 974.208302 -1913
  126 4545.455435 32558
  127 8.345873 29437
  128 9138.169300 32051
  129 -278.003860     1
  130 6.290971 12216
  131 -1129.738988     7
  132 -367.975950     0
  133 4770.484807 -1966
  134 20287.524585 16240
  135 -2008.424123     7
  136 2259.551287  3066
  137 113.746052  3236
  138 9535.329274 -3156
  139 1853.082781 26575
  140 -872.725925     2
  141 3480.231055 23859
  142 3340.391279 -2212
  143 9830.142974 15705
  144 343.946853 14460
  145 -205.052285     6
  146 8763.207128 26421
  147 1826.284942 10799
  148 -2336.131323     2
  149 222.433079 30348
  150 9500.339362 14927
  151 3452.833960 -2981
  152 11337.725066  4176
  153 2302.154709  3369
  154 617.008806 -3090
  155 2665.022985 -2741
  156 11540.099627 26851
  157 366.090985 29251
  158 -606.212919     2
  159 -54.064571     5
  160 2229.788061 13900
  161 -343.868164     5
  162 -1696.007691     8
  163 98.992827 18562
  164 -794.559457     1
  165 1228.384699 -2146
  166 -3039.197450     7
  167 -219.330754     3
  168 2073.476821 32150
  169 765.221622 -2166
  170 -633.061981     1
  171 -199.339112     1
  172 2365.731178 24598
  173 2075.209668 14057
  174 2018.560197 -2884
  175 -737.270962     6
  176 -884.116510     3
  177 382.333546 31434
  178 -161.525550     7
  179 1423.218867 11021
  180 11440.644575 19654
  181 539.714849 31837
  182 -141.299479     4
  183 20318.459314 14952
  184 3334.988179 26785
  185 1781.629046  6455
  186 15503.841040 -1650
  187 3137.527103 -2588
  188 -1100.623840     0
  189 -1551.752626     0
  190 17613.025573 13760
  191 125.588704 -2091
  192 -848.017969     5
  193 3616.882518 29565
  194 7055.106028 -1681
  195 -1043.572698     5
  196 5548.384805 -1684
  197 -338.821812     6
  198 12276.009601 17659
  199 21718.269333 -3088
  200 13783.756023  6147
  201 1427.041093 30936
  202 4064.811231 26161
  203 -855.265747     4
  204 672.842821 29234
  205 -1609.497471     2
  206 13105.466254 12201
  207 -862.690021     0
  208 7627.245498 -2474
  209 4046.839085 11251
  210 4842.746573 11128
  211 3192.032332 18494
  212 10144.428835 -1593
  213 924.760179 -2437
  214 -326.142405     2
  215 1519.801221 -1846
  216 6896.324719  1154
  217 1856.870163 15143
  218 11643.997747 -3103
  219 9598.770696 16679
  220 26245.571875 -2764
  221 8387.286419  1476
  222 4750.120633 19127
  223 883.244340  5680
  224 34576.988164  2168
  225 -937.053461     4
  226 600.608189 25072
  227 -26.693920     6
  228 2852.620725  3095
  229 -288.822992     0
  230 2501.794969 -3242
  231 620.533022 11398
  232 -1078.659401     7
  233 -137.810212     7
  234 -1090.098607     3
  235 -76.814226     3
  236 10288.246315 31779
  237 3942.845443 25768
  238 -493.473124     4
  239 -64.745145     3
  240 -1706.737153     5
  241 8970.859787  9045
  242 2744.394254 28477
  243 53.757325 25507
  244 3066.879225 27680
  245 3038.247715  6344
  246 -172.722334     3
  247 2131.883164 -1812
  248 2.753318 -2751
  249 -697.293916     2
  250 1939.059195 19993
  251 -431.553590     9
  252 16284.073820   131
  253 19608.400087 26725
  254 9365.881384 -2571
  255 -159.322169     4
  256 -2328.701667     3
  257 414.376393 -2715
  258 12676.916189 11874
  259 5768.221961 -2572
  260 -3120.125147     3
  261 -263.002836     2
  262 19853.654513 -2630
  263 -2365.742224     0
  264 20536.646929  1231
  265 1967.885672 13187
  266 3456.540156  7031
  267 2152.826176 -2424
  268 21903.199565 12441
  269 2029.980005 -2748
  270 611.775183 27996
  271 2831.162686 20832
  272 5140.290475 -2129
  273 -9.480353     0
  274 7438.427913  3973
  275 1775.763925  9596
  276 5140.076298 29864
  277 4736.430768  8226
  278 106.962446  8125
  279 2716.570161  1936
  280 23840.484242   519
  281 -99.415309     3
  282 8098.559555 20779
  283 298.700358  5897
  284 -422.808079     8
  285 -175.454544     1
  286 -251.300535     7
  287 2532.711756 13467
  288 20088.257256 -2093
  289 265.761441 -1755
  290 1325.598775 15224
  291 10900.635110 16581
  292 -2021.144602     2
  293 544.196938 -2489
  294 12177.008981 12038
  295 15151.854150 14498
  296 -1822.659059     1
  297 156.740166 -3250
  298 1520.836490 32570
  299 -2938.712284     9
  300 -1517.456677     5
