300
    1 5722.744448     1
    2 3868.890021 22552
    3 7284.566967 27863
    4 1273.439027 -1935
    5 3902.673629 -2497
    6 -943.803496     2
    7 7573.525150  7882
    8 12022.941946  5438
    9 2729.851124 -2390
   10 2245.888728  6863
   11 271.855286 -2493
   12 -622.453051     6
   13 -473.352616     1
   14 -1214.069116     8
   15 7381.215804 -3259
   16 1141.946957 24956
   17 3715.430860 -2849
   18 261.209558 -3232
   19 6006.791897 14573
   20 9085.394157 -3083
   21 -123.253110     2
   22 7963.410766 15275
   23 -714.696634     8
   24 -487.709011     1
   25 -83.685149     1
   26 1170.967737 -2263
   27 6993.951937 20395
   28 3199.529069 -3111
   29 -934.710219     3
   30 1913.008677 14985
   31 34931.579541 10343
   32 -431.683243     5
   33 -100.894329     3
   34 3215.399656 -2852
   35 -1141.938165     3
   36 5360.165942 21647
   37 6287.850289 -2309
   38 9937.560778  1257
   39 1768.717879 -3064
   40 6345.397062  2568
   41 -54.700464     2
   42 3101.799036 15949
   43 1749.976743 13544
   44 1977.639796 23714
   45 -380.183040     4
   46 3131.509574 10842
   47 3615.692369 15863
   48 -570.754514     9
   49 6448.389177 -3003
   50 14969.964568  1573
   51 -2320.729608     9
   52 -10.293638     1
   53 18235.260928   314
   54 -2045.555377     1
   55 9418.622547 23513
   56 5697.374752 32017
   57 -1264.563256     4
   58 599.485178 -2540
   59 -1035.985053     8
   60 10427.031478 31213
   61 -261.225603     1
   62 6942.177077 31927
   63 16429.504379 31951
   64 -844.040681     5
   65 -717.365996     9
   66 3197.757008 18283
   67 963.912012 14765
   68 208.812506 27953
   69 4256.763347  4234
   70 13692.185628  6832
   71 9281.969730  6524
   72 2461.670081 -2711
   73 -1547.208880     4
   74 -1044.506598     4
   75 80.589939 -2177
   76 -2113.830103     8
   77 6558.387686 21958
   78 2709.469444 -2390
   79 331.102171 -2423
   80 3876.967791 -2110
   81 1491.944765  3195
   82 1205.663105  3101
   83 -3573.830292     1
   84 -846.766875     9
   85 6193.696509  1250
   86 12495.757527 13695
   87 -1088.937801     1
   88 2248.740271 -2668
   89 -815.254818     4
   90 7093.140984 11841
   91 7313.047323  3905
   92 -595.240229     0
   93 -124.151739     3
   94 613.468108 -2630
   95 214.661182 -2801
   96 1904.294198 20258
   97 -1739.307478     1
   98 27073.549460 -2718
   99 3788.164413  7350
  100 6319.331063 -3230
  101 2972.790611  6709
  102 -2310.605363     5
  103 -332.623242     2
  104 7782.037331 10814
  105 63.818101 -2651
  106 2109.132006  1080
  107 4479.572704 23377
  108 -747.421089     7
  109 10248.516013  1281
  110 -125.649621     0
  111 863.727745 12350
  112 20567.218809 -1920
  113 7454.219119 21527
  114 1916.974778 28488
  115 16212.765069 12613
  116 24619.920955 25599
  117 -646.546894     3
  118 -944.235118     2
  119 658.717010 11817
  120 -515.134646     4
  121 8194.694897   876
  122 12240.086811 21854
  123 -476.768258     2
  124 16050.825561   546
  125 3668.543833 -1913
  126 902.356972 32558
  127 19.431732 29437
  128 18947.933288 32051
  129 -3505.491699     1
  130 3.618130 12216
  131 -944.755215     7
  132 -2512.227258     0
  133 8650.622916 -1966
  134 4519.407191 16240
  135 -2927.451711     7
  136 16632.130899  3066
  137 2890.216962  3236
  138 14382.192873 -3156
  139 10553.360125 26575
  140 -146.234984     2
  141 3867.173340 23859
  142 6557.476799 -2212
  143 8405.211825 15705
  144 2688.345398 14460
  145 -248.258736     6
  146 5205.566506 26421
  147 678.713733 10799
  148 -404.263254     2
  149 3641.302725 30348
  150 1714.173383 14927
  151 14272.107047 -2981
  152 9578.370063  4176
  153 2073.573412  3369
  154 6611.973115 -3090
  155 5480.842353 -2741
  156 87.261775 26851
  157 731.561167 29251
  158 -793.890529     2
  159 -1118.294075     5
  160 1077.976597 13900
  161 -1479.972201     5
  162 -824.940953     8
  163 1444.661309 18562
  164 -490.077847     1
  165 281.462675 -2146
  166 -1914.430270     7
  167 -563.158127     3
  168 8136.899173 32150
  169 1752.894670 -2166
  170 -325.958381     1
  171 -1486.548859     1
  172 20769.133314 24598
  173 2739.863711 14057
  174 1110.661942 -2884
  175 -1111.862895     6
  176 -1491.671098     3
  177 3626.252240 31434
  178 -913.082498     7
  179 1072.971725 11021
  180 13004.051786 19654
  181 6119.770599 31837
  182 -602.557864     4
  183 2738.310537 14952
  184 15194.712240 26785
  185 3508.988731  6455
  186 351.441473 -1650
  187 7415.399778 -2588
  188 -111.118627     0
  189 -2532.756382     0
  190 26455.935768 13760
  191 500.605058 -2091
  192 -964.817818     5
  193 8541.703221 29565
  194 7765.030191 -1681
  195 -684.741236     5
  196 22279.162601 -1684
  197 -1494.647119     6
  198 22789.791029 17659
  199 1609.621637 -3088
  200 1851.961357  6147
  201 11355.924002 30936
  202 20013.340702 26161
  203 -163.836882     4
  204 844.527925 29234
  205 -680.889956     2
  206 3439.678163 12201
  207 -399.140918     0
  208 13695.204759 -2474
  209 3336.159924 11251
  210 570.047213 11128
  211 2122.612474 18494
  212 7246.241265 -1593
  213 1336.031130 -2437
  214 -657.985014     2
  215 13524.670213 -1846
  216 2748.592139  1154
  217 74.049607 15143
  218 4268.522587 -3103
  219 3021.621512 16679
  220 16022.540982 -2764
  221 5133.152000  1476
  222 1674.605285 19127
  223 18.479078  5680
  224 24929.591169  2168
  225 -677.013353     4
  226 173.021052 25072
  227 -184.113916     6
  228 27956.512627  3095
  229 -924.047262     0
  230 274.406666 -3242
  231 6457.415751 11398
  232 -3437.142592     7
  233 -1256.093993     7
  234 -323.520720     3
  235 -1131.522543     3
  236 18371.420211 31779
  237 1081.762138 25768
  238 -103.622529     4
  239 -172.207538     3
  240 -1578.846855     5
  241 7934.259632  9045
  242 141.034680 28477
  243 4624.891426 25507
  244 6507.103715 27680
  245 5312.809071  6344
  246 -2615.274505     3
  247 4731.417874 -1812
  248 24.345222 -2751
  249 -1486.160013     2
  250 2721.585376 19993
  251 -966.716559     9
  252 196.169713   131
  253 8540.040097 26725
  254 6363.832736 -2571
  255 -750.607604     4
  256 -216.496464     3
  257 147.526437 -2715
  258 40851.324235 11874
  259 4129.898590 -2572
  260 -1981.373449     3
  261 -491.226957     2
  262 31843.819253 -2630
  263 -2053.273152     0
  264 8507.776305  1231
  265 6708.733182 13187
  266 5026.636902  7031
  267 7011.562027 -2424
  268 1756.714954 12441
  269 2620.125158 -2748
  270 35962.737455 27996
  271 3516.639476 20832
  272 3976.192298 -2129
  273 -491.442554     0
  274 13076.043191  3973
  275 817.969044  9596
  276 18973.000324 29864
  277 147.063893  8226
  278 611.299720  8125
  279 652.828687  1936
  280 26550.640293   519
  281 -147.914375     3
  282 4270.339023 20779
  283 173.848992  5897
  284 -591.572303     8
  285 -1617.248000     1
  286 -135.464855     7
  287 369.747591 13467
  288 1996.088805 -2093
  289 27352.850655 -1755
  290 955.815418 15224
  291 5927.798938 16581
  292 -57.106603     2
  293 5705.734901 -2489
  294 187.939761 12038
  295 1279.723634 14498
  296 -1806.858504     1
  297 123.645919 -3250
  298 6887.965042 32570
  299 -99.390069     9
  300 -2308.290665     5
