300
    1 5456.279933     1
    2 4708.440294 22552
    3 5209.639176 27863
    4 10525.115832 -1935
    5 61.644224 -2497
    6 -1379.568722     2
    7 13730.201379  7882
    8 2552.123665  5438
    9 5491.486773 -2390
   10 61.679137  6863
   11 789.643037 -2493
   12 -172.746163     6
   13 -1106.657999     1
   14 -934.344600     8
   15 4829.911525 -3259
   16 2260.285079 24956
   17 10175.873284 -2849
   18 34.926475 -3232
   19 23469.169931 14573
   20 13.980550 -3083
   21 -1635.741420     2
   22 1465.040071 15275
   23 -388.593002     8
   24 -1574.446606     1
   25 -676.262241     1
   26 4439.104545 -2263
   27 625.440685 20395
   28 1455.794636 -3111
   29 -1757.765717     3
   30 585.333168 14985
   31 23624.592739 10343
   32 -2394.943562     5
   33 -271.195351     3
   34 14107.419434 -2852
   35 -1289.288836     3
   36 8416.303694 21647
   37 19078.804805 -2309
   38 1808.814948  1257
   39 4650.653162 -3064
   40 3567.398721  2568
   41 -919.210050     2
   42 15391.876787 15949
   43 6334.283788 13544
   44 4681.839881 23714
   45 -694.727249     4
   46 1646.041988 10842
   47 1301.561436 15863
   48 -34.564537     9
   49 6578.796646 -3003
   50 10451.644719  1573
   51 -1053.176077     9
   52 -591.210171     1
   53 19743.356971   314
   54 -562.834805     1
   55 3378.558253 23513
   56 2715.942400 32017
   57 -1786.000105     4
   58 496.855625 -2540
   59 -1623.894423     8
   60 19422.703672 31213
   61 -1880.930758     1
   62 9164.068259 31927
   63 7054.142610 31951
   64 -2252.712576     5
   65 -706.042676     9
   66 6618.819854 18283
   67 1818.422861 14765
   68 500.515879 27953
   69 8130.824981  4234
   70 9015.018241  6832
   71 11381.089705  6524
   72 5646.048867 -2711
   73 -192.817654     4
   74 -131.840263     4
   75 82.855963 -2177
   76 -797.619192     8
   77 22959.034093 21958
   78 3679.125486 -2390
   79 469.514064 -2423
   80 3059.558087 -2110
   81 1062.138503  3195
   82 954.920632  3101
   83 -3061.178958     1
   84 -165.926360     9
   85 8624.561334  1250
   86 11906.835465 13695
   87 -423.425325     1
   88 9008.922261 -2668
   89 -2118.693479     4
   90 6745.569060 11841
   91 8232.365248  3905
   92 -1540.308769     0
   93 -1004.716459     3
   94 823.794271 -2630
   95 133.679172 -2801
   96 2525.167613 20258
   97 -2477.036757     1
   98 12012.179927 -2718
   99 20454.603461  7350
  100 2634.065474 -3230
  101 5453.955885  6709
  102 -960.699327     5
  103 -387.594536     2
  104 2629.861341 10814
  105 148.659690 -2651
  106 8885.815412  1080
  107 7542.927948 23377
  108 -715.391292     7
  109 2235.177199  1281
  110 -631.995482     0
  111 3927.357642 12350
  112 24298.966109 -1920
  113 796.161573 21527
  114 3576.015706 28488
  115 5452.896975 12613
  116 14359.002135 25599
  117 -1533.294646     3
  118 -349.059989     2
  119 2563.106497 11817
  120 -1104.464881     4
  121 8528.418093   876
  122 4140.294969 21854
  123 -60.054440     2
  124 2913.897571   546
  125 5100.995033 -1913
  126 3583.277696 32558
  127 9.718670 29437
  128 1092.072054 32051
  129 -116.145716     1
  130 29.191515 12216
  131 -404.029901     7
  132 -2261.918984     0
  133 1599.442464 -1966
  134 9676.858938 16240
  135 -750.466862     7
  136 28499.602367  3066
  137 3059.391342  3236
  138 4238.827097 -3156
  139 20517.562903 26575
  140 -2426.363863     2
  141 2038.076418 23859
  142 1691.160389 -2212
  143 5201.184362 15705
  144 8009.142137 14460
  145 -997.542720     6
  146 2062.798163 26421
  147 132.751641 10799
  148 -1977.984321     2
  149 9474.390233 30348
  150 12204.686806 14927
  151 716.921908 -2981
  152 10287.834875  4176
  153 1822.430070  3369
  154 12197.414587 -3090
  155 2426.455125 -2741
  156 5311.982444 26851
  157 248.213132 29251
  158 -165.314718     2
  159 -241.574740     5
  160 2477.262058 13900
  161 -790.114331     5
  162 -1836.265796     8
  163 468.302110 18562
  164 -218.601021     1
  165 1500.388233 -2146
  166 -114.852862     7
  167 -330.812931     3
  168 1748.537216 32150
  169 13363.393166 -2166
  170 -1959.952707     1
  171 -968.280666     1
  172 9596.322892 24598
  173 2759.830849 14057
  174 8292.121346 -2884
  175 -921.321242     6
  176 -2980.242827     3
  177 1627.266110 31434
  178 -846.225150     7
  179 888.226653 11021
  180 5226.466774 19654
  181 3367.393062 31837
  182 -349.539799     4
  183 12349.963189 14952
  184 1435.631226 26785
  185 6432.782762  6455
  186 34471.516342 -1650
  187 1837.923141 -2588
  188 -972.401351     0
  189 -670.295440     0
  190 16048.931009 13760
  191 783.889450 -2091
  192 -1813.131657     5
  193 20201.964001 29565
  194 7460.293009 -1681
  195 -1608.814472     5
  196 5086.354999 -1684
  197 -541.842923     6
  198 1251.796380 17659
  199 11916.063556 -3088
  200 3763.508833  6147
  201 3347.572529 30936
  202 4932.617877 26161
  203 -1076.981477     4
  204 107.780527 29234
  205 -1787.123208     2
  206 251.690656 12201
  207 -668.219754     0
  208 5641.590179 -2474
  209 6637.141547 11251
  210 3191.692588 11128
  211 2907.378849 18494
  212 1606.196709 -1593
  213 1251.062550 -2437
  214 -1171.335031     2
  215 19041.809841 -1846
  216 6491.214680  1154
  217 2996.281080 15143
  218 3489.789671 -3103
  219 10874.125869 16679
  220 7773.810176 -2764
  221 6357.893009  1476
  222 4434.497005 19127
  223 1475.656664  5680
  224 14539.186663  2168
  225 -561.389555     4
  226 5167.559849 25072
  227 -2355.552782     6
  228 808.110446  3095
  229 -993.360965     0
  230 1077.367353 -3242
  231 1178.761049 11398
  232 -201.894949     7
  233 -303.282175     7
  234 -426.831128     3
  235 -878.637692     3
  236 6752.674648 31779
  237 4207.419052 25768
  238 -357.405156     4
  239 -843.077337     3
  240 -1633.305384     5
  241 26901.749243  9045
  242 8316.370187 28477
  243 23323.116081 25507
  244 1918.637411 27680
  245 6032.622237  6344
  246 -1134.332412     3
  247 15769.788675 -1812
  248 40.410494 -2751
  249 -896.185138     2
  250 5428.583336 19993
  251 -2995.340943     9
  252 11646.550406   131
  253 2000.613422 26725
  254 8741.880554 -2571
  255 -874.569603     4
  256 -1048.716640     3
  257 387.960428 -2715
  258 10477.938253 11874
  259 14143.101566 -2572
  260 -915.087368     3
  261 -895.031617     2
  262 3918.939955 -2630
  263 -1749.087170     0
  264 4263.550088  1231
  265 1974.733525 13187
  266 1005.609041  7031
  267 3886.392299 -2424
  268 30526.669008 12441
  269 994.621041 -2748
  270 1669.326194 27996
  271 5993.327602 20832
  272 2026.513972 -2129
  273 -899.266497     0
  274 2292.394417  3973
  275 3276.705938  9596
  276 8298.599367 29864
  277 7286.458455  8226
  278 7237.941624  8125
  279 3093.598352  1936
  280 11522.086872   519
  281 -1353.355917     3
  282 7946.104978 20779
  283 43.415519  5897
  284 -1252.545896     8
  285 -412.607722     1
  286 -180.701403     7
  287 842.360462 13467
  288 12296.339262 -2093
  289 18413.242101 -1755
  290 565.235515 15224
  291 11552.461454 16581
  292 -632.121775     2
  293 11251.827533 -2489
  294 5899.883415 12038
  295 6455.464142 14498
  296 -1170.080998     1
  297 259.912523 -3250
  298 7194.364226 32570
  299 -1510.708107     9
  300 -286.662609     5
