300
    1 5917.210602     1
    2 13327.608642 22552
    3 194.621217 27863
    4 5026.896943 -1935
    5 3837.732971 -2497
    6 -569.387309     2
    7 6901.086832  7882
    8 5360.061046  5438
    9 6158.257418 -2390
   10 14726.464092  6863
   11 542.352474 -2493
   12 -445.540699     6
   13 -2687.718201     1
   14 -296.594448     8
   15 3972.536361 -3259
   16 4893.743834 24956
   17 1062.831586 -2849
   18 431.836714 -3232
   19 6171.935019 14573
   20 1445.465297 -3083
   21 -1623.397636     2
   22 6220.052560 15275
   23 -198.492640     8
   24 -1785.788287     1
   25 -524.579591     1
   26 9521.488119 -2263
   27 21711.116110 20395
   28 1711.626936 -3111
   29 -715.585468     3
   30 60.450314 14985
   31 4445.945220 10343
   32 -2652.516546     5
   33 -907.951220     3
   34 7693.024433 -2852
   35 -1046.033688     3
   36 11118.212921 21647
   37 1482.553061 -2309
   38 56.157765  1257
   39 4269.741267 -3064
   40 2124.150179  2568
   41 -945.525707     2
   42 7853.183717 15949
   43 3017.920667 13544
   44 1770.876811 23714
   45 -175.648357     4
   46 2796.836404 10842
   47 2704.205965 15863
   48 -1194.440753     9
   49 11638.270973 -3003
   50 4739.250068  1573
   51 -640.628095     9
   52 -488.502670     1
   53 16073.690151   314
   54 -2194.783239     1
   55 2044.876914 23513
   56 1707.518381 32017
   57 -2388.409505     4
   58 5679.585909 -2540
   59 -341.958292     8
   60 35178.257073 31213
   61 -751.324025     1
   62 5066.549530 31927
   63 6066.775390 31951
   64 -1282.570625     5
   65 -615.744039     9
   66 67.094028 18283
   67 4025.800962 14765
   68 229.257728 27953
   69 5848.574608  4234
   70 7616.140461  6832
   71 16059.692818  6524
   72 6607.847060 -2711
   73 -355.393224     4
   74 -53.048679     4
   75 240.608280 -2177
   76 -796.916919     8
   77 18653.765447 21958
   78 7493.864941 -2390
   79 81.587728 -2423
   80 5479.172072 -2110
   81 891.170023  3195
   82 1568.304513  3101
   83 -203.827178     1
   84 -236.458376     9
   85 26398.573158  1250
   86 2694.765860 13695
   87 -2053.494217     1
   88 10514.507867 -2668
   89 -2363.376550     4
   90 17302.345627 11841
   91 9584.837747  3905
   92 -1056.816404     0
   93 -698.695669     3
   94 670.532053 -2630
   95 6.328102 -2801
   96 1461.869945 20258
   97 -4163.217218     1
   98 18234.636604 -2718
   99 19254.611257  7350
  100 2074.750011 -3230
  101 2121.465837  6709
  102 -2249.988607     5
  103 -1172.068419     2
  104 5219.198071 10814
  105 53.627141 -2651
  106 2270.363117  1080
  107 14205.594591 23377
  108 -2246.950641     7
  109 3137.459281  1281
  110 -440.513769     0
  111 312.030255 12350
  112 3309.513613 -1920
  113 7854.715829 21527
  114 3993.146098 28488
  115 17590.089081 12613
  116 533.491003 25599
  117 -1875.617737     3
  118 -250.435094     2
  119 16420.162348 11817
  120 -1661.835968     4
  121 4550.467239   876
  122 15330.043686 21854
  123 -858.096264     2
  124 7536.310404   546
  125 1412.247759 -1913
  126 249.546871 32558
  127 4.486027 29437
  128 3453.223363 32051
  129 -993.592157     1
  130 84.064430 12216
  131 -673.614789     7
  132 -998.986658     0
  133 3758.827648 -1966
  134 10947.091399 16240
  135 -13.225690     7
  136 25124.851782  3066
  137 2946.755650  3236
  138 8312.161608 -3156
  139 4226.942786 26575
  140 -1599.116985     2
  141 1667.162925 23859
  142 3334.619067 -2212
  143 11428.438791 15705
  144 12205.545513 14460
  145 -2368.895233     6
  146 4326.546608 26421
  147 1861.973466 10799
  148 -113.143415     2
  149 8093.407244 30348
  150 1912.918697 14927
  151 12009.812394 -2981
  152 7231.245717  4176
  153 1042.128229  3369
  154 4283.338181 -3090
  155 3464.269792 -2741
  156 4979.847295 26851
  157 803.428108 29251
  158 -2377.409560     2
  159 -1166.120638     5
  160 950.030055 13900
  161 -62.199067     5
  162 -2337.960000     8
  163 2735.818126 18562
  164 -181.030278     1
  165 2033.828417 -2146
  166 -83.119952     7
  167 -246.770686     3
  168 5764.325949 32150
  169 10469.122466 -2166
  170 -978.826474     1
  171 -900.254302     1
  172 27639.102630 24598
  173 3076.337338 14057
  174 24407.524912 -2884
  175 -1823.905348     6
  176 -2299.905856     3
  177 2825.940705 31434
  178 -1024.704371     7
  179 6062.549371 11021
  180 12921.017889 19654
  181 4464.197733 31837
  182 -346.879760     4
  183 9570.795400 14952
  184 3720.116993 26785
  185 3679.756935  6455
  186 2642.389560 -1650
  187 839.272746 -2588
  188 -314.282560     0
  189 -1090.741401     0
  190 4002.212502 13760
  191 2955.353246 -2091
  192 -470.515652     5
  193 2262.982146 29565
  194 7241.696956 -1681
  195 -938.510116     5
  196 21742.161330 -1684
  197 -601.451567     6
  198 3693.568993 17659
  199 2326.885247 -3088
  200 9669.717109  6147
  201 3833.476087 30936
  202 6130.633769 26161
  203 -2083.097262     4
  204 1003.698596 29234
  205 -3538.905888     2
  206 1388.172779 12201
  207 -3160.962914     0
  208 5485.448987 -2474
  209 7963.047741 11251
  210 22861.778161 11128
  211 1154.607566 18494
  212 7574.893483 -1593
  213 2070.790190 -2437
  214 -1042.369532     2
  215 1124.077907 -1846
  216 7560.658268  1154
  217 6365.062746 15143
  218 3853.409832 -3103
  219 26596.677684 16679
  220 33605.822796 -2764
  221 1170.119968  1476
  222 6093.284985 19127
  223 1244.794275  5680
  224 776.998159  2168
  225 -541.696118     4
  226 7346.169017 25072
  227 -1193.832192     6
  228 2766.306109  3095
  229 -719.579099     0
  230 1360.203722 -3242
  231 1701.328956 11398
  232 -196.198302     7
  233 -872.448005     7
  234 -621.826313     3
  235 -477.367649     3
  236 4151.895280 31779
  237 4734.492167 25768
  238 -907.519123     4
  239 -3009.614771     3
  240 -165.704748     5
  241 1205.405665  9045
  242 9748.811321 28477
  243 6975.712287 25507
  244 1462.660967 27680
  245 15253.556107  6344
  246 -1940.267240     3
  247 10939.013427 -1812
  248 212.291841 -2751
  249 -149.368711     2
  250 8458.660991 19993
  251 -772.642005     9
  252 8646.948350   131
  253 4619.649014 26725
  254 2206.419031 -2571
  255 -2233.598237     4
  256 -1115.966459     3
  257 1174.125610 -2715
  258 3835.256249 11874
  259 13642.709565 -2572
  260 -1081.984516     3
  261 -105.466083     2
  262 6437.988030 -2630
  263 -1477.185288     0
  264 16415.790956  1231
  265 245.827223 13187
  266 2231.028713  7031
  267 4120.346546 -2424
  268 11515.641936 12441
  269 3238.342111 -2748
  270 4370.878967 27996
  271 4818.605364 20832
  272 5176.712519 -2129
  273 -133.117183     0
  274 6310.081794  3973
  275 275.018493  9596
  276 1716.512376 29864
  277 20237.456381  8226
  278 1925.296550  8125
  279 218.364493  1936
  280 8061.368433   519
  281 -386.516463     3
  282 4515.813362 20779
  283 61.672444  5897
  284 -1274.514344     8
  285 -387.186647     1
  286 -1448.056554     7
  287 1052.946259 13467
  288 8424.564775 -2093
  289 1278.645135 -1755
  290 2674.877206 15224
  291 2109.579661 16581
  292 -484.052875     2
  293 17942.252944 -2489
  294 5423.117737 12038
  295 25173.633582 14498
  296 -53.066619     1
  297 185.743838 -3250
  298 5542.415116 32570
  299 -488.413416     9
  300 -551.807007     5
