300
    1 9135.698470     1
    2 6619.261243 22552
    3 1190.279937 27863
    4 22112.744941 -1935
    5 3096.167167 -2497
    6 -1054.360897     2
    7 4267.584644  7882
    8 2167.223400  5438
    9 3867.326638 -2390
   10 11061.597891  6863
   11 689.370920 -2493
   12 -45.681823     6
   13 -1223.584772     1
   14 -676.547504     8
   15 33305.851169 -3259
   16 338.177087 24956
   17 11380.624868 -2849
   18 557.570364 -3232
   19 6380.034019 14573
   20 2694.076280 -3083
   21 -468.619494     2
   22 5112.155882 15275
   23 -1018.903485     8
   24 -925.013038     1
   25 -453.795417     1
   26 11229.597268 -2263
   27 4236.643109 20395
   28 6628.357220 -3111
   29 -2419.358642     3
   30 1328.520845 14985
   31 17085.494019 10343
   32 -2059.065161     5
   33 -315.537441     3
   34 2869.690213 -2852
   35 -634.653707     3
   36 5572.166849 21647
   37 3844.542237 -2309
   38 1441.780988  1257
   39 4553.884107 -3064
   40 15137.618339  2568
   41 -1957.652469     2
   42 3006.996103 15949
   43 6332.552193 13544
   44 2813.449779 23714
   45 -1674.925362     4
   46 2487.329635 10842
   47 1066.534756 15863
   48 -93.210833     9
   49 10292.644474 -3003
   50 7327.849140  1573
   51 -605.895770     9
   52 -804.141038     1
   53 12051.807865   314
   54 -443.299036     1
   55 586.456143 23513
   56 536.817426 32017
   57 -689.281501     4
   58 2060.792218 -2540
   59 -550.944986     8
   60 26139.941451 31213
   61 -5.362427     1
   62 6922.934177 31927
   63 3920.855635 31951
   64 -170.698693     5
   65 -32.490854     9
   66 20416.168427 18283
   67 951.983496 14765
   68 673.976964 27953
   69 296.889723  4234
   70 15522.243369  6832
   71 499.151451  6524
   72 3853.713986 -2711
   73 -378.127777     4
   74 -1320.127717     4
   75 141.326966 -2177
   76 -1642.770751     8
   77 35421.754015 21958
   78 3974.123942 -2390
   79 435.196999 -2423
   80 9154.571967 -2110
   81 495.516200  3195
   82 919.231570  3101
   83 -311.146594     1
   84 -508.515926     9
   85 8550.996958  1250
   86 9739.545286 13695
   87 -1253.556970     1
   88 6346.159649 -2668
   89 -163.015539     4
   90 15332.112189 11841
   91 8338.000887  3905
   92 -1604.179318     0
   93 -745.908847     3
   94 194.861782 -2630
   95 33.374450 -2801
   96 3109.081260 20258
   97 -844.674472     1
   98 15961.685287 -2718
   99 28157.620469  7350
  100 9719.279948 -3230
  101 8059.609361  6709
  102 -2112.474491     5
  103 -408.422259     2
  104 8638.202304 10814
  105 120.897423 -2651
  106 1555.351470  1080
  107 5571.455864 23377
  108 -135.938394     7
  109 1725.342680  1281
  110 -153.848577     0
  111 9068.783696 12350
  112 7302.049979 -1920
  113 18820.314199 21527
  114 10156.649249 28488
  115 4380.521000 12613
  116 1282.812791 25599
  117 -991.428844     3
  118 -395.143700     2
  119 21462.911478 11817
  120 -665.379571     4
  121 10746.492776   876
  122 640.343058 21854
  123 -3495.878425     2
  124 3374.444758   546
  125 3601.383558 -1913
  126 2467.254752 32558
  127 17.069213 29437
  128 3248.971617 32051
  129 -1726.430463     1
  130 68.574945 12216
  131 -22.492826     7
  132 -3413.385151     0
  133 661.763802 -1966
  134 24992.462322 16240
  135 -1461.289612     7
  136 7589.683238  3066
  137 3809.261176  3236
  138 18109.397972 -3156
  139 16731.872133 26575
  140 -599.956350     2
  141 7138.076969 23859
  142 11101.790380 -2212
  143 16129.009409 15705
  144 885.205371 14460
  145 -208.865561     6
  146 17326.400918 26421
  147 256.628485 10799
  148 -394.480440     2
  149 19884.254915 30348
  150 13034.382909 14927
  151 3128.872598 -2981
  152 4233.998782  4176
  153 383.141089  3369
  154 4647.093675 -3090
  155 4678.365272 -2741
  156 2553.898643 26851
  157 992.980131 29251
  158 -1574.454214     2
  159 -610.122978     5
  160 1048.343830 13900
  161 -730.191628     5
  162 -1397.235770     8
  163 745.663789 18562
  164 -449.000582     1
  165 2556.033690 -2146
  166 -1964.249201     7
  167 -343.143028     3
  168 7239.348764 32150
  169 6755.103216 -2166
  170 -92.817927     1
  171 -906.313113     1
  172 3598.148865 24598
  173 500.359351 14057
  174 6349.844284 -2884
  175 -101.536823     6
  176 -1268.113691     3
  177 556.022993 31434
  178 -1601.258259     7
  179 5997.644139 11021
  180 7953.413051 19654
  181 9196.067672 31837
  182 -1531.464671     4
  183 19681.531526 14952
  184 3058.019660 26785
  185 6077.336950  6455
  186 23006.316134 -1650
  187 3372.604765 -2588
  188 -265.190663     0
  189 -1322.109234     0
  190 1700.046913 13760
  191 721.909063 -2091
  192 -102.200756     5
  193 3632.198796 29565
  194 1422.617088 -1681
  195 -817.505249     5
  196 20369.800976 -1684
  197 -365.499895     6
  198 1683.662540 17659
  199 10082.619882 -3088
  200 1265.380019  6147
  201 15061.922656 30936
  202 6562.184303 26161
  203 -1853.716149     4
  204 366.721665 29234
  205 -1016.443245     2
  206 4479.557476 12201
  207 -1000.118437     0
  208 1271.187732 -2474
  209 2308.870067 11251
  210 22562.921068 11128
  211 1370.280030 18494
  212 12980.002114 -1593
  213 662.063673 -2437
  214 -85.001277     2
  215 4129.944822 -1846
  216 9051.754463  1154
  217 806.125114 15143
  218 10109.399936 -3103
  219 21669.635887 16679
  220 4379.541929 -2764
  221 15089.671890  1476
  222 5988.722683 19127
  223 660.249701  5680
  224 1892.433059  2168
  225 -385.597794     4
  226 8746.323697 25072
  227 -2322.860740     6
  228 19809.039656  3095
  229 -708.573995     0
  230 1555.268687 -3242
  231 4304.981137 11398
  232 -2329.968040     7
  233 -617.274817     7
  234 -1392.120462     3
  235 -455.421127     3
  236 1872.762482 31779
  237 693.441493 25768
  238 -1484.810584     4
  239 -318.181273     3
  240 -271.502976     5
  241 27059.726390  9045
  242 13105.590495 28477
  243 5229.240018 25507
  244 2416.869132 27680
  245 9167.642423  6344
  246 -118.644691     3
  247 4546.223947 -1812
  248 145.432488 -2751
  249 -4701.422142     2
  250 2880.350939 19993
  251 -489.684148     9
  252 4355.259740   131
  253 2781.156602 26725
  254 3683.796710 -2571
  255 -795.900673     4
  256 -681.767793     3
  257 407.041496 -2715
  258 25894.271278 11874
  259 12016.402978 -2572
  260 -1950.804530     3
  261 -1663.479230     2
  262 2332.067669 -2630
  263 -1196.997560     0
  264 9752.212569  1231
  265 870.013788 13187
  266 577.655696  7031
  267 12353.995994 -2424
  268 12782.783221 12441
  269 7311.443253 -2748
  270 6883.856379 27996
  271 2834.183030 20832
  272 8113.067056 -2129
  273 -55.160934     0
  274 4646.397756  3973
  275 6817.376872  9596
  276 13417.441238 29864
  277 12743.387579  8226
  278 230.646603  8125
  279 3450.166917  1936
  280 13968.116537   519
  281 -1064.448928     3
  282 2278.817194 20779
  283 79.922860  5897
  284 -274.502244     8
  285 -1961.152592     1
  286 -608.399076     7
  287 506.725523 13467
  288 23847.891510 -2093
  289 8145.815063 -1755
  290 1530.960431 15224
  291 2212.445900 16581
  292 -474.122805     2
  293 7665.829206 -2489
  294 14384.056846 12038
  295 2358.540571 14498
  296 -1338.299216     1
  297 593.602219 -3250
  298 12923.958034 32570
  299 -12.487949     9
  300 -1489.585152     5
