300
    1 20259.405770     1
    2 25622.292151 22552
    3 1725.203152 27863
    4 5615.387077 -1935
    5 1949.591064 -2497
    6 -1387.315045     2
    7 2521.205424  7882
    8 8023.118396  5438
    9 11901.392182 -2390
   10 24067.320505  6863
   11 495.568226 -2493
   12 -382.965651     6
   13 -1872.441227     1
   14 -1613.845060     8
   15 4460.558424 -3259
   16 24068.862051 24956
   17 3474.407347 -2849
   18 72.793315 -3232
   19 9764.906448 14573
   20 3465.307848 -3083
   21 -495.493003     2
   22 1283.070791 15275
   23 -1673.278445     8
   24 -645.250413     1
   25 -179.722282     1
   26 9448.925114 -2263
   27 786.246744 20395
   28 14218.763461 -3111
   29 -739.456186     3
   30 136.673030 14985
   31 1103.735139 10343
   32 -1647.533803     5
   33 -229.876546     3
   34 9241.422756 -2852
   35 -904.642851     3
   36 12874.328776 21647
   37 7070.558102 -2309
   38 11532.484158  1257
   39 8369.923199 -3064
   40 7272.130549  2568
   41 -56.352957     2
   42 9844.863452 15949
   43 1694.828370 13544
   44 8017.894812 23714
   45 -2622.518664     4
   46 3450.389637 10842
   47 3652.379117 15863
   48 -1253.507688     9
   49 5522.880088 -3003
   50 13285.900225  1573
   51 -104.357767     9
   52 -1013.063188     1
   53 19409.489272   314
   54 -1826.324489     1
   55 16464.066568 23513
   56 1810.351625 32017
   57 -763.220273     4
   58 2465.347921 -2540
   59 -854.193526     8
   60 2872.271553 31213
   61 -2344.544610     1
   62 1989.075095 31927
   63 8662.427724 31951
   64 -2249.430720     5
   65 -1635.483557     9
   66 2607.269390 18283
   67 6692.651335 14765
   68 1321.582969 27953
   69 1562.424804  4234
   70 6650.888569  6832
   71 25003.928972  6524
   72 13397.765900 -2711
   73 -548.198010     4
   74 -979.056748     4
   75 330.548635 -2177
   76 -1171.471317     8
   77 9518.331204 21958
   78 9801.653297 -2390
   79 319.301335 -2423
   80 2666.850517 -2110
   81 1228.037799  3195
   82 494.268219  3101
   83 -1195.856293     1
   84 -1425.416505     9
   85 22336.873389  1250
   86 16265.134199 13695
   87 -1477.275791     1
   88 16887.061370 -2668
   89 -593.658568     4
   90 18250.762398 11841
   91 19720.971227  3905
   92 -649.140088     0
   93 -248.847541     3
   94 2930.120768 -2630
   95 163.770086 -2801
   96 1444.419425 20258
   97 -3075.138630     1
   98 20789.190914 -2718
   99 10894.256092  7350
  100 4704.837060 -3230
  101 14698.445882  6709
  102 -1215.104350     5
  103 -822.499699     2
  104 22661.920095 10814
  105 30.255445 -2651
  106 13307.827967  1080
  107 8559.569870 23377
  108 -284.782652     7
  109 10990.847487  1281
  110 -1703.611024     0
  111 4857.808297 12350
  112 32176.688418 -1920
  113 2122.934896 21527
  114 2627.249216 28488
  115 11497.514104 12613
  116 7820.924747 25599
  117 -127.092889     3
  118 -7.536140     2
  119 39733.742415 11817
  120 -257.557443     4
  121 10347.538021   876
  122 14417.831532 21854
  123 -1223.673691     2
  124 1428.343625   546
  125 1321.134727 -1913
  126 1843.461758 32558
  127 21.234244 29437
  128 20571.657071 32051
  129 -942.601241     1
  130 47.042759 12216
  131 -281.222117     7
  132 -2114.093895     0
  133 4070.650535 -1966
  134 169.599250 16240
  135 -1218.209750     7
  136 16340.162716  3066
  137 3886.606445  3236
  138 30060.546426 -3156
  139 5582.714747 26575
  140 -54.197627     2
  141 5363.432065 23859
  142 11468.509403 -2212
  143 4163.455554 15705
  144 344.531104 14460
  145 -2662.048036     6
  146 7549.083120 26421
  147 189.490140 10799
  148 -3320.562041     2
  149 24335.681481 30348
  150 3824.687003 14927
  151 6290.017535 -2981
  152 3220.572346  4176
  153 274.386497  3369
  154 6446.120175 -3090
  155 8611.117875 -2741
  156 919.413881 26851
  157 177.455874 29251
  158 -118.056605     2
  159 -10.730706     5
  160 1053.867501 13900
  161 -409.297807     5
  162 -134.463185     8
  163 1244.766582 18562
  164 -2697.203128     1
  165 2025.074727 -2146
  166 -1569.007198     7
  167 -1047.824625     3
  168 11360.156677 32150
  169 11854.545396 -2166
  170 -270.597643     1
  171 -246.004890     1
  172 25597.185816 24598
  173 3063.146104 14057
  174 4216.436338 -2884
  175 -2025.218756     6
  176 -496.294704     3
  177 798.906016 31434
  178 -337.420923     7
  179 9038.284929 11021
  180 12194.056547 19654
  181 5810.954262 31837
  182 -703.930076     4
  183 3227.035452 14952
  184 500.899694 26785
  185 1731.102421  6455
  186 2202.635437 -1650
  187 2351.454717 -2588
  188 -883.524168     0
  189 -834.536109     0
  190 3040.228228 13760
  191 770.158555 -2091
  192 -1401.108558     5
  193 8531.197981 29565
  194 864.454569 -1681
  195 -452.072687     5
  196 3961.869173 -1684
  197 -674.185093     6
  198 505.390367 17659
  199 4025.881039 -3088
  200 6789.491358  6147
  201 6009.173107 30936
  202 21038.567674 26161
  203 -798.038915     4
  204 1443.331409 29234
  205 -2221.394867     2
  206 8047.547718 12201
  207 -1348.543458     0
  208 1770.293147 -2474
  209 3350.632630 11251
  210 3948.156363 11128
  211 1119.623332 18494
  212 16745.451316 -1593
  213 3182.659923 -2437
  214 -626.882234     2
  215 4876.547361 -1846
  216 9213.597246  1154
  217 1712.244748 15143
  218 4515.701663 -3103
  219 1452.723083 16679
  220 9876.977420 -2764
  221 14271.746144  1476
  222 6889.213954 19127
  223 1342.296529  5680
  224 13549.022075  2168
  225 -452.416473     4
  226 4239.489217 25072
  227 -1451.488777     6
  228 5559.315480  3095
  229 -579.413042     0
  230 2553.408965 -3242
  231 6275.405496 11398
  232 -973.702566     7
  233 -1676.604988     7
  234 -602.919856     3
  235 -851.729766     3
  236 5067.510106 31779
  237 2455.341347 25768
  238 -1577.611535     4
  239 -1119.197287     3
  240 -747.790212     5
  241 14210.504722  9045
  242 3221.740291 28477
  243 13312.141707 25507
  244 403.974430 27680
  245 2576.112130  6344
  246 -1379.198993     3
  247 2664.327565 -1812
  248 224.854587 -2751
  249 -229.241176     2
  250 137.484446 19993
  251 -572.385787     9
  252 15441.312154   131
  253 2035.072077 26725
  254 10004.584956 -2571
  255 -208.129227     4
  256 -1426.516384     3
  257 2474.637802 -2715
  258 17276.375096 11874
  259 32338.672988 -2572
  260 -1369.668272     3
  261 -354.104564     2
  262 12153.071933 -2630
  263 -561.090898     0
  264 1170.019295  1231
  265 1055.905180 13187
  266 1958.343030  7031
  267 6882.519584 -2424
  268 6614.484221 12441
  269 4112.851920 -2748
  270 1880.733012 27996
  271 3872.352709 20832
  272 7439.639585 -2129
  273 -633.333002     0
  274 4076.752098  3973
  275 918.015746  9596
  276 390.720824 29864
  277 6109.182211  8226
  278 5203.393537  8125
  279 3249.729917  1936
  280 36813.415434   519
  281 -532.716381     3
  282 2260.156880 20779
  283 9.965024  5897
  284 -2822.940356     8
  285 -3548.305018     1
  286 -474.368341     7
  287 117.915579 13467
  288 1997.818622 -2093
  289 7733.309884 -1755
  290 339.683203 15224
  291 4223.150814 16581
  292 -588.011494     2
  293 4891.005708 -2489
  294 9386.033908 12038
  295 5318.397976 14498
  296 -592.082541     1
  297 789.016942 -3250
  298 11108.187690 32570
  299 -36.531565     9
  300 -1223.093371     5
