300
    1 13739.248635     1
    2 15517.468893 22552
    3 9296.536591 27863
    4 19526.198954 -1935
    5 1456.623325 -2497
    6 -2687.085794     2
    7 15758.494639  7882
    8 3990.950449  5438
    9 81.957056 -2390
   10 1664.819943  6863
   11 145.199399 -2493
   12 -538.943369     6
   13 -1297.650334     1
   14 -1562.705251     8
   15 4814.353198 -3259
   16 13689.143509 24956
   17 11299.068244 -2849
   18 314.760904 -3232
   19 20371.034336 14573
   20 590.208221 -3083
   21 -649.484001     2
   22 4226.518074 15275
   23 -178.717199     8
   24 -1995.405721     1
   25 -455.238643     1
   26 1483.542072 -2263
   27 1619.198752 20395
   28 1928.479071 -3111
   29 -1273.638745     3
   30 705.681570 14985
   31 8669.643488 10343
   32 -966.812575     5
   33 -2002.680299     3
   34 6598.747005 -2852
   35 -688.147196     3
   36 10553.704795 21647
   37 11654.408060 -2309
   38 1344.825382  1257
   39 1680.224004 -3064
   40 4152.195021  2568
   41 -171.362783     2
   42 2066.578441 15949
   43 4678.169070 13544
   44 1692.500998 23714
   45 -916.859408     4
   46 3858.038249 10842
   47 17692.939996 15863
   48 -660.958925     9
   49 10026.661043 -3003
   50 3762.830203  1573
   51 -833.655603     9
   52 -1567.120179     1
   53 15827.758239   314
   54 -97.572943     1
   55 6191.579580 23513
   56 3964.696797 32017
   57 -1152.052199     4
   58 1232.202006 -2540
   59 -1505.017958     8
   60 7643.429382 31213
   61 -1183.433045     1
   62 17056.671590 31927
   63 28946.353829 31951
   64 -616.072844     5
   65 -217.114093     9
   66 3089.115216 18283
   67 3322.184424 14765
   68 731.908575 27953
   69 1761.781146  4234
   70 2921.185705  6832
   71 9463.086572  6524
   72 12541.153392 -2711
   73 -1278.878530     4
   74 -548.596534     4
   75 212.569854 -2177
   76 -1848.811093     8
   77 13964.573828 21958
   78 7039.151253 -2390
   79 104.696488 -2423
   80 4690.841821 -2110
   81 514.350128  3195
   82 1076.472202  3101
   83 -2896.549362     1
   84 -1186.580713     9
   85 6860.192882  1250
   86 23934.513887 13695
   87 -1020.176341     1
   88 18463.441695 -2668
   89 -710.858825     4
   90 8083.316336 11841
   91 6622.592026  3905
   92 -570.516362     0
   93 -273.030476     3
   94 716.661426 -2630
   95 527.182483 -2801
   96 6130.518373 20258
   97 -1372.717323     1
   98 16457.832947 -2718
   99 11562.123017  7350
  100 394.633612 -3230
  101 8989.778571  6709
  102 -1819.789120     5
  103 -1519.873449     2
  104 17419.013965 10814
  105 262.854402 -2651
  106 2108.274307  1080
  107 5137.586004 23377
  108 -215.747023     7
  109 12181.309182  1281
  110 -338.636232     0
  111 7763.268110 12350
  112 1944.919663 -1920
  113 7921.935493 21527
  114 16815.840444 28488
  115 32174.165792 12613
  116 15954.993736 25599
  117 -1477.820262     3
  118 -1177.442774     2
  119 3624.367823 11817
  120 -2.468487     4
  121 13729.851046   876
  122 10511.591546 21854
  123 -900.094530     2
  124 21683.127689   546
  125 212.197692 -1913
  126 641.578501 32558
  127 8.389815 29437
  128 17761.620499 32051
  129 -1322.873383     1
  130 29.436113 12216
  131 -86.360798     7
  132 -1375.856104     0
  133 5105.359598 -1966
  134 20438.662710 16240
  135 -10.975850     7
  136 2636.814298  3066
  137 1288.161209  3236
  138 15090.077366 -3156
  139 513.474800 26575
  140 -1034.769498     2
  141 7321.478878 23859
  142 6884.123815 -2212
  143 9280.437899 15705
  144 3152.596944 14460
  145 -2380.633212     6
  146 17704.211372 26421
  147 2020.426967 10799
  148 -410.117773     2
  149 6363.872752 30348
  150 18064.348415 14927
  151 10165.490319 -2981
  152 362.899308  4176
  153 448.718485  3369
  154 9682.934682 -3090
  155 11060.695392 -2741
  156 973.942715 26851
  157 122.701488 29251
  158 -1184.363201     2
  159 -451.929523     5
  160 1045.606824 13900
  161 -14.001229     5
  162 -165.576577     8
  163 1803.417791 18562
  164 -71.070512     1
  165 835.437245 -2146
  166 -382.230758     7
  167 -2530.242919     3
  168 8823.461083 32150
  169 1096.136571 -2166
  170 -1280.155413     1
  171 -1057.447126     1
  172 7846.885397 24598
  173 2052.840902 14057
  174 5348.108199 -2884
  175 -620.075269     6
  176 -2205.422623     3
  177 1513.223951 31434
  178 -323.247796     7
  179 3029.463139 11021
  180 3648.416955 19654
  181 1420.550892 31837
  182 -419.463424     4
  183 18297.153246 14952
  184 16518.554153 26785
  185 4651.532910  6455
  186 5820.453687 -1650
  187 5240.076137 -2588
  188 -1572.771067     0
  189 -180.497665     0
  190 11456.343086 13760
  191 1645.691126 -2091
  192 -182.626897     5
  193 3945.294867 29565
  194 6838.500970 -1681
  195 -498.707214     5
  196 3213.753106 -1684
  197 -364.391223     6
  198 7946.299088 17659
  199 147.371224 -3088
  200 7004.085611  6147
  201 1360.825441 30936
  202 5931.477717 26161
  203 -339.831279     4
  204 54.445487 29234
  205 -1174.558878     2
  206 8883.386586 12201
  207 -317.062611     0
  208 2707.097799 -2474
  209 10085.109523 11251
  210 3856.426744 11128
  211 1255.021074 18494
  212 10648.304816 -1593
  213 1668.475943 -2437
  214 -561.945851     2
  215 11115.604713 -1846
  216 8661.620970  1154
  217 5229.851581 15143
  218 7577.740389 -3103
  219 62.969779 16679
  220 6526.238844 -2764
  221 7778.832557  1476
  222 3446.650516 19127
  223 1626.547594  5680
  224 15505.528518  2168
  225 -460.695197     4
  226 10516.835107 25072
  227 -3469.046190     6
  228 5216.537761  3095
  229 -840.298633     0
  230 33.181948 -3242
  231 4802.755453 11398
  232 -583.486371     7
  233 -664.175274     7
  234 -325.285470     3
  235 -195.555247     3
  236 3476.795683 31779
  237 1374.168244 25768
  238 -1296.487616     4
  239 -3215.509741     3
  240 -733.557437     5
  241 15288.253819  9045
  242 4154.117908 28477
  243 6583.354548 25507
  244 2799.438721 27680
  245 12895.856948  6344
  246 -42.853564     3
  247 8145.730346 -1812
  248 185.814377 -2751
  249 -2383.933220     2
  250 5358.373767 19993
  251 -601.664136     9
  252 7105.442261   131
  253 4063.514631 26725
  254 13342.708372 -2571
  255 -1768.083805     4
  256 -288.603936     3
  257 2334.071843 -2715
  258 13977.709217 11874
  259 17952.513046 -2572
  260 -652.533798     3
  261 -1077.446068     2
  262 3457.727172 -2630
  263 -596.383587     0
  264 8045.604992  1231
  265 3924.744073 13187
  266 318.400997  7031
  267 8461.887318 -2424
  268 10852.006068 12441
  269 9736.645484 -2748
  270 13218.897107 27996
  271 2554.910934 20832
  272 1161.193689 -2129
  273 -734.679301     0
  274 14653.407089  3973
  275 4950.708417  9596
  276 4835.448011 29864
  277 12751.040395  8226
  278 1982.401430  8125
  279 671.777722  1936
  280 8213.075949   519
  281 -1749.471723     3
  282 8066.327233 20779
  283 82.933065  5897
  284 -1222.647716     8
  285 -1646.833223     1
  286 -545.838900     7
  287 3295.639811 13467
  288 10115.138001 -2093
  289 13136.852005 -1755
  290 2057.617206 15224
  291 11524.488327 16581
  292 -2896.101473     2
  293 5176.718378 -2489
  294 12453.870244 12038
  295 3740.991182 14498
  296 -340.299756     1
  297 733.932887 -3250
  298 7896.325530 32570
  299 -1066.269135     9
  300 -936.360383     5
