300
    1 4297.314787     1
    2 15745.636473 22552
    3 11591.824509 27863
    4 17386.738210 -1935
    5 875.843920 -2497
    6 -1170.851645     2
    7 16003.649377  7882
    8 5044.146624  5438
    9 4736.597621 -2390
   10 11485.791815  6863
   11 671.305621 -2493
   12 -918.555801     6
   13 -919.951928     1
   14 -44.442191     8
   15 3981.885562 -3259
   16 584.566557 24956
   17 4402.683614 -2849
   18 410.689310 -3232
   19 2440.029712 14573
   20 14185.434978 -3083
   21 -674.668813     2
   22 10524.596080 15275
   23 -888.887328     8
   24 -219.419494     1
   25 -789.038334     1
   26 3014.303935 -2263
   27 6862.745333 20395
   28 2283.649977 -3111
   29 -948.872824     3
   30 1307.072342 14985
   31 5161.764549 10343
   32 -457.328357     5
   33 -451.802342     3
   34 5131.692351 -2852
   35 -1568.442316     3
   36 9350.019641 21647
   37 13652.972844 -2309
   38 1972.303027  1257
   39 6939.538466 -3064
   40 11939.054731  2568
   41 -16.186896     2
   42 10233.545692 15949
   43 908.195557 13544
   44 1630.132791 23714
   45 -1610.300763     4
   46 2704.405471 10842
   47 13120.327807 15863
   48 -324.062193     9
   49 9759.235977 -3003
   50 9380.231768  1573
   51 -134.505783     9
   52 -218.200452     1
   53 4776.981583   314
   54 -686.247926     1
   55 4006.609051 23513
   56 3810.652067 32017
   57 -34.249676     4
   58 3780.660577 -2540
   59 -1412.345122     8
   60 15936.496760 31213
   61 -2100.174140     1
   62 7322.079917 31927
   63 1469.788004 31951
   64 -277.659773     5
   65 -532.016647     9
   66 6465.667581 18283
   67 5073.860932 14765
   68 1480.084937 27953
   69 3898.996009  4234
   70 10536.244565  6832
   71 5851.405893  6524
   72 6011.831773 -2711
   73 -193.632019     4
   74 -423.346504     4
   75 107.505784 -2177
   76 -1093.071535     8
   77 28586.613869 21958
   78 2923.575358 -2390
   79 233.131547 -2423
   80 2744.215277 -2110
   81 1308.812007  3195
   82 1365.526931  3101
   83 -1514.111676     1
   84 -89.949039     9
   85 7126.725942  1250
   86 14065.396093 13695
   87 -996.013392     1
   88 216.453581 -2668
   89 -357.464165     4
   90 3093.130171 11841
   91 12470.504311  3905
   92 -2707.194903     0
   93 -1642.719729     3
   94 880.315649 -2630
   95 118.665093 -2801
   96 965.994790 20258
   97 -3206.904788     1
   98 6743.681317 -2718
   99 17358.309419  7350
  100 2971.602503 -3230
  101 1972.071458  6709
  102 -439.406030     5
  103 -708.955346     2
  104 39401.505931 10814
  105 69.607765 -2651
  106 9208.699256  1080
  107 16726.468324 23377
  108 -577.384983     7
  109 17292.565633  1281
  110 -99.871285     0
  111 3563.675906 12350
  112 8722.603413 -1920
  113 1600.742187 21527
  114 4072.558351 28488
  115 15908.562392 12613
  116 5483.595555 25599
  117 -1596.859507     3
  118 -689.122428     2
  119 143.617990 11817
  120 -31.437991     4
  121 8342.988490   876
  122 6867.079078 21854
  123 -458.949856     2
  124 26762.939980   546
  125 248.844167 -1913
  126 285.174986 32558
  127 14.290693 29437
  128 3900.936946 32051
  129 -2396.713040     1
  130 16.755565 12216
  131 -597.243220     7
  132 -1558.146512     0
  133 3522.813549 -1966
  134 9759.744067 16240
  135 -748.015341     7
  136 20819.410467  3066
  137 3409.752864  3236
  138 8432.671112 -3156
  139 1980.224163 26575
  140 -265.806424     2
  141 4511.900534 23859
  142 5246.697670 -2212
  143 18539.427733 15705
  144 12843.215527 14460
  145 -1636.972192     6
  146 1801.089351 26421
  147 1087.013461 10799
  148 -503.557415     2
  149 1449.783812 30348
  150 263.813756 14927
  151 11321.533833 -2981
  152 12494.196898  4176
  153 645.311742  3369
  154 2602.391906 -3090
  155 7783.965772 -2741
  156 955.691086 26851
  157 620.057686 29251
  158 -1379.828070     2
  159 -397.681676     5
  160 1787.944129 13900
  161 -1133.847373     5
  162 -306.608103     8
  163 1611.478303 18562
  164 -1032.827445     1
  165 686.930046 -2146
  166 -3764.823564     7
  167 -512.628012     3
  168 5883.116436 32150
  169 9661.586042 -2166
  170 -9.987254     1
  171 -2456.388543     1
  172 5175.387530 24598
  173 8279.742061 14057
  174 548.099206 -2884
  175 -2209.341872     6
  176 -1447.719119     3
  177 468.173296 31434
  178 -1254.976079     7
  179 6932.153395 11021
  180 11420.695320 19654
  181 305.243682 31837
  182 -1392.895348     4
  183 1738.609570 14952
  184 7486.868171 26785
  185 10748.464768  6455
  186 13156.027956 -1650
  187 1979.030772 -2588
  188 -44.291602     0
  189 -1570.853007     0
  190 5097.237899 13760
  191 1323.201920 -2091
  192 -1080.818090     5
  193 1864.593413 29565
  194 11284.722253 -1681
  195 -18.559733     5
  196 4760.237698 -1684
  197 -1670.156918     6
  198 2071.217165 17659
  199 17277.283674 -3088
  200 9004.126482  6147
  201 5314.593640 30936
  202 14414.472140 26161
  203 -3574.638450     4
  204 171.269615 29234
  205 -2482.941022     2
  206 901.358834 12201
  207 -15.981184     0
  208 3980.787714 -2474
  209 4453.775931 11251
  210 18598.494501 11128
  211 845.607380 18494
  212 640.194296 -1593
  213 1726.265603 -2437
  214 -1859.858529     2
  215 5620.491732 -1846
  216 9445.061368  1154
  217 2400.218887 15143
  218 324.714094 -3103
  219 20367.494123 16679
  220 23696.938628 -2764
  221 10957.228988  1476
  222 15721.475682 19127
  223 916.083648  5680
  224 49.650450  2168
  225 -311.129486     4
  226 4441.603995 25072
  227 -1884.092519     6
  228 11865.129514  3095
  229 -1412.823896     0
  230 351.587660 -3242
  231 6457.616059 11398
  232 -788.687428     7
  233 -1748.221433     7
  234 -629.944747     3
  235 -1282.476245     3
  236 5598.039115 31779
  237 2033.777231 25768
  238 -390.400045     4
  239 -1917.971116     3
  240 -2637.370860     5
  241 7758.970151  9045
  242 4234.622067 28477
  243 4859.280469 25507
  244 2480.485229 27680
  245 14983.336515  6344
  246 -1764.605125     3
  247 4319.450514 -1812
  248 24.740430 -2751
  249 -1412.975533     2
  250 243.958459 19993
  251 -297.515102     9
  252 16513.519188   131
  253 5874.957945 26725
  254 2271.823463 -2571
  255 -251.695652     4
  256 -861.602104     3
  257 1565.602017 -2715
  258 17662.834724 11874
  259 5415.980414 -2572
  260 -2942.291784     3
  261 -403.265352     2
  262 2482.189441 -2630
  263 -177.252073     0
  264 9212.594332  1231
  265 1526.377041 13187
  266 1374.483433  7031
  267 111.714618 -2424
  268 15566.583358 12441
  269 1069.606170 -2748
  270 9799.660909 27996
  271 756.642103 20832
  272 5962.405180 -2129
  273 -1062.414800     0
  274 27251.911276  3973
  275 186.868809  9596
  276 7643.581963 29864
  277 3962.119953  8226
  278 5523.079983  8125
  279 1599.438837  1936
  280 5548.932106   519
  281 -529.145898     3
  282 2710.392860 20779
  283 48.102705  5897
  284 -1507.249588     8
  285 -636.715371     1
  286 -43.362588     7
  287 1051.854348 13467
  288 3273.042543 -2093
  289 108.555385 -1755
  290 2898.966623 15224
  291 25120.263727 16581
  292 -2231.753104     2
  293 9629.764729 -2489
  294 13243.963555 12038
  295 36899.576730 14498
  296 -656.798207     1
  297 133.308298 -3250
  298 4917.250631 32570
  299 -903.627177     9
  300 -294.267024     5
