300
    1 1196.491895     1
    2 11262.365092 22552
    3 6675.495912 27863
    4 12363.517402 -1935
    5 210.425049 -2497
    6 -430.484241     2
    7 9740.285472  7882
    8 4990.519406  5438
    9 3109.779126 -2390
   10 8222.566061  6863
   11 413.647892 -2493
   12 -124.865578     6
   13 -485.438541     1
   14 -66.698785     8
   15 7851.358418 -3259
   16 2519.159824 24956
   17 9464.506425 -2849
   18 478.095681 -3232
   19 16650.962274 14573
   20 582.702606 -3083
   21 -1755.225928     2
   22 4894.206637 15275
   23 -426.421059     8
   24 -348.523612     1
   25 -2249.310656     1
   26 10461.881534 -2263
   27 5205.938661 20395
   28 1551.119853 -3111
   29 -499.669657     3
   30 2161.244555 14985
   31 15517.130667 10343
   32 -270.906435     5
   33 -1887.667733     3
   34 7498.520244 -2852
   35 -925.028741     3
   36 10377.698048 21647
   37 3365.210884 -2309
   38 5707.695244  1257
   39 547.343658 -3064
   40 3913.679990  2568
   41 -273.686957     2
   42 1343.614023 15949
   43 623.685166 13544
   44 8646.600525 23714
   45 -1140.948220     4
   46 77.687339 10842
   47 4556.966091 15863
   48 -759.020562     9
   49 10150.487439 -3003
   50 7929.590136  1573
   51 -2067.373340     9
   52 -706.009342     1
   53 2745.078933   314
   54 -3.375692     1
   55 1713.315340 23513
   56 1145.053378 32017
   57 -254.264311     4
   58 13631.977204 -2540
   59 -600.548370     8
   60 30258.759294 31213
   61 -438.063768     1
   62 5437.577297 31927
   63 13354.497335 31951
   64 -1514.580503     5
   65 -747.838993     9
   66 1317.057422 18283
   67 7439.272476 14765
   68 420.868535 27953
   69 2925.322768  4234
   70 14152.806981  6832
   71 7841.955351  6524
   72 510.057660 -2711
   73 -48.167403     4
   74 -1022.515201     4
   75 159.193109 -2177
   76 -1074.927124     8
   77 7637.754017 21958
   78 8258.916209 -2390
   79 370.446833 -2423
   80 2830.968726 -2110
   81 944.055006  3195
   82 2345.897715  3101
   83 -1066.374483     1
   84 -1893.375504     9
   85 17940.466871  1250
   86 22417.888906 13695
   87 -177.873855     1
   88 17571.034573 -2668
   89 -1362.316063     4
   90 14066.802467 11841
   91 2201.678437  3905
   92 -570.694203     0
   93 -177.710107     3
   94 1399.796501 -2630
   95 152.180529 -2801
   96 5712.830175 20258
   97 -688.116866     1
   98 1895.795510 -2718
   99 5705.229366  7350
  100 75.610514 -3230
  101 4202.098425  6709
  102 -421.798895     5
  103 -1052.800484     2
  104 4877.044743 10814
  105 92.510546 -2651
  106 11405.590192  1080
  107 20380.331109 23377
  108 -868.022087     7
  109 8551.343010  1281
  110 -376.648729     0
  111 8631.262521 12350
  112 10181.150595 -1920
  113 8445.555460 21527
  114 270.419007 28488
  115 19504.026325 12613
  116 10974.681744 25599
  117 -1016.038816     3
  118 -590.367573     2
  119 2322.542311 11817
  120 -510.728585     4
  121 12356.425147   876
  122 2074.557648 21854
  123 -2131.467112     2
  124 20235.360320   546
  125 4652.260891 -1913
  126 1202.667670 32558
  127 5.340216 29437
  128 7551.732356 32051
  129 -973.393506     1
  130 119.220417 12216
  131 -402.331823     7
  132 -716.769792     0
  133 17838.662769 -1966
  134 4710.357272 16240
  135 -1120.666427     7
  136 5788.087741  3066
  137 2114.144990  3236
  138 6803.659741 -3156
  139 14606.609992 26575
  140 -671.230372     2
  141 6033.982530 23859
  142 1845.894304 -2212
  143 9925.402757 15705
  144 12710.815021 14460
  145 -341.792339     6
  146 3155.466247 26421
  147 2951.717691 10799
  148 -814.884288     2
  149 6020.221775 30348
  150 5208.902777 14927
  151 2338.903193 -2981
  152 6104.378372  4176
  153 75.253251  3369
  154 3546.408092 -3090
  155 893.614065 -2741
  156 686.433792 26851
  157 836.289338 29251
  158 -926.441704     2
  159 -291.942623     5
  160 2004.548882 13900
  161 -1125.906555     5
  162 -164.442092     8
  163 641.595688 18562
  164 -1544.729651     1
  165 1202.987136 -2146
  166 -1470.807765     7
  167 -3090.362623     3
  168 7620.894030 32150
  169 1118.774236 -2166
  170 -103.102220     1
  171 -1564.575440     1
  172 15382.279838 24598
  173 1629.700916 14057
  174 19299.256520 -2884
  175 -809.975732     6
  176 -781.207962     3
  177 341.502859 31434
  178 -358.969386     7
  179 1411.730593 11021
  180 5357.307667 19654
  181 6357.883784 31837
  182 -374.245972     4
  183 10418.390711 14952
  184 1660.942740 26785
  185 99.639160  6455
  186 7830.762010 -1650
  187 7923.762741 -2588
  188 -496.383535     0
  189 -1606.087727     0
  190 19067.292178 13760
  191 3031.364542 -2091
  192 -73.890976     5
  193 4701.519615 29565
  194 5003.725219 -1681
  195 -1092.800623     5
  196 13894.896020 -1684
  197 -2187.686370     6
  198 5643.319074 17659
  199 7992.796945 -3088
  200 1022.693952  6147
  201 15854.041220 30936
  202 1090.544266 26161
  203 -2294.525013     4
  204 806.719104 29234
  205 -62.974867     2
  206 4337.767348 12201
  207 -1105.720101     0
  208 6633.674791 -2474
  209 2977.467816 11251
  210 8044.714532 11128
  211 56.541769 18494
  212 1032.206234 -1593
  213 538.031671 -2437
  214 -972.144099     2
  215 665.902120 -1846
  216 10941.062632  1154
  217 11472.195188 15143
  218 13737.112911 -3103
  219 15418.584663 16679
  220 23993.705888 -2764
  221 1002.616328  1476
  222 12850.113278 19127
  223 241.739143  5680
  224 26552.366570  2168
  225 -1499.875600     4
  226 19012.674647 25072
  227 -760.248761     6
  228 16453.125317  3095
  229 -852.093317     0
  230 1137.582990 -3242
  231 11420.296245 11398
  232 -597.831133     7
  233 -1905.443080     7
  234 -386.559796     3
  235 -376.466508     3
  236 2291.875810 31779
  237 1182.803684 25768
  238 -467.202087     4
  239 -3858.428517     3
  240 -1068.847135     5
  241 5185.749825  9045
  242 11189.461485 28477
  243 10498.193739 25507
  244 3710.126998 27680
  245 16621.916433  6344
  246 -422.508825     3
  247 11360.143646 -1812
  248 56.051237 -2751
  249 -876.575173     2
  250 7590.652444 19993
  251 -347.265596     9
  252 2458.967277   131
  253 11389.177768 26725
  254 29520.049620 -2571
  255 -631.961202     4
  256 -398.332436     3
  257 5568.076937 -2715
  258 16747.706130 11874
  259 20637.452042 -2572
  260 -33.971567     3
  261 -402.869728     2
  262 8767.199301 -2630
  263 -1380.273170     0
  264 5548.150976  1231
  265 1683.005865 13187
  266 2347.040339  7031
  267 652.172160 -2424
  268 29031.321803 12441
  269 859.933096 -2748
  270 872.989378 27996
  271 12364.577582 20832
  272 855.246886 -2129
  273 -1184.899113     0
  274 4311.385531  3973
  275 2243.495295  9596
  276 5512.408221 29864
  277 14421.010188  8226
  278 652.483969  8125
  279 619.722979  1936
  280 5212.339827   519
  281 -226.086273     3
  282 337.087751 20779
  283 20.291800  5897
  284 -2622.459471     8
  285 -99.000493     1
  286 -662.299725     7
  287 313.118071 13467
  288 20759.957584 -2093
  289 8304.859610 -1755
  290 2311.298216 15224
  291 2059.034665 16581
  292 -372.698602     2
  293 8556.132229 -2489
  294 11230.373706 12038
  295 6087.727688 14498
  296 -1744.695123     1
  297 581.430332 -3250
  298 705.922448 32570
  299 -3101.828964     9
  300 -2412.193682     5
