100
    1 5435.083020     1
    2 6414.797988 22552
    3 11960.767719 27863
    4 5425.013673 -1935
    5 2008.852667 -2497
    6 -439.635674     2
    7 1048.434906  7882
    8 8109.485305  5438
    9 6131.347292 -2390
   10 1796.787448  6863
   11 107.614476 -2493
   12 -1412.167574     6
   13 -701.873526     1
   14 -75.412675     8
   15 10646.453311 -3259
   16 14015.404295 24956
   17 3828.587219 -2849
   18 32.051692 -3232
   19 11970.140797 14573
   20 14439.354127 -3083
   21 -1408.621643     2
   22 11738.585022 15275
   23 -1520.382741     8
   24 -919.644281     1
   25 -662.081554     1
   26 10136.130523 -2263
   27 11934.985589 20395
   28 67.038632 -3111
   29 -905.533174     3
   30 617.004628 14985
   31 42058.382191 10343
   32 -933.512045     5
   33 -30.613993     3
   34 16700.769947 -2852
   35 -1377.286565     3
   36 25690.825496 21647
   37 9854.257627 -2309
   38 1329.253029  1257
   39 4116.238678 -3064
   40 6682.751715  2568
   41 -129.416730     2
   42 5585.464507 15949
   43 674.468603 13544
   44 372.812400 23714
   45 -63.827969     4
   46 2425.052162 10842
   47 11919.939909 15863
   48 -1391.303860     9
   49 2737.985106 -3003
   50 6503.103488  1573
   51 -1508.614106     9
   52 -1237.810104     1
   53 14575.228903   314
   54 -189.870074     1
   55 5461.005262 23513
   56 8059.091304 32017
   57 -676.855573     4
   58 2603.895245 -2540
   59 -1016.708697     8
   60 548.489312 31213
   61 -728.747834     1
   62 1450.292645 31927
   63 42876.848872 31951
   64 -130.948708     5
   65 -524.307902     9
   66 9189.679990 18283
   67 13264.133231 14765
   68 190.111614 27953
   69 9845.809026  4234
   70 15378.102077  6832
   71 15768.180992  6524
   72 6268.527484 -2711
   73 -141.581104     4
   74 -197.765594     4
   75 179.986964 -2177
   76 -2195.003808     8
   77 20668.840726 21958
   78 21081.649086 -2390
   79 159.356191 -2423
   80 549.714600 -2110
   81 141.664480  3195
   82 835.884471  3101
   83 -1390.259212     1
   84 -550.336307     9
   85 9880.965141  1250
   86 1518.007575 13695
   87 -548.622548     1
   88 6295.961574 -2668
   89 -97.941974     4
   90 1408.709449 11841
   91 4672.058352  3905
   92 -1526.781462     0
   93 -146.003865     3
   94 1502.052461 -2630
   95 254.374232 -2801
   96 697.074561 20258
   97 -285.286159     1
   98 46196.779860 -2718
   99 17455.989377  7350
  100 11154.313419 -3230
