300
    1 1470.103880     1
    2 23168.702824 22552
    3 2990.261407 27863
    4 33460.344841 -1935
    5 1942.823087 -2497
    6 -1078.106022     2
    7 3539.217778  7882
    8 1426.765657  5438
    9 3916.079156 -2390
   10 15025.676617  6863
   11 243.767678 -2493
   12 -477.588621     6
   13 -909.067124     1
   14 -3248.497608     8
   15 5477.982323 -3259
   16 9456.834212 24956
   17 4061.496999 -2849
   18 220.588320 -3232
   19 2839.819846 14573
   20 9654.115428 -3083
   21 -272.443428     2
   22 5149.817186 15275
   23 -1436.324354     8
   24 -370.250532     1
   25 -736.453459     1
   26 3032.461799 -2263
   27 2690.763394 20395
   28 12277.047192 -3111
   29 -1803.432150     3
   30 1494.949643 14985
   31 24349.612051 10343
   32 -172.287388     5
   33 -1129.043779     3
   34 6496.001563 -2852
   35 -851.842018     3
   36 5261.919860 21647
   37 13265.518936 -2309
   38 2554.793044  1257
   39 4842.225530 -3064
   40 5048.419744  2568
   41 -609.034589     2
   42 2282.903069 15949
   43 943.737466 13544
   44 3141.613594 23714
   45 -358.521643     4
   46 538.083438 10842
   47 25184.521632 15863
   48 -1.145313     9
   49 11467.009561 -3003
   50 19084.017778  1573
   51 -321.903608     9
   52 -3074.224560     1
   53 1653.470322   314
   54 -665.434782     1
   55 2318.046784 23513
   56 12632.990695 32017
   57 -198.699607     4
   58 3554.079989 -2540
   59 -602.626880     8
   60 1486.174663 31213
   61 -193.501962     1
   62 19185.945537 31927
   63 10422.631228 31951
   64 -37.482769     5
   65 -206.825292     9
   66 16712.578999 18283
   67 1311.899152 14765
   68 849.975121 27953
   69 3.291266  4234
   70 5347.602257  6832
   71 6460.953542  6524
   72 2162.737492 -2711
   73 -17.297895     4
   74 -852.522047     4
   75 190.146121 -2177
   76 -1370.659519     8
   77 697.409357 21958
   78 14154.308741 -2390
   79 143.884976 -2423
   80 6163.961998 -2110
   81 180.749264  3195
   82 39.137550  3101
   83 -565.819155     1
   84 -117.600932     9
   85 2802.726496  1250
   86 1071.191319 13695
   87 -1069.899109     1
   88 6132.703541 -2668
   89 -1382.275807     4
   90 2976.341648 11841
   91 1093.179275  3905
   92 -499.414266     0
   93 -132.796605     3
   94 217.882365 -2630
   95 580.358752 -2801
   96 3307.289812 20258
   97 -187.351573     1
   98 2562.549897 -2718
   99 3955.437244  7350
  100 2453.898026 -3230
  101 9449.055125  6709
  102 -166.918778     5
  103 -1012.956123     2
  104 13678.274462 10814
  105 48.616558 -2651
  106 5446.789946  1080
  107 25780.519242 23377
  108 -155.127730     7
  109 8382.618216  1281
  110 -1270.848764     0
  111 985.195946 12350
  112 5428.049900 -1920
  113 10098.909843 21527
  114 12784.436006 28488
  115 8366.741823 12613
  116 7959.533992 25599
  117 -2014.406320     3
  118 -136.426930     2
  119 9989.513601 11817
  120 -979.892101     4
  121 6388.049103   876
  122 8269.551979 21854
  123 -894.514857     2
  124 15602.979805   546
  125 3104.662818 -1913
  126 2908.039491 32558
  127 95.137049 29437
  128 29724.514915 32051
  129 -3408.387752     1
  130 181.472127 12216
  131 -593.912433     7
  132 -1668.897812     0
  133 849.322964 -1966
  134 9467.702522 16240
  135 -1428.070071     7
  136 19146.602557  3066
  137 1278.265482  3236
  138 15497.077784 -3156
  139 21872.518916 26575
  140 -910.426618     2
  141 1444.138325 23859
  142 7539.630806 -2212
  143 754.963185 15705
  144 9603.107903 14460
  145 -281.301039     6
  146 10023.739596 26421
  147 308.252638 10799
  148 -2462.887795     2
  149 8551.110934 30348
  150 37.164280 14927
  151 4453.108221 -2981
  152 14090.716075  4176
  153 1406.672820  3369
  154 1565.025804 -3090
  155 2943.716282 -2741
  156 360.335878 26851
  157 206.353088 29251
  158 -2320.042950     2
  159 -774.641388     5
  160 2638.911372 13900
  161 -3356.086093     5
  162 -1231.262449     8
  163 524.937496 18562
  164 -171.060453     1
  165 1219.528185 -2146
  166 -2356.586418     7
  167 -1138.620329     3
  168 15137.282648 32150
  169 3763.774163 -2166
  170 -309.098552     1
  171 -404.710460     1
  172 3656.445771 24598
  173 5255.572303 14057
  174 372.631018 -2884
  175 -1004.680948     6
  176 -269.953824     3
  177 521.102003 31434
  178 -272.343456     7
  179 3992.258913 11021
  180 13058.385175 19654
  181 16247.957698 31837
  182 -339.874250     4
  183 492.978767 14952
  184 2344.579463 26785
  185 651.413660  6455
  186 28372.289621 -1650
  187 1795.680858 -2588
  188 -235.659674     0
  189 -851.814391     0
  190 13161.291197 13760
  191 231.576228 -2091
  192 -1978.693415     5
  193 6295.028920 29565
  194 8058.983460 -1681
  195 -1255.326088     5
  196 3044.792340 -1684
  197 -882.279585     6
  198 2538.815553 17659
  199 7103.194417 -3088
  200 5273.488208  6147
  201 8730.664345 30936
  202 4081.631698 26161
  203 -2456.402825     4
  204 166.504589 29234
  205 -1265.444811     2
  206 1023.526214 12201
  207 -2069.781014     0
  208 10162.245877 -2474
  209 7198.092064 11251
  210 14468.494129 11128
  211 1293.653160 18494
  212 17649.529148 -1593
  213 276.127363 -2437
  214 -130.063005     2
  215 21761.789422 -1846
  216 3076.793878  1154
  217 421.474856 15143
  218 4456.310886 -3103
  219 17134.143331 16679
  220 27499.121956 -2764
  221 31981.318886  1476
  222 2714.582021 19127
  223 100.181656  5680
  224 3345.899090  2168
  225 -817.296190     4
  226 17305.161869 25072
  227 -256.584780     6
  228 1075.451293  3095
  229 -1551.593196     0
  230 1270.045052 -3242
  231 7195.230389 11398
  232 -1342.998956     7
  233 -55.189744     7
  234 -645.496066     3
  235 -213.670826     3
  236 1339.505962 31779
  237 1445.517656 25768
  238 -549.510853     4
  239 -1468.691752     3
  240 -3.740495     5
  241 25556.505348  9045
  242 15568.989729 28477
  243 7966.849226 25507
  244 4368.188227 27680
  245 9792.552298  6344
  246 -1619.682012     3
  247 9140.720070 -1812
  248 16.180206 -2751
  249 -632.309916     2
  250 2737.143626 19993
  251 -1856.902605     9
  252 1924.697961   131
  253 568.650403 26725
  254 8176.470116 -2571
  255 -593.698133     4
  256 -1782.995450     3
  257 2833.983823 -2715
  258 15390.138317 11874
  259 1510.707206 -2572
  260 -1740.638469     3
  261 -173.046082     2
  262 13614.389828 -2630
  263 -1339.311719     0
  264 2566.011853  1231
  265 544.781853 13187
  266 119.772179  7031
  267 8693.402151 -2424
  268 8705.208983 12441
  269 3452.439864 -2748
  270 11056.268757 27996
  271 1017.483468 20832
  272 10087.316844 -2129
  273 -1765.083203     0
  274 23664.011978  3973
  275 1238.765496  9596
  276 4796.139183 29864
  277 9575.614639  8226
  278 4299.348380  8125
  279 278.856170  1936
  280 8863.481417   519
  281 -1343.486738     3
  282 3932.926930 20779
  283 155.431553  5897
  284 -1261.215240     8
  285 -848.750695     1
  286 -659.905905     7
  287 1186.653659 13467
  288 25147.022241 -2093
  289 259.546506 -1755
  290 982.301101 15224
  291 11084.577974 16581
  292 -384.386134     2
  293 6946.780798 -2489
  294 17225.727965 12038
  295 3996.715635 14498
  296 -953.886868     1
  297 1103.852273 -3250
  298 16901.386190 32570
  299 -2224.932939     9
  300 -1934.430211     5
