100
    1 9444.099332     1
    2 2990.606751 22552
    3 1804.980782 27863
    4 14198.381119 -1935
    5 3033.584843 -2497
    6 -531.643559     2
    7 17228.245705  7882
    8 4983.320126  5438
    9 5477.498110 -2390
   10 14210.370272  6863
   11 1104.417808 -2493
   12 -1768.816266     6
   13 -475.725631     1
   14 -1217.651166     8
   15 6013.655933 -3259
   16 5463.627967 24956
   17 11896.753056 -2849
   18 367.579782 -3232
   19 3746.275266 14573
   20 10733.336572 -3083
   21 -453.698978     2
   22 370.511827 15275
   23 -138.657803     8
   24 -86.043126     1
   25 -175.971877     1
   26 112.950586 -2263
   27 11445.006709 20395
   28 14396.938250 -3111
   29 -1035.830867     3
   30 790.469731 14985
   31 9133.369041 10343
   32 -1157.693055     5
   33 -1462.173719     3
   34 3724.579400 -2852
   35 -408.705463     3
   36 13366.767985 21647
   37 1444.444261 -2309
   38 7278.339105  1257
   39 6945.733607 -3064
   40 1681.959804  2568
   41 -1131.094632     2
   42 18320.073819 15949
   43 6008.862080 13544
   44 10148.272329 23714
   45 -1387.796915     4
   46 3288.973036 10842
   47 12173.617259 15863
   48 -138.769202     9
   49 767.399551 -3003
   50 2079.072573  1573
   51 -2480.396896     9
   52 -1403.575006     1
   53 9381.286812   314
   54 -200.570329     1
   55 5445.960620 23513
   56 2834.859646 32017
   57 -824.470787     4
   58 835.051440 -2540
   59 -1213.163013     8
   60 14401.938183 31213
   61 -734.537533     1
   62 19775.160148 31927
   63 14888.887446 31951
   64 -3942.452344     5
   65 -523.560448     9
   66 11425.598487 18283
   67 15301.478262 14765
   68 121.362035 27953
   69 5623.930353  4234
   70 9409.773118  6832
   71 25519.008065  6524
   72 418.994253 -2711
   73 -534.656733     4
   74 -1367.703403     4
   75 170.261227 -2177
   76 -636.230223     8
   77 21218.226589 21958
   78 15789.411253 -2390
   79 670.459207 -2423
   80 17421.774599 -2110
   81 962.279713  3195
   82 2853.904534  3101
   83 -1278.328509     1
   84 -352.391485     9
   85 11804.392050  1250
   86 4371.283441 13695
   87 -568.471952     1
   88 7954.436293 -2668
   89 -3224.500625     4
   90 10030.903411 11841
   91 1098.652360  3905
   92 -70.825159     0
   93 -751.272336     3
   94 391.178809 -2630
   95 206.237861 -2801
   96 7912.028418 20258
   97 -16.949598     1
   98 11390.844263 -2718
   99 10627.686072  7350
  100 14209.159781 -3230
