300
    1 2129.371436     1
    2 8064.475506 22552
    3 9719.777931 27863
    4 3501.631423 -1935
    5 921.523278 -2497
    6 -568.782957     2
    7 15686.877494  7882
    8 2106.076711  5438
    9 4555.291207 -2390
   10 8850.380902  6863
   11 952.213047 -2493
   12 -319.301970     6
   13 -3746.041814     1
   14 -1966.692531     8
   15 17902.139540 -3259
   16 26079.379686 24956
   17 3211.644474 -2849
   18 43.115899 -3232
   19 1974.919913 14573
   20 16015.661632 -3083
   21 -1749.905463     2
   22 6005.128963 15275
   23 -1655.745384     8
   24 -842.415270     1
   25 -10.427259     1
   26 6371.959342 -2263
   27 4615.795100 20395
   28 5501.999692 -3111
   29 -972.791101     3
   30 1225.091542 14985
   31 5262.479091 10343
   32 -980.815072     5
   33 -157.624119     3
   34 2016.644380 -2852
   35 -468.204031     3
   36 3640.783572 21647
   37 5493.464777 -2309
   38 4084.830985  1257
   39 10670.331699 -3064
   40 4487.157829  2568
   41 -1058.098800     2
   42 12848.747072 15949
   43 3675.318311 13544
   44 3233.669097 23714
   45 -1340.276224     4
   46 157.921037 10842
   47 8676.137585 15863
   48 -640.970489     9
   49 2310.162188 -3003
   50 2994.343701  1573
   51 -1728.966301     9
   52 -1132.350126     1
   53 10204.353188   314
   54 -870.373181     1
   55 11203.038361 23513
   56 7238.800433 32017
   57 -1501.000468     4
   58 5257.145473 -2540
   59 -1201.443101     8
   60 21049.232031 31213
   61 -3251.714521     1
   62 11703.457583 31927
   63 6720.116863 31951
   64 -489.971578     5
   65 -856.310818     9
   66 12865.283463 18283
   67 3104.715133 14765
   68 103.140803 27953
   69 3872.656189  4234
   70 17742.649856  6832
   71 7557.202072  6524
   72 25352.794691 -2711
   73 -751.626550     4
   74 -280.021169     4
   75 46.913694 -2177
   76 -2690.303554     8
   77 12215.949958 21958
   78 1970.189715 -2390
   79 77.179608 -2423
   80 10404.479658 -2110
   81 233.868976  3195
   82 2673.241059  3101
   83 -4227.576581     1
   84 -409.521539     9
   85 1007.158588  1250
   86 21968.357040 13695
   87 -1263.945287     1
   88 23492.553341 -2668
   89 -916.565275     4
   90 9026.648745 11841
   91 2297.858573  3905
   92 -205.322783     0
   93 -168.011540     3
   94 1234.928858 -2630
   95 63.444659 -2801
   96 5314.907494 20258
   97 -1581.288700     1
   98 20951.530115 -2718
   99 890.968603  7350
  100 5317.546258 -3230
  101 1904.134524  6709
  102 -369.872681     5
  103 -1687.692404     2
  104 10816.972810 10814
  105 204.939882 -2651
  106 11734.586190  1080
  107 10080.713945 23377
  108 -557.158741     7
  109 15689.327222  1281
  110 -594.788844     0
  111 869.999449 12350
  112 2962.935488 -1920
  113 7911.990517 21527
  114 11023.792991 28488
  115 1170.168889 12613
  116 2705.980024 25599
  117 -899.632501     3
  118 -659.925047     2
  119 26040.515829 11817
  120 -1434.367600     4
  121 2524.741676   876
  122 3349.868977 21854
  123 -1197.639002     2
  124 10498.639370   546
  125 6641.504508 -1913
  126 748.756841 32558
  127 14.429288 29437
  128 7082.357850 32051
  129 -1156.949579     1
  130 52.508081 12216
  131 -1621.579252     7
  132 -88.476723     0
  133 7866.742554 -1966
  134 6520.698805 16240
  135 -301.671690     7
  136 5407.480387  3066
  137 1304.462751  3236
  138 14967.894432 -3156
  139 5821.735209 26575
  140 -1348.439023     2
  141 358.532610 23859
  142 1401.442580 -2212
  143 11790.483985 15705
  144 2325.483926 14460
  145 -498.363761     6
  146 4850.442859 26421
  147 853.860545 10799
  148 -113.322088     2
  149 7652.942614 30348
  150 18970.419181 14927
  151 10970.807864 -2981
  152 8811.003218  4176
  153 1692.558572  3369
  154 945.829770 -3090
  155 229.563340 -2741
  156 11237.810709 26851
  157 1762.590489 29251
  158 -2071.304044     2
  159 -20.869889     5
  160 2939.466081 13900
  161 -397.015738     5
  162 -215.992672     8
  163 825.713758 18562
  164 -27.133298     1
  165 1145.594490 -2146
  166 -3.052702     7
  167 -105.757090     3
  168 8850.946164 32150
  169 5195.286636 -2166
  170 -1071.717850     1
  171 -612.484067     1
  172 3516.761001 24598
  173 4116.751295 14057
  174 8111.237767 -2884
  175 -1346.306292     6
  176 -2001.825237     3
  177 1211.401339 31434
  178 -133.716637     7
  179 4037.947765 11021
  180 11558.606334 19654
  181 5554.720944 31837
  182 -38.916221     4
  183 23532.188224 14952
  184 9098.535381 26785
  185 5599.526591  6455
  186 4787.929558 -1650
  187 849.510557 -2588
  188 -146.520857     0
  189 -1311.040985     0
  190 8430.633050 13760
  191 93.673129 -2091
  192 -2906.912048     5
  193 8275.290648 29565
  194 261.113762 -1681
  195 -1488.561484     5
  196 4671.782076 -1684
  197 -689.419959     6
  198 8322.748029 17659
  199 3296.775061 -3088
  200 791.163298  6147
  201 3463.198117 30936
  202 5885.043908 26161
  203 -905.314668     4
  204 32.323200 29234
  205 -1512.982541     2
  206 18543.158924 12201
  207 -502.701512     0
  208 1568.256531 -2474
  209 4600.814116 11251
  210 11243.880193 11128
  211 2541.633691 18494
  212 6136.213001 -1593
  213 4528.265027 -2437
  214 -351.669240     2
  215 14548.781757 -1846
  216 3293.070658  1154
  217 145.013576 15143
  218 26180.693942 -3103
  219 6409.646324 16679
  220 27800.704304 -2764
  221 4112.965458  1476
  222 6319.641437 19127
  223 95.266127  5680
  224 2009.343165  2168
  225 -698.080903     4
  226 11339.409513 25072
  227 -12.600528     6
  228 2947.943759  3095
  229 -1549.974953     0
  230 1129.473076 -3242
  231 5884.775245 11398
  232 -1199.963230     7
  233 -368.549233     7
  234 -1257.743358     3
  235 -513.547765     3
  236 6902.905684 31779
  237 1875.040363 25768
  238 -339.576859     4
  239 -1894.675018     3
  240 -493.665608     5
  241 9264.514451  9045
  242 4610.210497 28477
  243 37669.206275 25507
  244 6669.564481 27680
  245 10645.118816  6344
  246 -406.834135     3
  247 3585.156918 -1812
  248 36.967267 -2751
  249 -1265.983511     2
  250 2951.948228 19993
  251 -25.696292     9
  252 15872.789612   131
  253 1065.068120 26725
  254 24714.988320 -2571
  255 -152.334228     4
  256 -940.296872     3
  257 521.265623 -2715
  258 20722.773024 11874
  259 6078.835231 -2572
  260 -127.938521     3
  261 -575.266306     2
  262 25596.969313 -2630
  263 -224.672422     0
  264 17177.289740  1231
  265 8990.775007 13187
  266 119.085317  7031
  267 12427.203439 -2424
  268 3672.132844 12441
  269 5416.569793 -2748
  270 22611.922226 27996
  271 15254.379397 20832
  272 10952.358256 -2129
  273 -446.596553     0
  274 3441.878980  3973
  275 3771.977991  9596
  276 21050.000292 29864
  277 17126.098741  8226
  278 6123.616259  8125
  279 1300.404361  1936
  280 16122.846047   519
  281 -3324.749971     3
  282 4014.519071 20779
  283 106.518673  5897
  284 -412.455203     8
  285 -847.070909     1
  286 -534.983091     7
  287 104.388879 13467
  288 2494.968129 -2093
  289 6504.126843 -1755
  290 2483.539197 15224
  291 3213.556306 16581
  292 -994.078042     2
  293 2148.933341 -2489
  294 16858.036335 12038
  295 6220.217437 14498
  296 -1415.489850     1
  297 968.714392 -3250
  298 6062.504996 32570
  299 -438.348001     9
  300 -780.793817     5
