300
    1 4680.436826     1
    2 3377.826105 22552
    3 10203.654109 27863
    4 14811.742369 -1935
    5 2255.877147 -2497
    6 -1837.333514     2
    7 19171.243682  7882
    8 4552.038256  5438
    9 229.986965 -2390
   10 2136.529183  6863
   11 700.426749 -2493
   12 -205.298425     6
   13 -969.853498     1
   14 -867.578567     8
   15 4269.512464 -3259
   16 2205.941115 24956
   17 1275.294873 -2849
   18 355.659456 -3232
   19 13521.401896 14573
   20 462.023371 -3083
   21 -2773.437834     2
   22 8723.898499 15275
   23 -190.379296     8
   24 -569.468352     1
   25 -879.401759     1
   26 13786.409102 -2263
   27 621.429383 20395
   28 944.051203 -3111
   29 -1123.757366     3
   30 55.701159 14985
   31 1403.361992 10343
   32 -1745.859208     5
   33 -297.487792     3
   34 1138.534563 -2852
   35 -1388.780768     3
   36 8250.471543 21647
   37 16444.261923 -2309
   38 8494.681792  1257
   39 2508.628776 -3064
   40 936.466349  2568
   41 -372.340168     2
   42 2666.291987 15949
   43 5452.997938 13544
   44 4023.079207 23714
   45 -2990.259283     4
   46 1295.565678 10842
   47 5831.171841 15863
   48 -691.242093     9
   49 3920.377327 -3003
   50 3470.677471  1573
   51 -462.339946     9
   52 -748.273716     1
   53 16294.228862   314
   54 -1701.393017     1
   55 4560.875648 23513
   56 3148.980830 32017
   57 -1381.377104     4
   58 2680.183747 -2540
   59 -1590.607366     8
   60 24491.163891 31213
   61 -1088.476806     1
   62 10981.841314 31927
   63 21372.048322 31951
   64 -271.429168     5
   65 -44.030554     9
   66 14674.416849 18283
   67 6282.652547 14765
   68 421.381582 27953
   69 9424.997057  4234
   70 17034.662817  6832
   71 34273.688492  6524
   72 10338.034218 -2711
   73 -1036.541411     4
   74 -267.045831     4
   75 121.260730 -2177
   76 -1027.701886     8
   77 5151.010591 21958
   78 13000.839481 -2390
   79 227.543804 -2423
   80 11181.255380 -2110
   81 130.350600  3195
   82 1198.235193  3101
   83 -1831.261874     1
   84 -770.586554     9
   85 4591.017578  1250
   86 12066.719886 13695
   87 -46.270719     1
   88 2464.912539 -2668
   89 -3628.736360     4
   90 13277.703139 11841
   91 9683.163011  3905
   92 -1918.719997     0
   93 -567.176324     3
   94 2642.389717 -2630
   95 126.908968 -2801
   96 214.368061 20258
   97 -1903.536108     1
   98 992.495741 -2718
   99 16981.373632  7350
  100 6705.422116 -3230
  101 9065.564676  6709
  102 -524.711725     5
  103 -95.618384     2
  104 21882.956611 10814
  105 201.707273 -2651
  106 13825.325736  1080
  107 1482.587278 23377
  108 -1690.163047     7
  109 1316.049976  1281
  110 -1161.700624     0
  111 4126.841109 12350
  112 7901.923433 -1920
  113 1737.024676 21527
  114 17798.754339 28488
  115 9103.011408 12613
  116 16545.545913 25599
  117 -226.707219     3
  118 -1063.888207     2
  119 7142.945384 11817
  120 -114.719906     4
  121 31984.713248   876
  122 7953.651486 21854
  123 -72.500217     2
  124 9256.425550   546
  125 2339.339376 -1913
  126 2199.045722 32558
  127 48.550213 29437
  128 16382.053796 32051
  129 -40.473245     1
  130 126.127832 12216
  131 -2832.250352     7
  132 -356.119440     0
  133 896.053501 -1966
  134 18496.366641 16240
  135 -1629.373966     7
  136 27740.538704  3066
  137 4683.382547  3236
  138 5955.684821 -3156
  139 7360.956492 26575
  140 -983.417146     2
  141 555.413091 23859
  142 3168.872088 -2212
  143 3218.093672 15705
  144 932.674637 14460
  145 -936.464906     6
  146 3631.091115 26421
  147 137.826079 10799
  148 -1189.469647     2
  149 2740.820569 30348
  150 18226.938601 14927
  151 309.415701 -2981
  152 3643.110366  4176
  153 1513.710511  3369
  154 13421.103434 -3090
  155 363.069475 -2741
  156 126.496099 26851
  157 2546.334141 29251
  158 -87.035671     2
  159 -117.812063     5
  160 6089.615386 13900
  161 -767.710935     5
  162 -169.369014     8
  163 67.245329 18562
  164 -1281.662591     1
  165 3834.922739 -2146
  166 -894.836138     7
  167 -190.995615     3
  168 76.368618 32150
  169 5278.851276 -2166
  170 -1583.043637     1
  171 -723.194770     1
  172 2205.486550 24598
  173 1728.804213 14057
  174 8401.969187 -2884
  175 -954.833674     6
  176 -672.709799     3
  177 650.723301 31434
  178 -666.346975     7
  179 7868.391084 11021
  180 5949.101255 19654
  181 5226.965595 31837
  182 -431.669157     4
  183 34198.831987 14952
  184 1199.896387 26785
  185 8693.019545  6455
  186 294.164746 -1650
  187 1186.799928 -2588
  188 -885.539407     0
  189 -860.215059     0
  190 9453.109907 13760
  191 667.544650 -2091
  192 -1050.878229     5
  193 9470.114825 29565
  194 1400.888984 -1681
  195 -1622.350054     5
  196 871.384153 -1684
  197 -728.887860     6
  198 659.392713 17659
  199 19685.047368 -3088
  200 1902.347263  6147
  201 6314.483442 30936
  202 6930.045364 26161
  203 -864.411063     4
  204 116.315923 29234
  205 -407.029760     2
  206 6035.622096 12201
  207 -3461.012034     0
  208 5116.183921 -2474
  209 10223.821671 11251
  210 18847.348126 11128
  211 2989.588502 18494
  212 1459.663970 -1593
  213 1888.114181 -2437
  214 -1925.078298     2
  215 5682.569707 -1846
  216 13134.528229  1154
  217 9189.089444 15143
  218 8313.748092 -3103
  219 1010.980121 16679
  220 6875.627273 -2764
  221 21820.299775  1476
  222 3750.306331 19127
  223 867.149743  5680
  224 11595.333172  2168
  225 -1447.547132     4
  226 8012.332012 25072
  227 -1791.257972     6
  228 3377.970012  3095
  229 -714.634935     0
  230 1281.957895 -3242
  231 11508.944485 11398
  232 -129.321154     7
  233 -871.853277     7
  234 -892.533071     3
  235 -1148.109534     3
  236 8749.083712 31779
  237 470.707580 25768
  238 -320.280010     4
  239 -1018.555969     3
  240 -668.893292     5
  241 25037.857347  9045
  242 18565.502663 28477
  243 3720.612581 25507
  244 1039.109460 27680
  245 6749.166334  6344
  246 -385.641483     3
  247 13079.830037 -1812
  248 28.204965 -2751
  249 -240.663765     2
  250 729.447165 19993
  251 -269.958601     9
  252 12517.280132   131
  253 6888.602344 26725
  254 2530.480808 -2571
  255 -497.188009     4
  256 -2326.008734     3
  257 9853.241434 -2715
  258 16135.531603 11874
  259 13406.078340 -2572
  260 -2843.793734     3
  261 -18.151248     2
  262 16836.310834 -2630
  263 -712.163443     0
  264 13889.175623  1231
  265 169.336121 13187
  266 3064.401050  7031
  267 4539.300463 -2424
  268 22323.698590 12441
  269 16050.206040 -2748
  270 7770.210915 27996
  271 3815.139231 20832
  272 796.116837 -2129
  273 -269.797111     0
  274 14493.731500  3973
  275 501.673032  9596
  276 14079.944557 29864
  277 12829.274515  8226
  278 2733.198091  8125
  279 529.377662  1936
  280 8488.486645   519
  281 -2044.805618     3
  282 1668.843697 20779
  283 68.736011  5897
  284 -1350.254073     8
  285 -76.880355     1
  286 -606.516609     7
  287 276.038543 13467
  288 2322.484853 -2093
  289 7052.394912 -1755
  290 1108.682745 15224
  291 23431.357635 16581
  292 -56.282265     2
  293 445.933648 -2489
  294 933.906845 12038
  295 20716.956815 14498
  296 -877.980425     1
  297 48.482495 -3250
  298 3515.297005 32570
  299 -512.818545     9
  300 -1936.117955     5
