300
    1 6896.925921     1
    2 4111.190431 22552
    3 303.974839 27863
    4 8881.732939 -1935
    5 3256.451560 -2497
    6 -413.714655     2
    7 6003.014804  7882
    8 7202.051209  5438
    9 2995.836540 -2390
   10 2832.331334  6863
   11 1112.011140 -2493
   12 -1029.220375     6
   13 -1459.556466     1
   14 -2663.075804     8
   15 10420.514383 -3259
   16 1210.042945 24956
   17 3082.931170 -2849
   18 266.588998 -3232
   19 14244.520435 14573
   20 7341.973784 -3083
   21 -1147.755597     2
   22 16706.292148 15275
   23 -75.688855     8
   24 -117.232081     1
   25 -222.063936     1
   26 5664.064498 -2263
   27 5128.753337 20395
   28 2339.436850 -3111
   29 -573.331769     3
   30 1682.014110 14985
   31 19681.291871 10343
   32 -269.088646     5
   33 -1461.133193     3
   34 5479.915400 -2852
   35 -438.817004     3
   36 12464.534176 21647
   37 26292.027497 -2309
   38 2979.016067  1257
   39 5598.232379 -3064
   40 14586.187056  2568
   41 -313.046289     2
   42 6782.759162 15949
   43 4635.722043 13544
   44 5346.623656 23714
   45 -1170.352964     4
   46 2076.594311 10842
   47 13090.420653 15863
   48 -37.966872     9
   49 4643.058963 -3003
   50 5297.436512  1573
   51 -2063.481132     9
   52 -2130.595796     1
   53 2161.923093   314
   54 -460.528824     1
   55 2988.803478 23513
   56 8416.908233 32017
   57 -1532.146919     4
   58 961.118185 -2540
   59 -478.836297     8
   60 19554.125636 31213
   61 -1746.241018     1
   62 13438.006558 31927
   63 2605.488357 31951
   64 -952.663856     5
   65 -609.627014     9
   66 3762.908201 18283
   67 526.081474 14765
   68 312.463500 27953
   69 7007.519831  4234
   70 4535.342897  6832
   71 8396.189648  6524
   72 2124.876254 -2711
   73 -2151.942698     4
   74 -202.494859     4
   75 110.752402 -2177
   76 -322.485841     8
   77 15444.314205 21958
   78 2493.918051 -2390
   79 156.762421 -2423
   80 17094.022788 -2110
   81 480.336830  3195
   82 1541.435415  3101
   83 -1751.333384     1
   84 -318.110796     9
   85 2058.977123  1250
   86 2318.437884 13695
   87 -1128.271896     1
   88 6589.880982 -2668
   89 -321.831091     4
   90 9766.016236 11841
   91 3640.108613  3905
   92 -3082.953132     0
   93 -1934.568634     3
   94 1053.797403 -2630
   95 43.070336 -2801
   96 6567.984512 20258
   97 -1161.605156     1
   98 3400.901190 -2718
   99 646.671953  7350
  100 7595.535169 -3230
  101 3469.592603  6709
  102 -2405.312863     5
  103 -1232.916280     2
  104 7863.950367 10814
  105 30.686372 -2651
  106 8812.354409  1080
  107 14234.130590 23377
  108 -1451.595272     7
  109 8104.457906  1281
  110 -90.780632     0
  111 2392.013564 12350
  112 16996.703915 -1920
  113 13004.705398 21527
  114 23791.631894 28488
  115 14616.484519 12613
  116 2469.419334 25599
  117 -317.941955     3
  118 -1052.276065     2
  119 829.004797 11817
  120 -291.309973     4
  121 3013.711983   876
  122 14507.981382 21854
  123 -729.908688     2
  124 12153.594246   546
  125 2961.996633 -1913
  126 6204.509799 32558
  127 24.794900 29437
  128 17506.149440 32051
  129 -730.506961     1
  130 0.368130 12216
  131 -517.433714     7
  132 -1620.977332     0
  133 6999.049621 -1966
  134 9687.913607 16240
  135 -1097.006864     7
  136 1165.817245  3066
  137 468.193714  3236
  138 21277.185848 -3156
  139 1344.418541 26575
  140 -727.754744     2
  141 68.458204 23859
  142 11098.731456 -2212
  143 5888.901705 15705
  144 1733.933591 14460
  145 -315.216891     6
  146 380.245944 26421
  147 453.895257 10799
  148 -181.354993     2
  149 10495.269886 30348
  150 27069.525642 14927
  151 4718.447635 -2981
  152 834.623726  4176
  153 142.932472  3369
  154 7721.560404 -3090
  155 2672.050880 -2741
  156 30.675166 26851
  157 65.525095 29251
  158 -2254.569370     2
  159 -414.702803     5
  160 330.836972 13900
  161 -2299.539223     5
  162 -847.869968     8
  163 1440.660460 18562
  164 -1195.165561     1
  165 4667.091911 -2146
  166 -2332.760031     7
  167 -1443.023312     3
  168 7966.822414 32150
  169 6807.312968 -2166
  170 -1546.155090     1
  171 -2170.040721     1
  172 3829.092901 24598
  173 1305.727081 14057
  174 18159.110316 -2884
  175 -1273.732412     6
  176 -1133.680879     3
  177 1903.422243 31434
  178 -881.872532     7
  179 2276.527492 11021
  180 5692.055548 19654
  181 5557.215121 31837
  182 -1512.745644     4
  183 11518.293046 14952
  184 11569.744386 26785
  185 1709.373696  6455
  186 6374.922728 -1650
  187 3685.637129 -2588
  188 -46.518834     0
  189 -969.336521     0
  190 9793.179445 13760
  191 1422.974174 -2091
  192 -777.447380     5
  193 3855.193944 29565
  194 2032.982759 -1681
  195 -68.070493     5
  196 9975.865352 -1684
  197 -1410.438922     6
  198 525.300075 17659
  199 2054.516130 -3088
  200 4299.591334  6147
  201 2127.078736 30936
  202 1109.820044 26161
  203 -992.015423     4
  204 573.505281 29234
  205 -2659.868887     2
  206 4417.165896 12201
  207 -2143.645547     0
  208 2393.697553 -2474
  209 5149.279609 11251
  210 5082.767781 11128
  211 444.345905 18494
  212 12317.846665 -1593
  213 422.525664 -2437
  214 -10.085323     2
  215 2307.946856 -1846
  216 1185.524505  1154
  217 1558.275552 15143
  218 707.212781 -3103
  219 11867.132397 16679
  220 26167.576025 -2764
  221 6830.469656  1476
  222 4446.232267 19127
  223 551.992882  5680
  224 739.967151  2168
  225 -1217.378669     4
  226 20794.221585 25072
  227 -1424.432079     6
  228 27179.845438  3095
  229 -3137.172300     0
  230 130.811285 -3242
  231 12123.246730 11398
  232 -1447.991575     7
  233 -1247.233847     7
  234 -1674.183799     3
  235 -988.656420     3
  236 1234.992758 31779
  237 149.083759 25768
  238 -2340.755973     4
  239 -244.830902     3
  240 -641.638638     5
  241 21576.691415  9045
  242 17577.437410 28477
  243 17542.143569 25507
  244 5328.552972 27680
  245 15217.408294  6344
  246 -706.254919     3
  247 4363.131580 -1812
  248 64.880729 -2751
  249 -922.470913     2
  250 277.917488 19993
  251 -863.619668     9
  252 2117.228513   131
  253 2792.679354 26725
  254 1617.688409 -2571
  255 -235.420009     4
  256 -355.512785     3
  257 1469.525132 -2715
  258 5128.539966 11874
  259 1627.031317 -2572
  260 -248.618788     3
  261 -296.148600     2
  262 23764.874353 -2630
  263 -736.620964     0
  264 17065.719240  1231
  265 6599.632567 13187
  266 402.618127  7031
  267 6434.091132 -2424
  268 22893.992115 12441
  269 1880.768968 -2748
  270 10032.820328 27996
  271 1263.509044 20832
  272 2411.682619 -2129
  273 -665.827018     0
  274 6485.246026  3973
  275 2680.695840  9596
  276 789.429523 29864
  277 11688.461476  8226
  278 4300.739945  8125
  279 1836.323690  1936
  280 22018.040191   519
  281 -629.803841     3
  282 5828.429387 20779
  283 76.408696  5897
  284 -1869.928180     8
  285 -2641.571176     1
  286 -342.252066     7
  287 2650.353491 13467
  288 18147.821975 -2093
  289 3254.579351 -1755
  290 836.274158 15224
  291 16382.553988 16581
  292 -54.541664     2
  293 5678.912014 -2489
  294 9577.629367 12038
  295 7866.356775 14498
  296 -608.497988     1
  297 208.359775 -3250
  298 9373.029313 32570
  299 -1005.641066     9
  300 -629.629118     5
