300
    1 20805.400392     1
    2 8298.031796 22552
    3 4843.158970 27863
    4 4143.845180 -1935
    5 781.623010 -2497
    6 -1148.665330     2
    7 1656.771421  7882
    8 2726.640834  5438
    9 5510.656524 -2390
   10 4081.851907  6863
   11 1950.300486 -2493
   12 -545.002707     6
   13 -1204.545601     1
   14 -177.685287     8
   15 4715.739820 -3259
   16 6315.925476 24956
   17 4304.978501 -2849
   18 146.562590 -3232
   19 3264.914128 14573
   20 11108.856443 -3083
   21 -2284.916863     2
   22 8439.824101 15275
   23 -820.079147     8
   24 -1284.782058     1
   25 -1341.607712     1
   26 1250.714120 -2263
   27 10695.821351 20395
   28 1640.399829 -3111
   29 -184.421256     3
   30 2184.431436 14985
   31 17273.747411 10343
   32 -1515.440350     5
   33 -1436.474073     3
   34 4057.098210 -2852
   35 -30.506695     3
   36 5578.404021 21647
   37 11003.677757 -2309
   38 2493.993574  1257
   39 5316.214956 -3064
   40 9716.870342  2568
   41 -493.194626     2
   42 20396.707330 15949
   43 1321.939614 13544
   44 506.498946 23714
   45 -313.294007     4
   46 1256.548314 10842
   47 6756.029587 15863
   48 -718.312783     9
   49 9461.585772 -3003
   50 4649.462024  1573
   51 -1810.685507     9
   52 -2692.324452     1
   53 2053.769088   314
   54 -658.967341     1
   55 3337.872230 23513
   56 3807.372358 32017
   57 -600.820876     4
   58 7782.423269 -2540
   59 -489.978224     8
   60 1131.048076 31213
   61 -707.578529     1
   62 872.192877 31927
   63 7631.838198 31951
   64 -1715.488769     5
   65 -889.800707     9
   66 3095.661514 18283
   67 1151.487885 14765
   68 458.038324 27953
   69 904.512211  4234
   70 7341.474855  6832
   71 1098.120192  6524
   72 17857.427922 -2711
   73 -689.916625     4
   74 -179.473245     4
   75 112.018498 -2177
   76 -739.068983     8
   77 13912.583615 21958
   78 31831.291543 -2390
   79 53.058648 -2423
   80 7208.378862 -2110
   81 390.294790  3195
   82 1394.413767  3101
   83 -478.956004     1
   84 -734.312622     9
   85 1178.876336  1250
   86 7039.691597 13695
   87 -1764.399668     1
   88 106.747472 -2668
   89 -1587.834939     4
   90 7190.239974 11841
   91 7833.979755  3905
   92 -1379.561666     0
   93 -156.937224     3
   94 1620.625234 -2630
   95 1.786507 -2801
   96 6306.644389 20258
   97 -227.089672     1
   98 22235.869270 -2718
   99 10385.383547  7350
  100 13405.988754 -3230
  101 5316.137519  6709
  102 -1525.662550     5
  103 -20.103716     2
  104 5041.893466 10814
  105 306.642754 -2651
  106 11263.745286  1080
  107 22463.345848 23377
  108 -172.782224     7
  109 3820.398071  1281
  110 -83.641438     0
  111 1207.819271 12350
  112 24065.361301 -1920
  113 8611.705717 21527
  114 9454.919102 28488
  115 10868.706783 12613
  116 24240.530199 25599
  117 -1922.241188     3
  118 -171.757507     2
  119 3943.878398 11817
  120 -571.401391     4
  121 6953.496601   876
  122 1758.653507 21854
  123 -365.922405     2
  124 11975.818993   546
  125 818.272503 -1913
  126 1927.096003 32558
  127 51.665745 29437
  128 16263.261342 32051
  129 -603.994971     1
  130 20.033063 12216
  131 -748.575132     7
  132 -1258.528933     0
  133 9460.295572 -1966
  134 3191.733920 16240
  135 -1074.669296     7
  136 3019.721502  3066
  137 6922.358910  3236
  138 4820.483776 -3156
  139 1015.028922 26575
  140 -1121.495816     2
  141 6015.476970 23859
  142 6079.657638 -2212
  143 15375.539792 15705
  144 7133.487560 14460
  145 -724.802322     6
  146 1245.335100 26421
  147 1957.067385 10799
  148 -280.036762     2
  149 11723.635217 30348
  150 5660.690156 14927
  151 5646.707628 -2981
  152 12271.428757  4176
  153 21.195022  3369
  154 8002.323317 -3090
  155 1220.432457 -2741
  156 2830.823484 26851
  157 694.106133 29251
  158 -1594.214161     2
  159 -137.134399     5
  160 126.864451 13900
  161 -1015.439190     5
  162 -569.579529     8
  163 843.984395 18562
  164 -286.756640     1
  165 6182.608032 -2146
  166 -341.929320     7
  167 -597.482701     3
  168 521.153594 32150
  169 11028.966680 -2166
  170 -560.366111     1
  171 -177.969963     1
  172 18416.734031 24598
  173 7881.004773 14057
  174 4011.557871 -2884
  175 -1087.916653     6
  176 -549.648162     3
  177 1249.488762 31434
  178 -2300.066400     7
  179 4957.410324 11021
  180 15152.090509 19654
  181 4700.556614 31837
  182 -917.679098     4
  183 2608.016403 14952
  184 8692.590377 26785
  185 15273.567007  6455
  186 7300.794678 -1650
  187 7207.254382 -2588
  188 -1244.328707     0
  189 -413.702789     0
  190 1466.968785 13760
  191 1411.581430 -2091
  192 -1129.181360     5
  193 4501.929078 29565
  194 7881.061848 -1681
  195 -1141.663586     5
  196 5260.089075 -1684
  197 -1596.284203     6
  198 583.869871 17659
  199 9395.288061 -3088
  200 943.778491  6147
  201 12204.135048 30936
  202 13302.705565 26161
  203 -762.304549     4
  204 579.796488 29234
  205 -330.418274     2
  206 8191.024446 12201
  207 -305.458344     0
  208 4353.472522 -2474
  209 1669.974136 11251
  210 5304.405244 11128
  211 1452.370026 18494
  212 3042.894882 -1593
  213 630.176444 -2437
  214 -224.761627     2
  215 4244.953450 -1846
  216 6561.853355  1154
  217 704.157814 15143
  218 8385.335795 -3103
  219 29265.139491 16679
  220 1840.870706 -2764
  221 9241.510007  1476
  222 2765.736316 19127
  223 183.637793  5680
  224 33020.415725  2168
  225 -1650.706760     4
  226 38274.760097 25072
  227 -351.443757     6
  228 5443.423539  3095
  229 -1255.948038     0
  230 1054.030903 -3242
  231 5619.631050 11398
  232 -1405.868798     7
  233 -457.545019     7
  234 -415.238072     3
  235 -98.202683     3
  236 5153.795626 31779
  237 214.415345 25768
  238 -980.294397     4
  239 -1951.788577     3
  240 -1326.507407     5
  241 3253.709072  9045
  242 1862.774259 28477
  243 9019.981218 25507
  244 8181.375387 27680
  245 1690.009200  6344
  246 -2518.232145     3
  247 23007.983304 -1812
  248 14.590653 -2751
  249 -271.379043     2
  250 5964.681399 19993
  251 -682.527960     9
  252 4228.708996   131
  253 3202.787843 26725
  254 4375.302442 -2571
  255 -132.221299     4
  256 -1046.347964     3
  257 9352.096315 -2715
  258 1140.447807 11874
  259 5411.108559 -2572
  260 -1160.541395     3
  261 -573.311962     2
  262 17250.741003 -2630
  263 -628.957721     0
  264 3764.040427  1231
  265 1185.618074 13187
  266 780.273543  7031
  267 12711.912951 -2424
  268 6135.632697 12441
  269 6076.959109 -2748
  270 15035.372896 27996
  271 17641.599708 20832
  272 2072.875253 -2129
  273 -264.316518     0
  274 5198.191704  3973
  275 1283.138849  9596
  276 4668.640006 29864
  277 7354.626820  8226
  278 428.770717  8125
  279 416.745484  1936
  280 2499.603642   519
  281 -1668.908051     3
  282 1988.097706 20779
  283 222.130589  5897
  284 -1073.007775     8
  285 -1326.150962     1
  286 -615.522109     7
  287 3873.291390 13467
  288 6629.776182 -2093
  289 12159.091842 -1755
  290 1978.889466 15224
  291 20736.300232 16581
  292 -1626.733084     2
  293 7710.601130 -2489
  294 20856.857497 12038
  295 10303.420902 14498
  296 -599.064949     1
  297 738.048914 -3250
  298 19783.541250 32570
  299 -1014.169471     9
  300 -1698.370739     5
