300
    1 1448.962475     1
    2 5912.586513 22552
    3 11095.193230 27863
    4 6302.775601 -1935
    5 3638.659591 -2497
    6 -818.066648     2
    7 1114.706664  7882
    8 11810.335000  5438
    9 4494.901558 -2390
   10 6554.419100  6863
   11 1170.009844 -2493
   12 -702.497600     6
   13 -2703.453262     1
   14 -3221.749858     8
   15 27926.855454 -3259
   16 6264.407030 24956
   17 8259.005222 -2849
   18 353.199355 -3232
   19 4431.205305 14573
   20 14088.441987 -3083
   21 -153.384859     2
   22 3572.581293 15275
   23 -855.871265     8
   24 -85.860271     1
   25 -1243.326415     1
   26 5102.650155 -2263
   27 2396.422737 20395
   28 18010.542146 -3111
   29 -255.841294     3
   30 1654.082582 14985
   31 16156.846978 10343
   32 -69.678018     5
   33 -2136.307785     3
   34 23067.383496 -2852
   35 -1316.702078     3
   36 20630.238079 21647
   37 6470.916672 -2309
   38 17360.028663  1257
   39 3401.126418 -3064
   40 15931.759067  2568
   41 -33.031744     2
   42 23551.505429 15949
   43 927.123411 13544
   44 4477.862868 23714
   45 -749.172917     4
   46 3393.954186 10842
   47 1178.532668 15863
   48 -451.854611     9
   49 5881.810522 -3003
   50 12320.135156  1573
   51 -141.297582     9
   52 -1113.480265     1
   53 15315.566883   314
   54 -361.173273     1
   55 4317.921549 23513
   56 12590.045529 32017
   57 -2708.256548     4
   58 1725.782602 -2540
   59 -169.223085     8
   60 1136.577520 31213
   61 -1876.300009     1
   62 16275.099804 31927
   63 15080.937063 31951
   64 -2759.918829     5
   65 -434.407632     9
   66 2297.987215 18283
   67 23033.032629 14765
   68 493.609191 27953
   69 2245.005914  4234
   70 13288.855207  6832
   71 13750.986255  6524
   72 12662.852058 -2711
   73 -2140.344312     4
   74 -968.469490     4
   75 70.315794 -2177
   76 -635.777997     8
   77 2007.027366 21958
   78 6529.314562 -2390
   79 638.874235 -2423
   80 7881.488265 -2110
   81 547.010480  3195
   82 298.784505  3101
   83 -1490.144582     1
   84 -73.359961     9
   85 3275.070345  1250
   86 17639.073666 13695
   87 -1543.219162     1
   88 16903.063795 -2668
   89 -1831.531815     4
   90 26606.619034 11841
   91 5830.734618  3905
   92 -2031.981833     0
   93 -1362.030541     3
   94 1318.985233 -2630
   95 332.770993 -2801
   96 6922.844531 20258
   97 -907.310841     1
   98 13991.718939 -2718
   99 11900.043560  7350
  100 990.872116 -3230
  101 5609.578289  6709
  102 -878.470657     5
  103 -55.132587     2
  104 15863.041093 10814
  105 148.163597 -2651
  106 2578.446502  1080
  107 13636.680810 23377
  108 -1773.877155     7
  109 8627.135680  1281
  110 -1406.456188     0
  111 6434.069284 12350
  112 12359.154224 -1920
  113 2554.467803 21527
  114 10215.642127 28488
  115 11951.439019 12613
  116 14429.669818 25599
  117 -866.464963     3
  118 -340.081549     2
  119 21596.498460 11817
  120 -497.641455     4
  121 17407.757296   876
  122 13876.181395 21854
  123 -1793.682324     2
  124 11716.402499   546
  125 5569.515172 -1913
  126 563.882809 32558
  127 36.247252 29437
  128 7110.876862 32051
  129 -702.760263     1
  130 70.075076 12216
  131 -296.928637     7
  132 -888.772825     0
  133 6511.665888 -1966
  134 11172.457506 16240
  135 -2185.497202     7
  136 2498.930908  3066
  137 1756.123006  3236
  138 7123.150716 -3156
  139 3992.046140 26575
  140 -836.538705     2
  141 2692.726685 23859
  142 69.390244 -2212
  143 8284.870135 15705
  144 10687.359013 14460
  145 -254.856551     6
  146 4195.375864 26421
  147 396.019741 10799
  148 -317.739184     2
  149 5331.668722 30348
  150 8258.069640 14927
  151 19171.472763 -2981
  152 4804.955411  4176
  153 932.426371  3369
  154 3968.793296 -3090
  155 5189.562889 -2741
  156 823.633793 26851
  157 1600.617804 29251
  158 -966.874971     2
  159 -867.726282     5
  160 1297.222783 13900
  161 -312.709534     5
  162 -803.518307     8
  163 1143.364428 18562
  164 -374.547461     1
  165 1267.067855 -2146
  166 -63.625700     7
  167 -1675.600086     3
  168 12318.845538 32150
  169 7241.990836 -2166
  170 -998.463229     1
  171 -807.881335     1
  172 18739.139382 24598
  173 1941.422886 14057
  174 4803.966997 -2884
  175 -714.265816     6
  176 -3394.999994     3
  177 234.362625 31434
  178 -210.887321     7
  179 1450.947717 11021
  180 6308.097178 19654
  181 15426.529822 31837
  182 -375.737842     4
  183 9252.371654 14952
  184 7014.814638 26785
  185 8093.775046  6455
  186 7157.215247 -1650
  187 1021.158336 -2588
  188 -156.039575     0
  189 -2437.583453     0
  190 925.390102 13760
  191 2043.729477 -2091
  192 -1147.729186     5
  193 406.868622 29565
  194 12774.587813 -1681
  195 -563.338247     5
  196 1962.245956 -1684
  197 -1579.548570     6
  198 3837.089638 17659
  199 18674.252131 -3088
  200 2474.886915  6147
  201 1268.518461 30936
  202 12143.209187 26161
  203 -385.559195     4
  204 99.327505 29234
  205 -429.043052     2
  206 2248.104744 12201
  207 -178.635406     0
  208 3250.580292 -2474
  209 1338.521805 11251
  210 14154.835140 11128
  211 1177.138541 18494
  212 300.076627 -1593
  213 3317.105952 -2437
  214 -1506.503546     2
  215 8606.901423 -1846
  216 10582.636994  1154
  217 3014.319195 15143
  218 1050.787499 -3103
  219 20927.854947 16679
  220 167.065460 -2764
  221 4493.507080  1476
  222 20203.237998 19127
  223 1661.029889  5680
  224 19640.585353  2168
  225 -596.841086     4
  226 3477.727254 25072
  227 -818.293117     6
  228 16230.141304  3095
  229 -139.948113     0
  230 416.988210 -3242
  231 1454.108377 11398
  232 -140.755864     7
  233 -407.673241     7
  234 -862.968007     3
  235 -64.794072     3
  236 262.820804 31779
  237 1630.252237 25768
  238 -1127.466023     4
  239 -1299.508612     3
  240 -68.006977     5
  241 22991.740800  9045
  242 13893.607883 28477
  243 17204.914244 25507
  244 6638.906051 27680
  245 13370.230732  6344
  246 -63.320003     3
  247 4745.888115 -1812
  248 113.348735 -2751
  249 -1157.623550     2
  250 7597.273691 19993
  251 -311.874669     9
  252 11634.273347   131
  253 6350.349391 26725
  254 16769.992961 -2571
  255 -2018.468000     4
  256 -603.620261     3
  257 3201.942222 -2715
  258 5442.707390 11874
  259 15147.840659 -2572
  260 -1511.388915     3
  261 -834.474833     2
  262 2337.607653 -2630
  263 -685.791598     0
  264 6215.078084  1231
  265 986.559662 13187
  266 509.455275  7031
  267 12447.157146 -2424
  268 12482.470075 12441
  269 5560.951970 -2748
  270 3703.343426 27996
  271 15649.149047 20832
  272 236.500115 -2129
  273 -322.980929     0
  274 3321.829351  3973
  275 1802.021991  9596
  276 106.208701 29864
  277 15827.497395  8226
  278 1105.493174  8125
  279 1082.056256  1936
  280 14268.273080   519
  281 -120.641053     3
  282 1671.201936 20779
  283 89.327229  5897
  284 -519.523906     8
  285 -645.774960     1
  286 -703.496787     7
  287 1037.431081 13467
  288 15845.891001 -2093
  289 10681.087028 -1755
  290 2794.019608 15224
  291 4739.814505 16581
  292 -21.430991     2
  293 2975.169514 -2489
  294 11948.649886 12038
  295 18981.300486 14498
  296 -1723.048074     1
  297 977.395610 -3250
  298 2252.313901 32570
  299 -674.982884     9
  300 -457.084799     5
