300
    1 5674.393373     1
    2 9662.808918 22552
    3 7282.947390 27863
    4 3912.590654 -1935
    5 5073.589039 -2497
    6 -498.558549     2
    7 11034.815027  7882
    8 7063.743751  5438
    9 3056.273638 -2390
   10 10340.073719  6863
   11 1874.119479 -2493
   12 -202.417394     6
   13 -1140.844759     1
   14 -3235.630301     8
   15 4383.297992 -3259
   16 7821.063829 24956
   17 10798.748369 -2849
   18 179.731074 -3232
   19 51.438961 14573
   20 4400.631331 -3083
   21 -3092.262372     2
   22 1157.488635 15275
   23 -292.684562     8
   24 -43.904603     1
   25 -711.445979     1
   26 6448.877261 -2263
   27 19962.047750 20395
   28 13154.653223 -3111
   29 -150.359107     3
   30 1347.040978 14985
   31 8244.782902 10343
   32 -1823.038371     5
   33 -2101.447714     3
   34 6753.190141 -2852
   35 -646.237107     3
   36 3593.636822 21647
   37 3986.405057 -2309
   38 3046.396332  1257
   39 10312.199708 -3064
   40 1701.993590  2568
   41 -353.496067     2
   42 7798.745791 15949
   43 3910.266942 13544
   44 2451.949474 23714
   45 -1953.851893     4
   46 250.011148 10842
   47 9208.679606 15863
   48 -587.398361     9
   49 14646.690415 -3003
   50 4955.643273  1573
   51 -2341.879308     9
   52 -1251.285440     1
   53 1268.273246   314
   54 -1288.465322     1
   55 7372.274499 23513
   56 1175.883379 32017
   57 -177.047906     4
   58 861.436201 -2540
   59 -230.048616     8
   60 25889.063157 31213
   61 -3361.113438     1
   62 857.526637 31927
   63 7788.849475 31951
   64 -2716.085395     5
   65 -1113.897492     9
   66 1825.385497 18283
   67 4309.779846 14765
   68 40.880303 27953
   69 3669.471922  4234
   70 11280.132603  6832
   71 355.423057  6524
   72 6022.820666 -2711
   73 -376.921333     4
   74 -2612.982512     4
   75 82.607097 -2177
   76 -2362.539426     8
   77 23608.154719 21958
   78 12068.675146 -2390
   79 561.696374 -2423
   80 2418.733857 -2110
   81 581.959062  3195
   82 1579.024951  3101
   83 -2224.852406     1
   84 -350.444764     9
   85 12903.464848  1250
   86 5848.190090 13695
   87 -559.411638     1
   88 11490.796054 -2668
   89 -1899.242816     4
   90 35720.269698 11841
   91 5777.368164  3905
   92 -1341.062300     0
   93 -594.343609     3
   94 2835.758064 -2630
   95 606.094086 -2801
   96 698.901776 20258
   97 -618.917426     1
   98 16367.081254 -2718
   99 5801.502948  7350
  100 15493.515351 -3230
  101 12708.104305  6709
  102 -1618.224502     5
  103 -421.213326     2
  104 10442.982444 10814
  105 9.256550 -2651
  106 21129.566498  1080
  107 660.615005 23377
  108 -291.758163     7
  109 4245.230818  1281
  110 -837.696147     0
  111 3289.159843 12350
  112 2131.310187 -1920
  113 15290.525372 21527
  114 11902.638199 28488
  115 3929.572596 12613
  116 15106.123771 25599
  117 -1649.267613     3
  118 -101.648616     2
  119 4875.658527 11817
  120 -817.966294     4
  121 16711.676420   876
  122 15034.172397 21854
  123 -2159.240824     2
  124 17.138148   546
  125 4501.750774 -1913
  126 2032.840341 32558
  127 12.933036 29437
  128 8486.714129 32051
  129 -132.386865     1
  130 6.304825 12216
  131 -964.125425     7
  132 -1701.364638     0
  133 971.424434 -1966
  134 3098.810570 16240
  135 -1017.501123     7
  136 12014.253559  3066
  137 2286.091309  3236
  138 4697.968176 -3156
  139 199.498534 26575
  140 -60.915332     2
  141 1112.195382 23859
  142 4807.268924 -2212
  143 17622.629225 15705
  144 7415.942157 14460
  145 -1138.665224     6
  146 6164.204104 26421
  147 1620.538023 10799
  148 -2726.432731     2
  149 10359.197399 30348
  150 2841.567144 14927
  151 18134.053172 -2981
  152 9479.350151  4176
  153 157.615320  3369
  154 9500.809597 -3090
  155 4694.552833 -2741
  156 524.046491 26851
  157 438.030003 29251
  158 -133.604576     2
  159 -1226.448434     5
  160 9547.723868 13900
  161 -189.783229     5
  162 -740.134604     8
  163 132.603335 18562
  164 -1338.836212     1
  165 1777.552400 -2146
  166 -2671.046702     7
  167 -2352.338471     3
  168 4448.565531 32150
  169 2890.149970 -2166
  170 -1113.290019     1
  171 -3099.444844     1
  172 15443.225429 24598
  173 153.046242 14057
  174 10583.131895 -2884
  175 -290.463660     6
  176 -2513.025066     3
  177 4127.230900 31434
  178 -1669.337849     7
  179 1253.618022 11021
  180 5638.658626 19654
  181 6848.440669 31837
  182 -659.977373     4
  183 28738.212878 14952
  184 4142.958545 26785
  185 10178.253892  6455
  186 8993.148966 -1650
  187 4027.442239 -2588
  188 -1230.461128     0
  189 -2386.480897     0
  190 374.251298 13760
  191 599.241599 -2091
  192 -589.343966     5
  193 2277.293499 29565
  194 2480.870862 -1681
  195 -1855.364989     5
  196 4530.811215 -1684
  197 -784.496750     6
  198 3112.166624 17659
  199 23017.407920 -3088
  200 2763.250058  6147
  201 15762.079772 30936
  202 10703.007241 26161
  203 -521.351594     4
  204 105.570009 29234
  205 -2096.116225     2
  206 422.324806 12201
  207 -1920.811950     0
  208 12031.040253 -2474
  209 2138.289585 11251
  210 20862.771664 11128
  211 5123.899808 18494
  212 6854.864412 -1593
  213 784.431378 -2437
  214 -1550.501599     2
  215 19256.130798 -1846
  216 11049.132664  1154
  217 6544.257621 15143
  218 25785.966463 -3103
  219 1353.037672 16679
  220 27589.096034 -2764
  221 8091.334963  1476
  222 2642.179797 19127
  223 42.488417  5680
  224 2213.906549  2168
  225 -259.719314     4
  226 2150.527379 25072
  227 -2966.740025     6
  228 13950.060067  3095
  229 -2122.611692     0
  230 935.668804 -3242
  231 7427.888520 11398
  232 -469.703982     7
  233 -1594.473016     7
  234 -336.922900     3
  235 -423.885099     3
  236 8556.304404 31779
  237 2487.921077 25768
  238 -507.894632     4
  239 -2407.517986     3
  240 -1826.571035     5
  241 11026.111557  9045
  242 6688.430041 28477
  243 4103.744633 25507
  244 1631.475240 27680
  245 2203.491579  6344
  246 -265.849872     3
  247 9705.999426 -1812
  248 173.025361 -2751
  249 -2893.575886     2
  250 1822.837564 19993
  251 -1461.063458     9
  252 7522.777422   131
  253 3004.950818 26725
  254 6050.919455 -2571
  255 -1595.867757     4
  256 -525.703602     3
  257 3965.772436 -2715
  258 14005.144896 11874
  259 21572.533929 -2572
  260 -392.606765     3
  261 -289.898778     2
  262 6488.223814 -2630
  263 -590.396411     0
  264 4757.472330  1231
  265 348.839593 13187
  266 1192.741535  7031
  267 2685.713066 -2424
  268 3825.077684 12441
  269 6032.383980 -2748
  270 22085.803678 27996
  271 7142.856917 20832
  272 5379.825293 -2129
  273 -405.865138     0
  274 18451.670798  3973
  275 1814.940439  9596
  276 15851.066416 29864
  277 2446.584114  8226
  278 2713.613275  8125
  279 99.375548  1936
  280 14011.348094   519
  281 -562.595650     3
  282 11985.836238 20779
  283 90.886088  5897
  284 -2509.182434     8
  285 -55.960914     1
  286 -1289.306072     7
  287 210.565180 13467
  288 7377.325079 -2093
  289 37.303522 -1755
  290 3610.756264 15224
  291 7942.712689 16581
  292 -252.273118     2
  293 17934.356914 -2489
  294 2334.008700 12038
  295 3029.703372 14498
  296 -125.660686     1
  297 741.136721 -3250
  298 17460.532731 32570
  299 -1302.792901     9
  300 -3272.777329     5
