300
    1 13282.907092     1
    2 7887.654323 22552
    3 4692.756774 27863
    4 9931.451824 -1935
    5 467.135815 -2497
    6 -1147.390632     2
    7 70.630827  7882
    8 5093.282298  5438
    9 1927.305949 -2390
   10 7517.543411  6863
   11 524.077627 -2493
   12 -297.372059     6
   13 -718.192042     1
   14 -551.600785     8
   15 7560.224643 -3259
   16 7029.250353 24956
   17 5363.109771 -2849
   18 314.623914 -3232
   19 5154.084574 14573
   20 952.757588 -3083
   21 -557.829324     2
   22 2792.866105 15275
   23 -1305.552236     8
   24 -782.301955     1
   25 -1955.753098     1
   26 7589.225592 -2263
   27 126.633641 20395
   28 5084.587241 -3111
   29 -1935.063671     3
   30 978.270102 14985
   31 11878.909829 10343
   32 -960.938446     5
   33 -570.001934     3
   34 21223.276603 -2852
   35 -451.852477     3
   36 9075.553615 21647
   37 4314.795964 -2309
   38 3133.494069  1257
   39 5719.663607 -3064
   40 4517.220015  2568
   41 -428.203476     2
   42 4764.610966 15949
   43 4854.615197 13544
   44 1677.173647 23714
   45 -1652.325513     4
   46 1100.512300 10842
   47 6364.040532 15863
   48 -578.723393     9
   49 14426.008144 -3003
   50 1084.782250  1573
   51 -818.004296     9
   52 -1333.883955     1
   53 4048.380666   314
   54 -448.762133     1
   55 1494.425615 23513
   56 2405.447980 32017
   57 -1037.383776     4
   58 5677.942827 -2540
   59 -1725.619519     8
   60 103.289765 31213
   61 -575.272374     1
   62 5907.218878 31927
   63 23232.548087 31951
   64 -1008.375577     5
   65 -267.462974     9
   66 6412.124996 18283
   67 4824.868485 14765
   68 509.344197 27953
   69 7264.678346  4234
   70 711.192298  6832
   71 5862.766071  6524
   72 5103.894907 -2711
   73 -1691.950965     4
   74 -1297.536885     4
   75 27.642371 -2177
   76 -654.056231     8
   77 12993.652274 21958
   78 15359.012834 -2390
   79 35.003736 -2423
   80 1985.928688 -2110
   81 738.252786  3195
   82 2064.260991  3101
   83 -429.290162     1
   84 -291.588190     9
   85 1603.771037  1250
   86 9960.563230 13695
   87 -775.083750     1
   88 15143.433079 -2668
   89 -2467.372770     4
   90 15366.992640 11841
   91 13397.786015  3905
   92 -1946.316153     0
   93 -547.306975     3
   94 1729.583702 -2630
   95 12.444816 -2801
   96 628.337886 20258
   97 -845.328533     1
   98 23679.769930 -2718
   99 2723.975456  7350
  100 5637.780568 -3230
  101 8482.398789  6709
  102 -486.229839     5
  103 -315.202244     2
  104 2147.535412 10814
  105 274.695601 -2651
  106 13902.973140  1080
  107 9923.596775 23377
  108 -368.442843     7
  109 11771.755048  1281
  110 -622.829458     0
  111 4185.681657 12350
  112 13661.520051 -1920
  113 5163.160415 21527
  114 6486.566415 28488
  115 35325.965480 12613
  116 5207.040367 25599
  117 -1665.090149     3
  118 -346.899416     2
  119 3734.736174 11817
  120 -1306.986211     4
  121 236.734652   876
  122 490.098802 21854
  123 -866.010566     2
  124 17624.210487   546
  125 3994.088325 -1913
  126 726.736925 32558
  127 36.602797 29437
  128 22005.040349 32051
  129 -552.446430     1
  130 31.807565 12216
  131 -85.981067     7
  132 -814.953351     0
  133 7695.332884 -1966
  134 19468.484625 16240
  135 -839.237472     7
  136 1221.922653  3066
  137 318.871939  3236
  138 594.389578 -3156
  139 6179.305278 26575
  140 -2071.293091     2
  141 111.152888 23859
  142 807.759290 -2212
  143 2442.606348 15705
  144 13621.889901 14460
  145 -715.060120     6
  146 12367.986963 26421
  147 282.160179 10799
  148 -1637.918143     2
  149 2629.825101 30348
  150 1833.903138 14927
  151 1561.182197 -2981
  152 5385.801725  4176
  153 1007.199716  3369
  154 1601.454351 -3090
  155 2632.433175 -2741
  156 6188.449792 26851
  157 99.714709 29251
  158 -772.609447     2
  159 -590.690017     5
  160 4116.819826 13900
  161 -2048.728451     5
  162 -1596.278970     8
  163 2048.803915 18562
  164 -286.255129     1
  165 1607.715647 -2146
  166 -3089.807732     7
  167 -206.738343     3
  168 10896.128082 32150
  169 9529.070026 -2166
  170 -1273.360259     1
  171 -1183.124214     1
  172 4199.956930 24598
  173 3305.292395 14057
  174 30082.121653 -2884
  175 -1091.497699     6
  176 -1544.543814     3
  177 3986.101954 31434
  178 -991.800633     7
  179 2803.126091 11021
  180 4824.768184 19654
  181 5322.828965 31837
  182 -38.258198     4
  183 1258.319285 14952
  184 6263.753466 26785
  185 3643.836408  6455
  186 6382.812117 -1650
  187 1754.795821 -2588
  188 -637.243821     0
  189 -2087.466332     0
  190 26083.280769 13760
  191 677.077300 -2091
  192 -1009.533648     5
  193 13917.529029 29565
  194 5404.105989 -1681
  195 -344.158276     5
  196 15999.428958 -1684
  197 -12.384529     6
  198 8123.758204 17659
  199 21039.529065 -3088
  200 2680.114581  6147
  201 14629.376665 30936
  202 5647.345144 26161
  203 -1998.831517     4
  204 755.199459 29234
  205 -650.059309     2
  206 13598.166217 12201
  207 -672.586961     0
  208 4529.359592 -2474
  209 14865.993639 11251
  210 1103.111286 11128
  211 1783.319367 18494
  212 10393.732121 -1593
  213 514.862860 -2437
  214 -509.694758     2
  215 10671.635631 -1846
  216 1076.432880  1154
  217 2474.720209 15143
  218 6831.145693 -3103
  219 1681.347309 16679
  220 7556.879871 -2764
  221 338.061118  1476
  222 2911.922724 19127
  223 706.635789  5680
  224 11323.843743  2168
  225 -139.261911     4
  226 11528.175593 25072
  227 -4025.202304     6
  228 4891.983693  3095
  229 -383.547499     0
  230 222.478004 -3242
  231 3373.617535 11398
  232 -31.694588     7
  233 -515.213763     7
  234 -1506.669322     3
  235 -327.134805     3
  236 428.876822 31779
  237 118.836374 25768
  238 -613.646892     4
  239 -181.817778     3
  240 -1701.275699     5
  241 14619.394092  9045
  242 1672.466951 28477
  243 3042.976407 25507
  244 5426.176284 27680
  245 1487.268703  6344
  246 -194.528442     3
  247 536.122011 -1812
  248 297.208886 -2751
  249 -946.364103     2
  250 1545.598361 19993
  251 -42.565288     9
  252 2862.533998   131
  253 3423.541228 26725
  254 4526.239200 -2571
  255 -1181.473978     4
  256 -2843.748291     3
  257 4104.244625 -2715
  258 4691.229998 11874
  259 4482.930256 -2572
  260 -2134.800033     3
  261 -214.084767     2
  262 4482.618390 -2630
  263 -311.109115     0
  264 12759.457744  1231
  265 743.658540 13187
  266 1569.630019  7031
  267 17537.131550 -2424
  268 15446.792716 12441
  269 3584.389567 -2748
  270 6115.850128 27996
  271 26386.399944 20832
  272 4310.709307 -2129
  273 -482.397163     0
  274 14367.823409  3973
  275 3542.315976  9596
  276 11950.909542 29864
  277 18679.383460  8226
  278 2551.760582  8125
  279 1385.453376  1936
  280 18203.369374   519
  281 -1189.451836     3
  282 10225.947561 20779
  283 166.190021  5897
  284 -1729.470969     8
  285 -103.477749     1
  286 -35.687041     7
  287 293.090289 13467
  288 2096.094981 -2093
  289 2670.568213 -1755
  290 2113.695722 15224
  291 16710.785572 16581
  292 -373.970065     2
  293 949.829830 -2489
  294 10897.546106 12038
  295 11449.571910 14498
  296 -537.187339     1
  297 54.977151 -3250
  298 6976.730478 32570
  299 -1535.173319     9
  300 -1991.041323     5
