300
    1 5946.223956     1
    2 3028.649512 22552
    3 7119.670230 27863
    4 24332.998679 -1935
    5 1198.879598 -2497
    6 -317.341623     2
    7 11602.701873  7882
    8 5358.099321  5438
    9 74.012129 -2390
   10 31839.149079  6863
   11 1470.152898 -2493
   12 -221.360661     6
   13 -540.241437     1
   14 -1089.144787     8
   15 2030.971037 -3259
   16 17808.283592 24956
   17 5602.419977 -2849
   18 237.824504 -3232
   19 16238.506522 14573
   20 4406.258492 -3083
   21 -4071.777575     2
   22 14872.000993 15275
   23 -464.531672     8
   24 -121.868296     1
   25 -964.381023     1
   26 8016.069053 -2263
   27 17540.498665 20395
   28 9446.127610 -3111
   29 -617.499080     3
   30 1304.598666 14985
   31 27559.051090 10343
   32 -223.010104     5
   33 -436.382194     3
   34 7473.720271 -2852
   35 -379.446453     3
   36 8475.251739 21647
   37 6242.374022 -2309
   38 7726.842026  1257
   39 4950.494754 -3064
   40 7613.180465  2568
   41 -32.897564     2
   42 593.786899 15949
   43 1448.303549 13544
   44 3216.953523 23714
   45 -1341.313074     4
   46 2301.468161 10842
   47 26647.644523 15863
   48 -446.690302     9
   49 6600.749767 -3003
   50 7981.199675  1573
   51 -1262.255108     9
   52 -785.159047     1
   53 21864.288723   314
   54 -785.276303     1
   55 4596.064814 23513
   56 3778.835889 32017
   57 -289.296241     4
   58 2456.421682 -2540
   59 -1318.469326     8
   60 7871.248925 31213
   61 -1748.719690     1
   62 7315.521064 31927
   63 16402.498631 31951
   64 -457.463519     5
   65 -626.004398     9
   66 6647.327906 18283
   67 8591.995489 14765
   68 11.191415 27953
   69 8638.264590  4234
   70 10853.887589  6832
   71 14155.250343  6524
   72 10249.099380 -2711
   73 -1295.022386     4
   74 -668.092865     4
   75 157.861485 -2177
   76 -1410.177988     8
   77 26451.883756 21958
   78 5552.694597 -2390
   79 560.578752 -2423
   80 4749.490584 -2110
   81 1158.649776  3195
   82 1394.615916  3101
   83 -2200.340825     1
   84 -1002.218963     9
   85 8292.086258  1250
   86 14297.773978 13695
   87 -376.432591     1
   88 6672.267437 -2668
   89 -2571.604460     4
   90 13372.197291 11841
   91 7278.412611  3905
   92 -1251.218222     0
   93 -349.858943     3
   94 381.863075 -2630
   95 347.419239 -2801
   96 3036.871342 20258
   97 -1572.922672     1
   98 9135.656570 -2718
   99 17897.116851  7350
  100 2169.171242 -3230
  101 6073.622123  6709
  102 -1076.867796     5
  103 -158.716337     2
  104 2732.770359 10814
  105 172.654903 -2651
  106 3410.672024  1080
  107 7654.589619 23377
  108 -883.870342     7
  109 14802.002400  1281
  110 -1840.623852     0
  111 3081.406766 12350
  112 8626.238474 -1920
  113 2528.282640 21527
  114 5829.185479 28488
  115 2007.307100 12613
  116 11185.528241 25599
  117 -1381.233835     3
  118 -666.315516     2
  119 27761.402928 11817
  120 -1065.658485     4
  121 17161.417797   876
  122 7295.966666 21854
  123 -1818.707144     2
  124 12340.984060   546
  125 6003.807847 -1913
  126 951.690048 32558
  127 37.369425 29437
  128 7519.384580 32051
  129 -2655.422858     1
  130 46.171411 12216
  131 -1646.821014     7
  132 -1026.698754     0
  133 8937.717759 -1966
  134 9373.348466 16240
  135 -116.501816     7
  136 12097.451936  3066
  137 4241.265677  3236
  138 13080.057365 -3156
  139 4194.176035 26575
  140 -637.026495     2
  141 6936.850732 23859
  142 1993.773207 -2212
  143 11560.566564 15705
  144 8150.228189 14460
  145 -2209.531746     6
  146 9450.701679 26421
  147 938.448513 10799
  148 -1082.604700     2
  149 10162.431918 30348
  150 11401.862624 14927
  151 2889.389314 -2981
  152 217.327982  4176
  153 1598.400765  3369
  154 7414.413609 -3090
  155 8094.931625 -2741
  156 2104.164460 26851
  157 1083.822765 29251
  158 -305.273453     2
  159 -561.357382     5
  160 2651.249788 13900
  161 -1995.245847     5
  162 -131.723240     8
  163 1845.974720 18562
  164 -1039.617884     1
  165 592.245248 -2146
  166 -531.788761     7
  167 -424.719816     3
  168 5131.846188 32150
  169 8769.898924 -2166
  170 -513.073270     1
  171 -524.608075     1
  172 18066.712041 24598
  173 1870.164364 14057
  174 19522.630338 -2884
  175 -798.118907     6
  176 -1595.766303     3
  177 1379.088459 31434
  178 -525.443722     7
  179 5510.129100 11021
  180 5258.654835 19654
  181 5861.162929 31837
  182 -138.582096     4
  183 1403.158293 14952
  184 3100.780614 26785
  185 11813.766351  6455
  186 13746.301456 -1650
  187 2412.231496 -2588
  188 -2332.962939     0
  189 -1212.768384     0
  190 10426.052583 13760
  191 2390.505225 -2091
  192 -1275.753299     5
  193 5017.606931 29565
  194 436.757956 -1681
  195 -1475.529024     5
  196 16329.637904 -1684
  197 -1721.754897     6
  198 2860.697184 17659
  199 16681.607084 -3088
  200 2572.047530  6147
  201 5973.822964 30936
  202 20536.616249 26161
  203 -327.699266     4
  204 94.864949 29234
  205 -2254.275444     2
  206 921.527301 12201
  207 -512.606088     0
  208 1787.668361 -2474
  209 10310.495804 11251
  210 12020.644422 11128
  211 3401.360850 18494
  212 18708.765568 -1593
  213 1296.566741 -2437
  214 -923.114975     2
  215 10112.609539 -1846
  216 146.810113  1154
  217 1760.209679 15143
  218 10472.136543 -3103
  219 7782.981695 16679
  220 12766.829292 -2764
  221 2015.123922  1476
  222 14344.853904 19127
  223 984.671824  5680
  224 4659.571731  2168
  225 -98.209677     4
  226 832.000730 25072
  227 -999.584633     6
  228 604.341123  3095
  229 -276.655975     0
  230 1701.617057 -3242
  231 3760.175416 11398
  232 -1688.415811     7
  233 -297.914746     7
  234 -413.514224     3
  235 -64.502465     3
  236 9667.380905 31779
  237 343.877041 25768
  238 -706.334774     4
  239 -1728.268684     3
  240 -1531.676795     5
  241 13722.380536  9045
  242 19919.186010 28477
  243 495.615729 25507
  244 1762.235241 27680
  245 5147.450827  6344
  246 -1525.565370     3
  247 4116.464500 -1812
  248 24.451238 -2751
  249 -1325.217664     2
  250 1385.806598 19993
  251 -292.641158     9
  252 5316.743417   131
  253 236.073383 26725
  254 10617.473427 -2571
  255 -229.343970     4
  256 -1619.297896     3
  257 4086.906836 -2715
  258 4258.181687 11874
  259 922.678938 -2572
  260 -756.701937     3
  261 -744.661302     2
  262 14380.563117 -2630
  263 -802.986909     0
  264 1395.358284  1231
  265 83.418355 13187
  266 2056.810983  7031
  267 4988.726636 -2424
  268 3075.302770 12441
  269 2642.077136 -2748
  270 292.751331 27996
  271 5080.441426 20832
  272 5216.210711 -2129
  273 -76.551597     0
  274 15864.775339  3973
  275 3243.255845  9596
  276 1580.300383 29864
  277 2477.686778  8226
  278 5376.797929  8125
  279 1910.924637  1936
  280 147.689151   519
  281 -197.094627     3
  282 5628.753003 20779
  283 173.006791  5897
  284 -1757.700668     8
  285 -3116.912971     1
  286 -1465.323240     7
  287 2699.462045 13467
  288 27610.152867 -2093
  289 8727.155554 -1755
  290 2277.052979 15224
  291 1536.100907 16581
  292 -3525.727118     2
  293 1816.673117 -2489
  294 19859.587633 12038
  295 2500.606635 14498
  296 -10.803704     1
  297 222.460603 -3250
  298 2884.948505 32570
  299 -1291.739620     9
  300 -2417.437613     5
