300
    1 5653.512063     1
    2 4762.700417 22552
    3 1796.297365 27863
    4 22468.734259 -1935
    5 3425.007474 -2497
    6 -3353.344688     2
    7 15851.981013  7882
    8 1250.442056  5438
    9 7162.399812 -2390
   10 12089.083749  6863
   11 366.553093 -2493
   12 -1181.253366     6
   13 -3426.586760     1
   14 -1428.290743     8
   15 119.759335 -3259
   16 10185.236547 24956
   17 2072.696790 -2849
   18 545.976997 -3232
   19 11385.944528 14573
   20 1501.973209 -3083
   21 -413.469315     2
   22 4483.038614 15275
   23 -1012.669529     8
   24 -866.033866     1
   25 -289.791299     1
   26 7119.541280 -2263
   27 29840.465555 20395
   28 8249.977250 -3111
   29 -213.690541     3
   30 1799.980567 14985
   31 1693.017088 10343
   32 -1639.025389     5
   33 -1511.747825     3
   34 3208.638204 -2852
   35 -1291.593682     3
   36 15684.682702 21647
   37 9628.455347 -2309
   38 5498.518677  1257
   39 17202.975524 -3064
   40 446.698700  2568
   41 -597.116015     2
   42 9916.853371 15949
   43 4067.620673 13544
   44 3817.128632 23714
   45 -2935.500652     4
   46 6.042042 10842
   47 2085.685463 15863
   48 -854.328674     9
   49 2091.912490 -3003
   50 21574.705556  1573
   51 -70.041163     9
   52 -901.098388     1
   53 13288.371399   314
   54 -359.825996     1
   55 4136.360492 23513
   56 3839.986963 32017
   57 -1824.895896     4
   58 2737.607064 -2540
   59 -2043.303092     8
   60 10670.930531 31213
   61 -742.161086     1
   62 14714.806728 31927
   63 14026.899501 31951
   64 -406.889049     5
   65 -198.384123     9
   66 1846.680452 18283
   67 4202.643523 14765
   68 197.882669 27953
   69 1639.267078  4234
   70 2735.844653  6832
   71 23592.632223  6524
   72 1175.171765 -2711
   73 -388.645888     4
   74 -686.969173     4
   75 72.377339 -2177
   76 -602.301017     8
   77 1883.458547 21958
   78 6495.625316 -2390
   79 332.548609 -2423
   80 3920.506497 -2110
   81 317.577735  3195
   82 1469.872425  3101
   83 -2524.487681     1
   84 -89.157789     9
   85 2689.411371  1250
   86 4523.707028 13695
   87 -26.394428     1
   88 18060.086391 -2668
   89 -1493.756717     4
   90 25124.157338 11841
   91 8848.743519  3905
   92 -128.385321     0
   93 -388.011665     3
   94 1536.967492 -2630
   95 170.084500 -2801
   96 2956.207433 20258
   97 -885.880575     1
   98 13484.170332 -2718
   99 16884.650602  7350
  100 13283.387552 -3230
  101 1204.779369  6709
  102 -2419.769195     5
  103 -611.927189     2
  104 8306.920669 10814
  105 110.443991 -2651
  106 1301.286678  1080
  107 12990.311958 23377
  108 -1257.491657     7
  109 4023.640454  1281
  110 -722.968618     0
  111 6679.720233 12350
  112 1916.228414 -1920
  113 6131.107531 21527
  114 4939.169442 28488
  115 3476.565652 12613
  116 13219.633361 25599
  117 -2.798377     3
  118 -235.272271     2
  119 9452.798642 11817
  120 -249.687864     4
  121 6016.106886   876
  122 3266.032185 21854
  123 -2871.077788     2
  124 5739.636892   546
  125 1641.421080 -1913
  126 3129.836948 32558
  127 16.351795 29437
  128 5233.921384 32051
  129 -762.313118     1
  130 64.645798 12216
  131 -203.624057     7
  132 -302.735952     0
  133 6423.511326 -1966
  134 21068.104719 16240
  135 -725.079409     7
  136 975.266565  3066
  137 1665.474166  3236
  138 955.949514 -3156
  139 6448.552265 26575
  140 -1566.577803     2
  141 953.990373 23859
  142 3899.474623 -2212
  143 905.486271 15705
  144 1317.588150 14460
  145 -949.871173     6
  146 4811.702285 26421
  147 2751.527790 10799
  148 -466.850305     2
  149 1338.631097 30348
  150 2027.157626 14927
  151 7062.636739 -2981
  152 8483.642378  4176
  153 2484.978071  3369
  154 10908.206276 -3090
  155 4922.038419 -2741
  156 15541.007252 26851
  157 589.057942 29251
  158 -442.923456     2
  159 -883.944200     5
  160 1092.211828 13900
  161 -1408.009456     5
  162 -37.501555     8
  163 963.227572 18562
  164 -725.288775     1
  165 2734.709875 -2146
  166 -592.528415     7
  167 -422.776493     3
  168 8165.377028 32150
  169 7493.944878 -2166
  170 -527.428561     1
  171 -1185.942726     1
  172 4914.657400 24598
  173 789.216098 14057
  174 19129.743287 -2884
  175 -1117.069280     6
  176 -1925.479321     3
  177 3628.357553 31434
  178 -394.619372     7
  179 10754.495518 11021
  180 10205.022875 19654
  181 4942.611549 31837
  182 -291.006821     4
  183 15743.744422 14952
  184 5122.436376 26785
  185 1722.265290  6455
  186 376.247813 -1650
  187 2817.698531 -2588
  188 -1964.964280     0
  189 -493.919266     0
  190 11669.982355 13760
  191 946.882200 -2091
  192 -1592.167813     5
  193 13912.564259 29565
  194 8016.622478 -1681
  195 -389.927807     5
  196 3970.521243 -1684
  197 -868.968031     6
  198 422.761538 17659
  199 7435.753841 -3088
  200 19421.203958  6147
  201 2140.883910 30936
  202 16145.849864 26161
  203 -3204.455605     4
  204 451.523975 29234
  205 -2003.355593     2
  206 2293.726015 12201
  207 -1381.739561     0
  208 5678.909351 -2474
  209 2561.928851 11251
  210 8120.627615 11128
  211 3228.675581 18494
  212 6537.125853 -1593
  213 1128.137658 -2437
  214 -497.241840     2
  215 2366.910344 -1846
  216 1672.233218  1154
  217 3008.647800 15143
  218 2080.994639 -3103
  219 195.225589 16679
  220 24499.650272 -2764
  221 11132.401582  1476
  222 8441.525427 19127
  223 131.894949  5680
  224 28147.255844  2168
  225 -335.999995     4
  226 176.639107 25072
  227 -871.279314     6
  228 19387.054977  3095
  229 -455.128645     0
  230 111.888015 -3242
  231 3026.783952 11398
  232 -942.161279     7
  233 -485.434615     7
  234 -294.697501     3
  235 -73.780912     3
  236 691.077885 31779
  237 204.343737 25768
  238 -1580.035480     4
  239 -1510.996266     3
  240 -741.372114     5
  241 3103.452475  9045
  242 2082.107859 28477
  243 822.358813 25507
  244 1631.632937 27680
  245 180.163208  6344
  246 -1262.184271     3
  247 3772.780650 -1812
  248 283.007933 -2751
  249 -1497.567550     2
  250 993.601951 19993
  251 -1818.084745     9
  252 3913.959377   131
  253 5942.412175 26725
  254 11052.331257 -2571
  255 -351.146616     4
  256 -1044.951904     3
  257 10040.437223 -2715
  258 11873.120559 11874
  259 3447.517879 -2572
  260 -2774.781405     3
  261 -248.638489     2
  262 27615.650231 -2630
  263 -1449.348440     0
  264 9183.057647  1231
  265 3912.125455 13187
  266 2750.267263  7031
  267 8683.487400 -2424
  268 9051.657586 12441
  269 546.627590 -2748
  270 2398.738120 27996
  271 3247.913132 20832
  272 3169.692492 -2129
  273 -357.882247     0
  274 23140.125437  3973
  275 3058.185642  9596
  276 20710.531724 29864
  277 20546.041472  8226
  278 5831.743293  8125
  279 1094.638169  1936
  280 15369.705068   519
  281 -506.833259     3
  282 3540.815224 20779
  283 29.803094  5897
  284 -997.055317     8
  285 -1134.687727     1
  286 -945.636153     7
  287 407.884241 13467
  288 4298.709293 -2093
  289 2332.271654 -1755
  290 1269.006192 15224
  291 9134.203934 16581
  292 -432.883211     2
  293 1000.157180 -2489
  294 17314.565724 12038
  295 7163.235348 14498
  296 -1622.567574     1
  297 163.454938 -3250
  298 15016.029305 32570
  299 -657.540266     9
  300 -1567.800590     5
