300
    1 4553.654472     1
    2 4120.415445 22552
    3 10198.575706 27863
    4 13750.878788 -1935
    5 542.220331 -2497
    6 -2100.402753     2
    7 9220.538534  7882
    8 5140.152754  5438
    9 1830.459787 -2390
   10 11229.490074  6863
   11 683.096615 -2493
   12 -140.981303     6
   13 -335.346380     1
   14 -1120.718258     8
   15 17845.012994 -3259
   16 13199.035077 24956
   17 4185.703417 -2849
   18 633.725688 -3232
   19 3660.660110 14573
   20 8243.317473 -3083
   21 -672.651314     2
   22 565.391218 15275
   23 -471.329153     8
   24 -807.915479     1
   25 -1113.930960     1
   26 15103.731246 -2263
   27 8992.399976 20395
   28 9785.582144 -3111
   29 -427.408777     3
   30 2308.081148 14985
   31 31829.332472 10343
   32 -1627.294150     5
   33 -641.959043     3
   34 12526.244846 -2852
   35 -787.411895     3
   36 11220.380866 21647
   37 11650.880608 -2309
   38 494.468248  1257
   39 9116.437630 -3064
   40 8955.974270  2568
   41 -851.394242     2
   42 7348.402501 15949
   43 4728.169296 13544
   44 550.448918 23714
   45 -684.876303     4
   46 1806.205295 10842
   47 8333.916443 15863
   48 -823.582931     9
   49 15367.961037 -3003
   50 4048.613990  1573
   51 -1175.682364     9
   52 -998.666623     1
   53 6161.160499   314
   54 -71.310224     1
   55 6271.195003 23513
   56 4267.766052 32017
   57 -497.003932     4
   58 3180.015608 -2540
   59 -1489.567636     8
   60 339.587192 31213
   61 -1127.972783     1
   62 9399.743650 31927
   63 31347.211305 31951
   64 -200.654698     5
   65 -554.005923     9
   66 7211.552228 18283
   67 4833.822487 14765
   68 806.453385 27953
   69 1398.152344  4234
   70 13832.309325  6832
   71 16689.827280  6524
   72 22186.965528 -2711
   73 -1083.442296     4
   74 -1436.659875     4
   75 110.006127 -2177
   76 -41.426662     8
   77 12702.858267 21958
   78 13357.451495 -2390
   79 403.678146 -2423
   80 15141.877678 -2110
   81 46.353662  3195
   82 971.900193  3101
   83 -926.988597     1
   84 -1654.027236     9
   85 2015.847304  1250
   86 479.620315 13695
   87 -1639.630678     1
   88 26974.481641 -2668
   89 -450.853463     4
   90 25429.583411 11841
   91 437.012337  3905
   92 -829.815709     0
   93 -518.271915     3
   94 1996.616460 -2630
   95 86.281474 -2801
   96 399.842893 20258
   97 -84.286052     1
   98 6356.793886 -2718
   99 13024.027141  7350
  100 10452.695544 -3230
  101 1356.259359  6709
  102 -1405.402268     5
  103 -55.276783     2
  104 11349.556643 10814
  105 50.781105 -2651
  106 10656.042866  1080
  107 28383.358311 23377
  108 -805.196389     7
  109 3131.581551  1281
  110 -1595.525585     0
  111 5523.938632 12350
  112 20338.975042 -1920
  113 884.825247 21527
  114 9268.110335 28488
  115 11758.652937 12613
  116 15306.484822 25599
  117 -587.730829     3
  118 -579.949638     2
  119 10962.385586 11817
  120 -2574.447212     4
  121 11704.162335   876
  122 5783.428706 21854
  123 -1367.907845     2
  124 13761.772525   546
  125 3724.857980 -1913
  126 1386.258478 32558
  127 23.467950 29437
  128 8592.674657 32051
  129 -627.689225     1
  130 18.914418 12216
  131 -1073.991950     7
  132 -1187.331840     0
  133 1197.819174 -1966
  134 5766.782953 16240
  135 -351.660264     7
  136 6752.015379  3066
  137 3478.489090  3236
  138 8470.998830 -3156
  139 17535.199182 26575
  140 -51.437139     2
  141 1118.589719 23859
  142 2305.710845 -2212
  143 15666.709912 15705
  144 4873.434545 14460
  145 -1852.055242     6
  146 2057.793659 26421
  147 1323.999053 10799
  148 -999.160293     2
  149 12926.844998 30348
  150 4025.737965 14927
  151 1925.136918 -2981
  152 3774.283147  4176
  153 909.509797  3369
  154 4950.818380 -3090
  155 2199.365292 -2741
  156 3964.988732 26851
  157 257.413671 29251
  158 -1138.392029     2
  159 -451.381910     5
  160 3045.624818 13900
  161 -1034.674233     5
  162 -1.637940     8
  163 1601.920605 18562
  164 -1192.238618     1
  165 2692.048028 -2146
  166 -557.287108     7
  167 -2259.081784     3
  168 14960.974640 32150
  169 4471.969390 -2166
  170 -1037.369174     1
  171 -1682.075998     1
  172 16217.718719 24598
  173 8638.835512 14057
  174 11177.887476 -2884
  175 -720.299775     6
  176 -575.344791     3
  177 1420.006361 31434
  178 -90.116150     7
  179 6056.354120 11021
  180 16325.490169 19654
  181 4019.665599 31837
  182 -369.030825     4
  183 22863.861190 14952
  184 18348.934043 26785
  185 3186.194071  6455
  186 1975.536614 -1650
  187 5511.660587 -2588
  188 -2985.781520     0
  189 -1540.663810     0
  190 5547.407112 13760
  191 1441.036745 -2091
  192 -1105.874792     5
  193 6488.975054 29565
  194 17586.007418 -1681
  195 -1779.452956     5
  196 11506.199668 -1684
  197 -548.450143     6
  198 6126.908332 17659
  199 15923.156760 -3088
  200 17303.590122  6147
  201 9217.379915 30936
  202 6792.609028 26161
  203 -1597.375074     4
  204 290.967794 29234
  205 -1220.066780     2
  206 1265.162591 12201
  207 -2118.309478     0
  208 3337.238234 -2474
  209 3129.490724 11251
  210 20328.923999 11128
  211 1587.540826 18494
  212 10613.898929 -1593
  213 2131.155510 -2437
  214 -214.920552     2
  215 5804.796453 -1846
  216 46.355784  1154
  217 5351.955997 15143
  218 4929.537123 -3103
  219 7661.029375 16679
  220 15754.782453 -2764
  221 4944.531544  1476
  222 5076.397366 19127
  223 467.956564  5680
  224 11709.073605  2168
  225 -1191.501659     4
  226 25693.089900 25072
  227 -297.838847     6
  228 38650.564433  3095
  229 -367.231090     0
  230 575.941241 -3242
  231 9363.867515 11398
  232 -1107.392155     7
  233 -1128.544144     7
  234 -280.189724     3
  235 -229.452713     3
  236 4102.201713 31779
  237 2091.815353 25768
  238 -63.161131     4
  239 -150.788730     3
  240 -1367.608997     5
  241 13969.927264  9045
  242 6474.794243 28477
  243 10206.023457 25507
  244 5340.482019 27680
  245 3917.459034  6344
  246 -1428.071396     3
  247 11996.647358 -1812
  248 92.624569 -2751
  249 -171.429798     2
  250 2663.829173 19993
  251 -1157.359975     9
  252 3565.659920   131
  253 960.692403 26725
  254 9679.894221 -2571
  255 -1386.067544     4
  256 -2044.659285     3
  257 2404.805806 -2715
  258 8025.897455 11874
  259 3074.866759 -2572
  260 -1454.704382     3
  261 -836.226475     2
  262 1803.090694 -2630
  263 -2107.251774     0
  264 853.463604  1231
  265 127.739587 13187
  266 1837.019707  7031
  267 11438.263757 -2424
  268 9060.612590 12441
  269 4946.604165 -2748
  270 13696.256289 27996
  271 14063.065192 20832
  272 102.556578 -2129
  273 -210.812284     0
  274 6441.770883  3973
  275 2518.834792  9596
  276 275.174742 29864
  277 11833.523795  8226
  278 440.083608  8125
  279 2219.562748  1936
  280 24895.214581   519
  281 -546.159261     3
  282 805.514074 20779
  283 99.441137  5897
  284 -1077.055143     8
  285 -191.935567     1
  286 -1228.174536     7
  287 380.117781 13467
  288 2703.052453 -2093
  289 18951.314304 -1755
  290 1469.841430 15224
  291 8741.621221 16581
  292 -139.103398     2
  293 7730.243365 -2489
  294 7206.417194 12038
  295 9462.837871 14498
  296 -448.452604     1
  297 294.297281 -3250
  298 20027.129909 32570
  299 -617.085138     9
  300 -1094.530021     5
