300
    1 7929.663377     1
    2 15956.312503 22552
    3 2137.093082 27863
    4 22903.817544 -1935
    5 2248.911637 -2497
    6 -1095.346085     2
    7 33.969154  7882
    8 9057.396471  5438
    9 9975.115995 -2390
   10 11287.726994  6863
   11 561.036256 -2493
   12 -763.556194     6
   13 -673.067059     1
   14 -212.957786     8
   15 5309.482377 -3259
   16 3325.039734 24956
   17 8596.502755 -2849
   18 346.427517 -3232
   19 13970.070754 14573
   20 18353.977671 -3083
   21 -1727.947951     2
   22 3894.915538 15275
   23 -405.317474     8
   24 -705.632831     1
   25 -737.348524     1
   26 9422.289251 -2263
   27 890.017050 20395
   28 11170.940621 -3111
   29 -3617.223007     3
   30 1153.492899 14985
   31 20909.076881 10343
   32 -2065.326217     5
   33 -1060.927710     3
   34 11840.650697 -2852
   35 -2311.457004     3
   36 7893.113394 21647
   37 3997.536005 -2309
   38 3214.683931  1257
   39 5696.219336 -3064
   40 1811.677237  2568
   41 -1626.343970     2
   42 5335.308785 15949
   43 2534.569993 13544
   44 6871.848589 23714
   45 -2719.815857     4
   46 1553.728837 10842
   47 4397.723278 15863
   48 -1149.670772     9
   49 10304.108226 -3003
   50 4590.544693  1573
   51 -1198.534859     9
   52 -1269.481245     1
   53 10912.072346   314
   54 -1774.703593     1
   55 7874.066605 23513
   56 3027.356463 32017
   57 -1077.731548     4
   58 1884.863225 -2540
   59 -1157.726765     8
   60 16572.152744 31213
   61 -1429.319159     1
   62 860.044915 31927
   63 7219.153118 31951
   64 -623.304953     5
   65 -751.171687     9
   66 1280.394726 18283
   67 9154.312779 14765
   68 231.991570 27953
   69 6017.894502  4234
   70 18922.323996  6832
   71 16482.149296  6524
   72 1636.957521 -2711
   73 -727.773614     4
   74 -1599.880778     4
   75 31.471110 -2177
   76 -335.621458     8
   77 2758.156598 21958
   78 8377.521303 -2390
   79 288.322203 -2423
   80 9732.954879 -2110
   81 755.288337  3195
   82 17.421130  3101
   83 -1545.590425     1
   84 -395.297628     9
   85 7658.799141  1250
   86 2431.928599 13695
   87 -2315.746217     1
   88 5984.613929 -2668
   89 -1819.756936     4
   90 8516.109398 11841
   91 17664.433964  3905
   92 -1762.680363     0
   93 -525.967820     3
   94 3681.787733 -2630
   95 16.175905 -2801
   96 4096.434409 20258
   97 -905.836818     1
   98 985.317611 -2718
   99 1960.707064  7350
  100 11387.409804 -3230
  101 3219.548363  6709
  102 -93.019066     5
  103 -256.157202     2
  104 8398.446494 10814
  105 44.043362 -2651
  106 15976.919912  1080
  107 460.043135 23377
  108 -170.599968     7
  109 1800.547768  1281
  110 -2188.834686     0
  111 7137.721529 12350
  112 201.660608 -1920
  113 2678.636804 21527
  114 2221.563190 28488
  115 2824.613201 12613
  116 12405.466668 25599
  117 -271.794604     3
  118 -4.828703     2
  119 2903.307117 11817
  120 -140.447069     4
  121 280.166740   876
  122 9113.476429 21854
  123 -1078.350180     2
  124 2516.981986   546
  125 552.312886 -1913
  126 5023.560497 32558
  127 35.325333 29437
  128 842.326381 32051
  129 -862.280163     1
  130 152.777491 12216
  131 -908.984745     7
  132 -227.474912     0
  133 475.174757 -1966
  134 10957.824613 16240
  135 -528.465711     7
  136 16547.260544  3066
  137 199.243852  3236
  138 6410.321500 -3156
  139 7609.501089 26575
  140 -772.134020     2
  141 1621.239681 23859
  142 820.481237 -2212
  143 32739.561301 15705
  144 21760.866354 14460
  145 -404.335966     6
  146 2870.936336 26421
  147 33.835266 10799
  148 -1429.784395     2
  149 8353.276234 30348
  150 18711.658142 14927
  151 6995.499308 -2981
  152 6673.827470  4176
  153 142.760837  3369
  154 4072.513995 -3090
  155 142.024005 -2741
  156 7647.472286 26851
  157 446.043709 29251
  158 -411.105090     2
  159 -692.031672     5
  160 9339.230436 13900
  161 -1241.233738     5
  162 -43.958673     8
  163 920.070161 18562
  164 -29.754225     1
  165 2113.723361 -2146
  166 -1237.853361     7
  167 -1074.098415     3
  168 4385.387829 32150
  169 711.756018 -2166
  170 -314.853418     1
  171 -350.750007     1
  172 23987.002868 24598
  173 5234.753749 14057
  174 2276.481334 -2884
  175 -1186.181250     6
  176 -1410.771055     3
  177 447.279457 31434
  178 -2040.251669     7
  179 7452.133713 11021
  180 13972.435464 19654
  181 8645.905716 31837
  182 -224.010608     4
  183 31661.547455 14952
  184 10118.130484 26785
  185 2062.403125  6455
  186 9683.859407 -1650
  187 4958.346364 -2588
  188 -1677.206127     0
  189 -672.845064     0
  190 20082.195613 13760
  191 1506.510359 -2091
  192 -887.925363     5
  193 3546.708684 29565
  194 19609.830242 -1681
  195 -232.000039     5
  196 4691.333652 -1684
  197 -1552.496512     6
  198 3963.431402 17659
  199 13381.702237 -3088
  200 10275.355158  6147
  201 3550.697107 30936
  202 900.786675 26161
  203 -3117.623893     4
  204 458.375904 29234
  205 -1139.331651     2
  206 7661.282155 12201
  207 -637.641396     0
  208 8032.212776 -2474
  209 2009.912752 11251
  210 2048.999953 11128
  211 26.674538 18494
  212 5366.120959 -1593
  213 2110.366292 -2437
  214 -1453.890499     2
  215 375.757042 -1846
  216 9513.136211  1154
  217 519.992821 15143
  218 1499.305380 -3103
  219 14642.984225 16679
  220 31316.168655 -2764
  221 12184.281840  1476
  222 8196.900319 19127
  223 1699.762259  5680
  224 2642.258641  2168
  225 -870.177348     4
  226 13578.244488 25072
  227 -642.960070     6
  228 8273.607257  3095
  229 -1971.425158     0
  230 1377.282508 -3242
  231 8435.531163 11398
  232 -990.169416     7
  233 -1707.318551     7
  234 -31.889543     3
  235 -1055.927253     3
  236 5499.607015 31779
  237 739.024050 25768
  238 -735.625819     4
  239 -2294.272473     3
  240 -298.994689     5
  241 14278.829117  9045
  242 15185.069306 28477
  243 24902.339311 25507
  244 1766.044281 27680
  245 12876.068383  6344
  246 -1525.423806     3
  247 4907.666411 -1812
  248 115.456030 -2751
  249 -246.720319     2
  250 2669.144572 19993
  251 -890.237904     9
  252 6807.152247   131
  253 7412.389646 26725
  254 1591.986373 -2571
  255 -158.624795     4
  256 -273.305499     3
  257 5104.130682 -2715
  258 20243.509468 11874
  259 22592.716825 -2572
  260 -20.840815     3
  261 -404.328723     2
  262 3397.261729 -2630
  263 -338.795073     0
  264 7390.550906  1231
  265 838.110092 13187
  266 2292.229173  7031
  267 6977.850502 -2424
  268 6739.230179 12441
  269 10889.397939 -2748
  270 5156.968498 27996
  271 11765.940784 20832
  272 1965.197907 -2129
  273 -1020.918616     0
  274 12411.574524  3973
  275 1066.411205  9596
  276 5575.815778 29864
  277 7276.600285  8226
  278 2365.016258  8125
  279 198.028082  1936
  280 4207.570412   519
  281 -1648.739635     3
  282 2471.231626 20779
  283 14.555100  5897
  284 -153.424141     8
  285 -1969.352179     1
  286 -3.115475     7
  287 1011.135550 13467
  288 4409.376689 -2093
  289 3885.275043 -1755
  290 1688.815794 15224
  291 3329.134987 16581
  292 -595.101557     2
  293 7624.617195 -2489
  294 17707.968788 12038
  295 33199.548639 14498
  296 -531.313074     1
  297 501.312808 -3250
  298 6836.831921 32570
  299 -2472.002800     9
  300 -2176.857262     5
