300
    1 11459.543301     1
    2 15977.979387 22552
    3 818.217429 27863
    4 16465.777302 -1935
    5 1366.036522 -2497
    6 -855.659325     2
    7 4596.970459  7882
    8 6500.985557  5438
    9 274.480676 -2390
   10 11264.221567  6863
   11 14.936471 -2493
   12 -1767.575870     6
   13 -3347.926570     1
   14 -1843.486666     8
   15 844.932818 -3259
   16 19068.250956 24956
   17 6146.937754 -2849
   18 379.335890 -3232
   19 3416.871295 14573
   20 5091.475544 -3083
   21 -1570.421529     2
   22 23761.217482 15275
   23 -1360.084615     8
   24 -451.129297     1
   25 -667.495720     1
   26 14257.473902 -2263
   27 16132.446365 20395
   28 10487.849221 -3111
   29 -905.615383     3
   30 313.619297 14985
   31 34141.085867 10343
   32 -1557.189848     5
   33 -142.188202     3
   34 15208.912582 -2852
   35 -307.657895     3
   36 5831.065204 21647
   37 12062.226606 -2309
   38 9784.767209  1257
   39 1913.374099 -3064
   40 13388.333227  2568
   41 -1441.056777     2
   42 6097.682840 15949
   43 1791.155178 13544
   44 6660.232760 23714
   45 -95.583215     4
   46 10034.635880 10842
   47 13930.071629 15863
   48 -1682.632335     9
   49 578.723022 -3003
   50 31397.123931  1573
   51 -805.206031     9
   52 -26.003920     1
   53 1696.143433   314
   54 -2227.687207     1
   55 6451.645755 23513
   56 14933.163604 32017
   57 -2567.039299     4
   58 4638.606575 -2540
   59 -408.026942     8
   60 2082.945845 31213
   61 -185.802178     1
   62 6607.728205 31927
   63 1300.250143 31951
   64 -42.225776     5
   65 -799.076971     9
   66 12188.496319 18283
   67 324.863544 14765
   68 630.459617 27953
   69 3337.149008  4234
   70 16725.123252  6832
   71 23628.898616  6524
   72 5070.405129 -2711
   73 -614.991864     4
   74 -117.940971     4
   75 11.495473 -2177
   76 -3316.181248     8
   77 28629.951429 21958
   78 10126.136211 -2390
   79 218.529276 -2423
   80 358.103989 -2110
   81 134.381371  3195
   82 1153.982946  3101
   83 -327.546578     1
   84 -2340.245695     9
   85 2146.461013  1250
   86 1375.992612 13695
   87 -380.349115     1
   88 250.485395 -2668
   89 -38.031640     4
   90 18732.745266 11841
   91 3644.048279  3905
   92 -104.133584     0
   93 -1126.321235     3
   94 4287.240612 -2630
   95 117.190932 -2801
   96 15.051035 20258
   97 -64.069335     1
   98 8022.295222 -2718
   99 981.020444  7350
  100 291.988044 -3230
  101 13557.195561  6709
  102 -517.101315     5
  103 -3141.892605     2
  104 2692.546570 10814
  105 29.506070 -2651
  106 12977.943101  1080
  107 756.489115 23377
  108 -1315.615657     7
  109 29564.206641  1281
  110 -219.577949     0
  111 1770.231771 12350
  112 2587.180551 -1920
  113 1086.305499 21527
  114 212.898799 28488
  115 12612.100606 12613
  116 420.616501 25599
  117 -1809.148006     3
  118 -1203.228573     2
  119 3103.258666 11817
  120 -2076.520275     4
  121 8270.895906   876
  122 12984.264224 21854
  123 -3893.199612     2
  124 19239.544817   546
  125 2538.099275 -1913
  126 1136.100986 32558
  127 31.473122 29437
  128 6615.649017 32051
  129 -1510.835918     1
  130 2.665793 12216
  131 -1046.736127     7
  132 -70.150232     0
  133 6545.041458 -1966
  134 2627.744078 16240
  135 -72.425357     7
  136 24932.316191  3066
  137 8170.441780  3236
  138 666.570091 -3156
  139 23295.647553 26575
  140 -756.468743     2
  141 1024.946987 23859
  142 6905.330200 -2212
  143 2589.181342 15705
  144 1775.571485 14460
  145 -877.521503     6
  146 1350.037033 26421
  147 1584.870970 10799
  148 -2125.102582     2
  149 2616.619152 30348
  150 1442.426155 14927
  151 822.706537 -2981
  152 9194.335042  4176
  153 720.643068  3369
  154 920.909145 -3090
  155 1929.234093 -2741
  156 1381.111427 26851
  157 272.960210 29251
  158 -1966.056643     2
  159 -1777.998028     5
  160 5338.719417 13900
  161 -315.522550     5
  162 -86.649346     8
  163 230.155457 18562
  164 -1094.577747     1
  165 63.594823 -2146
  166 -829.377332     7
  167 -171.496144     3
  168 9167.215970 32150
  169 196.896642 -2166
  170 -664.440293     1
  171 -704.254348     1
  172 10121.847315 24598
  173 7252.287401 14057
  174 6115.614701 -2884
  175 -62.178740     6
  176 -1265.458371     3
  177 962.027751 31434
  178 -314.876844     7
  179 11890.840611 11021
  180 24071.171785 19654
  181 3330.485333 31837
  182 -704.289910     4
  183 4935.511576 14952
  184 2585.885355 26785
  185 2936.535609  6455
  186 20586.436204 -1650
  187 4582.385107 -2588
  188 -303.797990     0
  189 -1400.140323     0
  190 1361.604717 13760
  191 1045.969085 -2091
  192 -67.550149     5
  193 8060.835806 29565
  194 3120.690664 -1681
  195 -704.806736     5
  196 6237.294480 -1684
  197 -153.579415     6
  198 9286.919807 17659
  199 1158.848087 -3088
  200 2932.598606  6147
  201 10896.792605 30936
  202 16.006290 26161
  203 -1340.962337     4
  204 704.473665 29234
  205 -870.432854     2
  206 11508.621639 12201
  207 -843.069740     0
  208 6047.350669 -2474
  209 538.239333 11251
  210 2865.924672 11128
  211 1460.895112 18494
  212 11235.207218 -1593
  213 622.787012 -2437
  214 -688.105809     2
  215 2409.802150 -1846
  216 2735.355913  1154
  217 3133.394849 15143
  218 14239.229241 -3103
  219 20433.572145 16679
  220 244.603960 -2764
  221 524.573499  1476
  222 9627.011158 19127
  223 413.247824  5680
  224 20500.216201  2168
  225 -1474.384119     4
  226 30590.962751 25072
  227 -1143.044538     6
  228 31194.404656  3095
  229 -1247.806425     0
  230 1694.135096 -3242
  231 8510.420744 11398
  232 -174.493093     7
  233 -309.804926     7
  234 -1581.378431     3
  235 -309.243668     3
  236 16935.133157 31779
  237 1682.728079 25768
  238 -1099.188558     4
  239 -60.320055     3
  240 -1916.341917     5
  241 16073.724941  9045
  242 8499.622995 28477
  243 230.970704 25507
  244 7835.213830 27680
  245 7632.243817  6344
  246 -2134.716233     3
  247 159.830806 -1812
  248 142.446904 -2751
  249 -395.882984     2
  250 7426.842924 19993
  251 -1976.053202     9
  252 28139.362813   131
  253 9471.877907 26725
  254 2941.579697 -2571
  255 -874.696956     4
  256 -2610.840696     3
  257 13187.395403 -2715
  258 317.356493 11874
  259 13527.131608 -2572
  260 -2354.210460     3
  261 -2148.851329     2
  262 14083.302897 -2630
  263 -2366.172009     0
  264 10029.881110  1231
  265 343.788438 13187
  266 3640.308871  7031
  267 16285.484216 -2424
  268 17397.914448 12441
  269 13963.459361 -2748
  270 2452.860339 27996
  271 6869.840064 20832
  272 915.859896 -2129
  273 -2.125364     0
  274 40232.381568  3973
  275 1740.903614  9596
  276 12578.375728 29864
  277 62.847045  8226
  278 2047.621849  8125
  279 1114.507846  1936
  280 16565.600358   519
  281 -578.433433     3
  282 12521.161991 20779
  283 161.387939  5897
  284 -952.911592     8
  285 -212.098358     1
  286 -1508.207728     7
  287 225.071830 13467
  288 11349.095533 -2093
  289 11971.639193 -1755
  290 280.759112 15224
  291 52.367992 16581
  292 -178.247234     2
  293 15551.457501 -2489
  294 20727.602282 12038
  295 5244.322929 14498
  296 -276.701377     1
  297 323.351416 -3250
  298 3447.243650 32570
  299 -2137.212354     9
  300 -154.623710     5
