300
    1 18352.543044     1
    2 41503.069354 22552
    3 7439.663731 27863
    4 11193.556142 -1935
    5 158.224518 -2497
    6 -2368.037155     2
    7 889.442451  7882
    8 5595.248429  5438
    9 3699.136621 -2390
   10 5549.081257  6863
   11 28.132313 -2493
   12 -902.001864     6
   13 -369.231357     1
   14 -2731.114820     8
   15 12472.893643 -3259
   16 2291.651074 24956
   17 9113.273049 -2849
   18 76.007336 -3232
   19 17339.015475 14573
   20 13495.360667 -3083
   21 -1020.950326     2
   22 2203.641473 15275
   23 -414.423329     8
   24 -370.409537     1
   25 -896.424560     1
   26 2940.633664 -2263
   27 5443.587782 20395
   28 5178.478737 -3111
   29 -359.820975     3
   30 1018.491590 14985
   31 12809.090812 10343
   32 -918.054942     5
   33 -1242.330212     3
   34 3196.204499 -2852
   35 -16.128703     3
   36 5218.266082 21647
   37 7814.477160 -2309
   38 1595.499171  1257
   39 4034.609877 -3064
   40 8895.520559  2568
   41 -416.761973     2
   42 9903.418931 15949
   43 2847.660766 13544
   44 9752.425155 23714
   45 -1195.344501     4
   46 449.839112 10842
   47 4764.419647 15863
   48 -641.254167     9
   49 23860.364585 -3003
   50 14073.121226  1573
   51 -1414.477658     9
   52 -1581.573271     1
   53 3241.845526   314
   54 -579.588347     1
   55 11772.440477 23513
   56 5948.676107 32017
   57 -131.432140     4
   58 7703.350527 -2540
   59 -963.013255     8
   60 21641.471131 31213
   61 -1343.807049     1
   62 5023.343347 31927
   63 38470.898623 31951
   64 -132.824457     5
   65 -1628.176452     9
   66 7827.131888 18283
   67 6933.007477 14765
   68 934.029813 27953
   69 2136.347597  4234
   70 2869.574798  6832
   71 20019.227962  6524
   72 23464.544693 -2711
   73 -2214.045328     4
   74 -272.522861     4
   75 320.586640 -2177
   76 -3461.201344     8
   77 28295.927011 21958
   78 28148.949392 -2390
   79 1031.950018 -2423
   80 4588.008951 -2110
   81 562.680253  3195
   82 1524.226183  3101
   83 -165.498773     1
   84 -474.678911     9
   85 4172.161274  1250
   86 13580.536063 13695
   87 -1268.654966     1
   88 12747.445371 -2668
   89 -290.047995     4
   90 7840.421923 11841
   91 6571.899635  3905
   92 -1591.932683     0
   93 -1093.529978     3
   94 1372.667435 -2630
   95 12.455879 -2801
   96 230.370265 20258
   97 -1241.744743     1
   98 11994.765520 -2718
   99 2990.316048  7350
  100 4544.260282 -3230
  101 7840.684278  6709
  102 -1233.843734     5
  103 -717.693802     2
  104 9750.928659 10814
  105 14.968509 -2651
  106 3490.866771  1080
  107 15022.102929 23377
  108 -1097.611295     7
  109 4185.832005  1281
  110 -1261.798675     0
  111 13462.143856 12350
  112 2042.425420 -1920
  113 4828.618029 21527
  114 5125.559103 28488
  115 8202.699700 12613
  116 2412.242327 25599
  117 -298.451880     3
  118 -15.208643     2
  119 7797.572690 11817
  120 -325.841073     4
  121 398.927073   876
  122 6943.741093 21854
  123 -583.962925     2
  124 13552.351683   546
  125 6693.382573 -1913
  126 3055.756360 32558
  127 22.046722 29437
  128 153.699738 32051
  129 -429.803507     1
  130 189.100629 12216
  131 -549.915233     7
  132 -3151.453914     0
  133 653.731649 -1966
  134 5458.933217 16240
  135 -264.991433     7
  136 23785.342546  3066
  137 3778.141921  3236
  138 2217.195772 -3156
  139 1888.809865 26575
  140 -592.321618     2
  141 1117.712992 23859
  142 6914.044873 -2212
  143 1303.023654 15705
  144 2938.280594 14460
  145 -2052.881788     6
  146 4090.247912 26421
  147 1756.086731 10799
  148 -593.796880     2
  149 17977.082568 30348
  150 493.803973 14927
  151 6673.040732 -2981
  152 9173.851646  4176
  153 1272.724804  3369
  154 6986.229044 -3090
  155 7651.849757 -2741
  156 1728.641070 26851
  157 659.994723 29251
  158 -1227.314583     2
  159 -536.610016     5
  160 1292.867286 13900
  161 -2113.039103     5
  162 -559.476616     8
  163 1025.437780 18562
  164 -766.633526     1
  165 4573.433882 -2146
  166 -231.871879     7
  167 -995.536365     3
  168 2454.442743 32150
  169 9902.681112 -2166
  170 -416.157615     1
  171 -68.130924     1
  172 9488.234654 24598
  173 574.256018 14057
  174 7930.522716 -2884
  175 -1074.484958     6
  176 -328.690559     3
  177 451.888804 31434
  178 -352.888598     7
  179 6124.208777 11021
  180 8498.776527 19654
  181 8036.177544 31837
  182 -547.662020     4
  183 27001.168370 14952
  184 9393.649455 26785
  185 1565.740295  6455
  186 609.407899 -1650
  187 6044.952811 -2588
  188 -169.418923     0
  189 -3169.270853     0
  190 9565.731276 13760
  191 344.193124 -2091
  192 -1062.150866     5
  193 6001.327323 29565
  194 787.253577 -1681
  195 -195.472540     5
  196 2331.148994 -1684
  197 -859.562570     6
  198 10153.111889 17659
  199 1091.001130 -3088
  200 385.812274  6147
  201 4027.588677 30936
  202 5518.930232 26161
  203 -166.846340     4
  204 1232.045055 29234
  205 -1923.449028     2
  206 272.189956 12201
  207 -127.356547     0
  208 3261.176932 -2474
  209 5305.129167 11251
  210 1688.019517 11128
  211 2623.743013 18494
  212 14667.550458 -1593
  213 2378.732568 -2437
  214 -882.445560     2
  215 10669.593819 -1846
  216 7028.368800  1154
  217 590.686843 15143
  218 4004.229146 -3103
  219 18264.121222 16679
  220 37559.587906 -2764
  221 3570.603728  1476
  222 15230.179105 19127
  223 823.926792  5680
  224 10266.866470  2168
  225 -73.149819     4
  226 12604.170927 25072
  227 -410.286653     6
  228 4415.472838  3095
  229 -650.783967     0
  230 619.720581 -3242
  231 17331.427290 11398
  232 -1980.359426     7
  233 -222.868755     7
  234 -43.560231     3
  235 -309.531914     3
  236 58.022407 31779
  237 2163.617989 25768
  238 -749.612847     4
  239 -1962.823317     3
  240 -187.594598     5
  241 5073.583927  9045
  242 2829.175807 28477
  243 3571.396741 25507
  244 5024.681506 27680
  245 1371.872438  6344
  246 -241.109651     3
  247 6599.283170 -1812
  248 114.610377 -2751
  249 -548.160775     2
  250 2245.398444 19993
  251 -205.885988     9
  252 6887.378929   131
  253 972.799536 26725
  254 23988.304665 -2571
  255 -302.697716     4
  256 -1649.129913     3
  257 1057.343795 -2715
  258 24305.808121 11874
  259 4263.404076 -2572
  260 -646.978496     3
  261 -912.191370     2
  262 10165.662047 -2630
  263 -2062.152415     0
  264 6319.448745  1231
  265 2311.871937 13187
  266 503.243031  7031
  267 1024.193267 -2424
  268 3264.050707 12441
  269 3638.723005 -2748
  270 1424.751255 27996
  271 11493.187976 20832
  272 569.140759 -2129
  273 -490.779374     0
  274 7113.047805  3973
  275 1253.795017  9596
  276 4099.501277 29864
  277 3235.584926  8226
  278 2434.206498  8125
  279 1663.208800  1936
  280 11660.478626   519
  281 -705.153084     3
  282 3553.146570 20779
  283 120.983019  5897
  284 -211.605585     8
  285 -1101.872763     1
  286 -340.910718     7
  287 1052.565427 13467
  288 10436.636085 -2093
  289 20449.141949 -1755
  290 447.307247 15224
  291 29828.354591 16581
  292 -2425.111939     2
  293 2218.422352 -2489
  294 3178.131706 12038
  295 7450.028441 14498
  296 -86.318393     1
  297 28.046035 -3250
  298 10615.973607 32570
  299 -632.654013     9
  300 -405.739468     5
