300
    1 3264.277946     1
    2 7443.834608 22552
    3 6984.464816 27863
    4 18995.920708 -1935
    5 2921.649417 -2497
    6 -609.590884     2
    7 9740.850079  7882
    8 7367.326719  5438
    9 1260.973999 -2390
   10 9870.415245  6863
   11 3.455732 -2493
   12 -73.781115     6
   13 -1295.551634     1
   14 -2012.909211     8
   15 15003.686101 -3259
   16 11548.794999 24956
   17 2265.134085 -2849
   18 353.724096 -3232
   19 13054.912574 14573
   20 8621.116821 -3083
   21 -136.218247     2
   22 16297.801605 15275
   23 -1588.733083     8
   24 -58.569029     1
   25 -37.588778     1
   26 1347.389659 -2263
   27 18729.890452 20395
   28 8156.723550 -3111
   29 -892.975900     3
   30 1156.873006 14985
   31 3475.151427 10343
   32 -82.640546     5
   33 -883.375935     3
   34 1775.253013 -2852
   35 -259.813471     3
   36 1467.112590 21647
   37 14348.150351 -2309
   38 2457.895878  1257
   39 761.724396 -3064
   40 5476.563109  2568
   41 -552.105253     2
   42 11669.925575 15949
   43 4018.371806 13544
   44 3284.547108 23714
   45 -186.651721     4
   46 8196.219801 10842
   47 4573.688968 15863
   48 -877.416575     9
   49 5961.598757 -3003
   50 19905.993249  1573
   51 -2364.972774     9
   52 -1554.213695     1
   53 9349.046617   314
   54 -231.067001     1
   55 4680.826519 23513
   56 8963.748517 32017
   57 -1147.157604     4
   58 5012.377424 -2540
   59 -159.366018     8
   60 4034.489458 31213
   61 -1294.643783     1
   62 6853.248579 31927
   63 23725.364319 31951
   64 -301.442632     5
   65 -1256.693438     9
   66 7374.438922 18283
   67 5083.425924 14765
   68 1182.165107 27953
   69 8283.328191  4234
   70 7514.780875  6832
   71 648.145872  6524
   72 7954.772381 -2711
   73 -426.175799     4
   74 -247.696405     4
   75 219.506074 -2177
   76 -1750.127763     8
   77 2819.112156 21958
   78 6024.904847 -2390
   79 204.642611 -2423
   80 6850.433553 -2110
   81 419.926613  3195
   82 1328.507091  3101
   83 -2576.864888     1
   84 -879.895411     9
   85 6893.430999  1250
   86 2646.660941 13695
   87 -894.453317     1
   88 10045.964842 -2668
   89 -514.336785     4
   90 6900.108114 11841
   91 10382.750298  3905
   92 -680.432528     0
   93 -257.871358     3
   94 17.250482 -2630
   95 164.119001 -2801
   96 4107.736919 20258
   97 -1293.555641     1
   98 5261.759692 -2718
   99 34016.489601  7350
  100 4797.182176 -3230
  101 1962.670993  6709
  102 -2624.200784     5
  103 -455.710230     2
  104 14008.023442 10814
  105 147.774935 -2651
  106 6302.763664  1080
  107 23435.315405 23377
  108 -696.100418     7
  109 9297.037953  1281
  110 -1145.194841     0
  111 5400.628740 12350
  112 4891.937198 -1920
  113 16237.660288 21527
  114 14634.870452 28488
  115 1761.824774 12613
  116 15701.041635 25599
  117 -585.460164     3
  118 -98.589441     2
  119 15376.173907 11817
  120 -26.286655     4
  121 14633.857353   876
  122 4821.128927 21854
  123 -948.165280     2
  124 7878.561986   546
  125 5015.509709 -1913
  126 423.531657 32558
  127 8.641111 29437
  128 1441.705352 32051
  129 -326.501208     1
  130 11.682002 12216
  131 -11.098067     7
  132 -1141.244951     0
  133 5886.041494 -1966
  134 1731.230647 16240
  135 -809.919736     7
  136 17715.223018  3066
  137 1304.770849  3236
  138 4791.573153 -3156
  139 2248.180276 26575
  140 -521.631462     2
  141 2962.447880 23859
  142 2635.338068 -2212
  143 8773.484282 15705
  144 2578.419378 14460
  145 -2360.660288     6
  146 2750.334113 26421
  147 1004.550472 10799
  148 -464.986938     2
  149 5906.444984 30348
  150 21363.106671 14927
  151 262.554353 -2981
  152 3377.769285  4176
  153 205.717952  3369
  154 17357.728566 -3090
  155 1322.847307 -2741
  156 1511.339544 26851
  157 971.356731 29251
  158 -2293.580556     2
  159 -456.300728     5
  160 2696.040614 13900
  161 -775.105160     5
  162 -404.832782     8
  163 205.499724 18562
  164 -702.936585     1
  165 2062.452895 -2146
  166 -1451.655956     7
  167 -404.746741     3
  168 12399.202333 32150
  169 8082.083111 -2166
  170 -214.027595     1
  171 -197.690365     1
  172 5087.855911 24598
  173 2558.216727 14057
  174 7675.830277 -2884
  175 -150.378024     6
  176 -2849.148417     3
  177 218.384294 31434
  178 -976.901203     7
  179 6257.159649 11021
  180 2231.098348 19654
  181 8549.829492 31837
  182 -989.445190     4
  183 20365.572408 14952
  184 5815.214076 26785
  185 359.968744  6455
  186 4746.707527 -1650
  187 1136.151204 -2588
  188 -246.947252     0
  189 -581.308794     0
  190 1953.264303 13760
  191 4981.205056 -2091
  192 -2467.155233     5
  193 11543.246711 29565
  194 16010.844928 -1681
  195 -582.869538     5
  196 13501.821929 -1684
  197 -1762.688621     6
  198 2805.194549 17659
  199 4565.570614 -3088
  200 4516.568824  6147
  201 6837.130228 30936
  202 13359.667169 26161
  203 -1139.946031     4
  204 87.210042 29234
  205 -642.215176     2
  206 368.081870 12201
  207 -829.263156     0
  208 1823.936169 -2474
  209 7731.289392 11251
  210 5845.195961 11128
  211 1050.595653 18494
  212 1286.988293 -1593
  213 1021.954088 -2437
  214 -1146.989840     2
  215 2838.527033 -1846
  216 5430.554515  1154
  217 4359.865111 15143
  218 1001.307094 -3103
  219 11871.220140 16679
  220 16646.310729 -2764
  221 1254.498348  1476
  222 1904.561259 19127
  223 572.685302  5680
  224 6395.390477  2168
  225 -616.057118     4
  226 2027.596709 25072
  227 -2143.415129     6
  228 19954.776093  3095
  229 -357.331346     0
  230 2218.878482 -3242
  231 4115.966020 11398
  232 -2109.317101     7
  233 -103.512234     7
  234 -1198.625373     3
  235 -443.037237     3
  236 4785.066072 31779
  237 2142.540229 25768
  238 -530.674354     4
  239 -1040.206158     3
  240 -404.694217     5
  241 23530.716146  9045
  242 19439.044175 28477
  243 1722.484527 25507
  244 5645.259504 27680
  245 9295.890096  6344
  246 -168.346037     3
  247 10877.594107 -1812
  248 55.158193 -2751
  249 -1222.509258     2
  250 3802.637366 19993
  251 -2061.246233     9
  252 8480.444295   131
  253 4849.911516 26725
  254 5243.848718 -2571
  255 -2058.081839     4
  256 -2429.391665     3
  257 1572.339019 -2715
  258 6394.570963 11874
  259 105.540170 -2572
  260 -1589.104829     3
  261 -728.882944     2
  262 3633.978443 -2630
  263 -564.469869     0
  264 5768.303730  1231
  265 4557.245902 13187
  266 692.176069  7031
  267 9954.568259 -2424
  268 4667.273736 12441
  269 4726.405811 -2748
  270 19293.822753 27996
  271 1121.160821 20832
  272 3402.279553 -2129
  273 -477.176819     0
  274 13656.527969  3973
  275 1383.071160  9596
  276 10082.349114 29864
  277 3825.365574  8226
  278 2932.656594  8125
  279 2869.081851  1936
  280 1445.079203   519
  281 -1344.752947     3
  282 3166.538285 20779
  283 34.257813  5897
  284 -330.528572     8
  285 -145.504504     1
  286 -555.865494     7
  287 1423.516975 13467
  288 5524.659460 -2093
  289 8847.210793 -1755
  290 615.549075 15224
  291 41020.672684 16581
  292 -3171.373627     2
  293 1368.716339 -2489
  294 5286.013995 12038
  295 5243.921792 14498
  296 -1315.886532     1
  297 638.952546 -3250
  298 808.970562 32570
  299 -514.336769     9
  300 -813.042525     5
