300
    1 7175.208077     1
    2 3440.373406 22552
    3 4029.030324 27863
    4 21514.827417 -1935
    5 3470.702309 -2497
    6 -1259.781281     2
    7 2693.628249  7882
    8 374.946577  5438
    9 861.510375 -2390
   10 8858.576991  6863
   11 1114.964087 -2493
   12 -1006.146008     6
   13 -616.435416     1
   14 -2626.224960     8
   15 8229.858469 -3259
   16 1766.401519 24956
   17 7016.812145 -2849
   18 171.983029 -3232
   19 20301.592326 14573
   20 8049.538756 -3083
   21 -631.609250     2
   22 1025.688745 15275
   23 -749.025120     8
   24 -379.249169     1
   25 -1021.735054     1
   26 4766.839039 -2263
   27 12143.103504 20395
   28 4958.428029 -3111
   29 -211.729135     3
   30 938.443709 14985
   31 13482.671364 10343
   32 -1683.879944     5
   33 -1417.354218     3
   34 5830.797624 -2852
   35 -1454.905951     3
   36 15972.551774 21647
   37 6723.754117 -2309
   38 5270.657923  1257
   39 14581.783189 -3064
   40 1591.371732  2568
   41 -422.155776     2
   42 5937.250230 15949
   43 1476.287348 13544
   44 5281.124231 23714
   45 -2367.345041     4
   46 1478.380167 10842
   47 11672.010383 15863
   48 -624.792771     9
   49 14422.831171 -3003
   50 2505.661075  1573
   51 -326.572061     9
   52 -739.122657     1
   53 5300.481982   314
   54 -528.241300     1
   55 10264.694753 23513
   56 684.804761 32017
   57 -911.743350     4
   58 3053.486946 -2540
   59 -1617.037536     8
   60 10469.235834 31213
   61 -1478.244995     1
   62 4630.257748 31927
   63 11188.317293 31951
   64 -1093.251879     5
   65 -764.688914     9
   66 7733.614227 18283
   67 3468.380393 14765
   68 476.016036 27953
   69 2740.933501  4234
   70 7039.629116  6832
   71 22013.121986  6524
   72 4819.151759 -2711
   73 -967.161545     4
   74 -997.033519     4
   75 210.214867 -2177
   76 -353.452996     8
   77 7351.591910 21958
   78 11423.180753 -2390
   79 174.678901 -2423
   80 6564.397877 -2110
   81 693.661868  3195
   82 673.595661  3101
   83 -1334.924886     1
   84 -650.384991     9
   85 2825.704838  1250
   86 5690.091649 13695
   87 -397.990528     1
   88 9819.113550 -2668
   89 -1180.437902     4
   90 10554.974692 11841
   91 12077.815551  3905
   92 -107.064438     0
   93 -419.400655     3
   94 1356.954835 -2630
   95 519.377238 -2801
   96 4238.699795 20258
   97 -2621.036454     1
   98 5516.483064 -2718
   99 10065.088765  7350
  100 3925.331748 -3230
  101 943.817031  6709
  102 -129.021693     5
  103 -1241.556520     2
  104 13516.528506 10814
  105 51.762424 -2651
  106 3856.149206  1080
  107 25992.171237 23377
  108 -28.839945     7
  109 9841.247766  1281
  110 -1284.749438     0
  111 6979.970882 12350
  112 10497.142551 -1920
  113 9349.828364 21527
  114 6054.363751 28488
  115 10227.862680 12613
  116 8159.998606 25599
  117 -166.478282     3
  118 -576.619535     2
  119 8174.965769 11817
  120 -933.121247     4
  121 3660.694489   876
  122 5808.801220 21854
  123 -1093.465251     2
  124 15007.857196   546
  125 2178.259129 -1913
  126 1486.047707 32558
  127 62.409916 29437
  128 3174.110058 32051
  129 -172.223578     1
  130 15.098165 12216
  131 -465.701549     7
  132 -794.350503     0
  133 670.322787 -1966
  134 11159.530398 16240
  135 -1119.168912     7
  136 10261.352669  3066
  137 1480.338399  3236
  138 7813.482931 -3156
  139 14153.753922 26575
  140 -576.320959     2
  141 3129.804946 23859
  142 5254.247187 -2212
  143 23239.719420 15705
  144 1507.392153 14460
  145 -1387.965150     6
  146 7534.912382 26421
  147 3161.914953 10799
  148 -1192.366971     2
  149 14836.035715 30348
  150 4003.982360 14927
  151 4919.502651 -2981
  152 3459.571799  4176
  153 676.633583  3369
  154 8721.340732 -3090
  155 11718.421805 -2741
  156 674.343211 26851
  157 1204.835537 29251
  158 -898.752269     2
  159 -2078.093389     5
  160 81.786777 13900
  161 -803.275088     5
  162 -721.653999     8
  163 252.557592 18562
  164 -186.658214     1
  165 3253.538248 -2146
  166 -1249.856309     7
  167 -1111.479186     3
  168 8213.434474 32150
  169 6167.405640 -2166
  170 -292.566029     1
  171 -89.315291     1
  172 15395.138890 24598
  173 1557.903620 14057
  174 9224.068731 -2884
  175 -1872.342584     6
  176 -318.619168     3
  177 276.149857 31434
  178 -1038.487337     7
  179 384.080859 11021
  180 18987.090762 19654
  181 6052.766198 31837
  182 -748.589445     4
  183 9629.682526 14952
  184 1801.950659 26785
  185 80.905739  6455
  186 5969.189791 -1650
  187 1152.586993 -2588
  188 -637.387743     0
  189 -941.150565     0
  190 3294.363337 13760
  191 1555.447329 -2091
  192 -643.775821     5
  193 2562.765716 29565
  194 2311.255347 -1681
  195 -1739.348847     5
  196 1840.298103 -1684
  197 -527.045994     6
  198 739.107089 17659
  199 2506.195647 -3088
  200 14399.233463  6147
  201 5285.679385 30936
  202 7085.198805 26161
  203 -22.864153     4
  204 17.666505 29234
  205 -2259.026269     2
  206 283.183877 12201
  207 -427.495387     0
  208 8871.024457 -2474
  209 1647.221939 11251
  210 2341.888110 11128
  211 3039.133969 18494
  212 750.065551 -1593
  213 1131.362948 -2437
  214 -309.987579     2
  215 2285.302637 -1846
  216 2201.910635  1154
  217 8562.965589 15143
  218 15713.351877 -3103
  219 6148.293885 16679
  220 15289.516102 -2764
  221 7172.859366  1476
  222 16723.876102 19127
  223 216.602138  5680
  224 13719.678345  2168
  225 -243.908775     4
  226 1022.683497 25072
  227 -839.319282     6
  228 3574.917342  3095
  229 -2459.166528     0
  230 4075.645619 -3242
  231 3169.625100 11398
  232 -1404.975474     7
  233 -310.548713     7
  234 -333.408410     3
  235 -288.260038     3
  236 10926.068467 31779
  237 1126.753790 25768
  238 -389.401859     4
  239 -1074.652152     3
  240 -84.663249     5
  241 12114.012384  9045
  242 9053.621952 28477
  243 13546.048843 25507
  244 3961.343515 27680
  245 11872.668026  6344
  246 -13.444144     3
  247 3632.489623 -1812
  248 83.687259 -2751
  249 -823.375944     2
  250 3639.918742 19993
  251 -2517.874258     9
  252 1207.201603   131
  253 4299.878506 26725
  254 9311.503017 -2571
  255 -2103.887540     4
  256 -907.309744     3
  257 6258.914370 -2715
  258 7908.121892 11874
  259 4012.772717 -2572
  260 -495.173049     3
  261 -650.694816     2
  262 5424.027340 -2630
  263 -808.737328     0
  264 5497.872865  1231
  265 4075.716113 13187
  266 1906.250915  7031
  267 7828.451624 -2424
  268 3585.993609 12441
  269 5092.594942 -2748
  270 9173.805072 27996
  271 1344.535369 20832
  272 1808.203306 -2129
  273 -988.862295     0
  274 8697.938725  3973
  275 3353.380028  9596
  276 5380.457947 29864
  277 12922.775941  8226
  278 461.342740  8125
  279 1195.392782  1936
  280 9036.181930   519
  281 -1293.431897     3
  282 2188.832813 20779
  283 27.556338  5897
  284 -475.859555     8
  285 -1089.860530     1
  286 -1006.815873     7
  287 3079.648801 13467
  288 16745.955110 -2093
  289 13446.829143 -1755
  290 1265.765163 15224
  291 10008.231386 16581
  292 -469.782480     2
  293 3677.138570 -2489
  294 4171.017353 12038
  295 3648.646804 14498
  296 -250.805612     1
  297 110.697445 -3250
  298 15206.951105 32570
  299 -541.200249     9
  300 -180.037657     5
