300
    1 5088.867253     1
    2 32775.624198 22552
    3 21039.817166 27863
    4 32710.724353 -1935
    5 3596.960217 -2497
    6 -666.262321     2
    7 6128.020278  7882
    8 18583.204360  5438
    9 8968.740491 -2390
   10 15290.908752  6863
   11 1175.889317 -2493
   12 -850.548638     6
   13 -947.426470     1
   14 -157.958727     8
   15 23.624588 -3259
   16 8588.674728 24956
   17 2906.424591 -2849
   18 591.934140 -3232
   19 11721.879903 14573
   20 6696.147645 -3083
   21 -81.077779     2
   22 8316.354213 15275
   23 -748.368765     8
   24 -45.622878     1
   25 -879.889916     1
   26 15585.199923 -2263
   27 10932.370048 20395
   28 10255.451644 -3111
   29 -2038.286954     3
   30 1931.666613 14985
   31 2804.352745 10343
   32 -556.659799     5
   33 -131.207681     3
   34 14912.431307 -2852
   35 -611.621362     3
   36 1008.360393 21647
   37 228.347370 -2309
   38 7097.523060  1257
   39 4525.937996 -3064
   40 21714.928626  2568
   41 -1706.661986     2
   42 34268.731789 15949
   43 690.636549 13544
   44 5987.055353 23714
   45 -19.650546     4
   46 7437.728281 10842
   47 24224.581038 15863
   48 -333.010706     9
   49 697.551006 -3003
   50 17176.097308  1573
   51 -124.722127     9
   52 -1275.324803     1
   53 2104.387212   314
   54 -19.750541     1
   55 2853.257344 23513
   56 3439.754515 32017
   57 -758.083974     4
   58 1899.625394 -2540
   59 -114.034680     8
   60 680.843338 31213
   61 -808.260211     1
   62 725.796547 31927
   63 5544.896616 31951
   64 -203.347377     5
   65 -254.683293     9
   66 830.030569 18283
   67 23958.344285 14765
   68 1089.612091 27953
   69 3568.904907  4234
   70 132.610783  6832
   71 11176.059471  6524
   72 5943.545645 -2711
   73 -158.881742     4
   74 -999.216553     4
   75 6.207660 -2177
   76 -2342.086876     8
   77 11781.334999 21958
   78 210.584208 -2390
   79 145.501915 -2423
   80 11175.594090 -2110
   81 1398.749093  3195
   82 2326.605730  3101
   83 -42.754984     1
   84 -734.605475     9
   85 3517.038189  1250
   86 16609.407870 13695
   87 -35.954011     1
   88 8412.489395 -2668
   89 -171.370376     4
   90 11808.224863 11841
   91 1065.683506  3905
   92 -1929.921174     0
   93 -2476.650992     3
   94 1627.375510 -2630
   95 89.775878 -2801
   96 7580.075248 20258
   97 -483.768432     1
   98 1085.527973 -2718
   99 1465.256677  7350
  100 8155.298494 -3230
  101 794.010698  6709
  102 -2807.675614     5
  103 -817.568442     2
  104 176.249221 10814
  105 263.761996 -2651
  106 435.267518  1080
  107 9654.114591 23377
  108 -153.551689     7
  109 459.477945  1281
  110 -3645.223160     0
  111 1597.065659 12350
  112 20075.046822 -1920
  113 1723.996582 21527
  114 273.730701 28488
  115 16882.239178 12613
  116 23146.831239 25599
  117 -1347.156641     3
  118 -505.973823     2
  119 14823.821416 11817
  120 -5.371372     4
  121 2846.154398   876
  122 16929.654758 21854
  123 -228.564988     2
  124 18904.069455   546
  125 1176.971459 -1913
  126 3593.757630 32558
  127 6.358957 29437
  128 17801.576821 32051
  129 -48.811251     1
  130 37.423794 12216
  131 -281.323090     7
  132 -2828.964548     0
  133 4314.958705 -1966
  134 1598.219165 16240
  135 -39.508740     7
  136 9386.145877  3066
  137 1149.095197  3236
  138 1535.643794 -3156
  139 1886.145699 26575
  140 -16.680966     2
  141 1000.833837 23859
  142 7123.955469 -2212
  143 832.064221 15705
  144 19411.016051 14460
  145 -177.062378     6
  146 8515.491146 26421
  147 1120.757057 10799
  148 -1245.794294     2
  149 693.256990 30348
  150 4092.443116 14927
  151 3278.059357 -2981
  152 15758.520046  4176
  153 423.891405  3369
  154 6576.442506 -3090
  155 14582.140750 -2741
  156 8832.086289 26851
  157 422.979609 29251
  158 -324.179490     2
  159 -193.364493     5
  160 3004.857647 13900
  161 -671.311698     5
  162 -1765.393382     8
  163 815.178478 18562
  164 -2022.129812     1
  165 277.005586 -2146
  166 -707.856481     7
  167 -623.554517     3
  168 14342.052837 32150
  169 10683.420661 -2166
  170 -709.054331     1
  171 -219.493393     1
  172 15465.338423 24598
  173 1812.217639 14057
  174 22103.515305 -2884
  175 -1816.858106     6
  176 -211.585014     3
  177 3034.616057 31434
  178 -1755.108010     7
  179 6288.163844 11021
  180 5132.005355 19654
  181 9736.994519 31837
  182 -623.711939     4
  183 14875.212328 14952
  184 17212.981762 26785
  185 1372.321047  6455
  186 7837.008252 -1650
  187 4791.593418 -2588
  188 -146.972022     0
  189 -499.537060     0
  190 11705.688982 13760
  191 590.894904 -2091
  192 -380.689841     5
  193 9008.902468 29565
  194 4575.290295 -1681
  195 -162.893302     5
  196 7788.461951 -1684
  197 -1534.574336     6
  198 11788.911878 17659
  199 20274.630886 -3088
  200 2305.382863  6147
  201 4794.165685 30936
  202 13753.908666 26161
  203 -923.478821     4
  204 753.451849 29234
  205 -735.679437     2
  206 1473.561428 12201
  207 -3502.733815     0
  208 85.905402 -2474
  209 1634.153134 11251
  210 13113.619271 11128
  211 4476.300008 18494
  212 193.901710 -1593
  213 1403.895143 -2437
  214 -1187.389695     2
  215 3343.433921 -1846
  216 1867.785259  1154
  217 3406.497807 15143
  218 1562.849347 -3103
  219 3356.245983 16679
  220 790.862557 -2764
  221 3222.980595  1476
  222 20545.382572 19127
  223 1497.581751  5680
  224 23334.936506  2168
  225 -368.528329     4
  226 1526.582310 25072
  227 -434.289072     6
  228 2549.673353  3095
  229 -2939.489354     0
  230 3325.507202 -3242
  231 6315.260681 11398
  232 -326.974650     7
  233 -299.518516     7
  234 -62.946701     3
  235 -1674.775539     3
  236 10150.150352 31779
  237 363.803701 25768
  238 -1912.663727     4
  239 -3382.151804     3
  240 -1542.031999     5
  241 1372.927180  9045
  242 22366.122267 28477
  243 3607.408845 25507
  244 4321.120578 27680
  245 11998.305979  6344
  246 -108.010356     3
  247 3614.288554 -1812
  248 298.460084 -2751
  249 -2056.569745     2
  250 16040.959501 19993
  251 -1194.101777     9
  252 21540.917457   131
  253 15460.820613 26725
  254 3781.228048 -2571
  255 -194.679189     4
  256 -576.860139     3
  257 4090.356882 -2715
  258 21859.895697 11874
  259 5931.930501 -2572
  260 -1381.807102     3
  261 -772.320264     2
  262 1693.033907 -2630
  263 -593.747573     0
  264 5167.729716  1231
  265 1291.169335 13187
  266 134.416975  7031
  267 2624.630041 -2424
  268 8947.609651 12441
  269 5397.806008 -2748
  270 5973.627625 27996
  271 14545.817992 20832
  272 47.146880 -2129
  273 -237.990958     0
  274 2220.271546  3973
  275 928.708248  9596
  276 5935.966537 29864
  277 6495.658784  8226
  278 632.452668  8125
  279 842.033782  1936
  280 4427.569302   519
  281 -1703.287026     3
  282 1278.631224 20779
  283 19.409979  5897
  284 -181.216453     8
  285 -632.387090     1
  286 -453.648072     7
  287 3699.273124 13467
  288 13286.439157 -2093
  289 7445.597830 -1755
  290 1445.069266 15224
  291 15053.117830 16581
  292 -125.660637     2
  293 14717.383697 -2489
  294 12163.107121 12038
  295 10660.629962 14498
  296 -329.039817     1
  297 330.556948 -3250
  298 10544.740943 32570
  299 -447.331865     9
  300 -314.926686     5
