300
    1 8912.068768     1
    2 17328.232345 22552
    3 1770.274670 27863
    4 1216.101270 -1935
    5 1984.335706 -2497
    6 -1041.576043     2
    7 4940.646532  7882
    8 1000.420625  5438
    9 8563.183008 -2390
   10 13888.801570  6863
   11 1599.135517 -2493
   12 -1071.858566     6
   13 -158.859573     1
   14 -1340.998356     8
   15 1271.699279 -3259
   16 820.292995 24956
   17 4126.875993 -2849
   18 234.001249 -3232
   19 7366.183145 14573
   20 1967.951597 -3083
   21 -2080.376517     2
   22 10257.252185 15275
   23 -279.196786     8
   24 -555.446718     1
   25 -705.440845     1
   26 7627.869475 -2263
   27 4115.295242 20395
   28 16748.117900 -3111
   29 -984.377583     3
   30 2459.914371 14985
   31 13340.837214 10343
   32 -311.419452     5
   33 -143.211165     3
   34 450.360540 -2852
   35 -1062.972970     3
   36 24135.960069 21647
   37 12353.286323 -2309
   38 9224.477610  1257
   39 803.223093 -3064
   40 12059.068330  2568
   41 -424.908190     2
   42 6951.057005 15949
   43 1799.569283 13544
   44 6783.175473 23714
   45 -2561.525383     4
   46 2822.144241 10842
   47 4520.416556 15863
   48 -408.172118     9
   49 8782.284181 -3003
   50 4268.388261  1573
   51 -1690.164682     9
   52 -183.802880     1
   53 8255.694107   314
   54 -1719.551263     1
   55 8669.089188 23513
   56 6591.485002 32017
   57 -1861.439570     4
   58 7926.390007 -2540
   59 -777.048027     8
   60 8683.069145 31213
   61 -1312.598978     1
   62 50.851750 31927
   63 4535.990209 31951
   64 -415.243661     5
   65 -1178.060933     9
   66 11494.216628 18283
   67 769.667197 14765
   68 233.089002 27953
   69 241.697649  4234
   70 297.810089  6832
   71 24702.651589  6524
   72 8221.675400 -2711
   73 -1340.180312     4
   74 -444.558152     4
   75 47.067082 -2177
   76 -444.239535     8
   77 8174.518414 21958
   78 9584.210886 -2390
   79 319.738593 -2423
   80 10722.695145 -2110
   81 1152.222091  3195
   82 684.591705  3101
   83 -2528.999151     1
   84 -1421.687479     9
   85 6308.677232  1250
   86 7518.380286 13695
   87 -1678.056362     1
   88 7278.086700 -2668
   89 -571.737218     4
   90 5199.772441 11841
   91 14817.176271  3905
   92 -2311.428830     0
   93 -1524.402785     3
   94 856.638004 -2630
   95 166.686138 -2801
   96 1319.825680 20258
   97 -3038.507813     1
   98 9670.121094 -2718
   99 11350.937622  7350
  100 13389.310572 -3230
  101 7415.856922  6709
  102 -1966.018754     5
  103 -1287.196038     2
  104 1327.987298 10814
  105 110.080890 -2651
  106 10095.142810  1080
  107 4766.997606 23377
  108 -462.878275     7
  109 3100.873001  1281
  110 -1062.588782     0
  111 4234.805389 12350
  112 14590.086142 -1920
  113 160.881260 21527
  114 13147.397631 28488
  115 15969.039964 12613
  116 6505.126314 25599
  117 -1644.557857     3
  118 -612.007219     2
  119 31986.965926 11817
  120 -567.684414     4
  121 14561.221168   876
  122 7833.360005 21854
  123 -1654.347998     2
  124 5225.587064   546
  125 726.311853 -1913
  126 929.568306 32558
  127 26.971557 29437
  128 6405.427391 32051
  129 -2579.309677     1
  130 11.812863 12216
  131 -437.190563     7
  132 -1082.191945     0
  133 2983.655063 -1966
  134 8093.383011 16240
  135 -2457.006479     7
  136 3468.111478  3066
  137 3398.329634  3236
  138 9443.847390 -3156
  139 2784.430223 26575
  140 -506.272421     2
  141 1089.963900 23859
  142 5171.124710 -2212
  143 13499.087601 15705
  144 9161.823940 14460
  145 -146.617498     6
  146 4070.018610 26421
  147 1167.025507 10799
  148 -1038.809900     2
  149 1726.529304 30348
  150 1839.022281 14927
  151 13267.341832 -2981
  152 3657.932297  4176
  153 1027.833879  3369
  154 3263.291477 -3090
  155 7718.246690 -2741
  156 9102.686686 26851
  157 401.469916 29251
  158 -1023.177384     2
  159 -274.167394     5
  160 664.519264 13900
  161 -2073.776184     5
  162 -254.584054     8
  163 1470.382616 18562
  164 -851.205876     1
  165 3034.548682 -2146
  166 -541.504633     7
  167 -532.092108     3
  168 4652.994954 32150
  169 9231.387834 -2166
  170 -905.223430     1
  171 -433.606000     1
  172 15015.294000 24598
  173 1881.943849 14057
  174 3288.008497 -2884
  175 -629.057640     6
  176 -1574.219750     3
  177 586.114959 31434
  178 -862.523048     7
  179 9598.901797 11021
  180 3556.174655 19654
  181 247.271188 31837
  182 -171.492085     4
  183 20839.663119 14952
  184 12687.331432 26785
  185 6178.986060  6455
  186 9325.870377 -1650
  187 3019.849341 -2588
  188 -1957.762072     0
  189 -1189.636929     0
  190 4278.761284 13760
  191 1016.719216 -2091
  192 -474.393349     5
  193 1675.341298 29565
  194 6049.221820 -1681
  195 -332.404107     5
  196 11641.931124 -1684
  197 -987.724089     6
  198 8235.509340 17659
  199 5129.671033 -3088
  200 8760.645315  6147
  201 17026.302065 30936
  202 8691.915262 26161
  203 -657.072274     4
  204 503.389450 29234
  205 -1184.163190     2
  206 5400.416744 12201
  207 -2298.926337     0
  208 6058.999407 -2474
  209 4002.459974 11251
  210 5468.404108 11128
  211 709.852593 18494
  212 15890.225047 -1593
  213 34.615365 -2437
  214 -1013.278562     2
  215 19038.538067 -1846
  216 14262.001474  1154
  217 578.290938 15143
  218 20628.696331 -3103
  219 999.071574 16679
  220 6676.098309 -2764
  221 1740.089817  1476
  222 13434.357870 19127
  223 428.154415  5680
  224 16189.831650  2168
  225 -241.091932     4
  226 3444.418160 25072
  227 -2526.182044     6
  228 9164.144132  3095
  229 -477.855771     0
  230 1891.051102 -3242
  231 571.404640 11398
  232 -192.494560     7
  233 -1376.829257     7
  234 -735.995622     3
  235 -346.662759     3
  236 6384.219874 31779
  237 2025.420132 25768
  238 -1818.704200     4
  239 -907.841705     3
  240 -556.668442     5
  241 12103.948032  9045
  242 123.294234 28477
  243 13967.794156 25507
  244 1401.609567 27680
  245 6873.724741  6344
  246 -202.027450     3
  247 9527.550267 -1812
  248 54.659973 -2751
  249 -2356.309057     2
  250 2246.973453 19993
  251 -338.188978     9
  252 21795.693223   131
  253 1186.509521 26725
  254 14935.608360 -2571
  255 -799.611630     4
  256 -476.120742     3
  257 252.754359 -2715
  258 9389.439046 11874
  259 5576.830002 -2572
  260 -1851.086589     3
  261 -488.688690     2
  262 13596.484149 -2630
  263 -866.602060     0
  264 2245.458611  1231
  265 754.023412 13187
  266 5099.107655  7031
  267 7394.400351 -2424
  268 189.086493 12441
  269 4356.565500 -2748
  270 5274.134171 27996
  271 1168.803193 20832
  272 2164.273234 -2129
  273 -105.528448     0
  274 2148.400956  3973
  275 1211.713218  9596
  276 10826.250220 29864
  277 7871.652512  8226
  278 12451.796147  8125
  279 928.297431  1936
  280 2361.573109   519
  281 -41.756811     3
  282 4338.388959 20779
  283 53.036085  5897
  284 -2010.782519     8
  285 -134.593821     1
  286 -1275.328671     7
  287 125.673012 13467
  288 7402.686165 -2093
  289 27670.313358 -1755
  290 4931.389706 15224
  291 3792.390491 16581
  292 -106.735462     2
  293 3870.121609 -2489
  294 1363.097929 12038
  295 21043.840406 14498
  296 -74.403253     1
  297 203.448604 -3250
  298 9499.432744 32570
  299 -145.848543     9
  300 -41.773548     5
