300
    1 18897.664398     1
    2 6663.372597 22552
    3 6714.552776 27863
    4 3144.545094 -1935
    5 6917.056393 -2497
    6 -1088.344504     2
    7 18846.806937  7882
    8 306.183203  5438
    9 2392.009154 -2390
   10 11543.182913  6863
   11 940.487195 -2493
   12 -45.899519     6
   13 -1242.798778     1
   14 -1245.620963     8
   15 7603.690181 -3259
   16 4314.631371 24956
   17 21429.196441 -2849
   18 97.669576 -3232
   19 727.737895 14573
   20 1070.783109 -3083
   21 -509.535419     2
   22 691.541656 15275
   23 -289.888613     8
   24 -1967.122576     1
   25 -433.437201     1
   26 6835.687512 -2263
   27 8104.628353 20395
   28 1037.062696 -3111
   29 -28.530836     3
   30 967.795729 14985
   31 6087.813011 10343
   32 -273.960844     5
   33 -694.000738     3
   34 6785.675094 -2852
   35 -183.362693     3
   36 7169.110573 21647
   37 6991.077368 -2309
   38 1133.548345  1257
   39 22272.844125 -3064
   40 13448.568330  2568
   41 -480.162156     2
   42 5755.548281 15949
   43 2227.240900 13544
   44 394.364082 23714
   45 -3260.621024     4
   46 6223.048165 10842
   47 1356.970190 15863
   48 -36.927569     9
   49 3962.738843 -3003
   50 12949.450712  1573
   51 -1880.097229     9
   52 -1464.771377     1
   53 31945.425182   314
   54 -1086.930664     1
   55 3655.148065 23513
   56 2028.236596 32017
   57 -972.282051     4
   58 7007.398570 -2540
   59 -255.835269     8
   60 21548.788530 31213
   61 -1078.091381     1
   62 362.499392 31927
   63 32005.605219 31951
   64 -883.389742     5
   65 -449.581173     9
   66 4149.992084 18283
   67 795.408737 14765
   68 697.936275 27953
   69 6376.182774  4234
   70 5265.963048  6832
   71 7227.690324  6524
   72 13209.064337 -2711
   73 -342.350787     4
   74 -1394.133370     4
   75 283.996733 -2177
   76 -2182.073865     8
   77 4043.410085 21958
   78 5324.722477 -2390
   79 109.733418 -2423
   80 9039.414379 -2110
   81 53.680674  3195
   82 1139.829406  3101
   83 -330.904863     1
   84 -258.992530     9
   85 14446.625511  1250
   86 2036.676346 13695
   87 -445.069700     1
   88 5273.354447 -2668
   89 -100.563002     4
   90 243.609750 11841
   91 1965.774876  3905
   92 -1355.092371     0
   93 -27.786968     3
   94 155.782294 -2630
   95 283.077405 -2801
   96 1298.497873 20258
   97 -1101.992718     1
   98 5396.054113 -2718
   99 3070.502642  7350
  100 21172.633818 -3230
  101 7347.229829  6709
  102 -2018.940988     5
  103 -1673.585639     2
  104 8544.218387 10814
  105 17.529760 -2651
  106 14600.870882  1080
  107 8198.284834 23377
  108 -2594.662782     7
  109 19467.333959  1281
  110 -1844.924241     0
  111 2778.678884 12350
  112 10831.631259 -1920
  113 3269.587737 21527
  114 1380.104152 28488
  115 6663.706382 12613
  116 312.226230 25599
  117 -1905.325392     3
  118 -1426.519506     2
  119 11172.289070 11817
  120 -3333.263291     4
  121 7817.097944   876
  122 876.890976 21854
  123 -873.649737     2
  124 4715.325681   546
  125 274.013682 -1913
  126 1267.387673 32558
  127 62.719151 29437
  128 9265.965426 32051
  129 -943.373012     1
  130 21.493624 12216
  131 -342.835828     7
  132 -1592.326243     0
  133 8823.360177 -1966
  134 7996.258795 16240
  135 -538.511597     7
  136 1079.755877  3066
  137 8330.568621  3236
  138 6582.822840 -3156
  139 9780.123653 26575
  140 -1582.932382     2
  141 4290.209752 23859
  142 1210.010962 -2212
  143 788.773374 15705
  144 1057.792647 14460
  145 -480.461016     6
  146 4373.942386 26421
  147 3191.844181 10799
  148 -159.625802     2
  149 5348.483837 30348
  150 4679.599903 14927
  151 12324.859378 -2981
  152 4053.812867  4176
  153 1673.586033  3369
  154 2381.159633 -3090
  155 3525.948483 -2741
  156 3993.757526 26851
  157 1160.875724 29251
  158 -51.448685     2
  159 -528.431528     5
  160 2769.422161 13900
  161 -1080.515248     5
  162 -644.448816     8
  163 524.996044 18562
  164 -733.423355     1
  165 2264.092432 -2146
  166 -1200.400323     7
  167 -2101.790712     3
  168 3856.233718 32150
  169 11732.502735 -2166
  170 -437.051559     1
  171 -1067.111364     1
  172 17323.770702 24598
  173 2616.002223 14057
  174 5259.472280 -2884
  175 -251.332430     6
  176 -2121.899389     3
  177 5216.760023 31434
  178 -720.280130     7
  179 8121.939883 11021
  180 1421.962195 19654
  181 4456.642295 31837
  182 -84.435400     4
  183 7529.665525 14952
  184 6306.085354 26785
  185 2436.546275  6455
  186 22747.799731 -1650
  187 3668.624601 -2588
  188 -597.829013     0
  189 -1818.998871     0
  190 17825.456228 13760
  191 2292.698059 -2091
  192 -1757.862362     5
  193 20917.737235 29565
  194 8338.779979 -1681
  195 -81.156809     5
  196 914.843952 -1684
  197 -359.781543     6
  198 9607.344707 17659
  199 5424.525311 -3088
  200 8254.417675  6147
  201 16667.658350 30936
  202 8910.882669 26161
  203 -250.514597     4
  204 358.000471 29234
  205 -1690.753990     2
  206 1193.090536 12201
  207 -1038.685128     0
  208 7344.149733 -2474
  209 6546.264471 11251
  210 5049.894177 11128
  211 2289.753855 18494
  212 2630.709218 -1593
  213 2471.920446 -2437
  214 -576.481467     2
  215 6051.180515 -1846
  216 2058.730997  1154
  217 589.153943 15143
  218 3862.641204 -3103
  219 4209.084508 16679
  220 21189.348341 -2764
  221 8398.235867  1476
  222 12007.420934 19127
  223 1831.645965  5680
  224 14414.581621  2168
  225 -274.735178     4
  226 4324.064304 25072
  227 -828.323815     6
  228 13684.518994  3095
  229 -3038.056757     0
  230 1116.677309 -3242
  231 2756.164405 11398
  232 -90.166063     7
  233 -1125.221503     7
  234 -1543.283127     3
  235 -24.063481     3
  236 2591.379415 31779
  237 1388.786408 25768
  238 -1443.764833     4
  239 -1415.396213     3
  240 -2907.594714     5
  241 11803.662773  9045
  242 38408.227507 28477
  243 3625.570050 25507
  244 5232.377076 27680
  245 10624.913878  6344
  246 -3298.037954     3
  247 11802.777911 -1812
  248 37.614936 -2751
  249 -86.829862     2
  250 11011.528312 19993
  251 -3835.112695     9
  252 592.303292   131
  253 12153.738847 26725
  254 9958.241413 -2571
  255 -694.765755     4
  256 -226.701083     3
  257 122.140803 -2715
  258 14827.900325 11874
  259 5124.429394 -2572
  260 -2429.822612     3
  261 -162.294974     2
  262 7074.915326 -2630
  263 -643.971977     0
  264 21194.888022  1231
  265 4416.573871 13187
  266 2529.991166  7031
  267 16711.805507 -2424
  268 3275.521085 12441
  269 3882.008640 -2748
  270 4023.906429 27996
  271 4931.707092 20832
  272 3286.616538 -2129
  273 -1111.707509     0
  274 30384.076620  3973
  275 2610.935569  9596
  276 9096.741533 29864
  277 15040.709694  8226
  278 1567.779440  8125
  279 2460.945520  1936
  280 16560.347475   519
  281 -1325.480753     3
  282 4633.888476 20779
  283 62.889537  5897
  284 -1148.231882     8
  285 -749.498102     1
  286 -532.261166     7
  287 2222.533117 13467
  288 7646.774643 -2093
  289 2951.012497 -1755
  290 1353.628990 15224
  291 13371.221809 16581
  292 -1031.612964     2
  293 12593.424586 -2489
  294 16612.663979 12038
  295 5431.891978 14498
  296 -675.122135     1
  297 458.288882 -3250
  298 14790.897098 32570
  299 -1220.130560     9
  300 -116.325138     5
