300
    1 13610.135701     1
    2 10009.910728 22552
    3 8743.346523 27863
    4 9672.974499 -1935
    5 2093.505262 -2497
    6 -295.584415     2
    7 22404.306625  7882
    8 9341.553436  5438
    9 338.839890 -2390
   10 2193.873851  6863
   11 34.266089 -2493
   12 -911.050990     6
   13 -563.131216     1
   14 -399.000858     8
   15 15248.845365 -3259
   16 9697.504161 24956
   17 7612.987758 -2849
   18 62.711656 -3232
   19 29794.932762 14573
   20 4711.970551 -3083
   21 -1763.051899     2
   22 11263.238521 15275
   23 -659.173242     8
   24 -473.218215     1
   25 -414.271675     1
   26 379.060617 -2263
   27 13637.922453 20395
   28 1188.669300 -3111
   29 -5.093597     3
   30 1608.349619 14985
   31 13388.767427 10343
   32 -1165.832472     5
   33 -259.283813     3
   34 8520.121534 -2852
   35 -1254.035340     3
   36 9579.741126 21647
   37 5752.989791 -2309
   38 7353.469781  1257
   39 6981.676560 -3064
   40 3322.413655  2568
   41 -897.711877     2
   42 6939.376094 15949
   43 2736.501283 13544
   44 1497.011312 23714
   45 -1790.391256     4
   46 1166.584976 10842
   47 7729.125893 15863
   48 -352.854535     9
   49 19429.536486 -3003
   50 2679.842936  1573
   51 -387.765620     9
   52 -1395.501488     1
   53 20533.686487   314
   54 -1094.323451     1
   55 13099.107463 23513
   56 1354.036319 32017
   57 -984.135521     4
   58 4144.791907 -2540
   59 -1999.880742     8
   60 14020.276801 31213
   61 -601.015098     1
   62 7471.038139 31927
   63 9155.637990 31951
   64 -1347.514267     5
   65 -203.394916     9
   66 9073.687621 18283
   67 7982.006389 14765
   68 943.612109 27953
   69 10641.390696  4234
   70 5325.033255  6832
   71 9477.628725  6524
   72 2811.107776 -2711
   73 -1050.751444     4
   74 -741.419302     4
   75 435.377052 -2177
   76 -2325.165937     8
   77 21322.489485 21958
   78 13766.096528 -2390
   79 443.121326 -2423
   80 4321.520731 -2110
   81 286.697316  3195
   82 703.123110  3101
   83 -1278.397731     1
   84 -986.596877     9
   85 2911.804041  1250
   86 1285.727153 13695
   87 -1383.630105     1
   88 10998.602431 -2668
   89 -739.872487     4
   90 5354.591648 11841
   91 14348.766270  3905
   92 -332.144460     0
   93 -695.641960     3
   94 937.510475 -2630
   95 445.871827 -2801
   96 1827.176944 20258
   97 -2791.600333     1
   98 12028.820306 -2718
   99 6686.606938  7350
  100 5705.885203 -3230
  101 12379.951585  6709
  102 -419.020559     5
  103 -1292.463316     2
  104 2895.760528 10814
  105 49.296871 -2651
  106 5819.895471  1080
  107 19971.503350 23377
  108 -565.633788     7
  109 9529.629155  1281
  110 -1298.937991     0
  111 1100.086261 12350
  112 2082.646189 -1920
  113 2912.996631 21527
  114 5531.392172 28488
  115 7673.704546 12613
  116 12476.650434 25599
  117 -148.852675     3
  118 -52.953998     2
  119 6627.397867 11817
  120 -483.074395     4
  121 1696.887460   876
  122 2194.452466 21854
  123 -2877.198534     2
  124 10498.702339   546
  125 3895.085470 -1913
  126 1952.241203 32558
  127 4.959049 29437
  128 4889.285282 32051
  129 -1530.789900     1
  130 92.033360 12216
  131 -191.079120     7
  132 -299.658086     0
  133 11575.557849 -1966
  134 8350.894562 16240
  135 -1006.055823     7
  136 15176.877635  3066
  137 7281.832384  3236
  138 269.729466 -3156
  139 5378.442515 26575
  140 -874.732839     2
  141 4448.161473 23859
  142 2853.890955 -2212
  143 25780.767112 15705
  144 172.506338 14460
  145 -1134.043222     6
  146 7825.509726 26421
  147 3261.100915 10799
  148 -834.769987     2
  149 4918.416339 30348
  150 7934.270410 14927
  151 10209.712623 -2981
  152 4647.350789  4176
  153 2149.126991  3369
  154 1996.074610 -3090
  155 4609.861531 -2741
  156 4304.880277 26851
  157 55.989060 29251
  158 -162.563180     2
  159 -269.026106     5
  160 1348.104500 13900
  161 -1132.038066     5
  162 -493.927853     8
  163 3283.015376 18562
  164 -2.605853     1
  165 1934.306376 -2146
  166 -1856.782219     7
  167 -1089.211260     3
  168 372.866169 32150
  169 974.856746 -2166
  170 -113.548522     1
  171 -863.890271     1
  172 11113.624987 24598
  173 5042.418328 14057
  174 13186.888386 -2884
  175 -246.871603     6
  176 -2369.206460     3
  177 1589.684720 31434
  178 -972.593878     7
  179 8178.137698 11021
  180 3073.372501 19654
  181 10090.905410 31837
  182 -951.800839     4
  183 1763.202153 14952
  184 1988.482818 26785
  185 4529.620552  6455
  186 8115.890122 -1650
  187 1133.299372 -2588
  188 -1732.676885     0
  189 -597.181055     0
  190 9429.559526 13760
  191 223.562911 -2091
  192 -1038.757079     5
  193 2220.978519 29565
  194 242.691916 -1681
  195 -418.666025     5
  196 8537.179414 -1684
  197 -558.111601     6
  198 1996.728548 17659
  199 5869.087200 -3088
  200 18211.326588  6147
  201 15915.531375 30936
  202 8535.789340 26161
  203 -3393.507335     4
  204 165.030268 29234
  205 -241.300549     2
  206 8456.057481 12201
  207 -1579.261118     0
  208 8919.093898 -2474
  209 3339.155895 11251
  210 7948.641441 11128
  211 1388.639234 18494
  212 1514.473269 -1593
  213 16.470004 -2437
  214 -621.368231     2
  215 5338.596442 -1846
  216 12329.062726  1154
  217 6320.545500 15143
  218 15653.930430 -3103
  219 13334.752265 16679
  220 31103.492384 -2764
  221 6536.688290  1476
  222 10371.942117 19127
  223 1284.556451  5680
  224 6082.938047  2168
  225 -248.217429     4
  226 3789.679182 25072
  227 -805.875720     6
  228 6545.470926  3095
  229 -2038.051261     0
  230 382.243884 -3242
  231 8584.533111 11398
  232 -651.596717     7
  233 -1099.904933     7
  234 -732.973563     3
  235 -224.520539     3
  236 4431.705616 31779
  237 1883.798875 25768
  238 -784.674718     4
  239 -3087.446428     3
  240 -203.099651     5
  241 19326.277308  9045
  242 7595.078243 28477
  243 15449.398283 25507
  244 1344.553837 27680
  245 16560.213595  6344
  246 -176.883605     3
  247 7948.737267 -1812
  248 256.626318 -2751
  249 -1101.953201     2
  250 25.774516 19993
  251 -1617.292186     9
  252 14909.902690   131
  253 3506.371550 26725
  254 6617.556388 -2571
  255 -1187.395617     4
  256 -193.221574     3
  257 1736.825658 -2715
  258 24980.915018 11874
  259 24494.921442 -2572
  260 -1470.850777     3
  261 -240.276547     2
  262 6668.996654 -2630
  263 -1101.858997     0
  264 17501.811075  1231
  265 5858.699459 13187
  266 294.638291  7031
  267 2438.226967 -2424
  268 2346.684587 12441
  269 2478.712029 -2748
  270 10718.975327 27996
  271 2740.801028 20832
  272 3628.358633 -2129
  273 -616.381273     0
  274 16948.743563  3973
  275 82.697345  9596
  276 1137.486902 29864
  277 3245.947957  8226
  278 3708.650528  8125
  279 306.465608  1936
  280 11310.157098   519
  281 -2531.121107     3
  282 3958.873396 20779
  283 60.996438  5897
  284 -800.304457     8
  285 -1429.448579     1
  286 -149.114627     7
  287 2089.080793 13467
  288 3212.995440 -2093
  289 6656.108754 -1755
  290 4798.844800 15224
  291 22083.912368 16581
  292 -2920.676142     2
  293 4516.914990 -2489
  294 5534.195630 12038
  295 602.084781 14498
  296 -576.267841     1
  297 715.798404 -3250
  298 19328.800573 32570
  299 -380.500875     9
  300 -125.087268     5
