300
    1 667.019355     1
    2 29245.869867 22552
    3 9741.360647 27863
    4 20447.168784 -1935
    5 688.592028 -2497
    6 -1976.740925     2
    7 11362.336298  7882
    8 7439.547796  5438
    9 2578.016106 -2390
   10 9695.284980  6863
   11 25.101130 -2493
   12 -536.235248     6
   13 -1875.314586     1
   14 -856.643687     8
   15 11592.386586 -3259
   16 9611.626071 24956
   17 4799.480394 -2849
   18 459.061645 -3232
   19 14283.757179 14573
   20 5147.637290 -3083
   21 -1198.588870     2
   22 758.333353 15275
   23 -18.511653     8
   24 -1030.591739     1
   25 -354.258290     1
   26 15880.858012 -2263
   27 7308.063080 20395
   28 5815.856745 -3111
   29 -587.064867     3
   30 3025.473917 14985
   31 8754.183104 10343
   32 -61.990270     5
   33 -285.341390     3
   34 16478.354105 -2852
   35 -390.774706     3
   36 4225.497492 21647
   37 17569.305299 -2309
   38 10335.520515  1257
   39 192.102259 -3064
   40 7747.468707  2568
   41 -2256.609836     2
   42 8849.279560 15949
   43 3389.962420 13544
   44 1547.235934 23714
   45 -1452.854501     4
   46 5823.251099 10842
   47 2027.640070 15863
   48 -2136.639316     9
   49 4944.670000 -3003
   50 17295.701503  1573
   51 -304.929950     9
   52 -1195.148370     1
   53 12602.701811   314
   54 -2647.717604     1
   55 2377.749456 23513
   56 2131.183321 32017
   57 -824.003975     4
   58 284.884674 -2540
   59 -1077.264767     8
   60 23380.729027 31213
   61 -1944.690203     1
   62 25015.097805 31927
   63 13696.942474 31951
   64 -194.746896     5
   65 -126.180292     9
   66 9429.502008 18283
   67 17030.993405 14765
   68 536.405574 27953
   69 4014.416853  4234
   70 30073.876880  6832
   71 3462.225919  6524
   72 10871.444270 -2711
   73 -1205.724123     4
   74 -43.323391     4
   75 34.749496 -2177
   76 -218.988397     8
   77 25835.549699 21958
   78 10344.519487 -2390
   79 91.159150 -2423
   80 8643.228410 -2110
   81 519.073624  3195
   82 1467.877362  3101
   83 -1239.280100     1
   84 -73.905315     9
   85 7099.537808  1250
   86 5089.525735 13695
   87 -1193.531367     1
   88 7820.654235 -2668
   89 -2986.411129     4
   90 15737.278120 11841
   91 5356.413024  3905
   92 -2949.831201     0
   93 -840.389263     3
   94 168.534058 -2630
   95 244.811520 -2801
   96 9110.053091 20258
   97 -1306.877234     1
   98 4024.749252 -2718
   99 1089.259119  7350
  100 7562.589633 -3230
  101 2560.140336  6709
  102 -415.824826     5
  103 -402.241258     2
  104 7293.145975 10814
  105 26.805511 -2651
  106 6500.807975  1080
  107 728.353414 23377
  108 -1047.593892     7
  109 25443.397546  1281
  110 -1375.962946     0
  111 7224.539067 12350
  112 26064.318891 -1920
  113 1010.266292 21527
  114 8775.718311 28488
  115 249.363293 12613
  116 14069.305632 25599
  117 -399.371662     3
  118 -1030.960133     2
  119 5619.958729 11817
  120 -3748.315952     4
  121 4255.892813   876
  122 13916.096062 21854
  123 -549.027667     2
  124 10725.029716   546
  125 156.553937 -1913
  126 2474.889193 32558
  127 27.424958 29437
  128 16401.024086 32051
  129 -1704.597385     1
  130 176.335852 12216
  131 -772.830254     7
  132 -403.272871     0
  133 5499.062477 -1966
  134 31574.725894 16240
  135 -747.659186     7
  136 2517.917900  3066
  137 975.675418  3236
  138 22817.410099 -3156
  139 1742.112452 26575
  140 -729.159504     2
  141 2655.679692 23859
  142 2261.578730 -2212
  143 10315.718182 15705
  144 15904.796589 14460
  145 -262.060083     6
  146 30626.024340 26421
  147 731.377655 10799
  148 -302.903588     2
  149 15.057743 30348
  150 5985.783593 14927
  151 1473.712584 -2981
  152 6209.199594  4176
  153 60.486060  3369
  154 7767.822326 -3090
  155 14216.213660 -2741
  156 1602.480553 26851
  157 2357.765110 29251
  158 -1789.929618     2
  159 -387.442572     5
  160 1174.981979 13900
  161 -9.833502     5
  162 -4.586845     8
  163 1224.193020 18562
  164 -999.266140     1
  165 6778.996086 -2146
  166 -2243.224328     7
  167 -382.747986     3
  168 15746.838439 32150
  169 749.146550 -2166
  170 -739.205701     1
  171 -24.217485     1
  172 6055.466067 24598
  173 3304.968878 14057
  174 26950.100924 -2884
  175 -1435.559304     6
  176 -165.984992     3
  177 866.998518 31434
  178 -671.696745     7
  179 2844.898943 11021
  180 21892.841979 19654
  181 8055.803363 31837
  182 -1040.077096     4
  183 6242.422505 14952
  184 9520.908047 26785
  185 369.457677  6455
  186 5859.455164 -1650
  187 9212.854795 -2588
  188 -821.131896     0
  189 -413.579452     0
  190 10045.497169 13760
  191 702.760283 -2091
  192 -1915.173180     5
  193 4578.349527 29565
  194 9615.234766 -1681
  195 -2028.015217     5
  196 2304.978936 -1684
  197 -403.300971     6
  198 4283.573402 17659
  199 3674.932874 -3088
  200 1729.934053  6147
  201 2467.594138 30936
  202 927.747337 26161
  203 -2079.864709     4
  204 244.470348 29234
  205 -2995.854038     2
  206 4662.045387 12201
  207 -370.812215     0
  208 16086.291424 -2474
  209 1705.088910 11251
  210 20303.830407 11128
  211 10.420734 18494
  212 6122.599980 -1593
  213 1367.411096 -2437
  214 -1434.909282     2
  215 6917.765884 -1846
  216 903.564441  1154
  217 473.618477 15143
  218 8409.041140 -3103
  219 11584.728763 16679
  220 7582.606815 -2764
  221 16800.146417  1476
  222 12191.840174 19127
  223 1454.092300  5680
  224 23276.068350  2168
  225 -599.263102     4
  226 7655.768615 25072
  227 -304.745323     6
  228 4311.568987  3095
  229 -1315.573950     0
  230 803.031105 -3242
  231 5681.639134 11398
  232 -836.256132     7
  233 -115.604948     7
  234 -345.812363     3
  235 -147.576763     3
  236 887.497855 31779
  237 414.483914 25768
  238 -487.519969     4
  239 -621.931974     3
  240 -235.656820     5
  241 16618.589325  9045
  242 23623.314788 28477
  243 28804.816074 25507
  244 5826.148567 27680
  245 7719.897929  6344
  246 -526.227969     3
  247 23276.419199 -1812
  248 244.772192 -2751
  249 -1394.814855     2
  250 1612.964659 19993
  251 -294.378072     9
  252 11890.914693   131
  253 2123.029393 26725
  254 3235.187277 -2571
  255 -365.151890     4
  256 -2239.433021     3
  257 6745.671277 -2715
  258 19208.201413 11874
  259 1533.170641 -2572
  260 -1625.109316     3
  261 -444.385615     2
  262 13999.976916 -2630
  263 -2587.388684     0
  264 18848.280711  1231
  265 40.065827 13187
  266 2045.994187  7031
  267 7000.632450 -2424
  268 30469.878255 12441
  269 1100.274952 -2748
  270 9305.422639 27996
  271 2479.754390 20832
  272 7599.607375 -2129
  273 -777.067927     0
  274 1315.342968  3973
  275 1725.443387  9596
  276 4700.144233 29864
  277 2551.522054  8226
  278 3716.290015  8125
  279 499.944657  1936
  280 5517.832751   519
  281 -107.771851     3
  282 4977.812111 20779
  283 31.606342  5897
  284 -973.578654     8
  285 -1087.733026     1
  286 -1794.138452     7
  287 591.320988 13467
  288 31347.204838 -2093
  289 8008.034119 -1755
  290 107.480889 15224
  291 15375.793571 16581
  292 -2038.456578     2
  293 605.529134 -2489
  294 12970.576330 12038
  295 5563.871859 14498
  296 -112.053702     1
  297 76.649741 -3250
  298 16610.566202 32570
  299 -2132.265899     9
  300 -1400.484101     5
