300
    1 612.726007     1
    2 4312.682014 22552
    3 11782.487618 27863
    4 24980.433393 -1935
    5 4651.898305 -2497
    6 -821.393688     2
    7 5515.291829  7882
    8 45.195814  5438
    9 1872.063578 -2390
   10 12874.430929  6863
   11 554.308545 -2493
   12 -1100.628797     6
   13 -54.331250     1
   14 -422.805972     8
   15 6097.486692 -3259
   16 4997.651605 24956
   17 10483.415518 -2849
   18 3.019483 -3232
   19 10255.014437 14573
   20 3637.934052 -3083
   21 -395.587606     2
   22 1015.140266 15275
   23 -1620.093887     8
   24 -1527.730578     1
   25 -1747.457528     1
   26 8457.439638 -2263
   27 6479.923582 20395
   28 831.545620 -3111
   29 -1014.722631     3
   30 411.116108 14985
   31 7906.273549 10343
   32 -650.047692     5
   33 -178.949863     3
   34 7253.445005 -2852
   35 -473.619859     3
   36 5848.213041 21647
   37 4007.944724 -2309
   38 4271.096221  1257
   39 7732.108605 -3064
   40 3406.921572  2568
   41 -704.118887     2
   42 8199.576340 15949
   43 3795.262754 13544
   44 354.258590 23714
   45 -1673.684128     4
   46 1859.234164 10842
   47 11845.908620 15863
   48 -316.427387     9
   49 2877.052332 -3003
   50 4212.399709  1573
   51 -627.720965     9
   52 -618.534583     1
   53 21966.580337   314
   54 -504.709796     1
   55 2309.484820 23513
   56 6955.467321 32017
   57 -1128.698972     4
   58 3375.715497 -2540
   59 -136.963070     8
   60 7059.465628 31213
   61 -1397.189735     1
   62 13089.425047 31927
   63 30793.546858 31951
   64 -1490.656800     5
   65 -207.871999     9
   66 4320.710976 18283
   67 4957.087259 14765
   68 228.319008 27953
   69 8610.109409  4234
   70 1095.618581  6832
   71 2605.427778  6524
   72 1510.890614 -2711
   73 -996.358443     4
   74 -395.169316     4
   75 1.430737 -2177
   76 -1021.120412     8
   77 3021.413039 21958
   78 8218.866001 -2390
   79 47.709714 -2423
   80 836.678711 -2110
   81 879.954692  3195
   82 510.958350  3101
   83 -2057.420552     1
   84 -2038.033608     9
   85 9829.996861  1250
   86 1684.127294 13695
   87 -514.274289     1
   88 21764.826080 -2668
   89 -1689.402908     4
   90 2180.246400 11841
   91 5032.762497  3905
   92 -3010.238830     0
   93 -601.879585     3
   94 625.782257 -2630
   95 476.299659 -2801
   96 9754.129560 20258
   97 -820.990888     1
   98 18874.663123 -2718
   99 4476.053408  7350
  100 6344.966921 -3230
  101 1491.390815  6709
  102 -1463.134350     5
  103 -897.934689     2
  104 11568.792481 10814
  105 324.089240 -2651
  106 71.930199  1080
  107 6305.186330 23377
  108 -1008.871669     7
  109 8167.882708  1281
  110 -232.885344     0
  111 5092.235201 12350
  112 2975.415036 -1920
  113 2823.086053 21527
  114 16967.442813 28488
  115 2574.724469 12613
  116 6100.846249 25599
  117 -1285.600133     3
  118 -230.320932     2
  119 17805.230802 11817
  120 -1905.284851     4
  121 25641.701863   876
  122 18886.713149 21854
  123 -1239.325389     2
  124 16076.763825   546
  125 4217.842438 -1913
  126 1271.035534 32558
  127 59.837677 29437
  128 17850.906925 32051
  129 -1386.203241     1
  130 122.174771 12216
  131 -2523.537403     7
  132 -84.856813     0
  133 2504.418514 -1966
  134 4552.731772 16240
  135 -1605.280121     7
  136 26037.971232  3066
  137 8923.074363  3236
  138 8162.117353 -3156
  139 4543.935924 26575
  140 -1422.147116     2
  141 3864.252176 23859
  142 1150.281518 -2212
  143 3914.498427 15705
  144 11022.059813 14460
  145 -562.786562     6
  146 11175.200483 26421
  147 1303.120969 10799
  148 -245.330023     2
  149 4367.332192 30348
  150 3622.047866 14927
  151 1600.793798 -2981
  152 8282.734195  4176
  153 450.042877  3369
  154 5643.870641 -3090
  155 2366.190006 -2741
  156 913.718550 26851
  157 1966.570254 29251
  158 -1217.084774     2
  159 -1129.580822     5
  160 2438.068942 13900
  161 -1175.896744     5
  162 -349.345964     8
  163 198.431357 18562
  164 -1255.988018     1
  165 1317.876088 -2146
  166 -478.689540     7
  167 -2831.814130     3
  168 15617.822986 32150
  169 2981.569497 -2166
  170 -1055.896071     1
  171 -766.109409     1
  172 7395.695684 24598
  173 5434.945471 14057
  174 17873.369773 -2884
  175 -1053.626690     6
  176 -31.133032     3
  177 1504.412731 31434
  178 -252.351393     7
  179 3891.323299 11021
  180 767.620714 19654
  181 8828.115624 31837
  182 -134.121321     4
  183 6862.312931 14952
  184 9921.787404 26785
  185 3142.324599  6455
  186 20586.812271 -1650
  187 4640.908447 -2588
  188 -804.582820     0
  189 -38.027958     0
  190 13141.701820 13760
  191 213.548721 -2091
  192 -399.734145     5
  193 2587.481372 29565
  194 3072.417501 -1681
  195 -56.053605     5
  196 216.078750 -1684
  197 -176.069465     6
  198 511.387645 17659
  199 21509.270279 -3088
  200 5413.511270  6147
  201 16133.183078 30936
  202 23086.902824 26161
  203 -1086.105095     4
  204 233.936690 29234
  205 -774.646299     2
  206 4506.062227 12201
  207 -1597.737766     0
  208 1710.954725 -2474
  209 5118.353894 11251
  210 19428.627668 11128
  211 155.767869 18494
  212 5887.007379 -1593
  213 547.118178 -2437
  214 -220.784313     2
  215 17548.194910 -1846
  216 16226.114422  1154
  217 4297.660017 15143
  218 181.747862 -3103
  219 9747.600410 16679
  220 9642.669319 -2764
  221 3976.675617  1476
  222 7166.736114 19127
  223 1934.301088  5680
  224 6706.371679  2168
  225 -777.190795     4
  226 20588.572911 25072
  227 -2006.302883     6
  228 4020.534314  3095
  229 -1196.213810     0
  230 310.243326 -3242
  231 13038.261900 11398
  232 -1093.700029     7
  233 -42.639385     7
  234 -988.592833     3
  235 -783.468053     3
  236 15180.769948 31779
  237 160.118028 25768
  238 -1561.148549     4
  239 -49.417819     3
  240 -328.806678     5
  241 3438.530205  9045
  242 4143.827151 28477
  243 15057.795246 25507
  244 1429.210003 27680
  245 4484.082813  6344
  246 -3389.327794     3
  247 2905.817969 -1812
  248 27.815172 -2751
  249 -457.056056     2
  250 174.639099 19993
  251 -158.848773     9
  252 9749.153591   131
  253 448.585907 26725
  254 15339.469263 -2571
  255 -694.531748     4
  256 -2640.687143     3
  257 1326.154789 -2715
  258 14343.408587 11874
  259 11037.739527 -2572
  260 -2694.487742     3
  261 -80.130274     2
  262 4719.187967 -2630
  263 -571.535345     0
  264 11302.895201  1231
  265 5372.109721 13187
  266 3569.071429  7031
  267 462.955098 -2424
  268 7725.502322 12441
  269 5611.660278 -2748
  270 23434.616256 27996
  271 540.517039 20832
  272 555.178772 -2129
  273 -329.061440     0
  274 9295.022837  3973
  275 4424.970465  9596
  276 10069.385141 29864
  277 2036.916256  8226
  278 187.939730  8125
  279 1016.805010  1936
  280 9803.488216   519
  281 -550.200435     3
  282 220.436212 20779
  283 83.498661  5897
  284 -927.924647     8
  285 -1310.380137     1
  286 -1099.286937     7
  287 2211.013835 13467
  288 1336.493261 -2093
  289 14141.292712 -1755
  290 958.962545 15224
  291 7011.272931 16581
  292 -390.804649     2
  293 15583.471830 -2489
  294 1146.155691 12038
  295 17626.808427 14498
  296 -1778.410452     1
  297 239.977728 -3250
  298 22174.986302 32570
  299 -3095.689180     9
  300 -957.261435     5
