300
    1 3248.900604     1
    2 2479.064127 22552
    3 2557.663636 27863
    4 12862.952646 -1935
    5 3648.924358 -2497
    6 -275.048997     2
    7 5161.845899  7882
    8 3613.511491  5438
    9 8421.077018 -2390
   10 3839.596916  6863
   11 102.613947 -2493
   12 -210.121017     6
   13 -788.540143     1
   14 -767.568681     8
   15 22390.340314 -3259
   16 1414.619285 24956
   17 7637.317881 -2849
   18 163.689275 -3232
   19 4223.798287 14573
   20 5326.953341 -3083
   21 -2050.409848     2
   22 756.683438 15275
   23 -916.485174     8
   24 -880.498597     1
   25 -246.482561     1
   26 5914.590838 -2263
   27 5850.873987 20395
   28 5259.852125 -3111
   29 -494.763258     3
   30 1299.498430 14985
   31 25281.723339 10343
   32 -920.531877     5
   33 -782.906607     3
   34 12855.244637 -2852
   35 -1494.592648     3
   36 1379.857747 21647
   37 13673.597734 -2309
   38 9318.481046  1257
   39 8472.768669 -3064
   40 7028.191752  2568
   41 -1637.002291     2
   42 4513.219603 15949
   43 2430.778518 13544
   44 3173.580095 23714
   45 -1018.706348     4
   46 5197.772309 10842
   47 14650.935196 15863
   48 -639.945301     9
   49 11439.724644 -3003
   50 12925.626153  1573
   51 -781.934980     9
   52 -255.308630     1
   53 9000.821333   314
   54 -1329.052993     1
   55 9147.218998 23513
   56 2511.476116 32017
   57 -1734.332551     4
   58 2482.939794 -2540
   59 -618.373765     8
   60 12072.739149 31213
   61 -2488.748920     1
   62 1698.678375 31927
   63 14793.837757 31951
   64 -1234.304747     5
   65 -312.328267     9
   66 4854.319419 18283
   67 2419.767345 14765
   68 496.449785 27953
   69 2580.525922  4234
   70 11921.645714  6832
   71 4484.350253  6524
   72 780.090957 -2711
   73 -1189.537767     4
   74 -838.723737     4
   75 237.145771 -2177
   76 -1289.587963     8
   77 23456.220613 21958
   78 2753.301175 -2390
   79 251.997237 -2423
   80 8128.024338 -2110
   81 77.356063  3195
   82 1459.268152  3101
   83 -686.166762     1
   84 -430.809732     9
   85 10280.832127  1250
   86 9272.396475 13695
   87 -551.271767     1
   88 27345.449325 -2668
   89 -1166.494565     4
   90 11158.042567 11841
   91 1047.859637  3905
   92 -508.274878     0
   93 -1163.520303     3
   94 1447.056612 -2630
   95 24.795881 -2801
   96 370.303745 20258
   97 -878.171742     1
   98 27370.507875 -2718
   99 5308.309177  7350
  100 4289.693376 -3230
  101 1979.720923  6709
  102 -949.912767     5
  103 -2064.664753     2
  104 3504.014712 10814
  105 112.825323 -2651
  106 5012.433736  1080
  107 1057.195983 23377
  108 -143.628789     7
  109 10680.682217  1281
  110 -706.839172     0
  111 5580.115026 12350
  112 12276.612702 -1920
  113 13945.468731 21527
  114 9446.036899 28488
  115 13341.733934 12613
  116 9542.514347 25599
  117 -3090.029322     3
  118 -380.867238     2
  119 21428.760346 11817
  120 -790.552066     4
  121 3316.523338   876
  122 2369.236444 21854
  123 -2805.736720     2
  124 383.726547   546
  125 2869.694247 -1913
  126 3336.105097 32558
  127 57.713180 29437
  128 21451.243558 32051
  129 -585.428551     1
  130 100.049652 12216
  131 -689.143639     7
  132 -1280.268865     0
  133 9049.764009 -1966
  134 1172.844777 16240
  135 -646.000212     7
  136 7672.645082  3066
  137 8112.920055  3236
  138 14818.432544 -3156
  139 20344.338752 26575
  140 -690.695170     2
  141 3146.826900 23859
  142 8053.528160 -2212
  143 781.400198 15705
  144 5684.821506 14460
  145 -1033.987754     6
  146 16610.498559 26421
  147 957.506599 10799
  148 -928.595449     2
  149 8002.663578 30348
  150 1999.706285 14927
  151 1812.051037 -2981
  152 5248.791378  4176
  153 54.905562  3369
  154 1207.863134 -3090
  155 8567.249318 -2741
  156 4527.327175 26851
  157 215.313561 29251
  158 -1193.522459     2
  159 -297.408284     5
  160 8671.285230 13900
  161 -561.026908     5
  162 -1519.884920     8
  163 68.871909 18562
  164 -0.862019     1
  165 567.729072 -2146
  166 -1835.738940     7
  167 -1081.537057     3
  168 2403.294221 32150
  169 1967.128497 -2166
  170 -905.172115     1
  171 -61.348830     1
  172 7617.089382 24598
  173 7933.521800 14057
  174 3809.264201 -2884
  175 -1144.380441     6
  176 -1181.296962     3
  177 2527.314874 31434
  178 -737.990021     7
  179 14609.160995 11021
  180 2469.114488 19654
  181 7208.668821 31837
  182 -824.025227     4
  183 21806.102798 14952
  184 11223.348685 26785
  185 5572.708622  6455
  186 770.536573 -1650
  187 3170.552442 -2588
  188 -550.042272     0
  189 -2975.447641     0
  190 20216.142815 13760
  191 965.388969 -2091
  192 -3427.309195     5
  193 9475.881898 29565
  194 14532.474721 -1681
  195 -522.509794     5
  196 347.330193 -1684
  197 -572.212350     6
  198 2136.960045 17659
  199 1725.459216 -3088
  200 9701.249218  6147
  201 27383.349808 30936
  202 15165.758720 26161
  203 -3.958089     4
  204 285.540869 29234
  205 -91.279159     2
  206 7008.315134 12201
  207 -729.855734     0
  208 1057.497380 -2474
  209 592.314760 11251
  210 16793.533005 11128
  211 5211.701169 18494
  212 16778.180759 -1593
  213 479.912966 -2437
  214 -96.352167     2
  215 7626.870694 -1846
  216 1072.308151  1154
  217 9184.654890 15143
  218 2259.891528 -3103
  219 9054.159220 16679
  220 26927.964182 -2764
  221 3471.118010  1476
  222 11493.160090 19127
  223 923.825535  5680
  224 33224.133425  2168
  225 -340.093393     4
  226 3674.015201 25072
  227 -1275.573535     6
  228 4526.964165  3095
  229 -334.423216     0
  230 719.259920 -3242
  231 4518.606904 11398
  232 -115.846376     7
  233 -1781.729906     7
  234 -1120.879303     3
  235 -227.817758     3
  236 13077.048686 31779
  237 279.836713 25768
  238 -586.796213     4
  239 -107.030648     3
  240 -1743.320073     5
  241 4806.291141  9045
  242 14107.283664 28477
  243 32915.374333 25507
  244 278.516898 27680
  245 19643.629780  6344
  246 -581.330178     3
  247 9864.958591 -1812
  248 67.377450 -2751
  249 -257.494929     2
  250 5186.429105 19993
  251 -903.483597     9
  252 4222.363740   131
  253 4845.482433 26725
  254 252.432744 -2571
  255 -400.687818     4
  256 -456.188114     3
  257 2410.769348 -2715
  258 1733.764408 11874
  259 24277.106148 -2572
  260 -1490.720938     3
  261 -319.682886     2
  262 19854.462473 -2630
  263 -980.318117     0
  264 1289.942199  1231
  265 391.048002 13187
  266 131.782150  7031
  267 79.613848 -2424
  268 20991.643894 12441
  269 314.568069 -2748
  270 11344.246493 27996
  271 3030.796921 20832
  272 625.637432 -2129
  273 -1202.329716     0
  274 46699.448455  3973
  275 4022.608172  9596
  276 13498.741334 29864
  277 12629.616319  8226
  278 228.158114  8125
  279 5070.717209  1936
  280 6413.621558   519
  281 -552.958317     3
  282 4998.899219 20779
  283 159.528043  5897
  284 -2353.408228     8
  285 -1108.704130     1
  286 -524.356676     7
  287 497.476375 13467
  288 16129.287604 -2093
  289 6106.316551 -1755
  290 720.197127 15224
  291 21863.599377 16581
  292 -357.779165     2
  293 6187.879626 -2489
  294 5064.383227 12038
  295 16519.890112 14498
  296 -2664.203720     1
  297 243.511170 -3250
  298 3591.409958 32570
  299 -3287.019314     9
  300 -2721.870133     5
