300
    1 4758.735855     1
    2 33774.844509 22552
    3 7901.881594 27863
    4 4130.228009 -1935
    5 1603.015667 -2497
    6 -342.102962     2
    7 7438.595413  7882
    8 5713.810555  5438
    9 850.250915 -2390
   10 22753.203840  6863
   11 1146.683454 -2493
   12 -897.671888     6
   13 -502.392171     1
   14 -55.593860     8
   15 3756.617726 -3259
   16 15057.491990 24956
   17 7792.384357 -2849
   18 220.911284 -3232
   19 7282.642148 14573
   20 14429.822823 -3083
   21 -456.505892     2
   22 615.889072 15275
   23 -194.583044     8
   24 -439.513233     1
   25 -1376.475364     1
   26 5614.203040 -2263
   27 7170.728122 20395
   28 18225.789817 -3111
   29 -346.838833     3
   30 2489.348166 14985
   31 37450.086069 10343
   32 -1302.322230     5
   33 -337.449584     3
   34 9186.594348 -2852
   35 -1041.546396     3
   36 970.129628 21647
   37 4164.975477 -2309
   38 11364.529550  1257
   39 6792.338739 -3064
   40 7842.140577  2568
   41 -111.441073     2
   42 4127.974279 15949
   43 2317.425929 13544
   44 2207.027813 23714
   45 -585.563746     4
   46 3563.064408 10842
   47 9613.656401 15863
   48 -1002.135303     9
   49 17292.455677 -3003
   50 1103.877742  1573
   51 -1300.568111     9
   52 -757.108473     1
   53 5034.651898   314
   54 -684.256373     1
   55 7971.318435 23513
   56 3148.658147 32017
   57 -1193.146904     4
   58 8382.272170 -2540
   59 -1973.761921     8
   60 10551.492613 31213
   61 -1383.751556     1
   62 2204.866944 31927
   63 9115.527025 31951
   64 -1182.504786     5
   65 -86.443849     9
   66 2637.350093 18283
   67 4683.776830 14765
   68 723.301807 27953
   69 6509.693748  4234
   70 4696.065221  6832
   71 17655.245652  6524
   72 5035.006211 -2711
   73 -734.960621     4
   74 -1243.178159     4
   75 229.367497 -2177
   76 -127.447149     8
   77 2488.393442 21958
   78 1776.512222 -2390
   79 131.237385 -2423
   80 4468.227953 -2110
   81 47.797516  3195
   82 170.919871  3101
   83 -1458.740849     1
   84 -864.059474     9
   85 1744.495858  1250
   86 5989.361497 13695
   87 -1240.168497     1
   88 9388.595320 -2668
   89 -816.034748     4
   90 6660.778554 11841
   91 4970.647936  3905
   92 -630.906391     0
   93 -504.182958     3
   94 1822.539939 -2630
   95 127.152610 -2801
   96 49.835604 20258
   97 -2561.868984     1
   98 10551.020789 -2718
   99 5552.924405  7350
  100 4357.612926 -3230
  101 11527.837755  6709
  102 -217.287882     5
  103 -189.423901     2
  104 19750.673817 10814
  105 45.996371 -2651
  106 4830.053328  1080
  107 852.025016 23377
  108 -186.817931     7
  109 7973.937399  1281
  110 -921.395584     0
  111 5753.438209 12350
  112 4002.819500 -1920
  113 3829.016617 21527
  114 8460.588510 28488
  115 16208.473342 12613
  116 13016.062302 25599
  117 -2495.676028     3
  118 -263.028880     2
  119 14044.177052 11817
  120 -726.583677     4
  121 22388.103355   876
  122 3253.528117 21854
  123 -2647.353790     2
  124 9168.119980   546
  125 4428.360505 -1913
  126 2314.037793 32558
  127 32.827024 29437
  128 11003.223804 32051
  129 -1452.026120     1
  130 37.967951 12216
  131 -1510.029055     7
  132 -1174.399512     0
  133 5993.625683 -1966
  134 8393.447013 16240
  135 -1110.924967     7
  136 9785.156788  3066
  137 8342.377302  3236
  138 12176.772849 -3156
  139 5709.340145 26575
  140 -637.719255     2
  141 3746.072786 23859
  142 6676.562140 -2212
  143 20623.801297 15705
  144 3426.424833 14460
  145 -652.938181     6
  146 5064.043605 26421
  147 2986.154673 10799
  148 -514.961876     2
  149 5118.696360 30348
  150 9463.688459 14927
  151 11118.988974 -2981
  152 5403.810511  4176
  153 2805.627394  3369
  154 5137.005953 -3090
  155 4396.018230 -2741
  156 4459.258042 26851
  157 1488.139339 29251
  158 -1104.623836     2
  159 -339.765389     5
  160 1572.208735 13900
  161 -428.101041     5
  162 -860.139171     8
  163 2957.084929 18562
  164 -86.636341     1
  165 2914.294729 -2146
  166 -1567.880955     7
  167 -1539.584383     3
  168 3390.548619 32150
  169 14464.135000 -2166
  170 -349.789137     1
  171 -986.342521     1
  172 11483.489394 24598
  173 2250.520225 14057
  174 3340.824855 -2884
  175 -789.142054     6
  176 -1712.379110     3
  177 811.476347 31434
  178 -28.463297     7
  179 16622.826523 11021
  180 3933.715929 19654
  181 3098.333524 31837
  182 -102.065725     4
  183 2842.135945 14952
  184 3504.270774 26785
  185 7195.760964  6455
  186 8891.565642 -1650
  187 5085.517107 -2588
  188 -780.480072     0
  189 -394.782472     0
  190 686.437023 13760
  191 331.116930 -2091
  192 -20.411039     5
  193 4034.876487 29565
  194 4552.668886 -1681
  195 -636.891830     5
  196 6094.891828 -1684
  197 -126.138607     6
  198 8625.100837 17659
  199 3062.004767 -3088
  200 772.848853  6147
  201 1373.567156 30936
  202 3743.493311 26161
  203 -1190.541915     4
  204 697.729066 29234
  205 -641.773084     2
  206 10661.643647 12201
  207 -2884.583776     0
  208 6449.499701 -2474
  209 8619.438587 11251
  210 48.248357 11128
  211 504.772202 18494
  212 13694.030602 -1593
  213 1141.519174 -2437
  214 -304.749630     2
  215 4315.557660 -1846
  216 6356.181555  1154
  217 1011.625240 15143
  218 8163.404264 -3103
  219 7098.042395 16679
  220 27172.785364 -2764
  221 12714.055298  1476
  222 6580.296000 19127
  223 1431.290003  5680
  224 24709.723718  2168
  225 -1123.487041     4
  226 1750.721898 25072
  227 -768.470693     6
  228 18265.509226  3095
  229 -1459.222038     0
  230 322.765330 -3242
  231 9106.195527 11398
  232 -1999.961515     7
  233 -762.623767     7
  234 -437.326825     3
  235 -1674.482936     3
  236 10980.345371 31779
  237 1346.939670 25768
  238 -1174.011508     4
  239 -131.661900     3
  240 -725.434720     5
  241 15677.880062  9045
  242 3586.749336 28477
  243 11553.734675 25507
  244 7294.346369 27680
  245 8301.170027  6344
  246 -746.431442     3
  247 12868.126464 -1812
  248 200.988453 -2751
  249 -1311.709440     2
  250 1429.917635 19993
  251 -2594.995097     9
  252 3748.462279   131
  253 3953.940842 26725
  254 4127.939426 -2571
  255 -2057.582946     4
  256 -964.222113     3
  257 2888.694930 -2715
  258 4178.654105 11874
  259 4745.331194 -2572
  260 -114.222725     3
  261 -120.061029     2
  262 7115.905034 -2630
  263 -1026.754554     0
  264 5730.671773  1231
  265 412.881672 13187
  266 1352.987840  7031
  267 302.239915 -2424
  268 16775.857004 12441
  269 1756.821408 -2748
  270 15322.866135 27996
  271 1418.505080 20832
  272 10336.445201 -2129
  273 -207.459814     0
  274 1862.257038  3973
  275 517.493201  9596
  276 65.034040 29864
  277 12316.357101  8226
  278 2576.532375  8125
  279 1243.484491  1936
  280 4977.359347   519
  281 -53.325827     3
  282 1895.470891 20779
  283 73.515334  5897
  284 -2226.840556     8
  285 -118.676497     1
  286 -764.437785     7
  287 3809.752986 13467
  288 13602.898138 -2093
  289 4054.992625 -1755
  290 5008.311856 15224
  291 14446.794716 16581
  292 -133.226072     2
  293 2616.477709 -2489
  294 7058.685662 12038
  295 9819.208366 14498
  296 -292.128874     1
  297 169.852217 -3250
  298 10058.352921 32570
  299 -317.138668     9
  300 -221.542343     5
