300
    1 746.467821     1
    2 74.852468 22552
    3 10392.271009 27863
    4 14561.618318 -1935
    5 1260.068379 -2497
    6 -1234.377455     2
    7 9468.253842  7882
    8 468.470744  5438
    9 456.180303 -2390
   10 12719.936155  6863
   11 436.777498 -2493
   12 -1237.158527     6
   13 -1216.248917     1
   14 -274.557776     8
   15 3702.765056 -3259
   16 5873.496650 24956
   17 6464.972946 -2849
   18 632.779993 -3232
   19 27298.553848 14573
   20 923.148127 -3083
   21 -647.816242     2
   22 11088.438748 15275
   23 -138.346042     8
   24 -1784.708187     1
   25 -1629.783940     1
   26 1881.490678 -2263
   27 8669.201007 20395
   28 3809.124857 -3111
   29 -2077.011481     3
   30 866.490842 14985
   31 26572.257778 10343
   32 -670.336528     5
   33 -662.848036     3
   34 9611.316730 -2852
   35 -560.890115     3
   36 6489.011738 21647
   37 8873.262515 -2309
   38 4570.344710  1257
   39 3029.117180 -3064
   40 7456.202448  2568
   41 -1214.061831     2
   42 125.067656 15949
   43 2767.603725 13544
   44 3462.298472 23714
   45 -1377.311744     4
   46 413.621940 10842
   47 15727.648648 15863
   48 -570.268612     9
   49 10357.467490 -3003
   50 12323.942293  1573
   51 -1216.180117     9
   52 -285.367652     1
   53 17590.119845   314
   54 -1419.486044     1
   55 4976.719374 23513
   56 2617.957803 32017
   57 -188.304583     4
   58 8670.546951 -2540
   59 -522.445399     8
   60 5566.206851 31213
   61 -1999.459909     1
   62 2320.226755 31927
   63 15962.835594 31951
   64 -433.858356     5
   65 -249.257642     9
   66 1286.595205 18283
   67 8910.211694 14765
   68 1.082487 27953
   69 5757.130356  4234
   70 9168.256163  6832
   71 3948.640860  6524
   72 7676.240963 -2711
   73 -2099.339197     4
   74 -1005.847168     4
   75 125.961816 -2177
   76 -838.383878     8
   77 7808.967536 21958
   78 12197.021111 -2390
   79 34.126425 -2423
   80 6899.353414 -2110
   81 993.662056  3195
   82 1971.289712  3101
   83 -4479.300304     1
   84 -1182.946740     9
   85 4936.521652  1250
   86 15610.028549 13695
   87 -1472.943855     1
   88 9933.968742 -2668
   89 -549.242108     4
   90 26876.215812 11841
   91 3710.198788  3905
   92 -2321.607303     0
   93 -330.250729     3
   94 3435.103420 -2630
   95 115.970049 -2801
   96 4299.563700 20258
   97 -64.001629     1
   98 20121.525144 -2718
   99 7940.429827  7350
  100 429.316743 -3230
  101 9828.332469  6709
  102 -2214.884510     5
  103 -804.252107     2
  104 5727.560579 10814
  105 127.456159 -2651
  106 58.570292  1080
  107 18669.452224 23377
  108 -1165.490865     7
  109 17302.917318  1281
  110 -1966.428205     0
  111 8191.143980 12350
  112 18450.589887 -1920
  113 4828.363865 21527
  114 8630.619758 28488
  115 17101.202231 12613
  116 2304.848913 25599
  117 -230.232504     3
  118 -184.467813     2
  119 12514.790215 11817
  120 -861.835804     4
  121 11147.675903   876
  122 1783.914021 21854
  123 -2232.203593     2
  124 9841.304649   546
  125 1695.436322 -1913
  126 1020.238271 32558
  127 71.694430 29437
  128 2296.048329 32051
  129 -1773.492775     1
  130 138.921779 12216
  131 -1480.360079     7
  132 -608.493616     0
  133 1758.849442 -1966
  134 7609.385768 16240
  135 -1375.791231     7
  136 10905.866782  3066
  137 307.240200  3236
  138 2346.302747 -3156
  139 17077.269657 26575
  140 -1645.168737     2
  141 973.593497 23859
  142 1783.170125 -2212
  143 30253.066465 15705
  144 822.069154 14460
  145 -231.136169     6
  146 13244.021611 26421
  147 3899.144827 10799
  148 -2338.148153     2
  149 3838.018897 30348
  150 4161.479288 14927
  151 16317.457991 -2981
  152 376.008706  4176
  153 2921.143271  3369
  154 11962.376723 -3090
  155 3071.468099 -2741
  156 2655.901904 26851
  157 103.968738 29251
  158 -73.458078     2
  159 -1798.647257     5
  160 11831.057170 13900
  161 -930.094702     5
  162 -1096.208250     8
  163 1313.794343 18562
  164 -417.113950     1
  165 5925.099025 -2146
  166 -2290.839858     7
  167 -862.063135     3
  168 2751.542623 32150
  169 9750.767972 -2166
  170 -2036.901885     1
  171 -831.396022     1
  172 2982.587497 24598
  173 2380.731309 14057
  174 7047.041414 -2884
  175 -87.219391     6
  176 -136.055926     3
  177 1000.503142 31434
  178 -2594.715966     7
  179 407.069391 11021
  180 14650.951696 19654
  181 2582.589344 31837
  182 -92.873190     4
  183 3496.286108 14952
  184 1930.552961 26785
  185 5284.808492  6455
  186 1120.206502 -1650
  187 1309.108488 -2588
  188 -1206.859763     0
  189 -94.867150     0
  190 11295.148178 13760
  191 566.160235 -2091
  192 -292.362464     5
  193 3172.027981 29565
  194 6081.087830 -1681
  195 -751.546491     5
  196 2826.753891 -1684
  197 -480.029671     6
  198 2901.237868 17659
  199 26498.231491 -3088
  200 3697.152838  6147
  201 9871.118084 30936
  202 14523.590693 26161
  203 -637.444901     4
  204 256.103998 29234
  205 -2471.179022     2
  206 598.394514 12201
  207 -1158.486774     0
  208 7190.459600 -2474
  209 10552.417212 11251
  210 8423.418613 11128
  211 2676.179716 18494
  212 1574.702121 -1593
  213 1281.029260 -2437
  214 -612.401262     2
  215 15427.732043 -1846
  216 2680.976758  1154
  217 783.864508 15143
  218 8528.842877 -3103
  219 6592.677043 16679
  220 15341.958159 -2764
  221 6194.102408  1476
  222 30088.227394 19127
  223 842.574501  5680
  224 33800.793481  2168
  225 -90.306725     4
  226 19850.070840 25072
  227 -245.357246     6
  228 9877.409947  3095
  229 -41.072053     0
  230 1942.998678 -3242
  231 3117.040366 11398
  232 -1492.344117     7
  233 -62.348822     7
  234 -239.418698     3
  235 -314.130464     3
  236 4790.570830 31779
  237 1613.675825 25768
  238 -713.144278     4
  239 -2051.804297     3
  240 -82.157013     5
  241 17829.608337  9045
  242 8728.887439 28477
  243 7899.896204 25507
  244 3783.464706 27680
  245 14001.640117  6344
  246 -48.913388     3
  247 6136.533008 -1812
  248 208.252351 -2751
  249 -1281.873060     2
  250 5122.108659 19993
  251 -2241.016826     9
  252 9273.442999   131
  253 3283.775197 26725
  254 3956.497531 -2571
  255 -706.649652     4
  256 -1973.027455     3
  257 5394.877933 -2715
  258 6596.872929 11874
  259 14394.465535 -2572
  260 -702.652855     3
  261 -938.152635     2
  262 1140.966730 -2630
  263 -891.526233     0
  264 7250.377387  1231
  265 3137.439509 13187
  266 543.842312  7031
  267 4130.046018 -2424
  268 6960.921484 12441
  269 3528.976390 -2748
  270 13962.767339 27996
  271 20464.460708 20832
  272 1656.382687 -2129
  273 -709.720849     0
  274 7170.118099  3973
  275 4958.401513  9596
  276 2184.604757 29864
  277 12268.319127  8226
  278 1132.313824  8125
  279 2262.757291  1936
  280 9531.350424   519
  281 -291.812222     3
  282 5802.143257 20779
  283 136.642962  5897
  284 -1921.533818     8
  285 -1625.097631     1
  286 -389.584156     7
  287 199.981543 13467
  288 4762.200320 -2093
  289 10079.005157 -1755
  290 1644.298650 15224
  291 30502.909608 16581
  292 -1365.102589     2
  293 9536.419214 -2489
  294 16246.561078 12038
  295 3969.789932 14498
  296 -288.819852     1
  297 707.327537 -3250
  298 3452.933155 32570
  299 -688.456672     9
  300 -613.991681     5
