300
    1 4209.823494     1
    2 21188.261408 22552
    3 5190.247599 27863
    4 13028.614029 -1935
    5 2639.078471 -2497
    6 -1120.251624     2
    7 17077.409619  7882
    8 18077.117087  5438
    9 5667.204427 -2390
   10 4724.560604  6863
   11 262.988273 -2493
   12 -148.482346     6
   13 -362.467694     1
   14 -798.663965     8
   15 18148.654575 -3259
   16 2044.869739 24956
   17 4452.584758 -2849
   18 29.589010 -3232
   19 1468.828004 14573
   20 9352.679641 -3083
   21 -3055.642930     2
   22 14652.244941 15275
   23 -347.930746     8
   24 -2796.241255     1
   25 -164.579588     1
   26 1492.569570 -2263
   27 22436.055904 20395
   28 8559.777052 -3111
   29 -475.409915     3
   30 1878.540196 14985
   31 6630.974586 10343
   32 -2170.799871     5
   33 -731.930526     3
   34 522.204481 -2852
   35 -417.315027     3
   36 16124.705814 21647
   37 13123.175376 -2309
   38 16194.949015  1257
   39 625.190746 -3064
   40 14115.548040  2568
   41 -194.064860     2
   42 964.632295 15949
   43 1589.273950 13544
   44 237.191790 23714
   45 -332.555001     4
   46 5752.988048 10842
   47 22460.747089 15863
   48 -1762.143765     9
   49 19346.216745 -3003
   50 11945.003425  1573
   51 -610.100811     9
   52 -2413.325333     1
   53 16444.137320   314
   54 -1087.135382     1
   55 4034.667482 23513
   56 1529.380246 32017
   57 -3.060581     4
   58 5591.679559 -2540
   59 -717.771231     8
   60 3674.804054 31213
   61 -89.763092     1
   62 21777.036457 31927
   63 1754.672190 31951
   64 -989.856902     5
   65 -151.638173     9
   66 14815.533864 18283
   67 1742.028656 14765
   68 1053.742922 27953
   69 6328.438325  4234
   70 8996.145380  6832
   71 2712.075458  6524
   72 15279.768140 -2711
   73 -447.735657     4
   74 -51.703290     4
   75 52.445363 -2177
   76 -232.138435     8
   77 5881.513528 21958
   78 4973.669891 -2390
   79 1127.736737 -2423
   80 9134.640093 -2110
   81 247.178671  3195
   82 1958.814927  3101
   83 -682.603780     1
   84 -2468.732216     9
   85 8567.584481  1250
   86 25352.675958 13695
   87 -803.459775     1
   88 4921.976273 -2668
   89 -776.532572     4
   90 15422.857922 11841
   91 1805.242482  3905
   92 -2404.500094     0
   93 -543.316428     3
   94 3361.605597 -2630
   95 4.106929 -2801
   96 3153.863855 20258
   97 -1076.815191     1
   98 24236.740972 -2718
   99 10268.472239  7350
  100 7260.975133 -3230
  101 5097.783200  6709
  102 -2608.474676     5
  103 -638.915450     2
  104 5116.739726 10814
  105 74.507476 -2651
  106 67.777152  1080
  107 370.543289 23377
  108 -1824.315392     7
  109 4404.599106  1281
  110 -126.630259     0
  111 1986.464435 12350
  112 1617.646732 -1920
  113 1599.493270 21527
  114 21621.434092 28488
  115 40297.212354 12613
  116 10037.022238 25599
  117 -325.703810     3
  118 -1699.639953     2
  119 1954.724824 11817
  120 -1170.298298     4
  121 6324.916121   876
  122 14608.237245 21854
  123 -160.242758     2
  124 15305.816911   546
  125 6.486655 -1913
  126 1744.895766 32558
  127 13.632799 29437
  128 15454.762293 32051
  129 -219.123534     1
  130 229.877816 12216
  131 -176.356761     7
  132 -1090.173000     0
  133 1216.990241 -1966
  134 23364.276499 16240
  135 -315.533304     7
  136 8649.941136  3066
  137 1071.369319  3236
  138 789.380374 -3156
  139 5052.091052 26575
  140 -561.920257     2
  141 1598.783734 23859
  142 61.767542 -2212
  143 7393.768932 15705
  144 12253.956267 14460
  145 -639.725313     6
  146 6404.702869 26421
  147 673.102414 10799
  148 -1611.057708     2
  149 16635.980035 30348
  150 14075.845524 14927
  151 171.009683 -2981
  152 4220.898886  4176
  153 581.051807  3369
  154 1052.277873 -3090
  155 4465.079359 -2741
  156 1603.918333 26851
  157 23.258539 29251
  158 -183.190629     2
  159 -8.910741     5
  160 5737.727547 13900
  161 -65.617929     5
  162 -357.320308     8
  163 1818.302063 18562
  164 -2767.761812     1
  165 3455.753704 -2146
  166 -2312.012288     7
  167 -17.891247     3
  168 2907.182533 32150
  169 2808.076106 -2166
  170 -186.986110     1
  171 -894.433030     1
  172 36014.475416 24598
  173 4136.850026 14057
  174 2036.308991 -2884
  175 -2303.308580     6
  176 -4.261195     3
  177 613.022696 31434
  178 -821.626080     7
  179 8393.400175 11021
  180 7992.343024 19654
  181 6423.916864 31837
  182 -907.284876     4
  183 1699.976353 14952
  184 10507.180164 26785
  185 10514.814008  6455
  186 7532.031460 -1650
  187 811.531931 -2588
  188 -486.371185     0
  189 -68.005665     0
  190 13816.486731 13760
  191 975.439971 -2091
  192 -1103.998707     5
  193 12822.430618 29565
  194 5191.195367 -1681
  195 -154.358488     5
  196 13716.953573 -1684
  197 -1828.279788     6
  198 12631.612852 17659
  199 21246.949792 -3088
  200 6838.046300  6147
  201 1493.967392 30936
  202 20600.170571 26161
  203 -481.447525     4
  204 1234.003180 29234
  205 -299.984604     2
  206 2178.710312 12201
  207 -2732.825725     0
  208 11936.385677 -2474
  209 4290.703738 11251
  210 25514.464345 11128
  211 534.834325 18494
  212 2152.555617 -1593
  213 35.695053 -2437
  214 -362.377396     2
  215 3536.367491 -1846
  216 15627.702361  1154
  217 3142.526473 15143
  218 5968.369935 -3103
  219 1539.264841 16679
  220 10831.128820 -2764
  221 14193.695028  1476
  222 7455.937696 19127
  223 1207.560017  5680
  224 8862.244120  2168
  225 -1541.860425     4
  226 2508.692486 25072
  227 -1227.923486     6
  228 8966.870314  3095
  229 -259.326766     0
  230 587.464428 -3242
  231 3822.810803 11398
  232 -513.331014     7
  233 -504.810231     7
  234 -671.441220     3
  235 -106.371965     3
  236 2198.942767 31779
  237 2377.740400 25768
  238 -852.232256     4
  239 -1840.010430     3
  240 -316.927830     5
  241 23216.084021  9045
  242 6692.759097 28477
  243 7589.417339 25507
  244 3645.989075 27680
  245 17570.241454  6344
  246 -147.466376     3
  247 7320.666423 -1812
  248 96.812583 -2751
  249 -1816.317460     2
  250 2980.823766 19993
  251 -2129.185813     9
  252 12436.506998   131
  253 5123.511845 26725
  254 11567.075751 -2571
  255 -2449.188972     4
  256 -11.278934     3
  257 5343.845848 -2715
  258 12951.199928 11874
  259 19065.531612 -2572
  260 -1815.388203     3
  261 -1553.865613     2
  262 4812.263381 -2630
  263 -874.050328     0
  264 15350.165984  1231
  265 135.954838 13187
  266 4211.789493  7031
  267 8091.539049 -2424
  268 18463.602435 12441
  269 7119.516271 -2748
  270 7374.603887 27996
  271 2061.304975 20832
  272 2532.264223 -2129
  273 -533.279875     0
  274 7491.724753  3973
  275 3664.300094  9596
  276 1242.931971 29864
  277 3621.913637  8226
  278 2681.675973  8125
  279 528.103261  1936
  280 13736.218693   519
  281 -1547.298974     3
  282 48.399174 20779
  283 55.847159  5897
  284 -1830.720588     8
  285 -387.719426     1
  286 -677.912892     7
  287 467.262253 13467
  288 25063.806743 -2093
  289 7265.427967 -1755
  290 3170.959247 15224
  291 39735.121128 16581
  292 -1493.061719     2
  293 1931.543058 -2489
  294 3445.764109 12038
  295 17835.732169 14498
  296 -1196.582225     1
  297 335.611158 -3250
  298 605.188056 32570
  299 -903.554224     9
  300 -878.381480     5
