300
    1 8204.690900     1
    2 6268.479761 22552
    3 3072.542883 27863
    4 11323.354273 -1935
    5 1285.457027 -2497
    6 -130.025589     2
    7 12134.329819  7882
    8 7704.392921  5438
    9 1428.566584 -2390
   10 18081.558694  6863
   11 374.614197 -2493
   12 -2545.442884     6
   13 -2151.288409     1
   14 -670.311200     8
   15 10428.900793 -3259
   16 211.130659 24956
   17 1616.369387 -2849
   18 239.683793 -3232
   19 7881.423861 14573
   20 6127.142629 -3083
   21 -2284.502568     2
   22 6101.050176 15275
   23 -2338.803289     8
   24 -1356.414224     1
   25 -488.771506     1
   26 1235.059957 -2263
   27 6822.223280 20395
   28 6394.738203 -3111
   29 -540.102772     3
   30 543.239021 14985
   31 37540.133932 10343
   32 -857.544875     5
   33 -924.523734     3
   34 5856.483446 -2852
   35 -1315.586598     3
   36 19446.114975 21647
   37 335.938556 -2309
   38 2535.608511  1257
   39 4511.903084 -3064
   40 15591.777494  2568
   41 -112.367825     2
   42 9869.905221 15949
   43 4083.737349 13544
   44 5868.632705 23714
   45 -557.853336     4
   46 604.612722 10842
   47 1212.830939 15863
   48 -288.578746     9
   49 7369.321196 -3003
   50 19486.931390  1573
   51 -453.857088     9
   52 -484.671873     1
   53 31069.255492   314
   54 -192.930462     1
   55 2272.215414 23513
   56 2325.996936 32017
   57 -1067.187744     4
   58 309.653804 -2540
   59 -932.311555     8
   60 8109.430248 31213
   61 -375.670029     1
   62 11339.062957 31927
   63 402.527705 31951
   64 -460.895327     5
   65 -374.038126     9
   66 2094.181891 18283
   67 6476.109827 14765
   68 7.804307 27953
   69 2272.465380  4234
   70 12262.690886  6832
   71 2381.134741  6524
   72 18108.094656 -2711
   73 -993.407887     4
   74 -103.031196     4
   75 61.151915 -2177
   76 -1316.126451     8
   77 16094.206345 21958
   78 2011.661757 -2390
   79 349.475472 -2423
   80 6199.747801 -2110
   81 8.866790  3195
   82 215.181242  3101
   83 -1328.922213     1
   84 -1166.564070     9
   85 334.327792  1250
   86 13374.688501 13695
   87 -1220.706827     1
   88 22684.214655 -2668
   89 -3976.692592     4
   90 30902.114764 11841
   91 4796.386581  3905
   92 -2358.419685     0
   93 -49.711358     3
   94 1646.281392 -2630
   95 427.302465 -2801
   96 10550.968182 20258
   97 -90.671618     1
   98 7589.870584 -2718
   99 5194.512212  7350
  100 304.820345 -3230
  101 2689.909453  6709
  102 -2971.957293     5
  103 -721.646518     2
  104 9328.547183 10814
  105 12.304075 -2651
  106 6303.201453  1080
  107 8071.579058 23377
  108 -325.628160     7
  109 587.958575  1281
  110 -496.658343     0
  111 36.140025 12350
  112 15964.175212 -1920
  113 2585.039562 21527
  114 17349.699926 28488
  115 3379.253669 12613
  116 116.322649 25599
  117 -1039.849551     3
  118 -1550.372250     2
  119 404.531122 11817
  120 -1161.495892     4
  121 9142.795288   876
  122 883.947935 21854
  123 -429.931967     2
  124 2585.182216   546
  125 7193.859951 -1913
  126 5606.890274 32558
  127 5.628389 29437
  128 16371.691269 32051
  129 -427.001447     1
  130 9.322319 12216
  131 -755.632842     7
  132 -438.205831     0
  133 10578.221114 -1966
  134 3107.642917 16240
  135 -1037.827639     7
  136 3124.733101  3066
  137 738.354161  3236
  138 561.023403 -3156
  139 13783.270506 26575
  140 -99.951287     2
  141 2864.312170 23859
  142 18046.807978 -2212
  143 6131.848200 15705
  144 1853.044662 14460
  145 -1500.907677     6
  146 12995.968432 26421
  147 208.395974 10799
  148 -1077.110039     2
  149 5321.372559 30348
  150 11866.757352 14927
  151 6628.832321 -2981
  152 526.712507  4176
  153 318.589610  3369
  154 3949.481479 -3090
  155 808.478119 -2741
  156 6620.644674 26851
  157 820.262410 29251
  158 -650.076897     2
  159 -319.564935     5
  160 6041.684254 13900
  161 -388.413081     5
  162 -2725.559292     8
  163 1248.131248 18562
  164 -2423.310000     1
  165 548.575914 -2146
  166 -270.016404     7
  167 -24.322557     3
  168 3350.998346 32150
  169 7273.158204 -2166
  170 -1469.043509     1
  171 -50.338254     1
  172 12901.766755 24598
  173 4111.545740 14057
  174 9315.427770 -2884
  175 -1155.562127     6
  176 -914.381802     3
  177 859.539225 31434
  178 -459.966453     7
  179 12774.709993 11021
  180 4835.375173 19654
  181 253.649835 31837
  182 -22.933496     4
  183 8181.360823 14952
  184 3599.502974 26785
  185 1132.006594  6455
  186 371.431333 -1650
  187 2107.585078 -2588
  188 -897.205227     0
  189 -1465.708781     0
  190 12110.578595 13760
  191 1530.030125 -2091
  192 -2058.328283     5
  193 15169.454006 29565
  194 2387.446895 -1681
  195 -1518.546443     5
  196 5872.493917 -1684
  197 -1000.704528     6
  198 9049.056342 17659
  199 5744.238749 -3088
  200 15976.303350  6147
  201 3202.676186 30936
  202 5531.038267 26161
  203 -889.246707     4
  204 141.613573 29234
  205 -904.924879     2
  206 19100.922164 12201
  207 -772.753617     0
  208 10550.821569 -2474
  209 2123.721051 11251
  210 8667.652819 11128
  211 1174.990999 18494
  212 14177.278635 -1593
  213 1106.608291 -2437
  214 -713.163382     2
  215 14991.245446 -1846
  216 2281.634069  1154
  217 505.905749 15143
  218 2090.019560 -3103
  219 4979.002072 16679
  220 7266.216592 -2764
  221 9303.042449  1476
  222 2642.525928 19127
  223 402.807059  5680
  224 13736.753705  2168
  225 -151.101450     4
  226 1599.009952 25072
  227 -1810.030139     6
  228 13992.447340  3095
  229 -868.256842     0
  230 498.280700 -3242
  231 6457.863309 11398
  232 -1568.387662     7
  233 -106.073299     7
  234 -2187.643664     3
  235 -331.211479     3
  236 12119.028516 31779
  237 533.149200 25768
  238 -93.428408     4
  239 -763.674815     3
  240 -501.909268     5
  241 5792.992481  9045
  242 12001.477028 28477
  243 31080.218655 25507
  244 8907.731249 27680
  245 8011.860585  6344
  246 -1507.616159     3
  247 6849.159074 -1812
  248 33.566155 -2751
  249 -113.931405     2
  250 434.057207 19993
  251 -652.830655     9
  252 2526.831444   131
  253 358.771472 26725
  254 1880.436289 -2571
  255 -1196.443646     4
  256 -1723.212438     3
  257 1908.665351 -2715
  258 8483.248559 11874
  259 10541.109419 -2572
  260 -231.200269     3
  261 -814.540445     2
  262 13586.946229 -2630
  263 -287.640139     0
  264 13498.075034  1231
  265 2466.648074 13187
  266 5263.283431  7031
  267 7362.130250 -2424
  268 3874.738596 12441
  269 4474.807088 -2748
  270 4181.418594 27996
  271 6458.525011 20832
  272 1408.741010 -2129
  273 -122.746158     0
  274 13137.307752  3973
  275 4400.387885  9596
  276 10395.401390 29864
  277 3941.950144  8226
  278 611.157360  8125
  279 229.196538  1936
  280 168.439402   519
  281 -211.914889     3
  282 1412.008266 20779
  283 24.089968  5897
  284 -2578.179650     8
  285 -196.173684     1
  286 -646.274327     7
  287 200.283423 13467
  288 17899.491720 -2093
  289 28288.171341 -1755
  290 2315.106041 15224
  291 5452.752815 16581
  292 -118.622953     2
  293 2539.676972 -2489
  294 16709.148913 12038
  295 293.207955 14498
  296 -291.359335     1
  297 240.340567 -3250
  298 3876.255308 32570
  299 -2061.106975     9
  300 -258.968086     5
