300
    1 10951.347668     1
    2 885.099430 22552
    3 4734.229117 27863
    4 149.955354 -1935
    5 4058.964110 -2497
    6 -447.534394     2
    7 8706.223820  7882
    8 19689.285394  5438
    9 764.037462 -2390
   10 18486.057838  6863
   11 400.810113 -2493
   12 -812.385349     6
   13 -851.048661     1
   14 -233.563946     8
   15 509.094588 -3259
   16 27117.237063 24956
   17 10422.611986 -2849
   18 319.118939 -3232
   19 7914.443881 14573
   20 6432.211367 -3083
   21 -2498.867410     2
   22 3772.274813 15275
   23 -40.642682     8
   24 -324.315960     1
   25 -306.120346     1
   26 369.989331 -2263
   27 8785.657843 20395
   28 9443.211006 -3111
   29 -227.190358     3
   30 1966.066820 14985
   31 417.776991 10343
   32 -426.936197     5
   33 -1320.266152     3
   34 2772.683533 -2852
   35 -109.891698     3
   36 11172.573673 21647
   37 3410.309785 -2309
   38 319.500677  1257
   39 1794.589325 -3064
   40 15587.396806  2568
   41 -685.687289     2
   42 1045.184455 15949
   43 2008.389783 13544
   44 7268.224989 23714
   45 -1192.420441     4
   46 1842.467377 10842
   47 1584.913936 15863
   48 -654.387466     9
   49 19939.188261 -3003
   50 3275.615468  1573
   51 -1248.662360     9
   52 -3351.466765     1
   53 5549.495699   314
   54 -1926.882990     1
   55 935.434995 23513
   56 3526.793298 32017
   57 -561.874067     4
   58 95.993137 -2540
   59 -175.940484     8
   60 19286.803729 31213
   61 -612.832295     1
   62 1022.974050 31927
   63 6935.341086 31951
   64 -77.119800     5
   65 -154.711459     9
   66 608.997593 18283
   67 2860.264257 14765
   68 32.953558 27953
   69 1632.051490  4234
   70 16178.073756  6832
   71 30491.687265  6524
   72 5336.795206 -2711
   73 -1423.984907     4
   74 -2040.266773     4
   75 116.378538 -2177
   76 -1357.903865     8
   77 6600.562639 21958
   78 3340.620808 -2390
   79 8.539247 -2423
   80 8657.154979 -2110
   81 1359.411653  3195
   82 1311.021948  3101
   83 -11.150080     1
   84 -363.879899     9
   85 5456.902871  1250
   86 23749.779956 13695
   87 -706.487800     1
   88 31745.530035 -2668
   89 -2722.883034     4
   90 28578.493200 11841
   91 6280.476952  3905
   92 -977.946813     0
   93 -43.741550     3
   94 1188.396313 -2630
   95 59.784003 -2801
   96 6158.008171 20258
   97 -557.817101     1
   98 30651.843242 -2718
   99 1082.759881  7350
  100 6638.994353 -3230
  101 13805.014280  6709
  102 -385.167563     5
  103 -815.398051     2
  104 379.486487 10814
  105 73.486388 -2651
  106 9699.542599  1080
  107 2612.444091 23377
  108 -1124.426879     7
  109 3058.466141  1281
  110 -978.650316     0
  111 2361.050628 12350
  112 23124.006017 -1920
  113 9165.285741 21527
  114 79.591910 28488
  115 9295.196891 12613
  116 2643.791621 25599
  117 -488.939607     3
  118 -639.028030     2
  119 36826.251922 11817
  120 -1384.121038     4
  121 7939.125033   876
  122 4719.600880 21854
  123 -1456.062190     2
  124 1638.042744   546
  125 1805.093593 -1913
  126 2577.016827 32558
  127 38.211185 29437
  128 19079.295545 32051
  129 -444.679064     1
  130 32.860451 12216
  131 -637.885006     7
  132 -485.805608     0
  133 622.844416 -1966
  134 2518.627113 16240
  135 -750.923675     7
  136 28753.139119  3066
  137 4954.408645  3236
  138 7358.758412 -3156
  139 17550.391985 26575
  140 -1456.144528     2
  141 2915.195119 23859
  142 5473.210498 -2212
  143 12486.563933 15705
  144 2849.015779 14460
  145 -416.732614     6
  146 4840.279215 26421
  147 2297.390839 10799
  148 -882.634182     2
  149 15134.939123 30348
  150 4067.382585 14927
  151 7344.250280 -2981
  152 7042.270175  4176
  153 2416.894493  3369
  154 3714.856137 -3090
  155 2256.321853 -2741
  156 4737.085803 26851
  157 618.914213 29251
  158 -965.003390     2
  159 -2060.099408     5
  160 1705.754228 13900
  161 -1107.046054     5
  162 -791.238581     8
  163 354.373353 18562
  164 -514.553757     1
  165 2189.689981 -2146
  166 -2674.521104     7
  167 -1077.409566     3
  168 3798.359258 32150
  169 14452.228975 -2166
  170 -1719.675914     1
  171 -1234.213326     1
  172 18647.222428 24598
  173 2888.477035 14057
  174 3677.873965 -2884
  175 -849.937864     6
  176 -1778.156014     3
  177 678.644333 31434
  178 -2342.177287     7
  179 2088.197947 11021
  180 5460.873913 19654
  181 16550.754505 31837
  182 -1731.579518     4
  183 1859.439472 14952
  184 6668.835069 26785
  185 3357.186822  6455
  186 10182.453192 -1650
  187 1649.766967 -2588
  188 -1672.885781     0
  189 -604.435150     0
  190 4427.186001 13760
  191 2071.081014 -2091
  192 -1605.684546     5
  193 29114.116487 29565
  194 1136.179639 -1681
  195 -1546.450553     5
  196 19611.203730 -1684
  197 -206.140406     6
  198 1658.583837 17659
  199 9883.293966 -3088
  200 2872.665940  6147
  201 3096.515370 30936
  202 9841.606941 26161
  203 -1871.642116     4
  204 613.729015 29234
  205 -1171.447107     2
  206 9909.234810 12201
  207 -713.657390     0
  208 12024.049252 -2474
  209 4032.828829 11251
  210 6936.903291 11128
  211 1242.021576 18494
  212 13553.336652 -1593
  213 1568.778635 -2437
  214 -92.423104     2
  215 1260.663512 -1846
  216 6662.078476  1154
  217 441.402404 15143
  218 17102.126415 -3103
  219 6498.583189 16679
  220 28192.434303 -2764
  221 5964.237910  1476
  222 2237.527099 19127
  223 328.395387  5680
  224 10826.789665  2168
  225 -646.828376     4
  226 10197.317474 25072
  227 -2153.554354     6
  228 451.229542  3095
  229 -1516.305614     0
  230 1210.233681 -3242
  231 2990.388691 11398
  232 -801.806655     7
  233 -689.401747     7
  234 -207.891228     3
  235 -681.130798     3
  236 3694.785380 31779
  237 183.508125 25768
  238 -155.635764     4
  239 -1261.372667     3
  240 -579.941610     5
  241 8020.103035  9045
  242 9467.148136 28477
  243 7314.130874 25507
  244 2525.671389 27680
  245 5081.855242  6344
  246 -240.151195     3
  247 872.533887 -1812
  248 61.314652 -2751
  249 -412.023841     2
  250 7047.247913 19993
  251 -1728.530660     9
  252 14976.256636   131
  253 13009.432994 26725
  254 1020.690402 -2571
  255 -615.266680     4
  256 -502.600815     3
  257 5085.410804 -2715
  258 5630.754923 11874
  259 14638.637409 -2572
  260 -2299.325721     3
  261 -85.649198     2
  262 11274.247592 -2630
  263 -964.122728     0
  264 790.411962  1231
  265 1005.042483 13187
  266 3413.959081  7031
  267 142.409949 -2424
  268 6419.793130 12441
  269 8247.323012 -2748
  270 3488.299871 27996
  271 723.797639 20832
  272 1463.025717 -2129
  273 -954.470613     0
  274 14328.316317  3973
  275 2001.653409  9596
  276 12666.845348 29864
  277 14583.770407  8226
  278 4566.488847  8125
  279 1325.481855  1936
  280 1967.230946   519
  281 -885.223137     3
  282 6403.444033 20779
  283 47.918713  5897
  284 -1867.016153     8
  285 -1209.667748     1
  286 -297.455773     7
  287 61.466293 13467
  288 3882.360575 -2093
  289 1151.478570 -1755
  290 1037.408495 15224
  291 4772.130056 16581
  292 -2299.689204     2
  293 14729.127478 -2489
  294 21344.911586 12038
  295 1444.911886 14498
  296 -41.485359     1
  297 211.391217 -3250
  298 15153.034864 32570
  299 -81.142210     9
  300 -250.610980     5
