300
    1 24408.921721     1
    2 7682.475561 22552
    3 172.212618 27863
    4 12983.541388 -1935
    5 1230.760939 -2497
    6 -1998.215153     2
    7 15776.843831  7882
    8 11989.443869  5438
    9 11159.245846 -2390
   10 4000.617001  6863
   11 907.769504 -2493
   12 -1001.163423     6
   13 -598.772172     1
   14 -1576.464623     8
   15 22844.668064 -3259
   16 4846.938006 24956
   17 6201.807773 -2849
   18 457.113377 -3232
   19 20092.565545 14573
   20 7257.433382 -3083
   21 -564.442900     2
   22 6079.834556 15275
   23 -664.907417     8
   24 -361.564722     1
   25 -1221.222077     1
   26 22924.719768 -2263
   27 15747.884118 20395
   28 7078.402636 -3111
   29 -274.760768     3
   30 1701.877061 14985
   31 211.344698 10343
   32 -670.777635     5
   33 -282.142091     3
   34 14361.522168 -2852
   35 -493.490122     3
   36 15466.371710 21647
   37 7450.519524 -2309
   38 152.178229  1257
   39 10845.998152 -3064
   40 3238.943179  2568
   41 -127.449906     2
   42 9783.070074 15949
   43 3318.481790 13544
   44 672.774931 23714
   45 -365.353372     4
   46 4429.075952 10842
   47 1741.250414 15863
   48 -453.485971     9
   49 3116.598408 -3003
   50 6930.930177  1573
   51 -421.520861     9
   52 -1771.272530     1
   53 12895.763518   314
   54 -403.979647     1
   55 7846.520607 23513
   56 4970.877972 32017
   57 -343.478657     4
   58 2755.624419 -2540
   59 -1172.418201     8
   60 32595.498461 31213
   61 -168.806954     1
   62 10292.229013 31927
   63 11456.115350 31951
   64 -680.128016     5
   65 -19.639997     9
   66 1378.047665 18283
   67 4960.374223 14765
   68 496.122843 27953
   69 4505.027090  4234
   70 27810.799736  6832
   71 6909.405224  6524
   72 15661.277523 -2711
   73 -2206.058224     4
   74 -573.426701     4
   75 123.000776 -2177
   76 -520.919645     8
   77 1440.676077 21958
   78 8246.315468 -2390
   79 215.960786 -2423
   80 2820.514633 -2110
   81 41.008333  3195
   82 593.086164  3101
   83 -1355.301660     1
   84 -283.574990     9
   85 8488.503902  1250
   86 7549.937278 13695
   87 -2083.980416     1
   88 4063.549327 -2668
   89 -587.043890     4
   90 4700.957835 11841
   91 7633.049008  3905
   92 -298.076495     0
   93 -938.732014     3
   94 386.186020 -2630
   95 207.229053 -2801
   96 7338.229814 20258
   97 -1842.776285     1
   98 2380.067293 -2718
   99 2973.810861  7350
  100 12829.712820 -3230
  101 2613.662153  6709
  102 -1588.104732     5
  103 -2227.500958     2
  104 685.934367 10814
  105 96.493922 -2651
  106 10640.042466  1080
  107 17782.025282 23377
  108 -499.957033     7
  109 3360.317304  1281
  110 -1156.911363     0
  111 4027.250205 12350
  112 8798.995115 -1920
  113 18335.610511 21527
  114 4154.127016 28488
  115 14666.890482 12613
  116 6025.222623 25599
  117 -1783.662676     3
  118 -655.240916     2
  119 19555.790436 11817
  120 -311.039450     4
  121 9961.635743   876
  122 7177.350169 21854
  123 -3168.926894     2
  124 6379.471520   546
  125 5029.086572 -1913
  126 1435.280696 32558
  127 50.588107 29437
  128 15082.269352 32051
  129 -1675.163080     1
  130 10.020891 12216
  131 -1366.197377     7
  132 -1286.246766     0
  133 2721.185965 -1966
  134 8276.193132 16240
  135 -674.973553     7
  136 9754.123848  3066
  137 4448.612971  3236
  138 13708.095962 -3156
  139 17277.494351 26575
  140 -390.255572     2
  141 5856.236741 23859
  142 4904.573737 -2212
  143 6720.049265 15705
  144 5947.642978 14460
  145 -1567.693771     6
  146 987.229382 26421
  147 1338.487432 10799
  148 -1248.313398     2
  149 10137.918295 30348
  150 4424.487647 14927
  151 2600.372602 -2981
  152 2916.553766  4176
  153 1348.086961  3369
  154 7114.905790 -3090
  155 3891.003134 -2741
  156 5794.891915 26851
  157 452.388537 29251
  158 -990.229661     2
  159 -1445.644391     5
  160 1993.881292 13900
  161 -898.949359     5
  162 -1334.505931     8
  163 1799.371467 18562
  164 -791.384218     1
  165 398.597514 -2146
  166 -564.502446     7
  167 -621.275238     3
  168 6542.462267 32150
  169 8599.807438 -2166
  170 -210.418850     1
  171 -197.371542     1
  172 827.118216 24598
  173 412.932985 14057
  174 1316.683231 -2884
  175 -74.419543     6
  176 -510.738257     3
  177 3345.515744 31434
  178 -1400.228964     7
  179 7852.794869 11021
  180 20583.607539 19654
  181 11980.706902 31837
  182 -62.909592     4
  183 7901.826360 14952
  184 13461.273541 26785
  185 1735.579580  6455
  186 9062.551126 -1650
  187 7492.218092 -2588
  188 -613.452089     0
  189 -702.568049     0
  190 14332.874948 13760
  191 1667.789988 -2091
  192 -1497.787261     5
  193 2447.656098 29565
  194 2687.907302 -1681
  195 -1175.654265     5
  196 6607.396236 -1684
  197 -472.540349     6
  198 2733.008090 17659
  199 12282.735236 -3088
  200 9076.752209  6147
  201 2471.999135 30936
  202 4523.266520 26161
  203 -2015.000170     4
  204 506.993381 29234
  205 -1608.565318     2
  206 6471.614052 12201
  207 -751.794914     0
  208 5684.026912 -2474
  209 8414.712692 11251
  210 8849.784437 11128
  211 3851.280296 18494
  212 11124.200258 -1593
  213 2582.122090 -2437
  214 -296.646804     2
  215 9007.485122 -1846
  216 3901.998511  1154
  217 449.071892 15143
  218 2040.890121 -3103
  219 17752.778353 16679
  220 12306.262601 -2764
  221 7944.707263  1476
  222 16234.828071 19127
  223 1479.356291  5680
  224 317.983419  2168
  225 -822.077568     4
  226 5503.226171 25072
  227 -917.394911     6
  228 3481.298265  3095
  229 -1503.570565     0
  230 241.322726 -3242
  231 7492.412512 11398
  232 -1877.601461     7
  233 -157.226634     7
  234 -455.377989     3
  235 -458.857563     3
  236 5099.875654 31779
  237 1136.717952 25768
  238 -927.702486     4
  239 -85.094521     3
  240 -129.914834     5
  241 7350.116116  9045
  242 5388.939596 28477
  243 25483.156780 25507
  244 1038.950178 27680
  245 2254.271713  6344
  246 -310.198676     3
  247 3932.704340 -1812
  248 103.035969 -2751
  249 -2656.390420     2
  250 35.754877 19993
  251 -1045.155108     9
  252 7371.134486   131
  253 2092.851743 26725
  254 7027.066408 -2571
  255 -452.313730     4
  256 -984.465601     3
  257 2710.552224 -2715
  258 9334.305815 11874
  259 16822.155224 -2572
  260 -177.865065     3
  261 -947.257593     2
  262 7804.089452 -2630
  263 -1265.924223     0
  264 8309.204990  1231
  265 4605.629998 13187
  266 1100.137290  7031
  267 7915.936584 -2424
  268 6816.627604 12441
  269 4854.306377 -2748
  270 2915.825723 27996
  271 10867.972544 20832
  272 2151.049379 -2129
  273 -1135.332382     0
  274 11124.456195  3973
  275 3769.553312  9596
  276 2419.078725 29864
  277 8691.633755  8226
  278 3002.767373  8125
  279 2988.928424  1936
  280 10427.894700   519
  281 -1565.652487     3
  282 2993.179799 20779
  283 71.779564  5897
  284 -756.352900     8
  285 -2404.569577     1
  286 -238.057229     7
  287 1051.870366 13467
  288 9755.565590 -2093
  289 19892.570502 -1755
  290 1729.635832 15224
  291 5199.678254 16581
  292 -1369.069947     2
  293 8700.098067 -2489
  294 17049.961506 12038
  295 24080.490921 14498
  296 -312.212043     1
  297 623.717628 -3250
  298 6789.705336 32570
  299 -1718.885860     9
  300 -1077.547621     5
