300
    1 7248.121245     1
    2 3717.132426 22552
    3 11671.339678 27863
    4 10693.147464 -1935
    5 204.723998 -2497
    6 -852.870897     2
    7 12656.519970  7882
    8 8123.616892  5438
    9 1087.433428 -2390
   10 6987.190634  6863
   11 1111.346808 -2493
   12 -214.864661     6
   13 -944.895933     1
   14 -711.625938     8
   15 13922.619271 -3259
   16 3877.718017 24956
   17 4464.738639 -2849
   18 271.705537 -3232
   19 21778.998260 14573
   20 9883.436217 -3083
   21 -1512.124925     2
   22 11609.671480 15275
   23 -215.044476     8
   24 -1517.346785     1
   25 -823.619639     1
   26 8235.676249 -2263
   27 19.326024 20395
   28 8994.873055 -3111
   29 -10.220449     3
   30 474.881480 14985
   31 3952.314718 10343
   32 -1414.031667     5
   33 -690.312274     3
   34 4280.851345 -2852
   35 -1082.412349     3
   36 20838.797889 21647
   37 15052.772871 -2309
   38 1696.428995  1257
   39 4773.020731 -3064
   40 1538.346475  2568
   41 -52.303305     2
   42 23723.505574 15949
   43 8406.447874 13544
   44 2240.779783 23714
   45 -1440.096265     4
   46 376.858291 10842
   47 2912.947317 15863
   48 -1178.037608     9
   49 360.962211 -3003
   50 7893.571136  1573
   51 -120.805951     9
   52 -1382.667638     1
   53 8942.971931   314
   54 -1922.555825     1
   55 156.911347 23513
   56 2340.560439 32017
   57 -1090.604961     4
   58 2529.510657 -2540
   59 -552.602330     8
   60 35545.485991 31213
   61 -1192.695376     1
   62 8808.728459 31927
   63 1553.177678 31951
   64 -2010.206762     5
   65 -1378.768338     9
   66 11898.563652 18283
   67 1819.082545 14765
   68 744.103883 27953
   69 2124.677281  4234
   70 15439.513254  6832
   71 44.292770  6524
   72 6784.176341 -2711
   73 -365.603070     4
   74 -180.353860     4
   75 1.925646 -2177
   76 -1033.644635     8
   77 1904.642794 21958
   78 8657.376404 -2390
   79 453.603406 -2423
   80 10384.498989 -2110
   81 34.365342  3195
   82 427.608884  3101
   83 -2376.941498     1
   84 -693.140565     9
   85 1033.892890  1250
   86 12818.203752 13695
   87 -408.810989     1
   88 1198.259534 -2668
   89 -282.053021     4
   90 9993.448396 11841
   91 358.768681  3905
   92 -3715.162124     0
   93 -900.063587     3
   94 1156.536620 -2630
   95 240.216443 -2801
   96 7391.624022 20258
   97 -485.528756     1
   98 10061.209297 -2718
   99 4522.661731  7350
  100 10551.864471 -3230
  101 668.237742  6709
  102 -18.032646     5
  103 -878.401476     2
  104 1623.661743 10814
  105 82.260284 -2651
  106 1380.794444  1080
  107 385.754921 23377
  108 -226.339034     7
  109 908.108777  1281
  110 -1936.150699     0
  111 822.470441 12350
  112 15321.005616 -1920
  113 380.226794 21527
  114 12531.158991 28488
  115 5086.683733 12613
  116 18703.222410 25599
  117 -4936.778756     3
  118 -854.955833     2
  119 4721.298526 11817
  120 -1090.625096     4
  121 12789.982021   876
  122 22761.622663 21854
  123 -732.352997     2
  124 589.393592   546
  125 1469.778604 -1913
  126 4854.154348 32558
  127 1.102910 29437
  128 7845.075955 32051
  129 -842.340542     1
  130 203.851411 12216
  131 -47.241551     7
  132 -1718.415278     0
  133 5345.838816 -1966
  134 1483.019863 16240
  135 -441.205052     7
  136 15177.438030  3066
  137 756.123937  3236
  138 25009.528435 -3156
  139 143.536398 26575
  140 -1094.228812     2
  141 2169.435826 23859
  142 1189.404274 -2212
  143 119.703737 15705
  144 2908.784355 14460
  145 -394.681246     6
  146 2086.953528 26421
  147 1095.590282 10799
  148 -3853.664784     2
  149 10560.177444 30348
  150 16211.351699 14927
  151 1442.276020 -2981
  152 9785.517481  4176
  153 1485.204179  3369
  154 506.953137 -3090
  155 457.576465 -2741
  156 207.925962 26851
  157 100.271471 29251
  158 -43.005892     2
  159 -82.617535     5
  160 2779.859682 13900
  161 -118.161026     5
  162 -1647.069679     8
  163 113.239809 18562
  164 -523.206392     1
  165 2075.012839 -2146
  166 -2274.399798     7
  167 -661.157043     3
  168 1448.535429 32150
  169 12258.092636 -2166
  170 -268.909670     1
  171 -599.229977     1
  172 22447.414616 24598
  173 329.356384 14057
  174 5815.433276 -2884
  175 -1189.504808     6
  176 -1236.788971     3
  177 856.504077 31434
  178 -1924.205781     7
  179 5466.718035 11021
  180 5291.443487 19654
  181 771.240677 31837
  182 -604.896380     4
  183 10487.674897 14952
  184 760.810458 26785
  185 10672.281344  6455
  186 735.366564 -1650
  187 1411.655736 -2588
  188 -62.498905     0
  189 -2156.778167     0
  190 5631.211073 13760
  191 998.456787 -2091
  192 -968.449355     5
  193 1226.878578 29565
  194 9788.057827 -1681
  195 -22.642288     5
  196 4604.734781 -1684
  197 -1535.716701     6
  198 3539.650234 17659
  199 14181.951088 -3088
  200 9237.610980  6147
  201 843.323490 30936
  202 15566.501628 26161
  203 -590.787157     4
  204 329.100843 29234
  205 -2955.303788     2
  206 1421.154224 12201
  207 -14.483232     0
  208 5985.063143 -2474
  209 2513.172828 11251
  210 17658.203941 11128
  211 602.126053 18494
  212 10523.092567 -1593
  213 1457.434636 -2437
  214 -1682.445693     2
  215 6559.010423 -1846
  216 3146.940077  1154
  217 5485.508492 15143
  218 3416.852637 -3103
  219 4493.370988 16679
  220 17352.745174 -2764
  221 8999.689517  1476
  222 7352.826140 19127
  223 1144.453171  5680
  224 3281.549663  2168
  225 -161.418055     4
  226 2895.535555 25072
  227 -649.531904     6
  228 8354.848448  3095
  229 -1752.199478     0
  230 135.603368 -3242
  231 7582.384534 11398
  232 -857.857809     7
  233 -219.086394     7
  234 -486.060090     3
  235 -1113.377342     3
  236 6266.737317 31779
  237 1427.641431 25768
  238 -897.477213     4
  239 -2613.778225     3
  240 -432.038858     5
  241 15954.842355  9045
  242 8574.956736 28477
  243 20297.533980 25507
  244 1113.638588 27680
  245 2275.008927  6344
  246 -439.512008     3
  247 9840.200944 -1812
  248 111.689884 -2751
  249 -2366.374092     2
  250 930.789515 19993
  251 -920.706313     9
  252 10936.681713   131
  253 2655.658181 26725
  254 6868.186066 -2571
  255 -1081.720367     4
  256 -910.245228     3
  257 3549.207192 -2715
  258 10971.470015 11874
  259 15202.329938 -2572
  260 -528.689055     3
  261 -363.166151     2
  262 6096.576530 -2630
  263 -639.147502     0
  264 10177.107982  1231
  265 2077.528483 13187
  266 438.050628  7031
  267 9293.296226 -2424
  268 12162.094131 12441
  269 2889.469068 -2748
  270 13354.488754 27996
  271 2723.078850 20832
  272 1709.491356 -2129
  273 -717.027057     0
  274 18292.630428  3973
  275 5660.326372  9596
  276 1491.002851 29864
  277 4177.799010  8226
  278 2887.352161  8125
  279 2450.190245  1936
  280 8217.879499   519
  281 -179.934885     3
  282 9069.633389 20779
  283 110.829912  5897
  284 -2041.833976     8
  285 -2286.825521     1
  286 -747.008866     7
  287 3650.268663 13467
  288 13505.984871 -2093
  289 6218.150916 -1755
  290 1361.325584 15224
  291 1848.014158 16581
  292 -594.119305     2
  293 7396.551674 -2489
  294 10093.063915 12038
  295 1148.925630 14498
  296 -993.437734     1
  297 961.160823 -3250
  298 300.290072 32570
  299 -1075.960541     9
  300 -2093.948757     5
