300
    1 3204.058939     1
    2 37175.966605 22552
    3 6036.578050 27863
    4 10424.067275 -1935
    5 388.072521 -2497
    6 -353.320808     2
    7 2273.090898  7882
    8 5414.281206  5438
    9 2750.909773 -2390
   10 3102.553009  6863
   11 292.268755 -2493
   12 -95.788802     6
   13 -2324.879620     1
   14 -1671.608429     8
   15 23018.025704 -3259
   16 2558.153083 24956
   17 2700.020067 -2849
   18 20.739042 -3232
   19 19181.106292 14573
   20 14631.655810 -3083
   21 -1348.442948     2
   22 1984.996334 15275
   23 -1555.702107     8
   24 -1078.893856     1
   25 -322.083280     1
   26 8632.146054 -2263
   27 13867.337020 20395
   28 16394.431355 -3111
   29 -1470.874837     3
   30 58.559184 14985
   31 3237.068409 10343
   32 -101.348426     5
   33 -1869.362718     3
   34 12375.558132 -2852
   35 -144.738349     3
   36 4115.656941 21647
   37 6634.199687 -2309
   38 2854.244360  1257
   39 12296.323109 -3064
   40 5466.565298  2568
   41 -256.371359     2
   42 5099.589521 15949
   43 1183.800851 13544
   44 1673.591560 23714
   45 -404.978360     4
   46 3415.711542 10842
   47 7717.556157 15863
   48 -454.497422     9
   49 15059.166507 -3003
   50 7398.156891  1573
   51 -1614.301923     9
   52 -273.351857     1
   53 13635.347334   314
   54 -1027.512239     1
   55 10523.897076 23513
   56 4222.423491 32017
   57 -633.964483     4
   58 4338.173010 -2540
   59 -637.838379     8
   60 13396.064944 31213
   61 -1509.270152     1
   62 1090.576509 31927
   63 15107.452234 31951
   64 -1255.665686     5
   65 -297.560599     9
   66 6409.046387 18283
   67 1699.697542 14765
   68 273.362545 27953
   69 4603.068315  4234
   70 5856.310349  6832
   71 2344.591046  6524
   72 8229.653833 -2711
   73 -410.311199     4
   74 -892.435765     4
   75 88.748590 -2177
   76 -453.852868     8
   77 925.017228 21958
   78 1646.484391 -2390
   79 157.257982 -2423
   80 9598.786088 -2110
   81 342.603984  3195
   82 158.475222  3101
   83 -13.621308     1
   84 -1303.098245     9
   85 3322.980425  1250
   86 20381.589107 13695
   87 -179.342296     1
   88 512.071105 -2668
   89 -1239.895442     4
   90 9844.526278 11841
   91 7342.865279  3905
   92 -3306.704633     0
   93 -1683.776286     3
   94 2220.715538 -2630
   95 539.228784 -2801
   96 4969.649851 20258
   97 -1119.481992     1
   98 17882.477388 -2718
   99 778.543244  7350
  100 1871.072305 -3230
  101 7370.613565  6709
  102 -795.480144     5
  103 -365.685901     2
  104 9576.358914 10814
  105 14.369686 -2651
  106 3699.556197  1080
  107 16661.415097 23377
  108 -802.908522     7
  109 18771.863215  1281
  110 -1055.982030     0
  111 7397.034415 12350
  112 5589.293256 -1920
  113 4829.106674 21527
  114 6914.248680 28488
  115 14961.472522 12613
  116 13955.383093 25599
  117 -512.298899     3
  118 -533.256715     2
  119 10476.100205 11817
  120 -1758.150252     4
  121 16340.138250   876
  122 12410.022553 21854
  123 -613.776002     2
  124 10950.424936   546
  125 2401.474860 -1913
  126 4690.134239 32558
  127 46.500796 29437
  128 1674.973296 32051
  129 -794.918523     1
  130 24.384930 12216
  131 -1202.758510     7
  132 -303.505856     0
  133 3074.904568 -1966
  134 11099.809786 16240
  135 -216.214859     7
  136 24091.241309  3066
  137 511.618850  3236
  138 12652.189094 -3156
  139 3626.216993 26575
  140 -828.550720     2
  141 3743.424086 23859
  142 7682.042116 -2212
  143 7541.179408 15705
  144 320.370805 14460
  145 -106.696486     6
  146 14185.092339 26421
  147 2090.238408 10799
  148 -1685.729385     2
  149 216.250789 30348
  150 7302.437617 14927
  151 3662.469638 -2981
  152 1419.464263  4176
  153 529.693516  3369
  154 5639.523643 -3090
  155 3490.402649 -2741
  156 1022.559467 26851
  157 765.809728 29251
  158 -1599.781137     2
  159 -110.296474     5
  160 3081.986588 13900
  161 -406.281670     5
  162 -957.655280     8
  163 257.587635 18562
  164 -1035.639696     1
  165 380.557640 -2146
  166 -976.891783     7
  167 -628.699632     3
  168 4122.795153 32150
  169 16524.402220 -2166
  170 -950.370060     1
  171 -2342.691268     1
  172 4847.034583 24598
  173 34.987148 14057
  174 4709.479110 -2884
  175 -229.852496     6
  176 -2081.218737     3
  177 903.756338 31434
  178 -1363.881800     7
  179 9880.890436 11021
  180 5314.487497 19654
  181 5194.823005 31837
  182 -1105.487887     4
  183 3127.855235 14952
  184 2225.997889 26785
  185 9906.400400  6455
  186 10945.438343 -1650
  187 4407.520192 -2588
  188 -658.435247     0
  189 -1977.155144     0
  190 5729.600386 13760
  191 2722.781042 -2091
  192 -805.624619     5
  193 6620.248139 29565
  194 10991.227907 -1681
  195 -1497.860865     5
  196 2211.662065 -1684
  197 -1503.659870     6
  198 8913.913141 17659
  199 2837.462747 -3088
  200 844.026792  6147
  201 1734.211351 30936
  202 28616.322535 26161
  203 -387.705125     4
  204 553.679811 29234
  205 -1038.272408     2
  206 4968.583024 12201
  207 -3403.112711     0
  208 8480.380310 -2474
  209 649.980611 11251
  210 4735.969952 11128
  211 1326.717960 18494
  212 25520.079417 -1593
  213 2940.030294 -2437
  214 -672.254098     2
  215 18346.558204 -1846
  216 3176.275317  1154
  217 897.917112 15143
  218 10130.470533 -3103
  219 5727.450450 16679
  220 34160.148341 -2764
  221 7559.350531  1476
  222 10850.643583 19127
  223 1299.511587  5680
  224 16217.829205  2168
  225 -1153.601820     4
  226 5234.036032 25072
  227 -1297.180743     6
  228 8800.143689  3095
  229 -346.626427     0
  230 1220.534678 -3242
  231 7511.963696 11398
  232 -105.728240     7
  233 -405.668335     7
  234 -378.848960     3
  235 -1748.889336     3
  236 10019.520105 31779
  237 1088.918831 25768
  238 -2530.959442     4
  239 -947.771051     3
  240 -340.993752     5
  241 276.410571  9045
  242 3943.355685 28477
  243 10224.699515 25507
  244 5769.147465 27680
  245 993.604727  6344
  246 -1258.613737     3
  247 8517.793947 -1812
  248 53.449925 -2751
  249 -1262.458914     2
  250 3458.167732 19993
  251 -50.243747     9
  252 8344.037414   131
  253 4183.735431 26725
  254 24274.446691 -2571
  255 -786.436489     4
  256 -1959.570813     3
  257 3369.979523 -2715
  258 889.698325 11874
  259 259.421994 -2572
  260 -2095.928497     3
  261 -524.735349     2
  262 2257.741276 -2630
  263 -8.851048     0
  264 27754.181211  1231
  265 1202.514593 13187
  266 3846.901793  7031
  267 14242.224806 -2424
  268 15395.537260 12441
  269 3359.572061 -2748
  270 2017.380200 27996
  271 5941.870352 20832
  272 4856.670246 -2129
  273 -139.377637     0
  274 5232.452741  3973
  275 3064.565503  9596
  276 11628.184896 29864
  277 4259.003421  8226
  278 1407.831543  8125
  279 325.676939  1936
  280 8963.407049   519
  281 -863.673803     3
  282 5320.108350 20779
  283 102.585763  5897
  284 -91.481105     8
  285 -1434.586384     1
  286 -336.940608     7
  287 1670.693491 13467
  288 8694.417295 -2093
  289 5456.633173 -1755
  290 3867.701233 15224
  291 7775.645276 16581
  292 -1011.148509     2
  293 13185.111964 -2489
  294 18698.027759 12038
  295 20328.113271 14498
  296 -303.326818     1
  297 316.272308 -3250
  298 8297.815243 32570
  299 -561.149553     9
  300 -1442.280686     5
