300
    1 1548.745167     1
    2 29999.069189 22552
    3 240.354849 27863
    4 13644.199356 -1935
    5 1031.297964 -2497
    6 -622.988476     2
    7 5923.536091  7882
    8 15700.418080  5438
    9 3766.975844 -2390
   10 14707.106962  6863
   11 31.257968 -2493
   12 -597.136029     6
   13 -1137.917360     1
   14 -22.224791     8
   15 29446.387080 -3259
   16 9241.667640 24956
   17 4739.827666 -2849
   18 399.375275 -3232
   19 3390.930365 14573
   20 2019.363472 -3083
   21 -1665.143464     2
   22 13244.183216 15275
   23 -2449.747908     8
   24 -40.907789     1
   25 -1914.320630     1
   26 9967.712817 -2263
   27 6187.472560 20395
   28 10907.561535 -3111
   29 -664.155328     3
   30 550.368117 14985
   31 22543.026564 10343
   32 -498.592199     5
   33 -1476.738383     3
   34 4260.656003 -2852
   35 -666.284783     3
   36 5759.126027 21647
   37 14387.260320 -2309
   38 1006.591152  1257
   39 2388.853828 -3064
   40 9499.855996  2568
   41 -481.487399     2
   42 3078.583896 15949
   43 6498.364760 13544
   44 883.259390 23714
   45 -665.228684     4
   46 296.546952 10842
   47 27391.016190 15863
   48 -494.742657     9
   49 278.373340 -3003
   50 4555.626045  1573
   51 -895.156705     9
   52 -401.101974     1
   53 1124.326964   314
   54 -1490.676534     1
   55 5209.490210 23513
   56 8539.042793 32017
   57 -141.894757     4
   58 8963.829952 -2540
   59 -1456.952216     8
   60 31708.435821 31213
   61 -164.757156     1
   62 24774.181157 31927
   63 6542.447062 31951
   64 -248.567515     5
   65 -87.123701     9
   66 68.315824 18283
   67 52.804851 14765
   68 194.570118 27953
   69 5823.807685  4234
   70 4303.267012  6832
   71 7949.543047  6524
   72 4066.077769 -2711
   73 -699.526276     4
   74 -1391.581114     4
   75 94.160947 -2177
   76 -1012.790290     8
   77 19827.503155 21958
   78 15690.114417 -2390
   79 228.498089 -2423
   80 17466.007027 -2110
   81 358.834212  3195
   82 269.391047  3101
   83 -1888.304362     1
   84 -1280.831895     9
   85 1636.222006  1250
   86 9684.744270 13695
   87 -2697.951093     1
   88 7397.353925 -2668
   89 -887.690990     4
   90 3360.934677 11841
   91 1184.354136  3905
   92 -592.061363     0
   93 -413.937223     3
   94 445.826861 -2630
   95 342.866830 -2801
   96 5685.925219 20258
   97 -2456.873759     1
   98 26951.946389 -2718
   99 14008.568479  7350
  100 18591.808178 -3230
  101 1681.512413  6709
  102 -95.118472     5
  103 -719.596552     2
  104 2680.508244 10814
  105 222.399447 -2651
  106 10627.141094  1080
  107 4679.426034 23377
  108 -111.691100     7
  109 9270.058795  1281
  110 -1961.940126     0
  111 473.547135 12350
  112 4050.423761 -1920
  113 3064.178350 21527
  114 15838.626045 28488
  115 18360.197801 12613
  116 13643.588675 25599
  117 -2402.015740     3
  118 -15.641958     2
  119 11417.654977 11817
  120 -1627.550793     4
  121 4496.787514   876
  122 5508.551011 21854
  123 -566.340995     2
  124 10175.700291   546
  125 2491.010924 -1913
  126 2543.866661 32558
  127 101.972211 29437
  128 8905.145030 32051
  129 -878.743898     1
  130 96.075877 12216
  131 -1213.848908     7
  132 -1209.082427     0
  133 14326.257080 -1966
  134 9048.497222 16240
  135 -1248.157350     7
  136 12290.697185  3066
  137 8640.210721  3236
  138 5531.072640 -3156
  139 3524.963651 26575
  140 -495.717935     2
  141 878.222356 23859
  142 1558.933982 -2212
  143 10374.493180 15705
  144 5832.531757 14460
  145 -924.472586     6
  146 12769.395676 26421
  147 576.407448 10799
  148 -799.878141     2
  149 9491.802553 30348
  150 3874.705275 14927
  151 6082.879388 -2981
  152 4603.575960  4176
  153 1835.827518  3369
  154 555.495580 -3090
  155 2830.588201 -2741
  156 4867.430440 26851
  157 1801.761597 29251
  158 -1316.813137     2
  159 -198.836729     5
  160 1411.066371 13900
  161 -1023.338348     5
  162 -1369.627972     8
  163 3610.640509 18562
  164 -421.239470     1
  165 1622.693920 -2146
  166 -599.945518     7
  167 -1590.678353     3
  168 8345.668072 32150
  169 9175.864626 -2166
  170 -404.026328     1
  171 -1884.180701     1
  172 23076.733999 24598
  173 518.058422 14057
  174 12314.169445 -2884
  175 -320.333259     6
  176 -565.532887     3
  177 5397.463225 31434
  178 -397.002225     7
  179 5509.405624 11021
  180 23763.525799 19654
  181 9547.279622 31837
  182 -1123.742818     4
  183 9075.727220 14952
  184 3585.684858 26785
  185 1829.415424  6455
  186 16366.585667 -1650
  187 6107.770981 -2588
  188 -579.884670     0
  189 -2331.480937     0
  190 7656.817855 13760
  191 828.356457 -2091
  192 -178.741731     5
  193 8296.107591 29565
  194 12723.848307 -1681
  195 -520.605567     5
  196 11121.558661 -1684
  197 -969.249757     6
  198 223.354331 17659
  199 15576.379005 -3088
  200 7344.393085  6147
  201 5476.083194 30936
  202 11369.476077 26161
  203 -837.768495     4
  204 177.005697 29234
  205 -3053.967069     2
  206 4091.621774 12201
  207 -2170.948956     0
  208 1763.358859 -2474
  209 9945.843790 11251
  210 10313.856007 11128
  211 1358.403180 18494
  212 8026.141624 -1593
  213 935.400032 -2437
  214 -577.051568     2
  215 12322.946463 -1846
  216 7810.399875  1154
  217 997.913928 15143
  218 5809.001167 -3103
  219 18625.554708 16679
  220 7840.466072 -2764
  221 6778.362166  1476
  222 6298.521512 19127
  223 1370.157614  5680
  224 25663.327562  2168
  225 -1310.934019     4
  226 13105.874256 25072
  227 -896.554479     6
  228 18418.663245  3095
  229 -2424.597094     0
  230 228.722201 -3242
  231 7737.209120 11398
  232 -406.121581     7
  233 -271.208457     7
  234 -127.392715     3
  235 -1775.039103     3
  236 6209.542074 31779
  237 755.425300 25768
  238 -162.893591     4
  239 -516.270603     3
  240 -722.930649     5
  241 11362.199817  9045
  242 28574.886977 28477
  243 3270.841462 25507
  244 789.689501 27680
  245 338.450572  6344
  246 -222.132860     3
  247 5493.410937 -1812
  248 87.162110 -2751
  249 -2062.083973     2
  250 4545.831648 19993
  251 -1482.564968     9
  252 4066.441288   131
  253 1861.050588 26725
  254 2300.257690 -2571
  255 -1439.361265     4
  256 -61.527030     3
  257 1268.443725 -2715
  258 23646.077613 11874
  259 1933.520315 -2572
  260 -1923.388485     3
  261 -422.129275     2
  262 2376.371640 -2630
  263 -1433.972168     0
  264 8015.026513  1231
  265 1335.921414 13187
  266 2135.350828  7031
  267 2311.744159 -2424
  268 11323.628748 12441
  269 6137.379158 -2748
  270 5075.884915 27996
  271 9003.247575 20832
  272 69.409865 -2129
  273 -481.393002     0
  274 5826.200703  3973
  275 5801.751635  9596
  276 1905.038739 29864
  277 3478.250796  8226
  278 2829.904681  8125
  279 811.114156  1936
  280 17957.084861   519
  281 -1518.032920     3
  282 211.215039 20779
  283 74.512167  5897
  284 -334.167111     8
  285 -2234.719416     1
  286 -898.794052     7
  287 3994.233088 13467
  288 13755.165059 -2093
  289 12151.187474 -1755
  290 3208.625672 15224
  291 2548.770037 16581
  292 -895.336763     2
  293 4590.565763 -2489
  294 15805.218632 12038
  295 15628.768187 14498
  296 -1791.704762     1
  297 296.786634 -3250
  298 4602.007745 32570
  299 -1056.077056     9
  300 -2152.324811     5
