300
    1 4449.584162     1
    2 24782.993284 22552
    3 7518.047276 27863
    4 30546.646882 -1935
    5 1808.628464 -2497
    6 -872.577334     2
    7 3683.623799  7882
    8 13170.484348  5438
    9 6840.461135 -2390
   10 6133.946607  6863
   11 576.970588 -2493
   12 -2150.985967     6
   13 -582.251375     1
   14 -119.297398     8
   15 2911.425644 -3259
   16 14171.136199 24956
   17 4643.403414 -2849
   18 307.414825 -3232
   19 14737.236494 14573
   20 2213.648316 -3083
   21 -12.689149     2
   22 1370.970001 15275
   23 -1900.881665     8
   24 -652.023274     1
   25 -664.664104     1
   26 6645.334833 -2263
   27 163.959634 20395
   28 16633.166615 -3111
   29 -110.789764     3
   30 805.395301 14985
   31 4008.114644 10343
   32 -1044.986100     5
   33 -459.367568     3
   34 3361.856161 -2852
   35 -2296.200457     3
   36 2550.171792 21647
   37 3616.570183 -2309
   38 12784.192181  1257
   39 9830.903307 -3064
   40 16912.590737  2568
   41 -1812.944488     2
   42 4454.582992 15949
   43 2205.607597 13544
   44 6050.538463 23714
   45 -2401.048262     4
   46 2448.443808 10842
   47 8092.946701 15863
   48 -237.859051     9
   49 4725.107142 -3003
   50 4603.018389  1573
   51 -145.940502     9
   52 -944.740250     1
   53 14501.735154   314
   54 -1723.446930     1
   55 1178.158605 23513
   56 1053.931935 32017
   57 -1109.233010     4
   58 284.442210 -2540
   59 -14.953496     8
   60 11196.191077 31213
   61 -3016.652227     1
   62 1752.144026 31927
   63 3476.319590 31951
   64 -155.971338     5
   65 -1221.851134     9
   66 9843.832671 18283
   67 1522.552762 14765
   68 290.056803 27953
   69 4032.307086  4234
   70 15521.500183  6832
   71 37176.182283  6524
   72 10970.680588 -2711
   73 -357.328812     4
   74 -1132.385978     4
   75 52.445694 -2177
   76 -4229.404343     8
   77 17399.711556 21958
   78 10915.167369 -2390
   79 322.535585 -2423
   80 4341.600388 -2110
   81 1506.196899  3195
   82 83.522220  3101
   83 -469.621687     1
   84 -752.500090     9
   85 2551.966086  1250
   86 14006.788380 13695
   87 -2281.412333     1
   88 1433.017015 -2668
   89 -886.386745     4
   90 20973.029929 11841
   91 2862.779891  3905
   92 -1284.339813     0
   93 -502.637140     3
   94 341.955847 -2630
   95 198.883456 -2801
   96 1840.521057 20258
   97 -1176.028444     1
   98 270.439580 -2718
   99 13728.881884  7350
  100 11843.602854 -3230
  101 6334.763424  6709
  102 -923.830937     5
  103 -191.135833     2
  104 6040.063649 10814
  105 73.520510 -2651
  106 4125.975870  1080
  107 13846.169657 23377
  108 -116.230917     7
  109 3331.997981  1281
  110 -849.708607     0
  111 3465.523386 12350
  112 4372.174471 -1920
  113 9981.539075 21527
  114 479.587840 28488
  115 18690.236150 12613
  116 8761.535198 25599
  117 -1680.085800     3
  118 -879.743454     2
  119 8171.609360 11817
  120 -2349.351828     4
  121 18134.441361   876
  122 6251.572445 21854
  123 -1817.451645     2
  124 2226.642088   546
  125 3601.157154 -1913
  126 993.105196 32558
  127 16.444720 29437
  128 2120.556412 32051
  129 -624.092150     1
  130 110.812669 12216
  131 -23.637237     7
  132 -1376.582401     0
  133 3868.349297 -1966
  134 1843.385204 16240
  135 -1539.159815     7
  136 984.695260  3066
  137 9578.067738  3236
  138 23001.022801 -3156
  139 15908.439128 26575
  140 -601.268427     2
  141 130.579037 23859
  142 5729.451104 -2212
  143 10507.051186 15705
  144 10216.276701 14460
  145 -1749.609829     6
  146 6274.297757 26421
  147 1146.337273 10799
  148 -82.522254     2
  149 474.432587 30348
  150 9663.452367 14927
  151 4634.607898 -2981
  152 9894.151140  4176
  153 1773.120918  3369
  154 1800.978511 -3090
  155 3644.158522 -2741
  156 2341.667703 26851
  157 618.581890 29251
  158 -245.234992     2
  159 -806.775701     5
  160 1500.321367 13900
  161 -1393.444011     5
  162 -921.968398     8
  163 2100.881989 18562
  164 -839.547487     1
  165 96.279012 -2146
  166 -1255.082651     7
  167 -406.308107     3
  168 4419.523265 32150
  169 5654.313413 -2166
  170 -659.866562     1
  171 -1084.715699     1
  172 13842.135988 24598
  173 4772.669572 14057
  174 7083.942277 -2884
  175 -152.114509     6
  176 -3015.924367     3
  177 342.529077 31434
  178 -1369.585218     7
  179 9588.129559 11021
  180 5293.560616 19654
  181 107.642416 31837
  182 -117.772087     4
  183 18222.656581 14952
  184 825.077713 26785
  185 8070.248361  6455
  186 3220.626652 -1650
  187 2621.248487 -2588
  188 -315.420037     0
  189 -433.306050     0
  190 10986.682785 13760
  191 700.668149 -2091
  192 -524.404524     5
  193 1814.747337 29565
  194 1592.829254 -1681
  195 -573.785116     5
  196 7794.694943 -1684
  197 -666.503485     6
  198 159.803944 17659
  199 8271.248900 -3088
  200 367.940799  6147
  201 13269.738208 30936
  202 6616.644808 26161
  203 -996.915173     4
  204 284.605352 29234
  205 -420.296633     2
  206 14833.231519 12201
  207 -3860.927141     0
  208 5565.862461 -2474
  209 2586.490150 11251
  210 10152.519954 11128
  211 2285.782290 18494
  212 23485.186625 -1593
  213 464.264420 -2437
  214 -568.689777     2
  215 5016.979405 -1846
  216 4505.354518  1154
  217 7315.191409 15143
  218 13987.249701 -3103
  219 1850.721455 16679
  220 5320.274848 -2764
  221 14757.610446  1476
  222 23133.098455 19127
  223 1949.847878  5680
  224 12116.370985  2168
  225 -648.872250     4
  226 4546.203385 25072
  227 -1506.039923     6
  228 2610.181543  3095
  229 -197.078104     0
  230 2042.139100 -3242
  231 9139.129436 11398
  232 -70.138949     7
  233 -970.229378     7
  234 -215.912138     3
  235 -806.038476     3
  236 4407.791899 31779
  237 3114.099620 25768
  238 -803.073410     4
  239 -478.628625     3
  240 -247.874073     5
  241 11341.522013  9045
  242 11512.049200 28477
  243 2297.814362 25507
  244 1170.859112 27680
  245 5799.873171  6344
  246 -1354.355226     3
  247 13753.797009 -1812
  248 42.311231 -2751
  249 -1899.622578     2
  250 2522.604428 19993
  251 -1501.076997     9
  252 6010.537257   131
  253 3529.163870 26725
  254 1282.182344 -2571
  255 -848.254667     4
  256 -1482.614147     3
  257 5946.401323 -2715
  258 8678.627165 11874
  259 2026.060154 -2572
  260 -886.092670     3
  261 -839.861884     2
  262 9355.444338 -2630
  263 -174.141551     0
  264 4693.051487  1231
  265 1483.871796 13187
  266 1575.355349  7031
  267 10020.921170 -2424
  268 12717.407315 12441
  269 11600.615008 -2748
  270 6152.045350 27996
  271 8481.676873 20832
  272 3777.792865 -2129
  273 -298.330702     0
  274 13159.101649  3973
  275 2485.732484  9596
  276 276.867848 29864
  277 7517.936912  8226
  278 4262.600891  8125
  279 3223.815946  1936
  280 4142.398182   519
  281 -1203.006663     3
  282 2025.400447 20779
  283 62.211756  5897
  284 -318.106481     8
  285 -37.259646     1
  286 -536.573660     7
  287 759.192802 13467
  288 14808.505661 -2093
  289 2241.424707 -1755
  290 162.048657 15224
  291 12034.728855 16581
  292 -2.743498     2
  293 13665.429836 -2489
  294 1452.616755 12038
  295 8442.815224 14498
  296 -2721.324258     1
  297 370.712130 -3250
  298 26414.578914 32570
  299 -104.090295     9
  300 -1346.560656     5
