300
    1 1774.017946     1
    2 8399.729814 22552
    3 11071.652183 27863
    4 9836.431753 -1935
    5 373.041684 -2497
    6 -489.986068     2
    7 847.666234  7882
    8 5777.521268  5438
    9 874.367032 -2390
   10 29735.656033  6863
   11 415.152944 -2493
   12 -869.528356     6
   13 -430.437300     1
   14 -294.953428     8
   15 506.746374 -3259
   16 9382.116022 24956
   17 447.616645 -2849
   18 198.083846 -3232
   19 2766.165858 14573
   20 3496.006380 -3083
   21 -1290.133757     2
   22 9361.248704 15275
   23 -193.278951     8
   24 -1445.906387     1
   25 -875.616618     1
   26 564.530557 -2263
   27 728.174821 20395
   28 549.963183 -3111
   29 -914.928331     3
   30 471.331270 14985
   31 11095.082760 10343
   32 -2697.089682     5
   33 -1181.952473     3
   34 2947.911124 -2852
   35 -2152.898776     3
   36 4156.257806 21647
   37 10385.726697 -2309
   38 14383.551800  1257
   39 8234.628205 -3064
   40 24993.001016  2568
   41 -623.500981     2
   42 1171.661520 15949
   43 161.100296 13544
   44 5222.674014 23714
   45 -263.503921     4
   46 4005.612505 10842
   47 18338.966238 15863
   48 -135.578731     9
   49 3973.326881 -3003
   50 12674.323530  1573
   51 -1542.871612     9
   52 -2548.293107     1
   53 12493.742076   314
   54 -3120.291798     1
   55 3755.517496 23513
   56 9773.871743 32017
   57 -556.260086     4
   58 15.437342 -2540
   59 -229.282884     8
   60 8408.004398 31213
   61 -429.481090     1
   62 27780.342606 31927
   63 1389.474779 31951
   64 -638.303645     5
   65 -48.304483     9
   66 10984.662434 18283
   67 12072.930249 14765
   68 1405.698872 27953
   69 1004.191722  4234
   70 28577.969786  6832
   71 3365.310485  6524
   72 13306.591596 -2711
   73 -240.527256     4
   74 -2891.450889     4
   75 71.712445 -2177
   76 -2577.790180     8
   77 5504.557097 21958
   78 323.724608 -2390
   79 194.711120 -2423
   80 994.634779 -2110
   81 1606.850345  3195
   82 1309.208940  3101
   83 -20.532512     1
   84 -146.676114     9
   85 2572.433456  1250
   86 1235.341305 13695
   87 -406.077814     1
   88 1131.494665 -2668
   89 -1496.739939     4
   90 1283.688589 11841
   91 1876.340283  3905
   92 -2799.914940     0
   93 -1549.321298     3
   94 2698.435690 -2630
   95 17.315586 -2801
   96 5805.468465 20258
   97 -921.216326     1
   98 3570.330517 -2718
   99 7322.597128  7350
  100 8623.027032 -3230
  101 3646.225852  6709
  102 -2644.021972     5
  103 -2193.315376     2
  104 10282.552825 10814
  105 79.949881 -2651
  106 1232.791441  1080
  107 7838.767460 23377
  108 -691.803411     7
  109 32528.685003  1281
  110 -32.112345     0
  111 475.474279 12350
  112 23221.048756 -1920
  113 3801.376422 21527
  114 1362.812407 28488
  115 3868.893650 12613
  116 814.874341 25599
  117 -2569.217670     3
  118 -536.511602     2
  119 451.340937 11817
  120 -518.772188     4
  121 5518.025128   876
  122 3691.520033 21854
  123 -1485.068998     2
  124 18290.918057   546
  125 5251.529955 -1913
  126 5982.101308 32558
  127 26.242981 29437
  128 19029.175748 32051
  129 -779.295201     1
  130 23.319033 12216
  131 -736.769724     7
  132 -258.156004     0
  133 593.964343 -1966
  134 29585.129980 16240
  135 -466.604214     7
  136 16357.812356  3066
  137 2715.294922  3236
  138 7344.377497 -3156
  139 13659.886980 26575
  140 -2166.987455     2
  141 120.612207 23859
  142 5885.500000 -2212
  143 6103.215384 15705
  144 10010.456098 14460
  145 -2122.330924     6
  146 11320.692558 26421
  147 339.528070 10799
  148 -2019.950441     2
  149 6652.696694 30348
  150 3067.278220 14927
  151 10357.674293 -2981
  152 16875.262306  4176
  153 754.455220  3369
  154 8694.101533 -3090
  155 1787.944224 -2741
  156 4646.735649 26851
  157 588.338917 29251
  158 -1144.312578     2
  159 -901.070453     5
  160 4463.905224 13900
  161 -870.290640     5
  162 -14.064990     8
  163 2435.444556 18562
  164 -1466.761808     1
  165 2099.675262 -2146
  166 -3312.483297     7
  167 -144.699414     3
  168 3113.308943 32150
  169 441.182488 -2166
  170 -407.421775     1
  171 -1476.287104     1
  172 12906.419508 24598
  173 6168.154454 14057
  174 14462.953821 -2884
  175 -308.821786     6
  176 -2050.793574     3
  177 1850.527577 31434
  178 -1183.985030     7
  179 5740.360920 11021
  180 17377.247888 19654
  181 20104.166372 31837
  182 -213.951562     4
  183 15827.822987 14952
  184 2415.732430 26785
  185 5491.241678  6455
  186 31968.854814 -1650
  187 1538.964505 -2588
  188 -431.941026     0
  189 -815.971826     0
  190 9373.132945 13760
  191 1178.255748 -2091
  192 -2806.066046     5
  193 5982.739063 29565
  194 2797.108889 -1681
  195 -1621.121918     5
  196 7816.690906 -1684
  197 -506.199004     6
  198 1347.663146 17659
  199 12601.836134 -3088
  200 8321.658459  6147
  201 11433.077219 30936
  202 5686.660284 26161
  203 -2522.456916     4
  204 96.401250 29234
  205 -314.090856     2
  206 283.917585 12201
  207 -1962.875091     0
  208 7531.737819 -2474
  209 4374.707002 11251
  210 8968.803998 11128
  211 2800.395719 18494
  212 1530.523737 -1593
  213 1465.425485 -2437
  214 -198.829793     2
  215 4532.738244 -1846
  216 7059.725062  1154
  217 10363.912439 15143
  218 1188.963518 -3103
  219 6777.401662 16679
  220 31168.654650 -2764
  221 5016.993617  1476
  222 10061.265319 19127
  223 273.481387  5680
  224 6161.545752  2168
  225 -1666.448845     4
  226 3990.577210 25072
  227 -1744.239033     6
  228 18639.213106  3095
  229 -2047.920704     0
  230 940.824436 -3242
  231 2107.643852 11398
  232 -711.425315     7
  233 -498.646865     7
  234 -1532.191941     3
  235 -74.044821     3
  236 1842.698464 31779
  237 4211.372507 25768
  238 -904.840584     4
  239 -1494.294859     3
  240 -556.867968     5
  241 39088.254584  9045
  242 2157.979747 28477
  243 4226.728551 25507
  244 2407.272166 27680
  245 17959.800300  6344
  246 -1739.074664     3
  247 16648.589595 -1812
  248 446.604035 -2751
  249 -706.889895     2
  250 6423.167516 19993
  251 -865.547341     9
  252 799.543539   131
  253 2688.437312 26725
  254 30614.782066 -2571
  255 -700.467400     4
  256 -411.554286     3
  257 8334.958662 -2715
  258 45750.360072 11874
  259 7139.903787 -2572
  260 -295.703341     3
  261 -53.395811     2
  262 25508.108833 -2630
  263 -2659.660191     0
  264 9734.315609  1231
  265 2975.725868 13187
  266 3481.317831  7031
  267 3591.721708 -2424
  268 9703.823150 12441
  269 1074.230417 -2748
  270 8005.945699 27996
  271 3378.649436 20832
  272 435.191250 -2129
  273 -53.790556     0
  274 14569.777309  3973
  275 240.105120  9596
  276 678.728687 29864
  277 8505.046561  8226
  278 970.922337  8125
  279 3868.601289  1936
  280 1464.231545   519
  281 -1461.433005     3
  282 3546.105178 20779
  283 128.427791  5897
  284 -381.720700     8
  285 -261.898044     1
  286 -405.383231     7
  287 1507.580380 13467
  288 5717.679161 -2093
  289 6138.364048 -1755
  290 2276.522193 15224
  291 4707.252815 16581
  292 -740.539154     2
  293 8770.834812 -2489
  294 10189.345794 12038
  295 25611.895145 14498
  296 -102.247056     1
  297 672.447167 -3250
  298 15565.992314 32570
  299 -411.855233     9
  300 -643.472811     5
