300
    1 1550.601743     1
    2 244.993974 22552
    3 1542.103556 27863
    4 7953.939845 -1935
    5 2036.997680 -2497
    6 -216.336780     2
    7 3722.367013  7882
    8 9837.169174  5438
    9 3573.906300 -2390
   10 6024.597791  6863
   11 691.764462 -2493
   12 -295.842472     6
   13 -1196.754941     1
   14 -235.210490     8
   15 16750.810862 -3259
   16 2973.521680 24956
   17 5962.922535 -2849
   18 140.018009 -3232
   19 3341.198497 14573
   20 1223.376769 -3083
   21 -2323.819812     2
   22 9995.829955 15275
   23 -1926.804685     8
   24 -466.717437     1
   25 -701.629308     1
   26 1758.433348 -2263
   27 20459.283383 20395
   28 10049.594431 -3111
   29 -1235.265270     3
   30 781.502181 14985
   31 8918.878049 10343
   32 -1844.965256     5
   33 -1200.279405     3
   34 3981.139175 -2852
   35 -671.985202     3
   36 19228.069942 21647
   37 12353.764024 -2309
   38 192.710308  1257
   39 5149.884408 -3064
   40 3698.520094  2568
   41 -1142.205269     2
   42 4350.745716 15949
   43 6825.639668 13544
   44 3589.329599 23714
   45 -810.528691     4
   46 1796.368550 10842
   47 1878.124686 15863
   48 -454.931086     9
   49 12314.214399 -3003
   50 11418.882507  1573
   51 -1406.803353     9
   52 -2264.029319     1
   53 2822.041633   314
   54 -526.912872     1
   55 5164.392790 23513
   56 8871.826020 32017
   57 -2096.990858     4
   58 1641.305702 -2540
   59 -358.286590     8
   60 12377.115591 31213
   61 -592.779170     1
   62 7683.345780 31927
   63 31906.423156 31951
   64 -95.622398     5
   65 -657.137280     9
   66 5762.764452 18283
   67 11971.864223 14765
   68 787.000105 27953
   69 2672.260598  4234
   70 6791.081025  6832
   71 7238.071797  6524
   72 5346.655730 -2711
   73 -1508.551175     4
   74 -207.415524     4
   75 83.478333 -2177
   76 -1403.083944     8
   77 2443.837684 21958
   78 2994.030704 -2390
   79 487.674918 -2423
   80 2562.674057 -2110
   81 992.122439  3195
   82 939.586040  3101
   83 -2982.277710     1
   84 -321.896252     9
   85 8899.014880  1250
   86 8845.006955 13695
   87 -1425.254606     1
   88 11368.734478 -2668
   89 -2590.376813     4
   90 10182.116308 11841
   91 7613.371935  3905
   92 -1167.395147     0
   93 -1508.616938     3
   94 219.248773 -2630
   95 123.406663 -2801
   96 2488.879683 20258
   97 -1886.860954     1
   98 7082.188131 -2718
   99 20466.437907  7350
  100 1734.443765 -3230
  101 3515.694851  6709
  102 -1582.230539     5
  103 -110.816722     2
  104 1562.125507 10814
  105 27.585139 -2651
  106 3949.282661  1080
  107 15551.995801 23377
  108 -813.442522     7
  109 15083.739818  1281
  110 -180.184877     0
  111 3166.151614 12350
  112 12404.107092 -1920
  113 2603.882884 21527
  114 4801.223110 28488
  115 2453.479078 12613
  116 2777.525782 25599
  117 -1368.051979     3
  118 -807.609032     2
  119 19657.237476 11817
  120 -645.481312     4
  121 17269.686051   876
  122 6233.541550 21854
  123 -2005.640025     2
  124 5894.794664   546
  125 6231.052081 -1913
  126 721.692953 32558
  127 37.045634 29437
  128 12491.537108 32051
  129 -2540.311320     1
  130 55.843639 12216
  131 -513.062104     7
  132 -1218.145903     0
  133 4549.211085 -1966
  134 9661.188769 16240
  135 -620.789567     7
  136 10117.695678  3066
  137 2979.417383  3236
  138 10102.593112 -3156
  139 16238.874255 26575
  140 -1115.437195     2
  141 877.248314 23859
  142 2431.414801 -2212
  143 9511.546906 15705
  144 5593.243002 14460
  145 -227.933305     6
  146 2797.177870 26421
  147 823.579588 10799
  148 -1204.891457     2
  149 13231.073187 30348
  150 7430.190075 14927
  151 9189.461985 -2981
  152 2378.736943  4176
  153 1075.953898  3369
  154 4270.504621 -3090
  155 7246.243433 -2741
  156 6437.326794 26851
  157 498.890749 29251
  158 -1005.595351     2
  159 -1146.265012     5
  160 2596.884425 13900
  161 -1406.819022     5
  162 -241.561604     8
  163 1315.504532 18562
  164 -392.872594     1
  165 4334.917716 -2146
  166 -833.277804     7
  167 -797.031339     3
  168 2636.153376 32150
  169 2943.107834 -2166
  170 -322.486228     1
  171 -27.506632     1
  172 14878.112647 24598
  173 1489.736510 14057
  174 9650.988122 -2884
  175 -2745.674254     6
  176 -717.402325     3
  177 4295.245042 31434
  178 -1504.933233     7
  179 6749.448196 11021
  180 5658.341600 19654
  181 4379.192520 31837
  182 -1082.921773     4
  183 11207.672693 14952
  184 2352.955974 26785
  185 9261.261979  6455
  186 3964.062096 -1650
  187 1241.179772 -2588
  188 -612.633386     0
  189 -1374.642698     0
  190 22782.295315 13760
  191 1412.409510 -2091
  192 -898.318236     5
  193 4023.850555 29565
  194 8099.326506 -1681
  195 -342.619716     5
  196 22981.791189 -1684
  197 -137.720555     6
  198 12698.349453 17659
  199 21090.496223 -3088
  200 10535.267624  6147
  201 3308.168697 30936
  202 18929.139790 26161
  203 -2874.411814     4
  204 688.464472 29234
  205 -3553.905375     2
  206 12134.207893 12201
  207 -2789.225205     0
  208 9743.426757 -2474
  209 2195.187755 11251
  210 12680.943387 11128
  211 551.529354 18494
  212 751.697752 -1593
  213 171.451695 -2437
  214 -417.573456     2
  215 899.743690 -1846
  216 12869.262824  1154
  217 564.701290 15143
  218 8481.132429 -3103
  219 2738.764009 16679
  220 10207.105945 -2764
  221 10335.244081  1476
  222 13076.064978 19127
  223 1281.132279  5680
  224 8390.050720  2168
  225 -1238.800506     4
  226 11720.214820 25072
  227 -1174.903165     6
  228 11756.199247  3095
  229 -2336.524611     0
  230 1158.588013 -3242
  231 11595.900986 11398
  232 -1000.249891     7
  233 -815.885851     7
  234 -491.523216     3
  235 -1336.842242     3
  236 2884.999500 31779
  237 2133.796986 25768
  238 -1136.606690     4
  239 -24.702568     3
  240 -1857.349044     5
  241 18768.565926  9045
  242 4912.353543 28477
  243 6696.913703 25507
  244 2203.593931 27680
  245 20919.595827  6344
  246 -28.713836     3
  247 7714.616647 -1812
  248 179.666007 -2751
  249 -261.512765     2
  250 1276.745637 19993
  251 -1924.181035     9
  252 8601.608973   131
  253 4476.344373 26725
  254 7977.508567 -2571
  255 -1643.998140     4
  256 -142.643921     3
  257 5050.926127 -2715
  258 12993.112361 11874
  259 15383.773962 -2572
  260 -534.070121     3
  261 -89.997152     2
  262 2128.576862 -2630
  263 -1129.352495     0
  264 12103.741202  1231
  265 4463.513080 13187
  266 678.623509  7031
  267 2696.103915 -2424
  268 8578.968061 12441
  269 8829.449945 -2748
  270 9988.100186 27996
  271 24081.329302 20832
  272 205.680136 -2129
  273 -779.567785     0
  274 12343.836678  3973
  275 1075.354239  9596
  276 5145.315282 29864
  277 14718.600193  8226
  278 2605.861686  8125
  279 1310.783928  1936
  280 12429.174157   519
  281 -2208.787260     3
  282 851.324716 20779
  283 55.639755  5897
  284 -670.250504     8
  285 -1838.288453     1
  286 -372.655546     7
  287 3042.970758 13467
  288 7150.229608 -2093
  289 11832.310659 -1755
  290 1693.479128 15224
  291 4398.513463 16581
  292 -370.230957     2
  293 8410.444599 -2489
  294 17461.916705 12038
  295 6115.208723 14498
  296 -658.956715     1
  297 171.185029 -3250
  298 11823.363365 32570
  299 -1115.640019     9
  300 -1307.939857     5
