300
    1 1579.257276     1
    2 26066.366820 22552
    3 5578.423293 27863
    4 8438.784697 -1935
    5 882.031732 -2497
    6 -976.359055     2
    7 13725.395996  7882
    8 6861.461702  5438
    9 8493.056471 -2390
   10 26779.647579  6863
   11 742.866717 -2493
   12 -2108.994408     6
   13 -1598.593341     1
   14 -1081.925803     8
   15 9139.887332 -3259
   16 8662.675315 24956
   17 450.814222 -2849
   18 883.678251 -3232
   19 8567.356493 14573
   20 234.187623 -3083
   21 -245.290427     2
   22 11960.370144 15275
   23 -704.797580     8
   24 -511.638381     1
   25 -1309.461989     1
   26 5902.968018 -2263
   27 1712.847123 20395
   28 4452.786690 -3111
   29 -2570.824360     3
   30 227.402003 14985
   31 16122.059659 10343
   32 -2166.088705     5
   33 -565.276665     3
   34 14553.247016 -2852
   35 -1580.851174     3
   36 13802.100326 21647
   37 1151.885667 -2309
   38 3315.157069  1257
   39 7447.840365 -3064
   40 980.274217  2568
   41 -269.171803     2
   42 2947.194563 15949
   43 4778.615270 13544
   44 7622.919112 23714
   45 -2637.104706     4
   46 2788.689414 10842
   47 7008.490781 15863
   48 -1488.941900     9
   49 9822.586217 -3003
   50 2809.724691  1573
   51 -285.871468     9
   52 -2195.641938     1
   53 4890.089628   314
   54 -1396.213099     1
   55 571.442909 23513
   56 5701.827864 32017
   57 -520.624346     4
   58 1644.125721 -2540
   59 -39.677356     8
   60 6591.939695 31213
   61 -3775.138893     1
   62 9031.958058 31927
   63 8887.016822 31951
   64 -1463.470603     5
   65 -733.179590     9
   66 333.753309 18283
   67 934.583407 14765
   68 1380.689458 27953
   69 1083.888939  4234
   70 9522.115654  6832
   71 7178.868941  6524
   72 3419.216043 -2711
   73 -1275.716708     4
   74 -1496.377546     4
   75 78.808780 -2177
   76 -4614.443192     8
   77 9670.582798 21958
   78 17527.205851 -2390
   79 65.766218 -2423
   80 180.757112 -2110
   81 33.427271  3195
   82 125.629291  3101
   83 -238.386062     1
   84 -2134.772047     9
   85 6700.155509  1250
   86 1682.494277 13695
   87 -830.139040     1
   88 16844.227296 -2668
   89 -1161.076986     4
   90 28597.706906 11841
   91 6194.947227  3905
   92 -3658.250819     0
   93 -682.144199     3
   94 2038.840420 -2630
   95 157.130424 -2801
   96 1306.632952 20258
   97 -2885.555137     1
   98 8165.844844 -2718
   99 1388.486472  7350
  100 7931.759272 -3230
  101 3006.465263  6709
  102 -2527.808093     5
  103 -558.392671     2
  104 17361.781347 10814
  105 49.981916 -2651
  106 22197.660518  1080
  107 2136.046439 23377
  108 -855.179903     7
  109 7367.642872  1281
  110 -1397.795301     0
  111 347.367631 12350
  112 11720.536321 -1920
  113 5599.826036 21527
  114 14504.315703 28488
  115 13038.379355 12613
  116 22864.432672 25599
  117 -204.022961     3
  118 -951.301664     2
  119 4482.247550 11817
  120 -2023.401483     4
  121 2921.403498   876
  122 7155.177966 21854
  123 -907.957535     2
  124 22950.024977   546
  125 512.276137 -1913
  126 295.815579 32558
  127 19.975160 29437
  128 573.908201 32051
  129 -1275.274123     1
  130 172.972996 12216
  131 -34.788179     7
  132 -970.618710     0
  133 6626.739197 -1966
  134 2460.745931 16240
  135 -60.016221     7
  136 17832.543361  3066
  137 219.011119  3236
  138 3804.556436 -3156
  139 377.151125 26575
  140 -1596.067173     2
  141 2112.585785 23859
  142 1032.201328 -2212
  143 1075.922662 15705
  144 2736.468022 14460
  145 -544.825422     6
  146 17600.180902 26421
  147 3.823962 10799
  148 -190.882333     2
  149 4158.150617 30348
  150 1550.901987 14927
  151 2320.901906 -2981
  152 368.675846  4176
  153 97.702210  3369
  154 3965.168281 -3090
  155 5225.907964 -2741
  156 2772.032446 26851
  157 1447.091898 29251
  158 -2896.107822     2
  159 -157.046760     5
  160 4708.790536 13900
  161 -77.486842     5
  162 -25.267625     8
  163 1180.776044 18562
  164 -109.654838     1
  165 225.039064 -2146
  166 -2482.209743     7
  167 -2640.488374     3
  168 12967.441392 32150
  169 2690.524164 -2166
  170 -2077.515390     1
  171 -680.634846     1
  172 4579.759494 24598
  173 710.979148 14057
  174 16697.983498 -2884
  175 -747.507898     6
  176 -1252.326265     3
  177 926.106645 31434
  178 -160.811854     7
  179 820.954572 11021
  180 7224.319607 19654
  181 22231.265731 31837
  182 -247.457174     4
  183 1467.603029 14952
  184 5262.165001 26785
  185 2357.647947  6455
  186 8219.360434 -1650
  187 3739.776725 -2588
  188 -1506.804227     0
  189 -300.447115     0
  190 15531.108564 13760
  191 419.536418 -2091
  192 -597.999919     5
  193 1557.868317 29565
  194 1028.121482 -1681
  195 -503.325814     5
  196 1396.270397 -1684
  197 -686.885722     6
  198 10471.708964 17659
  199 19569.940009 -3088
  200 9435.173244  6147
  201 5033.061929 30936
  202 26194.339174 26161
  203 -1217.238014     4
  204 53.407309 29234
  205 -387.875347     2
  206 2292.941231 12201
  207 -1054.857242     0
  208 3044.834095 -2474
  209 4023.226005 11251
  210 2412.725482 11128
  211 620.064950 18494
  212 28543.410026 -1593
  213 3555.936839 -2437
  214 -539.463920     2
  215 1526.432692 -1846
  216 8639.754923  1154
  217 1930.625140 15143
  218 3861.040678 -3103
  219 11741.692903 16679
  220 7603.027689 -2764
  221 28895.560027  1476
  222 4449.909022 19127
  223 2336.285722  5680
  224 27333.531376  2168
  225 -208.308795     4
  226 25453.739504 25072
  227 -328.642529     6
  228 5807.668935  3095
  229 -124.213243     0
  230 660.359848 -3242
  231 4055.875236 11398
  232 -1696.041098     7
  233 -281.798752     7
  234 -820.485858     3
  235 -537.505295     3
  236 1269.521574 31779
  237 1484.040822 25768
  238 -408.353255     4
  239 -618.057069     3
  240 -2258.811056     5
  241 17252.188587  9045
  242 18046.585074 28477
  243 17524.996539 25507
  244 7968.094222 27680
  245 22718.587261  6344
  246 -1193.214082     3
  247 2098.930177 -1812
  248 277.674356 -2751
  249 -115.407296     2
  250 15237.780359 19993
  251 -555.824755     9
  252 20290.916050   131
  253 4828.671968 26725
  254 3508.922019 -2571
  255 -1426.733987     4
  256 -60.083272     3
  257 1084.760958 -2715
  258 2410.461863 11874
  259 4164.318821 -2572
  260 -212.622785     3
  261 -604.409692     2
  262 2280.745883 -2630
  263 -684.806826     0
  264 12916.581697  1231
  265 1303.338926 13187
  266 42.828491  7031
  267 10092.450633 -2424
  268 16246.924444 12441
  269 3950.284205 -2748
  270 11749.997587 27996
  271 2013.589744 20832
  272 2172.252069 -2129
  273 -595.092323     0
  274 14168.229209  3973
  275 1883.643934  9596
  276 12299.164235 29864
  277 3212.906417  8226
  278 2122.346428  8125
  279 720.483822  1936
  280 13926.677601   519
  281 -1302.497395     3
  282 3986.571717 20779
  283 62.341834  5897
  284 -1685.439417     8
  285 -2094.443939     1
  286 -925.907526     7
  287 2448.828592 13467
  288 19660.165721 -2093
  289 7263.493492 -1755
  290 1323.358367 15224
  291 555.364965 16581
  292 -249.507417     2
  293 7242.604682 -2489
  294 7305.390079 12038
  295 21987.749406 14498
  296 -2020.129268     1
  297 567.028510 -3250
  298 2334.896603 32570
  299 -948.485241     9
  300 -1410.501095     5
