300
    1 167.911035     1
    2 860.667168 22552
    3 125.771879 27863
    4 4122.418505 -1935
    5 3307.143943 -2497
    6 -1545.426391     2
    7 8585.304499  7882
    8 18296.940997  5438
    9 3551.883322 -2390
   10 13654.103413  6863
   11 417.166111 -2493
   12 -429.063530     6
   13 -983.083207     1
   14 -3167.864757     8
   15 14115.933991 -3259
   16 10271.199645 24956
   17 6726.751916 -2849
   18 209.999341 -3232
   19 8437.921679 14573
   20 20007.053043 -3083
   21 -888.537549     2
   22 2624.346497 15275
   23 -410.192550     8
   24 -412.191854     1
   25 -175.845934     1
   26 3442.856417 -2263
   27 11943.051849 20395
   28 1116.383137 -3111
   29 -1219.347542     3
   30 1631.421776 14985
   31 19882.234436 10343
   32 -890.321323     5
   33 -1783.289087     3
   34 11267.486946 -2852
   35 -827.201229     3
   36 12097.358940 21647
   37 969.596589 -2309
   38 1516.618114  1257
   39 2983.266288 -3064
   40 8493.531364  2568
   41 -1430.213410     2
   42 14376.612727 15949
   43 2031.820939 13544
   44 477.802107 23714
   45 -1503.873400     4
   46 2918.593493 10842
   47 15765.388880 15863
   48 -255.447966     9
   49 1092.361825 -3003
   50 1815.685800  1573
   51 -545.543562     9
   52 -755.552437     1
   53 24509.780745   314
   54 -191.629322     1
   55 3406.834961 23513
   56 3410.904746 32017
   57 -1534.025983     4
   58 3849.044453 -2540
   59 -1892.270885     8
   60 15183.620333 31213
   61 -1074.518181     1
   62 8736.172210 31927
   63 607.853277 31951
   64 -478.018549     5
   65 -945.212571     9
   66 4649.671815 18283
   67 11395.566224 14765
   68 947.892464 27953
   69 176.270530  4234
   70 4880.050973  6832
   71 7845.180553  6524
   72 9146.772499 -2711
   73 -1621.234748     4
   74 -574.180616     4
   75 84.692838 -2177
   76 -843.961786     8
   77 15313.569570 21958
   78 6060.319878 -2390
   79 283.430324 -2423
   80 749.615152 -2110
   81 634.648937  3195
   82 1285.399773  3101
   83 -619.477894     1
   84 -572.125981     9
   85 10949.570021  1250
   86 4849.854487 13695
   87 -847.881536     1
   88 10488.260185 -2668
   89 -1292.467644     4
   90 16225.252142 11841
   91 4022.133159  3905
   92 -919.831603     0
   93 -1181.848569     3
   94 1888.192416 -2630
   95 454.160572 -2801
   96 1110.216373 20258
   97 -1199.379346     1
   98 6900.462811 -2718
   99 2136.765035  7350
  100 13966.044284 -3230
  101 2935.511636  6709
  102 -1619.788400     5
  103 -1280.782761     2
  104 6793.383674 10814
  105 22.260075 -2651
  106 4350.337352  1080
  107 9031.082408 23377
  108 -647.044832     7
  109 14900.727485  1281
  110 -1040.678794     0
  111 526.342405 12350
  112 2124.293886 -1920
  113 6017.125117 21527
  114 10383.517852 28488
  115 28093.440797 12613
  116 37.362088 25599
  117 -713.341330     3
  118 -512.513060     2
  119 948.946938 11817
  120 -95.551929     4
  121 23359.050540   876
  122 2432.473374 21854
  123 -934.238521     2
  124 5533.043884   546
  125 391.702588 -1913
  126 534.320510 32558
  127 14.463040 29437
  128 4123.599326 32051
  129 -860.993196     1
  130 83.232022 12216
  131 -199.705576     7
  132 -762.859955     0
  133 7822.462059 -1966
  134 13392.876311 16240
  135 -163.812412     7
  136 5615.809577  3066
  137 5899.061006  3236
  138 6198.192116 -3156
  139 14562.890669 26575
  140 -1470.403745     2
  141 6166.306446 23859
  142 129.530260 -2212
  143 7979.491562 15705
  144 11790.858110 14460
  145 -1921.221922     6
  146 9406.532137 26421
  147 2459.139129 10799
  148 -2438.762326     2
  149 6320.783102 30348
  150 20991.760358 14927
  151 2919.009746 -2981
  152 9785.937067  4176
  153 636.642664  3369
  154 2721.749460 -3090
  155 4334.589710 -2741
  156 1067.889278 26851
  157 1835.968275 29251
  158 -918.875216     2
  159 -848.114755     5
  160 5926.376343 13900
  161 -23.059748     5
  162 -589.083672     8
  163 718.526276 18562
  164 -1408.874007     1
  165 358.839156 -2146
  166 -30.467627     7
  167 -849.719517     3
  168 1193.501321 32150
  169 2322.673624 -2166
  170 -1162.659795     1
  171 -56.558581     1
  172 10757.173081 24598
  173 1840.293157 14057
  174 8892.404596 -2884
  175 -358.233077     6
  176 -447.350183     3
  177 1487.766614 31434
  178 -240.191331     7
  179 9166.335852 11021
  180 3859.171078 19654
  181 2386.723936 31837
  182 -573.834891     4
  183 2693.572999 14952
  184 10598.572415 26785
  185 4955.759750  6455
  186 10055.215488 -1650
  187 4913.035789 -2588
  188 -493.519775     0
  189 -334.676478     0
  190 7748.777984 13760
  191 2604.100722 -2091
  192 -53.774984     5
  193 5151.826760 29565
  194 7514.032518 -1681
  195 -3018.343334     5
  196 16725.888351 -1684
  197 -974.555802     6
  198 6471.226265 17659
  199 2292.889497 -3088
  200 2685.352462  6147
  201 1087.788784 30936
  202 42598.359034 26161
  203 -332.566016     4
  204 565.992469 29234
  205 -512.537537     2
  206 2014.235447 12201
  207 -1589.347496     0
  208 2668.836387 -2474
  209 1765.693788 11251
  210 11963.480980 11128
  211 582.488076 18494
  212 24441.885542 -1593
  213 434.860840 -2437
  214 -258.663643     2
  215 4729.064209 -1846
  216 557.447059  1154
  217 1195.228712 15143
  218 20760.810031 -3103
  219 9522.434646 16679
  220 3950.669395 -2764
  221 14736.288678  1476
  222 1346.047601 19127
  223 1081.909478  5680
  224 11954.761228  2168
  225 -1536.324609     4
  226 11651.895271 25072
  227 -233.202934     6
  228 3586.183369  3095
  229 -670.409819     0
  230 1677.284045 -3242
  231 17507.765580 11398
  232 -686.021679     7
  233 -638.352472     7
  234 -412.464763     3
  235 -1158.767977     3
  236 6677.020484 31779
  237 2325.155634 25768
  238 -262.891619     4
  239 -379.184576     3
  240 -1025.128258     5
  241 16511.145284  9045
  242 579.649678 28477
  243 7002.954391 25507
  244 2458.238207 27680
  245 3094.718871  6344
  246 -1085.844004     3
  247 4579.051703 -1812
  248 23.202950 -2751
  249 -467.058666     2
  250 1176.963251 19993
  251 -69.790908     9
  252 13500.610260   131
  253 7010.458213 26725
  254 20347.573839 -2571
  255 -1209.575042     4
  256 -1742.297527     3
  257 4442.314445 -2715
  258 7284.094099 11874
  259 7311.266857 -2572
  260 -1261.997932     3
  261 -1796.543007     2
  262 15674.375325 -2630
  263 -1742.505221     0
  264 12115.259903  1231
  265 735.492869 13187
  266 2881.700944  7031
  267 18513.477083 -2424
  268 3352.875699 12441
  269 2522.692552 -2748
  270 19393.693844 27996
  271 3663.462638 20832
  272 3434.452682 -2129
  273 -840.755919     0
  274 30283.779093  3973
  275 2457.593506  9596
  276 10804.449005 29864
  277 31731.328241  8226
  278 2204.008799  8125
  279 700.426109  1936
  280 13824.391282   519
  281 -120.366782     3
  282 4500.158006 20779
  283 14.920285  5897
  284 -681.901697     8
  285 -1541.475124     1
  286 -108.235944     7
  287 1986.572788 13467
  288 15734.334055 -2093
  289 10922.215627 -1755
  290 2128.957283 15224
  291 14757.920359 16581
  292 -2320.957582     2
  293 8412.516437 -2489
  294 326.794009 12038
  295 5111.185010 14498
  296 -223.840292     1
  297 98.972056 -3250
  298 5176.062812 32570
  299 -262.104692     9
  300 -1502.039892     5
