300
    1 6505.808345     1
    2 19007.127704 22552
    3 1755.659392 27863
    4 2103.403219 -1935
    5 1081.397787 -2497
    6 -1361.107532     2
    7 3124.637763  7882
    8 6705.366877  5438
    9 3384.252691 -2390
   10 546.634886  6863
   11 1177.173175 -2493
   12 -1714.228294     6
   13 -1491.539515     1
   14 -1815.110418     8
   15 9162.706421 -3259
   16 16853.424267 24956
   17 6051.789067 -2849
   18 365.809543 -3232
   19 12242.494219 14573
   20 2942.721607 -3083
   21 -3498.496456     2
   22 9958.472683 15275
   23 -727.086026     8
   24 -1220.903838     1
   25 -1271.780604     1
   26 6408.244445 -2263
   27 14930.446882 20395
   28 10492.222941 -3111
   29 -957.819055     3
   30 407.891942 14985
   31 3445.634383 10343
   32 -697.752383     5
   33 -782.939409     3
   34 15010.022353 -2852
   35 -1885.633903     3
   36 4527.409799 21647
   37 6589.710118 -2309
   38 2116.017099  1257
   39 2974.409842 -3064
   40 9252.204515  2568
   41 -1491.584004     2
   42 6763.065651 15949
   43 2436.303656 13544
   44 2727.101218 23714
   45 -342.695862     4
   46 2278.915303 10842
   47 5062.599615 15863
   48 -609.747677     9
   49 8122.849015 -3003
   50 4961.801881  1573
   51 -1328.525435     9
   52 -116.013371     1
   53 5705.623379   314
   54 -483.516933     1
   55 4059.220238 23513
   56 1801.437602 32017
   57 -2122.979401     4
   58 4610.021719 -2540
   59 -569.593602     8
   60 4325.630839 31213
   61 -72.521015     1
   62 1627.454320 31927
   63 4176.124926 31951
   64 -1196.756369     5
   65 -342.341905     9
   66 6030.955156 18283
   67 7337.823738 14765
   68 19.657832 27953
   69 4882.064025  4234
   70 7071.438260  6832
   71 21251.394187  6524
   72 14206.378481 -2711
   73 -401.370627     4
   74 -762.746813     4
   75 57.600976 -2177
   76 -476.605536     8
   77 27247.437359 21958
   78 2867.987317 -2390
   79 186.826467 -2423
   80 8740.016509 -2110
   81 209.598880  3195
   82 563.413962  3101
   83 -2995.685175     1
   84 -990.678482     9
   85 5273.885316  1250
   86 10055.695684 13695
   87 -51.319434     1
   88 1771.535740 -2668
   89 -1112.122559     4
   90 10847.306058 11841
   91 13158.455425  3905
   92 -1766.912409     0
   93 -750.466037     3
   94 53.347475 -2630
   95 236.115032 -2801
   96 5111.862577 20258
   97 -2627.516153     1
   98 939.757079 -2718
   99 3297.543912  7350
  100 2469.415101 -3230
  101 8857.856866  6709
  102 -1109.806251     5
  103 -1650.298080     2
  104 1431.952870 10814
  105 32.983668 -2651
  106 1719.175508  1080
  107 13163.266197 23377
  108 -1269.961440     7
  109 6411.850029  1281
  110 -1.070346     0
  111 2751.711244 12350
  112 12925.632493 -1920
  113 16665.646406 21527
  114 5132.644484 28488
  115 14429.671881 12613
  116 10602.985359 25599
  117 -1585.567718     3
  118 -330.386474     2
  119 2813.373687 11817
  120 -343.405912     4
  121 11250.024195   876
  122 11828.555824 21854
  123 -2562.288587     2
  124 575.191238   546
  125 847.299030 -1913
  126 681.419322 32558
  127 56.735004 29437
  128 7385.601833 32051
  129 -835.615054     1
  130 127.978219 12216
  131 -978.967651     7
  132 -1209.979645     0
  133 7221.213561 -1966
  134 37272.603032 16240
  135 -1284.601994     7
  136 3060.150615  3066
  137 2512.294737  3236
  138 11580.526627 -3156
  139 15334.119936 26575
  140 -743.374089     2
  141 3352.295393 23859
  142 5673.137239 -2212
  143 8121.493213 15705
  144 8669.023200 14460
  145 -151.710277     6
  146 1867.035192 26421
  147 1518.529732 10799
  148 -1971.734151     2
  149 2276.728303 30348
  150 4337.744750 14927
  151 1190.342418 -2981
  152 901.736479  4176
  153 512.324744  3369
  154 3538.330394 -3090
  155 6099.023499 -2741
  156 737.363692 26851
  157 837.275953 29251
  158 -1999.435839     2
  159 -214.429359     5
  160 1756.082443 13900
  161 -1228.667142     5
  162 -745.380737     8
  163 1079.880109 18562
  164 -1064.234568     1
  165 905.026578 -2146
  166 -1151.485023     7
  167 -1019.568662     3
  168 4797.893400 32150
  169 9747.807334 -2166
  170 -347.170354     1
  171 -2174.961238     1
  172 3616.295543 24598
  173 3805.550037 14057
  174 995.554002 -2884
  175 -992.018659     6
  176 -870.492044     3
  177 1248.766989 31434
  178 -420.955204     7
  179 4169.062435 11021
  180 2219.750977 19654
  181 3250.312734 31837
  182 -543.335632     4
  183 30895.356970 14952
  184 5509.559273 26785
  185 1175.480932  6455
  186 12265.154142 -1650
  187 2397.966587 -2588
  188 -942.978337     0
  189 -663.764695     0
  190 13268.045109 13760
  191 884.324058 -2091
  192 -186.589043     5
  193 13619.331227 29565
  194 2037.288624 -1681
  195 -886.105718     5
  196 4241.761338 -1684
  197 -963.699071     6
  198 3035.803875 17659
  199 14853.247502 -3088
  200 13597.434758  6147
  201 2872.265706 30936
  202 6980.076453 26161
  203 -1476.802368     4
  204 63.219676 29234
  205 -2415.460167     2
  206 12988.196153 12201
  207 -1214.965566     0
  208 8683.274040 -2474
  209 10219.154257 11251
  210 5410.535842 11128
  211 3055.593916 18494
  212 4148.567364 -1593
  213 1063.877839 -2437
  214 -728.805323     2
  215 18451.108642 -1846
  216 2704.461572  1154
  217 2570.525669 15143
  218 10810.118557 -3103
  219 14969.906710 16679
  220 13200.273707 -2764
  221 573.818544  1476
  222 11382.395631 19127
  223 316.220529  5680
  224 17477.243807  2168
  225 -922.230132     4
  226 5633.138711 25072
  227 -1861.647699     6
  228 10244.688723  3095
  229 -1333.627024     0
  230 3335.963960 -3242
  231 1576.941841 11398
  232 -698.028217     7
  233 -1057.223727     7
  234 -2097.830401     3
  235 -898.015907     3
  236 10632.926571 31779
  237 103.875487 25768
  238 -385.006320     4
  239 -1224.616476     3
  240 -1756.238731     5
  241 2836.954090  9045
  242 12881.498867 28477
  243 15261.568963 25507
  244 1144.879754 27680
  245 3341.221019  6344
  246 -200.655517     3
  247 11667.790121 -1812
  248 2.132090 -2751
  249 -927.331645     2
  250 1306.438700 19993
  251 -2208.341513     9
  252 11298.413104   131
  253 8273.015308 26725
  254 2317.486233 -2571
  255 -876.543346     4
  256 -726.152180     3
  257 628.119592 -2715
  258 9280.540217 11874
  259 13575.917786 -2572
  260 -1664.139473     3
  261 -867.308805     2
  262 17154.267296 -2630
  263 -1325.977695     0
  264 2989.524723  1231
  265 1081.374781 13187
  266 668.368566  7031
  267 11443.743644 -2424
  268 2305.279617 12441
  269 10918.894045 -2748
  270 18291.262525 27996
  271 14032.573275 20832
  272 2240.531557 -2129
  273 -777.342162     0
  274 12709.523906  3973
  275 1837.240846  9596
  276 1540.911631 29864
  277 17159.023952  8226
  278 4103.637800  8125
  279 4183.083297  1936
  280 16919.292924   519
  281 -1124.521997     3
  282 6323.536926 20779
  283 209.391361  5897
  284 -236.251571     8
  285 -549.416192     1
  286 -349.477279     7
  287 637.694813 13467
  288 13600.659576 -2093
  289 14694.781522 -1755
  290 662.302634 15224
  291 8510.253637 16581
  292 -395.162536     2
  293 10145.097035 -2489
  294 2721.745160 12038
  295 15538.080225 14498
  296 -1536.375572     1
  297 158.667998 -3250
  298 4429.079805 32570
  299 -1450.670009     9
  300 -8.096990     5
