300
    1 14587.815276     1
    2 29893.720173 22552
    3 4089.133632 27863
    4 3353.474111 -1935
    5 1880.693650 -2497
    6 -902.932980     2
    7 14856.385246  7882
    8 180.230459  5438
    9 9385.527863 -2390
   10 10604.214997  6863
   11 84.473763 -2493
   12 -505.132733     6
   13 -126.594875     1
   14 -1630.418455     8
   15 16580.553067 -3259
   16 11350.806861 24956
   17 8388.666849 -2849
   18 324.328438 -3232
   19 21878.510330 14573
   20 3305.036006 -3083
   21 -22.863094     2
   22 5087.290276 15275
   23 -1738.204133     8
   24 -853.047254     1
   25 -836.032412     1
   26 9996.373815 -2263
   27 157.841023 20395
   28 11416.729972 -3111
   29 -905.950188     3
   30 1166.443301 14985
   31 3688.306123 10343
   32 -1963.891784     5
   33 -981.216642     3
   34 20943.406167 -2852
   35 -2261.531331     3
   36 6488.877514 21647
   37 3021.118422 -2309
   38 12539.348591  1257
   39 11989.889074 -3064
   40 15073.474315  2568
   41 -442.651877     2
   42 22889.734212 15949
   43 2695.818893 13544
   44 6441.702718 23714
   45 -51.582058     4
   46 1950.328066 10842
   47 9187.117940 15863
   48 -1378.245295     9
   49 354.599596 -3003
   50 7900.230974  1573
   51 -205.799569     9
   52 -1350.535439     1
   53 126.184824   314
   54 -124.311996     1
   55 15686.228032 23513
   56 4537.542167 32017
   57 -432.314427     4
   58 5071.462282 -2540
   59 -1233.806677     8
   60 30031.612327 31213
   61 -1499.236929     1
   62 915.056563 31927
   63 5775.054785 31951
   64 -1948.071139     5
   65 -2697.300109     9
   66 10221.676646 18283
   67 3324.943316 14765
   68 127.712422 27953
   69 2875.008576  4234
   70 14205.219420  6832
   71 7352.145095  6524
   72 646.518117 -2711
   73 -791.332920     4
   74 -1547.986941     4
   75 206.836156 -2177
   76 -3637.728819     8
   77 25497.325178 21958
   78 14820.273582 -2390
   79 34.198631 -2423
   80 9994.469262 -2110
   81 850.475557  3195
   82 46.938365  3101
   83 -141.961951     1
   84 -1618.968261     9
   85 6410.720217  1250
   86 2637.476341 13695
   87 -1334.927316     1
   88 12383.096200 -2668
   89 -662.869421     4
   90 19303.214282 11841
   91 1587.460625  3905
   92 -2.120116     0
   93 -299.518753     3
   94 3665.113550 -2630
   95 8.113643 -2801
   96 4200.004474 20258
   97 -1075.296310     1
   98 1061.658611 -2718
   99 6807.805580  7350
  100 1226.699517 -3230
  101 538.538385  6709
  102 -1103.632148     5
  103 -333.628248     2
  104 19977.034775 10814
  105 27.626895 -2651
  106 6324.806882  1080
  107 5946.060737 23377
  108 -777.578741     7
  109 2298.523765  1281
  110 -2155.096085     0
  111 2785.863463 12350
  112 681.382207 -1920
  113 2214.854184 21527
  114 845.133054 28488
  115 9542.244946 12613
  116 22556.621890 25599
  117 -560.430334     3
  118 -4.102397     2
  119 17920.144513 11817
  120 -379.902247     4
  121 9998.192640   876
  122 705.250664 21854
  123 -1558.034716     2
  124 21136.598750   546
  125 5345.285524 -1913
  126 3467.183661 32558
  127 99.918464 29437
  128 11331.452240 32051
  129 -72.105371     1
  130 143.658697 12216
  131 -1723.116535     7
  132 -2372.215598     0
  133 3631.805101 -1966
  134 13178.542885 16240
  135 -1064.547774     7
  136 23375.356030  3066
  137 8262.655850  3236
  138 31871.303977 -3156
  139 9367.026805 26575
  140 -1639.841047     2
  141 2012.947649 23859
  142 11472.847447 -2212
  143 20381.147861 15705
  144 12791.170844 14460
  145 -349.302774     6
  146 17689.544858 26421
  147 1998.145590 10799
  148 -58.448944     2
  149 1592.473841 30348
  150 10682.463117 14927
  151 22500.866223 -2981
  152 3084.610228  4176
  153 105.369617  3369
  154 3135.955494 -3090
  155 3222.976013 -2741
  156 2360.798738 26851
  157 1705.844467 29251
  158 -2169.411091     2
  159 -1303.378133     5
  160 4848.317528 13900
  161 -520.963491     5
  162 -211.066835     8
  163 290.053667 18562
  164 -472.415153     1
  165 4713.500189 -2146
  166 -367.305157     7
  167 -2250.693736     3
  168 5125.981874 32150
  169 6731.041437 -2166
  170 -571.653538     1
  171 -486.042625     1
  172 6894.690864 24598
  173 569.060787 14057
  174 6505.139610 -2884
  175 -1226.994603     6
  176 -1513.533039     3
  177 739.298247 31434
  178 -228.991116     7
  179 7335.646151 11021
  180 13044.400973 19654
  181 3733.747144 31837
  182 -809.714001     4
  183 6872.655069 14952
  184 263.415088 26785
  185 8391.979483  6455
  186 4817.157465 -1650
  187 4937.606814 -2588
  188 -1816.103491     0
  189 -696.034363     0
  190 3731.195754 13760
  191 1643.030107 -2091
  192 -452.612472     5
  193 12422.232120 29565
  194 1290.664819 -1681
  195 -409.003268     5
  196 3635.543973 -1684
  197 -178.443609     6
  198 1186.336445 17659
  199 9007.338131 -3088
  200 7436.602753  6147
  201 1955.756663 30936
  202 10238.425577 26161
  203 -1152.133422     4
  204 31.376357 29234
  205 -1446.883632     2
  206 1242.865473 12201
  207 -1286.855308     0
  208 6123.751353 -2474
  209 8830.184657 11251
  210 4082.206518 11128
  211 303.948806 18494
  212 7104.452638 -1593
  213 962.992333 -2437
  214 -421.628795     2
  215 10758.721349 -1846
  216 1196.640094  1154
  217 4692.644917 15143
  218 12651.409027 -3103
  219 5681.931754 16679
  220 7750.404638 -2764
  221 8478.144919  1476
  222 146.480067 19127
  223 2133.967780  5680
  224 13561.403064  2168
  225 -1081.338488     4
  226 24570.281614 25072
  227 -810.895332     6
  228 42310.667081  3095
  229 -493.447622     0
  230 265.838875 -3242
  231 5749.307285 11398
  232 -3177.149075     7
  233 -541.744956     7
  234 -248.405509     3
  235 -80.493158     3
  236 9330.998912 31779
  237 775.504071 25768
  238 -908.442801     4
  239 -2596.031724     3
  240 -1345.030696     5
  241 1958.999884  9045
  242 6555.473578 28477
  243 13583.060563 25507
  244 8533.028790 27680
  245 1835.464952  6344
  246 -1908.231329     3
  247 139.610992 -1812
  248 29.787220 -2751
  249 -453.853327     2
  250 11247.835085 19993
  251 -796.939158     9
  252 1560.543557   131
  253 1743.775532 26725
  254 3317.156157 -2571
  255 -385.556574     4
  256 -2046.821613     3
  257 1404.170494 -2715
  258 1692.782488 11874
  259 10958.862753 -2572
  260 -3073.222786     3
  261 -1431.517565     2
  262 11136.110770 -2630
  263 -827.125788     0
  264 1251.229679  1231
  265 217.503427 13187
  266 3554.671544  7031
  267 18353.234316 -2424
  268 14469.686894 12441
  269 469.370275 -2748
  270 12998.130787 27996
  271 12818.719530 20832
  272 6548.386863 -2129
  273 -257.973385     0
  274 34008.494897  3973
  275 1861.130728  9596
  276 10312.840782 29864
  277 3693.371617  8226
  278 3105.519629  8125
  279 3292.909530  1936
  280 32342.193217   519
  281 -165.148766     3
  282 312.084980 20779
  283 20.028390  5897
  284 -601.839258     8
  285 -592.885310     1
  286 -155.878654     7
  287 446.912390 13467
  288 8380.794586 -2093
  289 8548.984660 -1755
  290 254.323699 15224
  291 41.842327 16581
  292 -1980.058153     2
  293 730.948041 -2489
  294 8492.903336 12038
  295 353.004336 14498
  296 -1106.701323     1
  297 322.835534 -3250
  298 2987.623706 32570
  299 -5011.311341     9
  300 -307.620943     5
