300
    1 5562.549539     1
    2 3907.983503 22552
    3 2077.738734 27863
    4 20150.851642 -1935
    5 2657.102516 -2497
    6 -397.641973     2
    7 21654.485502  7882
    8 5241.589966  5438
    9 4332.603666 -2390
   10 510.545046  6863
   11 1141.260906 -2493
   12 -466.045079     6
   13 -115.314700     1
   14 -2025.754926     8
   15 2989.989150 -3259
   16 12732.281880 24956
   17 2470.878328 -2849
   18 199.738253 -3232
   19 21971.662648 14573
   20 2656.844521 -3083
   21 -93.999359     2
   22 7087.639431 15275
   23 -683.439746     8
   24 -1643.951521     1
   25 -554.362600     1
   26 9339.024454 -2263
   27 1515.366478 20395
   28 3579.324135 -3111
   29 -1012.160900     3
   30 67.443335 14985
   31 7627.005193 10343
   32 -1493.536939     5
   33 -565.865372     3
   34 8617.732237 -2852
   35 -189.496127     3
   36 7841.951545 21647
   37 6183.124462 -2309
   38 4590.120972  1257
   39 7112.239529 -3064
   40 1272.640223  2568
   41 -312.968725     2
   42 7431.444840 15949
   43 2556.551027 13544
   44 1185.185982 23714
   45 -846.102107     4
   46 613.826640 10842
   47 5228.157643 15863
   48 -238.947907     9
   49 5600.196180 -3003
   50 191.492817  1573
   51 -952.524486     9
   52 -435.349804     1
   53 7305.580142   314
   54 -3051.177828     1
   55 14810.830258 23513
   56 5056.641162 32017
   57 -468.376040     4
   58 148.435969 -2540
   59 -1986.166219     8
   60 26082.845422 31213
   61 -678.297098     1
   62 15624.439429 31927
   63 4317.704103 31951
   64 -1646.307981     5
   65 -0.091139     9
   66 4709.267666 18283
   67 2252.180434 14765
   68 1099.184830 27953
   69 116.263360  4234
   70 8262.336714  6832
   71 550.109259  6524
   72 5156.171771 -2711
   73 -626.253824     4
   74 -1381.975155     4
   75 425.311808 -2177
   76 -1323.076567     8
   77 4703.631417 21958
   78 10005.040320 -2390
   79 255.501701 -2423
   80 17636.029100 -2110
   81 2248.316019  3195
   82 712.414990  3101
   83 -287.926914     1
   84 -1622.081788     9
   85 857.442562  1250
   86 5026.082788 13695
   87 -92.657051     1
   88 18826.039345 -2668
   89 -922.399001     4
   90 3284.523117 11841
   91 5817.184776  3905
   92 -4510.545706     0
   93 -289.610467     3
   94 821.045908 -2630
   95 246.426348 -2801
   96 7337.664236 20258
   97 -713.009783     1
   98 6259.971572 -2718
   99 6929.178624  7350
  100 10117.911564 -3230
  101 204.522576  6709
  102 -404.003119     5
  103 -1560.427838     2
  104 14721.645266 10814
  105 67.061365 -2651
  106 1105.631433  1080
  107 14785.573256 23377
  108 -88.733733     7
  109 3719.841321  1281
  110 -2115.590050     0
  111 8775.184958 12350
  112 18958.395308 -1920
  113 2255.649360 21527
  114 1234.299180 28488
  115 30805.408322 12613
  116 833.447856 25599
  117 -63.074050     3
  118 -560.237418     2
  119 13271.186438 11817
  120 -990.593604     4
  121 487.831484   876
  122 6823.336405 21854
  123 -1223.432837     2
  124 2025.035572   546
  125 2340.007182 -1913
  126 1250.833727 32558
  127 1.180695 29437
  128 18018.039173 32051
  129 -593.661394     1
  130 99.644445 12216
  131 -1072.719552     7
  132 -236.617370     0
  133 8802.304120 -1966
  134 1403.717468 16240
  135 -428.339785     7
  136 20941.680358  3066
  137 8402.212055  3236
  138 14602.241749 -3156
  139 23729.195355 26575
  140 -846.823874     2
  141 1455.141189 23859
  142 6339.908918 -2212
  143 1092.851256 15705
  144 12193.116170 14460
  145 -301.220452     6
  146 2014.215598 26421
  147 1676.542497 10799
  148 -254.686862     2
  149 1892.602804 30348
  150 8156.898275 14927
  151 4765.485964 -2981
  152 4124.940656  4176
  153 1383.661542  3369
  154 91.869564 -3090
  155 671.353821 -2741
  156 9970.715427 26851
  157 718.911023 29251
  158 -255.830499     2
  159 -19.009040     5
  160 3774.209534 13900
  161 -924.318817     5
  162 -318.357367     8
  163 148.318141 18562
  164 -2.168077     1
  165 1112.636828 -2146
  166 -2488.149768     7
  167 -31.388305     3
  168 42.018258 32150
  169 5569.582437 -2166
  170 -201.100830     1
  171 -133.624237     1
  172 21020.528121 24598
  173 859.524690 14057
  174 4608.243142 -2884
  175 -226.201142     6
  176 -1795.983695     3
  177 1305.887970 31434
  178 -1447.851603     7
  179 7593.852825 11021
  180 6753.411684 19654
  181 1407.639134 31837
  182 -596.543025     4
  183 3048.758520 14952
  184 2736.005342 26785
  185 8621.416266  6455
  186 2706.057899 -1650
  187 1630.207979 -2588
  188 -117.855381     0
  189 -1451.773394     0
  190 10104.362971 13760
  191 774.189452 -2091
  192 -601.849227     5
  193 6043.844735 29565
  194 21745.424633 -1681
  195 -547.459341     5
  196 22084.044940 -1684
  197 -1397.736035     6
  198 6150.750072 17659
  199 12019.590656 -3088
  200 6083.807846  6147
  201 1973.457329 30936
  202 12362.251842 26161
  203 -382.748851     4
  204 240.999323 29234
  205 -1954.002902     2
  206 1659.370710 12201
  207 -1226.551971     0
  208 15122.358104 -2474
  209 2887.976066 11251
  210 3299.610794 11128
  211 653.617901 18494
  212 10176.906249 -1593
  213 287.124953 -2437
  214 -220.534027     2
  215 10280.789332 -1846
  216 4492.509059  1154
  217 6787.317631 15143
  218 1676.181880 -3103
  219 9413.289586 16679
  220 7902.581688 -2764
  221 8931.553384  1476
  222 18785.968690 19127
  223 1301.666490  5680
  224 4781.293427  2168
  225 -963.323135     4
  226 18285.257685 25072
  227 -1043.764498     6
  228 3368.944754  3095
  229 -217.654189     0
  230 832.570482 -3242
  231 5736.421449 11398
  232 -734.979008     7
  233 -3.238147     7
  234 -8.115307     3
  235 -501.931511     3
  236 4760.891587 31779
  237 3035.908875 25768
  238 -303.022894     4
  239 -1560.882472     3
  240 -1902.528997     5
  241 7246.971033  9045
  242 5951.348369 28477
  243 2496.932066 25507
  244 2439.799800 27680
  245 9211.158683  6344
  246 -670.751696     3
  247 1195.067075 -1812
  248 101.697366 -2751
  249 -850.459153     2
  250 1278.287655 19993
  251 -1453.172930     9
  252 17644.233005   131
  253 14122.116645 26725
  254 557.986393 -2571
  255 -315.361135     4
  256 -259.893820     3
  257 1277.216585 -2715
  258 10736.328089 11874
  259 12997.986787 -2572
  260 -2694.630293     3
  261 -758.422790     2
  262 14354.656987 -2630
  263 -129.914375     0
  264 8821.119328  1231
  265 654.623567 13187
  266 497.465417  7031
  267 5505.021082 -2424
  268 1515.204550 12441
  269 13958.181519 -2748
  270 13485.767337 27996
  271 6172.824024 20832
  272 7029.935650 -2129
  273 -108.396543     0
  274 6673.676815  3973
  275 694.085834  9596
  276 683.996391 29864
  277 8358.925753  8226
  278 1006.674482  8125
  279 148.359404  1936
  280 10768.020191   519
  281 -580.940105     3
  282 1356.436581 20779
  283 110.996018  5897
  284 -1153.597309     8
  285 -346.055312     1
  286 -902.310639     7
  287 1455.339092 13467
  288 6003.689865 -2093
  289 778.892417 -1755
  290 1003.640115 15224
  291 17603.403461 16581
  292 -1773.843451     2
  293 5820.424346 -2489
  294 2379.958146 12038
  295 2718.437878 14498
  296 -665.415900     1
  297 215.040804 -3250
  298 2436.648256 32570
  299 -168.119865     9
  300 -15.856645     5
