300
    1 9331.153491     1
    2 2836.894343 22552
    3 2722.104193 27863
    4 17648.714327 -1935
    5 1399.647906 -2497
    6 -175.561979     2
    7 13542.757825  7882
    8 3935.146627  5438
    9 2287.835950 -2390
   10 12409.342751  6863
   11 726.268252 -2493
   12 -755.088037     6
   13 -377.966338     1
   14 -1730.943485     8
   15 32123.979336 -3259
   16 11059.628196 24956
   17 12564.616906 -2849
   18 357.409316 -3232
   19 31739.114022 14573
   20 9388.719440 -3083
   21 -2473.508137     2
   22 2569.275101 15275
   23 -875.660597     8
   24 -2476.521858     1
   25 -139.582866     1
   26 15609.828792 -2263
   27 2445.946423 20395
   28 6363.140308 -3111
   29 -275.909333     3
   30 772.459414 14985
   31 14332.099679 10343
   32 -1017.604521     5
   33 -1334.600300     3
   34 5394.262989 -2852
   35 -1120.898558     3
   36 1157.447603 21647
   37 6825.692205 -2309
   38 13401.840396  1257
   39 441.131902 -3064
   40 23534.839401  2568
   41 -281.585421     2
   42 9572.764013 15949
   43 1064.481759 13544
   44 3972.290372 23714
   45 -680.451103     4
   46 1425.374873 10842
   47 8857.051457 15863
   48 -222.092830     9
   49 5448.689775 -3003
   50 7427.059947  1573
   51 -120.823439     9
   52 -1479.689559     1
   53 6088.006200   314
   54 -61.658153     1
   55 8147.769186 23513
   56 3972.516549 32017
   57 -718.260477     4
   58 10197.437142 -2540
   59 -848.829038     8
   60 19364.752663 31213
   61 -454.150202     1
   62 3385.325385 31927
   63 9098.854317 31951
   64 -208.773122     5
   65 -66.015596     9
   66 2102.518654 18283
   67 2032.823848 14765
   68 561.069606 27953
   69 2614.310793  4234
   70 1664.764937  6832
   71 11854.067150  6524
   72 8520.338313 -2711
   73 -1433.286999     4
   74 -1037.521112     4
   75 205.947494 -2177
   76 -3789.504402     8
   77 11001.832876 21958
   78 3327.663804 -2390
   79 224.479318 -2423
   80 788.431886 -2110
   81 99.801504  3195
   82 140.336491  3101
   83 -623.675990     1
   84 -326.629558     9
   85 20171.583252  1250
   86 1913.973228 13695
   87 -1669.282570     1
   88 9292.125369 -2668
   89 -1751.992149     4
   90 16181.469958 11841
   91 6062.355755  3905
   92 -124.139373     0
   93 -1130.665902     3
   94 1328.515996 -2630
   95 181.147814 -2801
   96 2230.704379 20258
   97 -391.067144     1
   98 1252.018845 -2718
   99 18128.785990  7350
  100 4701.934028 -3230
  101 4106.548943  6709
  102 -63.596298     5
  103 -164.597804     2
  104 348.908503 10814
  105 142.238522 -2651
  106 7121.218509  1080
  107 250.736178 23377
  108 -10.319150     7
  109 11734.663178  1281
  110 -1706.871752     0
  111 8755.611721 12350
  112 3551.475035 -1920
  113 623.707011 21527
  114 5597.129026 28488
  115 3618.700638 12613
  116 9049.068721 25599
  117 -2237.322615     3
  118 -440.796843     2
  119 8185.294394 11817
  120 -41.393093     4
  121 2746.357993   876
  122 13160.375355 21854
  123 -1746.830224     2
  124 9749.023566   546
  125 1127.445617 -1913
  126 4333.370757 32558
  127 44.065634 29437
  128 15024.883920 32051
  129 -1572.968260     1
  130 32.966309 12216
  131 -88.202792     7
  132 -743.259194     0
  133 8475.520265 -1966
  134 4025.466205 16240
  135 -1544.558619     7
  136 18657.494863  3066
  137 5179.097325  3236
  138 20662.659211 -3156
  139 21442.752464 26575
  140 -1774.606863     2
  141 2137.735366 23859
  142 1349.212170 -2212
  143 6852.351935 15705
  144 9730.721277 14460
  145 -1824.073110     6
  146 2022.994674 26421
  147 531.266075 10799
  148 -589.567739     2
  149 6345.622234 30348
  150 4392.030230 14927
  151 7565.322397 -2981
  152 977.348492  4176
  153 31.649000  3369
  154 5012.962296 -3090
  155 5680.875350 -2741
  156 10181.534715 26851
  157 1426.594389 29251
  158 -1809.767190     2
  159 -1427.272542     5
  160 492.376732 13900
  161 -1173.230435     5
  162 -744.773122     8
  163 2049.980774 18562
  164 -588.285597     1
  165 5535.026819 -2146
  166 -489.209448     7
  167 -840.642455     3
  168 16411.149292 32150
  169 754.969709 -2166
  170 -1251.320522     1
  171 -2275.866766     1
  172 12444.215428 24598
  173 1915.483841 14057
  174 442.778296 -2884
  175 -221.920177     6
  176 -131.846903     3
  177 3865.220721 31434
  178 -2381.991627     7
  179 2952.330807 11021
  180 8308.090274 19654
  181 1479.423624 31837
  182 -471.010170     4
  183 3554.248875 14952
  184 1044.256101 26785
  185 247.494045  6455
  186 15260.129232 -1650
  187 3600.996694 -2588
  188 -31.719525     0
  189 -303.546174     0
  190 2670.453399 13760
  191 888.440611 -2091
  192 -1115.225905     5
  193 15404.040701 29565
  194 14101.082541 -1681
  195 -1193.587790     5
  196 13089.319727 -1684
  197 -378.305692     6
  198 7595.476054 17659
  199 10967.047646 -3088
  200 73.333385  6147
  201 2197.448171 30936
  202 6400.301612 26161
  203 -694.703011     4
  204 140.498109 29234
  205 -109.601131     2
  206 383.930770 12201
  207 -22.851920     0
  208 12984.864237 -2474
  209 3378.388463 11251
  210 10301.623025 11128
  211 3745.109861 18494
  212 17013.847028 -1593
  213 2387.285975 -2437
  214 -443.775597     2
  215 533.735776 -1846
  216 11230.491880  1154
  217 9149.946341 15143
  218 3435.508146 -3103
  219 41415.943760 16679
  220 50000.385011 -2764
  221 8256.965033  1476
  222 11664.894253 19127
  223 699.856334  5680
  224 5980.986418  2168
  225 -558.045389     4
  226 6409.519047 25072
  227 -377.982205     6
  228 1157.724322  3095
  229 -346.171599     0
  230 696.257682 -3242
  231 535.587860 11398
  232 -691.201067     7
  233 -1692.026940     7
  234 -272.791321     3
  235 -11.750066     3
  236 4284.085767 31779
  237 4300.522512 25768
  238 -229.825276     4
  239 -2420.796065     3
  240 -1961.951019     5
  241 12332.270023  9045
  242 3827.074328 28477
  243 12367.178601 25507
  244 2101.686149 27680
  245 2071.972165  6344
  246 -2184.076272     3
  247 12523.610020 -1812
  248 160.697251 -2751
  249 -1241.227014     2
  250 8855.407897 19993
  251 -195.614271     9
  252 2010.033786   131
  253 984.317262 26725
  254 39108.103198 -2571
  255 -189.617252     4
  256 -1357.504123     3
  257 2206.057035 -2715
  258 8583.109141 11874
  259 842.272485 -2572
  260 -2484.609032     3
  261 -822.667483     2
  262 6533.760247 -2630
  263 -1633.853115     0
  264 2444.034552  1231
  265 1500.650921 13187
  266 2392.379336  7031
  267 8022.883272 -2424
  268 13449.263767 12441
  269 5614.600397 -2748
  270 4283.764621 27996
  271 2205.775735 20832
  272 483.844655 -2129
  273 -588.635229     0
  274 13781.340747  3973
  275 3522.761724  9596
  276 5690.951364 29864
  277 2342.704385  8226
  278 1456.433995  8125
  279 1249.406458  1936
  280 2004.674980   519
  281 -2167.119129     3
  282 1429.883499 20779
  283 176.011348  5897
  284 -2062.442737     8
  285 -2206.972206     1
  286 -723.328564     7
  287 1372.265915 13467
  288 3430.354094 -2093
  289 6682.820384 -1755
  290 837.725531 15224
  291 14286.155379 16581
  292 -804.226801     2
  293 2420.112802 -2489
  294 35545.296968 12038
  295 597.751039 14498
  296 -75.257946     1
  297 1398.962853 -3250
  298 4001.022808 32570
  299 -1426.137414     9
  300 -1641.823829     5
