100
    1 4862.834133     1
    2 31636.022516 22552
    3 4978.422561 27863
    4 2897.486519 -1935
    5 1676.578222 -2497
    6 -462.070486     2
    7 12644.259447  7882
    8 9805.116128  5438
    9 10588.204164 -2390
   10 16029.416809  6863
   11 1070.723173 -2493
   12 -264.686494     6
   13 -1298.440886     1
   14 -1338.699567     8
   15 1900.502547 -3259
   16 3156.654369 24956
   17 16736.511033 -2849
   18 134.842243 -3232
   19 10684.719149 14573
   20 16442.473471 -3083
   21 -10.349009     2
   22 19859.668504 15275
   23 -479.359989     8
   24 -1687.117370     1
   25 -1621.231862     1
   26 11971.592471 -2263
   27 1738.230586 20395
   28 2511.697942 -3111
   29 -325.152507     3
   30 269.867097 14985
   31 21319.970045 10343
   32 -281.836752     5
   33 -1512.498843     3
   34 5945.586682 -2852
   35 -667.635159     3
   36 6883.821631 21647
   37 5539.384700 -2309
   38 476.665450  1257
   39 423.166434 -3064
   40 7827.445201  2568
   41 -237.332487     2
   42 2223.297809 15949
   43 6231.438907 13544
   44 8101.557770 23714
   45 -1257.590509     4
   46 5793.435334 10842
   47 3166.278975 15863
   48 -138.637376     9
   49 2693.868533 -3003
   50 7661.035236  1573
   51 -1676.373370     9
   52 -520.434944     1
   53 14875.474667   314
   54 -1343.525132     1
   55 8604.875077 23513
   56 1546.266514 32017
   57 -1604.762532     4
   58 2911.937263 -2540
   59 -1480.530521     8
   60 15757.988166 31213
   61 -2467.981890     1
   62 13528.102817 31927
   63 2988.407963 31951
   64 -1649.902840     5
   65 -861.419886     9
   66 19152.458699 18283
   67 6046.857674 14765
   68 1276.259646 27953
   69 8671.461032  4234
   70 1876.607648  6832
   71 12182.840956  6524
   72 8762.863525 -2711
   73 -1204.511714     4
   74 -283.998381     4
   75 74.082687 -2177
   76 -975.153055     8
   77 17282.401053 21958
   78 2950.201966 -2390
   79 138.883096 -2423
   80 3528.057360 -2110
   81 268.487317  3195
   82 3136.938055  3101
   83 -931.974970     1
   84 -175.180061     9
   85 12235.821647  1250
   86 17167.194895 13695
   87 -2822.933268     1
   88 9693.393530 -2668
   89 -957.170708     4
   90 5537.060124 11841
   91 14192.982788  3905
   92 -4.917127     0
   93 -727.369642     3
   94 1902.564022 -2630
   95 19.212264 -2801
   96 1044.835442 20258
   97 -433.834162     1
   98 20855.132387 -2718
   99 11472.762717  7350
  100 22877.637726 -3230
