300
    1 12430.086475     1
    2 9850.972281 22552
    3 11078.530303 27863
    4 30428.715122 -1935
    5 3683.423687 -2497
    6 -300.753640     2
    7 46.289420  7882
    8 3164.105110  5438
    9 10262.538912 -2390
   10 7671.162818  6863
   11 607.827428 -2493
   12 -971.983675     6
   13 -665.848863     1
   14 -675.526768     8
   15 10111.794526 -3259
   16 58.463002 24956
   17 11599.295138 -2849
   18 37.993742 -3232
   19 891.103299 14573
   20 7623.591936 -3083
   21 -917.562927     2
   22 831.848291 15275
   23 -739.232127     8
   24 -775.724331     1
   25 -96.755967     1
   26 2358.043559 -2263
   27 13291.067694 20395
   28 2506.070589 -3111
   29 -981.577276     3
   30 1110.188330 14985
   31 7585.814229 10343
   32 -1485.727770     5
   33 -902.445783     3
   34 5203.494239 -2852
   35 -315.414015     3
   36 5588.833021 21647
   37 3044.879390 -2309
   38 2983.893134  1257
   39 10387.612906 -3064
   40 796.278348  2568
   41 -693.457805     2
   42 6872.246330 15949
   43 782.699280 13544
   44 1731.691774 23714
   45 -409.813038     4
   46 1074.783517 10842
   47 7581.710773 15863
   48 -645.454555     9
   49 1004.315412 -3003
   50 2762.844292  1573
   51 -297.894066     9
   52 -282.653600     1
   53 17825.271689   314
   54 -352.601472     1
   55 5496.798051 23513
   56 11618.397175 32017
   57 -418.418418     4
   58 1819.016378 -2540
   59 -2402.716044     8
   60 21430.133679 31213
   61 -1027.671191     1
   62 5218.161849 31927
   63 11687.051626 31951
   64 -111.169529     5
   65 -217.634953     9
   66 5449.167950 18283
   67 3824.650039 14765
   68 148.202106 27953
   69 10220.133384  4234
   70 2464.634494  6832
   71 2549.539182  6524
   72 6429.393336 -2711
   73 -877.273106     4
   74 -274.453718     4
   75 19.756423 -2177
   76 -1557.435989     8
   77 5341.989618 21958
   78 2578.060628 -2390
   79 10.536601 -2423
   80 2627.760039 -2110
   81 350.136814  3195
   82 1452.461766  3101
   83 -1260.373103     1
   84 -253.364042     9
   85 17950.744249  1250
   86 16695.398564 13695
   87 -665.405096     1
   88 13819.325116 -2668
   89 -171.884450     4
   90 7186.742129 11841
   91 1324.469226  3905
   92 -3043.306889     0
   93 -220.727068     3
   94 2146.512794 -2630
   95 15.701684 -2801
   96 39.028503 20258
   97 -791.054786     1
   98 2410.660555 -2718
   99 2134.179957  7350
  100 69.295993 -3230
  101 1099.470261  6709
  102 -1665.062882     5
  103 -320.968994     2
  104 11359.175581 10814
  105 149.878040 -2651
  106 4196.088612  1080
  107 5534.683699 23377
  108 -573.402458     7
  109 7475.094351  1281
  110 -49.060722     0
  111 9613.883935 12350
  112 16406.933547 -1920
  113 1383.029339 21527
  114 17024.837236 28488
  115 1550.097272 12613
  116 5519.248922 25599
  117 -186.124203     3
  118 -1147.890160     2
  119 16642.145518 11817
  120 -2253.637437     4
  121 9325.957056   876
  122 25097.343930 21854
  123 -658.995419     2
  124 2609.382416   546
  125 5086.631422 -1913
  126 8336.809560 32558
  127 8.462024 29437
  128 12237.768822 32051
  129 -123.169820     1
  130 1.302018 12216
  131 -59.129434     7
  132 -595.401783     0
  133 3694.286755 -1966
  134 15826.712504 16240
  135 -1802.768879     7
  136 28811.719656  3066
  137 171.635134  3236
  138 15116.782685 -3156
  139 5070.155972 26575
  140 -1745.143960     2
  141 3101.946566 23859
  142 7446.184453 -2212
  143 5107.867523 15705
  144 16869.931256 14460
  145 -635.304259     6
  146 723.533613 26421
  147 841.924447 10799
  148 -129.081435     2
  149 4503.104478 30348
  150 18938.971967 14927
  151 1424.524193 -2981
  152 2407.749344  4176
  153 416.206840  3369
  154 9490.663247 -3090
  155 216.823095 -2741
  156 6173.913018 26851
  157 60.311775 29251
  158 -434.113410     2
  159 -61.615954     5
  160 5822.454674 13900
  161 -769.635079     5
  162 -4.232923     8
  163 20.899400 18562
  164 -1307.411130     1
  165 1671.821830 -2146
  166 -288.824854     7
  167 -414.776143     3
  168 6904.559614 32150
  169 5396.016219 -2166
  170 -1384.540813     1
  171 -2801.258213     1
  172 4172.206500 24598
  173 4415.374168 14057
  174 22527.397098 -2884
  175 -1249.620505     6
  176 -224.585457     3
  177 2970.961119 31434
  178 -625.023901     7
  179 5074.558187 11021
  180 21145.181704 19654
  181 5114.771944 31837
  182 -302.847242     4
  183 8099.588405 14952
  184 9472.799486 26785
  185 6222.245455  6455
  186 1227.604943 -1650
  187 4405.290685 -2588
  188 -79.620840     0
  189 -60.740260     0
  190 28888.646770 13760
  191 674.937883 -2091
  192 -377.449691     5
  193 16964.172780 29565
  194 510.111463 -1681
  195 -262.217004     5
  196 3552.931790 -1684
  197 -339.376142     6
  198 2061.500499 17659
  199 7011.777782 -3088
  200 1534.664167  6147
  201 5383.079620 30936
  202 4580.176233 26161
  203 -1839.543781     4
  204 235.984489 29234
  205 -144.862138     2
  206 3800.255539 12201
  207 -1430.195516     0
  208 1042.485150 -2474
  209 3440.609859 11251
  210 5682.967560 11128
  211 430.976265 18494
  212 8840.643581 -1593
  213 1566.451306 -2437
  214 -605.176568     2
  215 9710.674801 -1846
  216 13158.918523  1154
  217 5543.019849 15143
  218 1933.047947 -3103
  219 3850.496257 16679
  220 8047.714455 -2764
  221 10223.442665  1476
  222 14498.904341 19127
  223 1830.775955  5680
  224 17782.998932  2168
  225 -949.089550     4
  226 7469.911389 25072
  227 -482.283975     6
  228 3349.853223  3095
  229 -2253.191112     0
  230 623.231339 -3242
  231 7399.330348 11398
  232 -508.179027     7
  233 -1236.062362     7
  234 -281.278956     3
  235 -205.030167     3
  236 4877.192430 31779
  237 1166.617937 25768
  238 -766.048101     4
  239 -675.420882     3
  240 -2458.178747     5
  241 11156.893884  9045
  242 9079.074678 28477
  243 22475.121843 25507
  244 4183.066312 27680
  245 15686.389118  6344
  246 -796.830387     3
  247 7119.110777 -1812
  248 218.667248 -2751
  249 -257.917805     2
  250 3572.151660 19993
  251 -1759.292675     9
  252 11522.401587   131
  253 6372.796861 26725
  254 18465.588558 -2571
  255 -818.015994     4
  256 -1576.873780     3
  257 1579.273535 -2715
  258 4193.609840 11874
  259 12141.401773 -2572
  260 -980.621125     3
  261 -883.991948     2
  262 2955.015044 -2630
  263 -531.997684     0
  264 8854.835456  1231
  265 3310.003843 13187
  266 120.666540  7031
  267 5974.333521 -2424
  268 8254.887221 12441
  269 5601.719969 -2748
  270 8005.172685 27996
  271 4201.885433 20832
  272 2259.139672 -2129
  273 -527.839423     0
  274 6779.027433  3973
  275 2922.903909  9596
  276 3987.622312 29864
  277 10705.117400  8226
  278 1636.151552  8125
  279 1759.811653  1936
  280 20331.312243   519
  281 -2360.097948     3
  282 2694.365802 20779
  283 72.369639  5897
  284 -419.676154     8
  285 -199.478598     1
  286 -315.035664     7
  287 3120.450328 13467
  288 15379.715015 -2093
  289 6037.399843 -1755
  290 2296.848693 15224
  291 35937.589337 16581
  292 -299.540751     2
  293 6719.341076 -2489
  294 10644.005247 12038
  295 12229.947490 14498
  296 -15.153393     1
  297 735.325571 -3250
  298 9993.979059 32570
  299 -960.835836     9
  300 -687.165881     5
