300
    1 7135.633196     1
    2 6404.727332 22552
    3 402.718148 27863
    4 2024.441432 -1935
    5 1187.641237 -2497
    6 -1399.702679     2
    7 12321.519127  7882
    8 7621.347218  5438
    9 1748.447728 -2390
   10 18115.459178  6863
   11 819.799548 -2493
   12 -1413.519212     6
   13 -1207.777187     1
   14 -568.622080     8
   15 10911.951677 -3259
   16 284.741839 24956
   17 2625.549984 -2849
   18 204.318887 -3232
   19 10146.569827 14573
   20 9467.246300 -3083
   21 -1078.925157     2
   22 13343.651068 15275
   23 -395.248996     8
   24 -2139.261245     1
   25 -1130.740205     1
   26 2618.602312 -2263
   27 2431.683477 20395
   28 6621.630630 -3111
   29 -974.822333     3
   30 375.271627 14985
   31 9597.199231 10343
   32 -1426.276790     5
   33 -339.578922     3
   34 9772.226501 -2852
   35 -2707.804214     3
   36 12444.737236 21647
   37 2216.295367 -2309
   38 4817.420296  1257
   39 365.312827 -3064
   40 1556.034344  2568
   41 -564.670975     2
   42 19241.465979 15949
   43 121.641987 13544
   44 15.840261 23714
   45 -1492.666246     4
   46 6519.175204 10842
   47 706.321146 15863
   48 -1010.383385     9
   49 1311.278447 -3003
   50 3726.180430  1573
   51 -1486.333894     9
   52 -2445.121527     1
   53 1743.059635   314
   54 -1337.583460     1
   55 667.082669 23513
   56 3058.958100 32017
   57 -1199.790769     4
   58 10074.666983 -2540
   59 -2241.837009     8
   60 20535.481539 31213
   61 -2352.115841     1
   62 10537.698187 31927
   63 19714.896690 31951
   64 -397.512844     5
   65 -994.771355     9
   66 652.668920 18283
   67 9325.598017 14765
   68 482.774729 27953
   69 6743.481208  4234
   70 4491.458506  6832
   71 19140.974862  6524
   72 1085.026671 -2711
   73 -502.916662     4
   74 -818.588660     4
   75 38.204517 -2177
   76 -755.029814     8
   77 1862.365069 21958
   78 2431.720953 -2390
   79 342.522952 -2423
   80 10114.367490 -2110
   81 1593.346869  3195
   82 365.943145  3101
   83 -500.206154     1
   84 -765.051632     9
   85 5376.037055  1250
   86 18287.773786 13695
   87 -1216.303888     1
   88 5974.600266 -2668
   89 -1285.701779     4
   90 4102.904365 11841
   91 1796.730502  3905
   92 -2170.336682     0
   93 -89.157247     3
   94 845.659297 -2630
   95 80.312413 -2801
   96 534.043112 20258
   97 -273.215214     1
   98 8506.462505 -2718
   99 12706.829774  7350
  100 3590.952675 -3230
  101 11946.059264  6709
  102 -736.608695     5
  103 -632.454438     2
  104 3122.241279 10814
  105 67.976549 -2651
  106 4319.231192  1080
  107 17947.001369 23377
  108 -3202.949588     7
  109 13974.842652  1281
  110 -4113.068939     0
  111 1038.293131 12350
  112 18729.021642 -1920
  113 8296.998617 21527
  114 18378.038006 28488
  115 1118.077897 12613
  116 8136.583941 25599
  117 -531.912864     3
  118 -203.165936     2
  119 5968.878155 11817
  120 -1034.492940     4
  121 3438.014824   876
  122 8537.182532 21854
  123 -1219.076095     2
  124 12664.936217   546
  125 5283.133702 -1913
  126 1281.696696 32558
  127 10.579249 29437
  128 3180.725512 32051
  129 -988.046385     1
  130 88.773680 12216
  131 -2078.976219     7
  132 -930.877931     0
  133 5061.747567 -1966
  134 11831.705911 16240
  135 -511.505273     7
  136 6836.182351  3066
  137 7264.190058  3236
  138 9156.662818 -3156
  139 10127.213568 26575
  140 -996.659781     2
  141 1736.639898 23859
  142 3294.982616 -2212
  143 4668.742516 15705
  144 4611.371892 14460
  145 -968.117009     6
  146 5505.643177 26421
  147 263.185319 10799
  148 -964.241114     2
  149 4633.971776 30348
  150 9437.204558 14927
  151 1860.983472 -2981
  152 2616.077202  4176
  153 4430.020117  3369
  154 8156.013956 -3090
  155 1772.950452 -2741
  156 1482.587483 26851
  157 438.500514 29251
  158 -155.823252     2
  159 -1011.997826     5
  160 1045.492223 13900
  161 -414.346380     5
  162 -1564.239231     8
  163 1282.378171 18562
  164 -1889.652559     1
  165 1838.114655 -2146
  166 -3096.372370     7
  167 -2.054496     3
  168 17863.692921 32150
  169 18368.881918 -2166
  170 -1194.957705     1
  171 -472.802567     1
  172 865.439852 24598
  173 3633.465348 14057
  174 2911.168590 -2884
  175 -896.508445     6
  176 -120.481979     3
  177 4197.875323 31434
  178 -319.028486     7
  179 7471.505698 11021
  180 2668.549925 19654
  181 2352.046762 31837
  182 -989.574983     4
  183 15244.881006 14952
  184 6475.036667 26785
  185 343.399966  6455
  186 14300.073879 -1650
  187 8043.613730 -2588
  188 -670.287331     0
  189 -3377.315928     0
  190 1772.463189 13760
  191 420.442869 -2091
  192 -122.203771     5
  193 8844.064752 29565
  194 4666.902566 -1681
  195 -345.191396     5
  196 2917.155885 -1684
  197 -1801.105647     6
  198 14163.195521 17659
  199 19105.262457 -3088
  200 179.167280  6147
  201 4870.842689 30936
  202 3141.622974 26161
  203 -734.754695     4
  204 782.083369 29234
  205 -763.435153     2
  206 2800.873113 12201
  207 -1547.877613     0
  208 2948.930820 -2474
  209 11.724584 11251
  210 102.646117 11128
  211 2352.874241 18494
  212 2908.982738 -1593
  213 1855.608250 -2437
  214 -369.970878     2
  215 8174.086412 -1846
  216 13079.972574  1154
  217 3693.745060 15143
  218 1450.751833 -3103
  219 2608.705960 16679
  220 7596.392715 -2764
  221 21823.788403  1476
  222 15141.688379 19127
  223 133.896280  5680
  224 1143.859845  2168
  225 -35.215558     4
  226 13828.953148 25072
  227 -1787.614858     6
  228 26756.028984  3095
  229 -709.784289     0
  230 653.842829 -3242
  231 10305.849611 11398
  232 -1012.472378     7
  233 -83.911007     7
  234 -2024.503219     3
  235 -656.195139     3
  236 7719.501431 31779
  237 617.155022 25768
  238 -187.312687     4
  239 -353.028084     3
  240 -1774.412488     5
  241 539.370044  9045
  242 8240.094584 28477
  243 14664.916120 25507
  244 8597.141192 27680
  245 7003.813358  6344
  246 -1680.927795     3
  247 5721.154586 -1812
  248 3.209344 -2751
  249 -1046.994566     2
  250 1359.710938 19993
  251 -360.546248     9
  252 702.632876   131
  253 16107.049193 26725
  254 10603.363752 -2571
  255 -589.539812     4
  256 -1505.556134     3
  257 7511.152162 -2715
  258 23004.753633 11874
  259 21967.905151 -2572
  260 -381.708397     3
  261 -802.416698     2
  262 10641.911728 -2630
  263 -753.308628     0
  264 11764.148733  1231
  265 4234.663434 13187
  266 2105.703895  7031
  267 7615.513616 -2424
  268 4125.722746 12441
  269 5620.239957 -2748
  270 6357.980260 27996
  271 6278.487328 20832
  272 2835.940842 -2129
  273 -1390.100178     0
  274 2451.632896  3973
  275 5049.851378  9596
  276 2491.472200 29864
  277 5719.732038  8226
  278 1668.585984  8125
  279 3009.320131  1936
  280 4474.635040   519
  281 -2085.704001     3
  282 4204.082550 20779
  283 55.998964  5897
  284 -860.746571     8
  285 -1017.764134     1
  286 -113.166271     7
  287 1668.604785 13467
  288 3943.022670 -2093
  289 15166.452753 -1755
  290 1307.323541 15224
  291 1548.406418 16581
  292 -447.157936     2
  293 6694.885614 -2489
  294 10965.737719 12038
  295 16293.378969 14498
  296 -1706.074727     1
  297 255.039118 -3250
  298 9651.651118 32570
  299 -1225.140968     9
  300 -706.845910     5
