300
    1 5293.796236     1
    2 13259.782104 22552
    3 9886.000083 27863
    4 14630.810006 -1935
    5 3123.270709 -2497
    6 -1513.490705     2
    7 994.823734  7882
    8 8490.295401  5438
    9 9932.994900 -2390
   10 2427.539749  6863
   11 1881.800883 -2493
   12 -1995.389228     6
   13 -126.986383     1
   14 -2220.075911     8
   15 11649.443956 -3259
   16 7130.411191 24956
   17 11457.094637 -2849
   18 286.902284 -3232
   19 2710.089570 14573
   20 154.675897 -3083
   21 -296.159914     2
   22 8090.821564 15275
   23 -1216.471447     8
   24 -763.991762     1
   25 -228.208665     1
   26 2389.527075 -2263
   27 17783.298672 20395
   28 7097.910489 -3111
   29 -189.643313     3
   30 707.357299 14985
   31 6907.742734 10343
   32 -2420.258183     5
   33 -2223.299617     3
   34 10386.734098 -2852
   35 -416.056290     3
   36 24631.895256 21647
   37 3230.986719 -2309
   38 8342.424103  1257
   39 13556.404703 -3064
   40 1236.518401  2568
   41 -467.220168     2
   42 15616.120297 15949
   43 1087.477794 13544
   44 3239.973895 23714
   45 -990.093685     4
   46 692.685850 10842
   47 6683.613492 15863
   48 -378.771346     9
   49 417.109457 -3003
   50 2645.027215  1573
   51 -537.925673     9
   52 -1668.001300     1
   53 2145.766761   314
   54 -1163.789849     1
   55 2252.082643 23513
   56 6814.159851 32017
   57 -260.473108     4
   58 1770.411461 -2540
   59 -274.820311     8
   60 936.792185 31213
   61 -1514.850130     1
   62 18026.685007 31927
   63 12197.892049 31951
   64 -447.972499     5
   65 -1102.985538     9
   66 270.665076 18283
   67 5207.721275 14765
   68 1168.459886 27953
   69 2350.283111  4234
   70 8788.148378  6832
   71 3357.778297  6524
   72 10238.624576 -2711
   73 -744.208202     4
   74 -517.299759     4
   75 374.114297 -2177
   76 -619.270262     8
   77 4752.044650 21958
   78 3136.305529 -2390
   79 291.581827 -2423
   80 1466.570549 -2110
   81 1867.015275  3195
   82 915.393493  3101
   83 -1062.117443     1
   84 -1781.032585     9
   85 13372.263490  1250
   86 20147.290723 13695
   87 -148.874829     1
   88 2452.414235 -2668
   89 -2009.697201     4
   90 19026.448713 11841
   91 14684.273801  3905
   92 -3081.631410     0
   93 -488.450570     3
   94 2414.069226 -2630
   95 363.705884 -2801
   96 2065.504862 20258
   97 -831.891574     1
   98 10373.741359 -2718
   99 7321.771586  7350
  100 4272.861428 -3230
  101 6241.179078  6709
  102 -301.940055     5
  103 -461.614415     2
  104 3944.959226 10814
  105 6.540745 -2651
  106 15271.937110  1080
  107 1497.294100 23377
  108 -151.484462     7
  109 1631.449158  1281
  110 -700.209558     0
  111 5780.820748 12350
  112 2757.442161 -1920
  113 11779.919905 21527
  114 8128.386991 28488
  115 13307.909544 12613
  116 4684.335096 25599
  117 -2852.321266     3
  118 -44.234267     2
  119 10421.184403 11817
  120 -564.058107     4
  121 22038.417920   876
  122 8040.612743 21854
  123 -517.307856     2
  124 10168.762399   546
  125 3506.843411 -1913
  126 2906.580214 32558
  127 92.708663 29437
  128 2831.848029 32051
  129 -1661.145935     1
  130 61.120556 12216
  131 -1768.539555     7
  132 -1880.484045     0
  133 10259.355836 -1966
  134 3486.902857 16240
  135 -1092.062206     7
  136 22105.711900  3066
  137 582.423591  3236
  138 4302.920361 -3156
  139 3252.496659 26575
  140 -481.327464     2
  141 1440.409731 23859
  142 5015.493732 -2212
  143 1654.799911 15705
  144 6924.915606 14460
  145 -872.599699     6
  146 13020.886165 26421
  147 504.542952 10799
  148 -581.080617     2
  149 9220.465975 30348
  150 3468.114779 14927
  151 6616.927381 -2981
  152 6417.399082  4176
  153 1783.595503  3369
  154 355.387153 -3090
  155 2620.239371 -2741
  156 4777.756818 26851
  157 816.998982 29251
  158 -1521.404106     2
  159 -1431.406231     5
  160 1023.043750 13900
  161 -290.576609     5
  162 -209.785030     8
  163 3692.869160 18562
  164 -510.035057     1
  165 1040.140038 -2146
  166 -1961.354918     7
  167 -1521.412945     3
  168 8880.140065 32150
  169 14120.596446 -2166
  170 -1302.446883     1
  171 -915.438429     1
  172 3149.176459 24598
  173 5711.703326 14057
  174 7536.911225 -2884
  175 -860.977571     6
  176 -456.609362     3
  177 420.628305 31434
  178 -1579.508323     7
  179 8923.079181 11021
  180 7276.579676 19654
  181 5362.925500 31837
  182 -45.228180     4
  183 29850.323495 14952
  184 2815.086941 26785
  185 3757.442458  6455
  186 9971.989622 -1650
  187 1633.928724 -2588
  188 -1814.901653     0
  189 -1372.208062     0
  190 16698.069393 13760
  191 531.778866 -2091
  192 -1175.640992     5
  193 633.167440 29565
  194 3110.150991 -1681
  195 -1881.559575     5
  196 13467.808677 -1684
  197 -963.343664     6
  198 3079.838552 17659
  199 16893.717155 -3088
  200 6503.838783  6147
  201 12519.510786 30936
  202 16673.091087 26161
  203 -2783.433002     4
  204 139.881052 29234
  205 -1497.660139     2
  206 1537.143967 12201
  207 -2141.547082     0
  208 2901.181785 -2474
  209 2309.457492 11251
  210 811.847141 11128
  211 1758.756145 18494
  212 25335.161402 -1593
  213 212.190613 -2437
  214 -1463.443466     2
  215 499.295789 -1846
  216 3187.926987  1154
  217 53.825488 15143
  218 23875.325801 -3103
  219 18060.004418 16679
  220 29611.358486 -2764
  221 13373.262596  1476
  222 975.255382 19127
  223 1365.344340  5680
  224 14798.545274  2168
  225 -1241.935235     4
  226 18091.697510 25072
  227 -2254.468155     6
  228 1656.032268  3095
  229 -902.603697     0
  230 2179.115392 -3242
  231 16511.655438 11398
  232 -892.473794     7
  233 -891.066912     7
  234 -1923.519283     3
  235 -357.662176     3
  236 646.502504 31779
  237 284.685134 25768
  238 -559.965872     4
  239 -313.413254     3
  240 -1872.725343     5
  241 31658.361278  9045
  242 15575.855373 28477
  243 1261.676501 25507
  244 4950.386498 27680
  245 3522.190821  6344
  246 -1407.321971     3
  247 10607.326800 -1812
  248 208.461616 -2751
  249 -537.394207     2
  250 1028.869741 19993
  251 -2006.526260     9
  252 13355.030684   131
  253 1183.823968 26725
  254 11498.829479 -2571
  255 -763.444649     4
  256 -1782.970846     3
  257 11920.671272 -2715
  258 3082.434975 11874
  259 10814.825928 -2572
  260 -557.752735     3
  261 -515.551390     2
  262 8656.819449 -2630
  263 -50.080315     0
  264 9611.051882  1231
  265 6264.325103 13187
  266 2014.469127  7031
  267 2808.848439 -2424
  268 14303.479817 12441
  269 104.320701 -2748
  270 2967.188724 27996
  271 4176.144807 20832
  272 4462.201888 -2129
  273 -270.444158     0
  274 2010.057450  3973
  275 3670.265935  9596
  276 300.748408 29864
  277 65.982555  8226
  278 135.529724  8125
  279 804.945271  1936
  280 13059.365636   519
  281 -697.047864     3
  282 2873.601333 20779
  283 134.486118  5897
  284 -623.825891     8
  285 -1405.472600     1
  286 -943.044567     7
  287 854.647111 13467
  288 8041.438140 -2093
  289 24933.135563 -1755
  290 223.877106 15224
  291 12985.858105 16581
  292 -1076.929005     2
  293 8294.459514 -2489
  294 5116.069865 12038
  295 30454.935984 14498
  296 -1162.703964     1
  297 283.560861 -3250
  298 6465.744399 32570
  299 -1329.464160     9
  300 -238.662306     5
