300
    1 6211.299451     1
    2 18084.796096 22552
    3 5269.015832 27863
    4 46087.571420 -1935
    5 1629.534165 -2497
    6 -1063.676180     2
    7 2046.506401  7882
    8 9988.867960  5438
    9 11498.833954 -2390
   10 11352.240961  6863
   11 102.615066 -2493
   12 -1083.570598     6
   13 -335.863776     1
   14 -1801.827477     8
   15 7715.088463 -3259
   16 11633.448494 24956
   17 9855.362003 -2849
   18 383.288172 -3232
   19 9888.105410 14573
   20 1479.506518 -3083
   21 -782.280322     2
   22 6386.980854 15275
   23 -1559.049723     8
   24 -1279.922342     1
   25 -954.005099     1
   26 7855.276999 -2263
   27 6269.419496 20395
   28 1258.986682 -3111
   29 -433.911589     3
   30 16.333976 14985
   31 9598.120661 10343
   32 -331.333807     5
   33 -1202.333780     3
   34 14021.329054 -2852
   35 -24.479189     3
   36 8828.519354 21647
   37 4195.320655 -2309
   38 2665.486134  1257
   39 606.890932 -3064
   40 6918.885915  2568
   41 -247.225932     2
   42 8962.871850 15949
   43 636.448362 13544
   44 4854.612581 23714
   45 -1638.879116     4
   46 2066.559334 10842
   47 5699.659980 15863
   48 -873.865210     9
   49 22313.498349 -3003
   50 19496.637332  1573
   51 -140.064359     9
   52 -1684.076814     1
   53 8123.673765   314
   54 -424.488993     1
   55 17235.092640 23513
   56 10518.501907 32017
   57 -405.569270     4
   58 6410.575470 -2540
   59 -595.841072     8
   60 40015.425030 31213
   61 -176.497312     1
   62 7771.237210 31927
   63 21875.087180 31951
   64 -1343.886959     5
   65 -650.775776     9
   66 630.293321 18283
   67 15224.855304 14765
   68 245.800108 27953
   69 8778.885796  4234
   70 16244.489920  6832
   71 28888.471627  6524
   72 887.741398 -2711
   73 -342.891304     4
   74 -1499.448837     4
   75 36.647016 -2177
   76 -3007.090036     8
   77 2245.957100 21958
   78 10562.577052 -2390
   79 229.049715 -2423
   80 2889.011121 -2110
   81 2513.463913  3195
   82 1947.416071  3101
   83 -1624.119534     1
   84 -1669.391781     9
   85 4303.507211  1250
   86 1148.912725 13695
   87 -2139.506671     1
   88 15668.238018 -2668
   89 -720.935242     4
   90 8583.371380 11841
   91 7209.812744  3905
   92 -3250.603310     0
   93 -492.418218     3
   94 1299.666420 -2630
   95 80.142366 -2801
   96 4983.541223 20258
   97 -241.952544     1
   98 387.175534 -2718
   99 1705.776259  7350
  100 708.707302 -3230
  101 5453.165875  6709
  102 -375.872064     5
  103 -763.189793     2
  104 1883.211349 10814
  105 34.292047 -2651
  106 18136.363682  1080
  107 664.417279 23377
  108 -395.102232     7
  109 1370.993614  1281
  110 -134.113672     0
  111 2765.303819 12350
  112 1649.772807 -1920
  113 7627.543111 21527
  114 2083.181768 28488
  115 3207.592219 12613
  116 6558.543103 25599
  117 -2797.021389     3
  118 -1914.945517     2
  119 2249.417892 11817
  120 -1826.178119     4
  121 10083.570471   876
  122 10447.426604 21854
  123 -352.782947     2
  124 3698.465491   546
  125 2046.787925 -1913
  126 5180.372768 32558
  127 87.606822 29437
  128 32097.362221 32051
  129 -317.197911     1
  130 10.554638 12216
  131 -172.137115     7
  132 -3167.266585     0
  133 6275.972561 -1966
  134 582.882036 16240
  135 -886.319194     7
  136 10792.581121  3066
  137 565.696426  3236
  138 10700.004409 -3156
  139 402.286951 26575
  140 -1265.238391     2
  141 1099.491803 23859
  142 807.464408 -2212
  143 1001.731047 15705
  144 14446.201836 14460
  145 -258.813387     6
  146 15178.909837 26421
  147 4681.245391 10799
  148 -181.873926     2
  149 8982.706837 30348
  150 22571.912031 14927
  151 8040.348870 -2981
  152 6381.357573  4176
  153 2186.191886  3369
  154 3588.300636 -3090
  155 5273.672126 -2741
  156 7541.006920 26851
  157 407.528634 29251
  158 -2773.126296     2
  159 -1675.472606     5
  160 931.455825 13900
  161 -59.814108     5
  162 -1488.918336     8
  163 1442.414184 18562
  164 -8.936217     1
  165 25.209562 -2146
  166 -1964.269359     7
  167 -1412.556254     3
  168 15505.214794 32150
  169 970.732632 -2166
  170 -9.086811     1
  171 -539.724695     1
  172 5799.190332 24598
  173 836.584253 14057
  174 3525.516742 -2884
  175 -745.173833     6
  176 -1161.552462     3
  177 1242.089845 31434
  178 -907.001428     7
  179 6029.749731 11021
  180 9556.734110 19654
  181 14449.993784 31837
  182 -3.139023     4
  183 11677.650132 14952
  184 1267.856769 26785
  185 2289.774244  6455
  186 12564.374342 -1650
  187 2808.629346 -2588
  188 -1194.511697     0
  189 -402.025410     0
  190 13232.672122 13760
  191 2808.085879 -2091
  192 -1776.280459     5
  193 20511.721652 29565
  194 6378.677602 -1681
  195 -345.547513     5
  196 11530.610053 -1684
  197 -434.526891     6
  198 12458.846377 17659
  199 6152.278844 -3088
  200 7785.862280  6147
  201 16256.214732 30936
  202 665.032800 26161
  203 -2434.430392     4
  204 887.241485 29234
  205 -0.911701     2
  206 13572.810456 12201
  207 -965.614834     0
  208 4387.165023 -2474
  209 10960.163743 11251
  210 3631.933607 11128
  211 2441.286163 18494
  212 13389.241165 -1593
  213 898.845721 -2437
  214 -585.833798     2
  215 18857.372873 -1846
  216 5774.756796  1154
  217 3959.173773 15143
  218 9627.205506 -3103
  219 5134.196631 16679
  220 276.838161 -2764
  221 991.184002  1476
  222 4670.658485 19127
  223 649.204910  5680
  224 9075.097310  2168
  225 -168.895243     4
  226 8924.625468 25072
  227 -2611.095867     6
  228 12760.197362  3095
  229 -902.990634     0
  230 574.288428 -3242
  231 22905.963441 11398
  232 -1717.711117     7
  233 -335.740530     7
  234 -310.073793     3
  235 -496.243049     3
  236 1398.185749 31779
  237 2442.074142 25768
  238 -316.581549     4
  239 -677.646414     3
  240 -1924.099365     5
  241 33299.652222  9045
  242 2357.719503 28477
  243 10849.358941 25507
  244 2759.765407 27680
  245 16654.429468  6344
  246 -1319.527949     3
  247 13959.951015 -1812
  248 137.992571 -2751
  249 -998.697231     2
  250 5726.803300 19993
  251 -1201.847725     9
  252 8015.207660   131
  253 3357.621930 26725
  254 11030.698589 -2571
  255 -484.527720     4
  256 -1717.699981     3
  257 7602.141252 -2715
  258 7354.491901 11874
  259 10208.145674 -2572
  260 -2088.266283     3
  261 -1551.340881     2
  262 5360.242583 -2630
  263 -1704.836079     0
  264 13367.178090  1231
  265 1272.188133 13187
  266 1215.255650  7031
  267 9681.752656 -2424
  268 356.712963 12441
  269 6635.179333 -2748
  270 13384.263854 27996
  271 4003.463492 20832
  272 3300.317312 -2129
  273 -311.631844     0
  274 8721.368205  3973
  275 2752.971583  9596
  276 9455.885533 29864
  277 12658.540793  8226
  278 494.145516  8125
  279 2365.679863  1936
  280 15587.190476   519
  281 -337.500968     3
  282 2187.325711 20779
  283 143.707646  5897
  284 -262.543065     8
  285 -1347.119104     1
  286 -739.721578     7
  287 952.044055 13467
  288 15646.061354 -2093
  289 10682.228595 -1755
  290 6642.172109 15224
  291 6294.515640 16581
  292 -582.584784     2
  293 481.252469 -2489
  294 1542.756663 12038
  295 9418.633458 14498
  296 -689.722822     1
  297 874.998848 -3250
  298 3021.938518 32570
  299 -2070.780522     9
  300 -1317.649121     5
