300
    1 2847.019011     1
    2 7110.825211 22552
    3 7610.037203 27863
    4 5911.180546 -1935
    5 647.725841 -2497
    6 -802.274239     2
    7 28237.219269  7882
    8 12397.019577  5438
    9 5583.481535 -2390
   10 1394.151471  6863
   11 360.867899 -2493
   12 -112.076147     6
   13 -676.625333     1
   14 -1678.742215     8
   15 7478.263112 -3259
   16 6004.185630 24956
   17 4414.773361 -2849
   18 57.634554 -3232
   19 1435.853146 14573
   20 3598.078803 -3083
   21 -1995.077996     2
   22 4046.288241 15275
   23 -893.353108     8
   24 -1981.936381     1
   25 -89.540079     1
   26 20531.740542 -2263
   27 16780.285555 20395
   28 4019.400927 -3111
   29 -2149.219288     3
   30 399.510586 14985
   31 9104.508942 10343
   32 -1439.366510     5
   33 -355.901320     3
   34 8164.988126 -2852
   35 -256.722570     3
   36 7833.189696 21647
   37 10818.388699 -2309
   38 5890.119301  1257
   39 13127.114474 -3064
   40 2476.230733  2568
   41 -890.952314     2
   42 9007.994023 15949
   43 3700.233194 13544
   44 2012.514593 23714
   45 -1812.224274     4
   46 1767.069363 10842
   47 9683.251775 15863
   48 -549.011729     9
   49 16355.106489 -3003
   50 73.809548  1573
   51 -490.124996     9
   52 -801.749407     1
   53 22666.333650   314
   54 -1029.872280     1
   55 10714.662896 23513
   56 2400.416648 32017
   57 -1182.303746     4
   58 7148.588294 -2540
   59 -290.269832     8
   60 6094.798534 31213
   61 -444.308814     1
   62 884.171016 31927
   63 17946.995003 31951
   64 -1074.036061     5
   65 -188.464748     9
   66 7192.047220 18283
   67 5165.490592 14765
   68 655.575008 27953
   69 2472.228724  4234
   70 9190.226542  6832
   71 4034.664167  6524
   72 4968.757715 -2711
   73 -851.008307     4
   74 -1102.115871     4
   75 251.977618 -2177
   76 -22.684691     8
   77 16440.451473 21958
   78 5294.070757 -2390
   79 110.334875 -2423
   80 4122.028155 -2110
   81 219.619936  3195
   82 525.656531  3101
   83 -1115.316968     1
   84 -945.450362     9
   85 15495.787492  1250
   86 6446.303709 13695
   87 -1102.256778     1
   88 8215.116689 -2668
   89 -1984.281148     4
   90 12086.364261 11841
   91 4237.373361  3905
   92 -1604.075126     0
   93 -553.626349     3
   94 1349.758735 -2630
   95 406.143296 -2801
   96 711.877555 20258
   97 -483.665761     1
   98 6540.167340 -2718
   99 4022.816770  7350
  100 2976.162636 -3230
  101 10209.560714  6709
  102 -6.742898     5
  103 -821.509957     2
  104 5586.280911 10814
  105 33.961927 -2651
  106 3466.726138  1080
  107 5649.222404 23377
  108 -890.836333     7
  109 10601.373894  1281
  110 -962.515023     0
  111 9863.995454 12350
  112 4651.399075 -1920
  113 4387.530531 21527
  114 9765.023255 28488
  115 15945.775670 12613
  116 2860.840894 25599
  117 -2231.101380     3
  118 -294.460807     2
  119 12734.382747 11817
  120 -573.686684     4
  121 21333.301156   876
  122 11838.450036 21854
  123 -1178.226174     2
  124 4528.673946   546
  125 1580.929499 -1913
  126 2111.516155 32558
  127 39.339444 29437
  128 2909.673274 32051
  129 -1264.669604     1
  130 113.526063 12216
  131 -1048.221080     7
  132 -53.199285     0
  133 3239.018423 -1966
  134 10828.031466 16240
  135 -59.062634     7
  136 18678.628237  3066
  137 6735.796799  3236
  138 2778.516694 -3156
  139 5594.517975 26575
  140 -1459.808307     2
  141 3896.795330 23859
  142 1587.469574 -2212
  143 3832.892890 15705
  144 10099.606695 14460
  145 -503.609482     6
  146 4046.140357 26421
  147 204.270337 10799
  148 -939.137343     2
  149 8658.831292 30348
  150 12915.848759 14927
  151 510.596710 -2981
  152 7727.882145  4176
  153 317.559275  3369
  154 2818.734192 -3090
  155 3776.045913 -2741
  156 3717.296048 26851
  157 1221.334352 29251
  158 -1365.923113     2
  159 -418.276722     5
  160 2309.239787 13900
  161 -529.529205     5
  162 -614.596477     8
  163 2021.515883 18562
  164 -439.186501     1
  165 825.445580 -2146
  166 -402.317839     7
  167 -157.343654     3
  168 1978.041756 32150
  169 8908.593408 -2166
  170 -1391.463058     1
  171 -1383.601096     1
  172 13962.321961 24598
  173 2410.076431 14057
  174 3978.150279 -2884
  175 -724.339251     6
  176 -1501.675977     3
  177 1330.938987 31434
  178 -1175.586975     7
  179 3935.212999 11021
  180 23996.718653 19654
  181 21560.776950 31837
  182 -1629.642220     4
  183 3932.001934 14952
  184 5647.115530 26785
  185 344.045561  6455
  186 5915.728806 -1650
  187 1809.473363 -2588
  188 -262.738849     0
  189 -2091.173947     0
  190 15280.604788 13760
  191 231.577951 -2091
  192 -609.329977     5
  193 364.086969 29565
  194 2068.705072 -1681
  195 -899.383414     5
  196 4455.336153 -1684
  197 -564.369179     6
  198 3213.394502 17659
  199 14638.319515 -3088
  200 6855.892034  6147
  201 9094.356721 30936
  202 1450.600718 26161
  203 -1725.951288     4
  204 181.698099 29234
  205 -601.882217     2
  206 8503.470117 12201
  207 -320.534046     0
  208 593.292593 -2474
  209 1785.319534 11251
  210 5776.677732 11128
  211 1530.777439 18494
  212 2867.845398 -1593
  213 912.360020 -2437
  214 -439.923814     2
  215 6739.164779 -1846
  216 20308.398625  1154
  217 939.938246 15143
  218 5230.954425 -3103
  219 6083.313088 16679
  220 8907.159825 -2764
  221 22686.447235  1476
  222 8729.253257 19127
  223 1490.544351  5680
  224 19456.209971  2168
  225 -91.256003     4
  226 889.168988 25072
  227 -34.340325     6
  228 11178.035525  3095
  229 -1189.483411     0
  230 2596.197564 -3242
  231 7759.024303 11398
  232 -1792.529385     7
  233 -116.871355     7
  234 -576.387831     3
  235 -847.310219     3
  236 8479.697113 31779
  237 302.930346 25768
  238 -548.291113     4
  239 -1384.145130     3
  240 -714.623546     5
  241 12591.307781  9045
  242 4127.659668 28477
  243 9689.545331 25507
  244 5875.376684 27680
  245 7058.673861  6344
  246 -1523.697192     3
  247 17990.313082 -1812
  248 50.183296 -2751
  249 -2084.756082     2
  250 6915.251080 19993
  251 -1605.285549     9
  252 5980.252715   131
  253 8750.115534 26725
  254 19578.627783 -2571
  255 -962.511524     4
  256 -2494.504242     3
  257 977.034613 -2715
  258 4652.045509 11874
  259 1420.914211 -2572
  260 -908.845392     3
  261 -416.571986     2
  262 4651.531452 -2630
  263 -2254.357349     0
  264 12170.074638  1231
  265 3068.954474 13187
  266 2847.354015  7031
  267 6076.962399 -2424
  268 3496.288182 12441
  269 1371.252064 -2748
  270 8486.464632 27996
  271 7239.000284 20832
  272 5257.065386 -2129
  273 -1201.857709     0
  274 1758.601137  3973
  275 975.961763  9596
  276 6889.776241 29864
  277 4323.111783  8226
  278 2512.356688  8125
  279 1431.427068  1936
  280 7443.382768   519
  281 -1080.850179     3
  282 4882.181226 20779
  283 118.950155  5897
  284 -333.537255     8
  285 -1782.921544     1
  286 -807.157835     7
  287 1484.671412 13467
  288 5272.772421 -2093
  289 20661.184213 -1755
  290 863.910462 15224
  291 6929.569917 16581
  292 -530.922429     2
  293 12716.748291 -2489
  294 7498.817774 12038
  295 25528.880233 14498
  296 -1021.056776     1
  297 257.796612 -3250
  298 17342.225575 32570
  299 -2794.896824     9
  300 -408.129591     5
