300
    1 3573.387840     1
    2 11697.965534 22552
    3 11327.383981 27863
    4 13129.883576 -1935
    5 1497.813734 -2497
    6 -1292.532527     2
    7 1248.571102  7882
    8 4905.223611  5438
    9 6731.952523 -2390
   10 14084.328805  6863
   11 940.520909 -2493
   12 -1705.118654     6
   13 -3.696772     1
   14 -49.440323     8
   15 10449.274224 -3259
   16 13255.306771 24956
   17 3971.144525 -2849
   18 54.803605 -3232
   19 2699.793938 14573
   20 195.491623 -3083
   21 -2236.495939     2
   22 5074.593953 15275
   23 -107.272745     8
   24 -1083.716217     1
   25 -655.424036     1
   26 1369.896752 -2263
   27 986.638057 20395
   28 17991.226345 -3111
   29 -3361.039679     3
   30 1351.236891 14985
   31 6118.827760 10343
   32 -972.280550     5
   33 -171.819700     3
   34 11175.496619 -2852
   35 -492.970331     3
   36 31013.778089 21647
   37 787.321804 -2309
   38 7113.339735  1257
   39 11663.586576 -3064
   40 16192.222115  2568
   41 -112.341897     2
   42 12954.903722 15949
   43 1340.817709 13544
   44 5199.822737 23714
   45 -41.251271     4
   46 1868.326088 10842
   47 6750.157357 15863
   48 -229.691675     9
   49 3304.303127 -3003
   50 459.531493  1573
   51 -1901.192083     9
   52 -2851.505393     1
   53 2167.906111   314
   54 -3034.974251     1
   55 15679.904190 23513
   56 5477.791586 32017
   57 -1.770900     4
   58 10108.546580 -2540
   59 -204.853941     8
   60 16180.147914 31213
   61 -272.913024     1
   62 27779.982272 31927
   63 5938.766483 31951
   64 -2089.739387     5
   65 -800.032453     9
   66 1728.089339 18283
   67 4546.590547 14765
   68 166.869088 27953
   69 3043.135568  4234
   70 14589.559941  6832
   71 24985.874009  6524
   72 22886.504262 -2711
   73 -413.431263     4
   74 -1259.645072     4
   75 6.692364 -2177
   76 -1062.068210     8
   77 2789.595168 21958
   78 7522.718270 -2390
   79 549.846527 -2423
   80 15339.101986 -2110
   81 813.310254  3195
   82 44.541618  3101
   83 -159.183405     1
   84 -1888.097882     9
   85 1871.297712  1250
   86 12416.483849 13695
   87 -121.639377     1
   88 30970.506429 -2668
   89 -679.212780     4
   90 19727.454487 11841
   91 6318.288736  3905
   92 -6746.688621     0
   93 -121.318595     3
   94 4956.605363 -2630
   95 286.380655 -2801
   96 6441.868389 20258
   97 -3221.964758     1
   98 27372.843499 -2718
   99 1414.954554  7350
  100 11839.168069 -3230
  101 3608.552235  6709
  102 -122.049156     5
  103 -242.661055     2
  104 11850.850144 10814
  105 17.797263 -2651
  106 9886.862581  1080
  107 35685.286266 23377
  108 -375.251306     7
  109 5197.104964  1281
  110 -62.410549     0
  111 1209.700221 12350
  112 14726.603130 -1920
  113 16165.343767 21527
  114 3849.572554 28488
  115 5480.728053 12613
  116 2459.365241 25599
  117 -2788.773484     3
  118 -821.060149     2
  119 8080.328335 11817
  120 -286.267108     4
  121 7711.370989   876
  122 10927.152763 21854
  123 -2737.019429     2
  124 250.157858   546
  125 1295.364332 -1913
  126 813.699892 32558
  127 32.232446 29437
  128 5687.494194 32051
  129 -367.965355     1
  130 82.182401 12216
  131 -183.607381     7
  132 -1701.678342     0
  133 8260.946730 -1966
  134 611.905751 16240
  135 -531.281893     7
  136 11526.048504  3066
  137 6193.306714  3236
  138 20336.867696 -3156
  139 12032.525629 26575
  140 -586.755571     2
  141 2107.469766 23859
  142 8099.580784 -2212
  143 14717.666088 15705
  144 2551.291188 14460
  145 -837.861826     6
  146 2820.400545 26421
  147 2022.531883 10799
  148 -2030.144965     2
  149 975.051006 30348
  150 5700.522340 14927
  151 5169.846245 -2981
  152 7380.265930  4176
  153 1180.736179  3369
  154 652.675834 -3090
  155 5164.490505 -2741
  156 1542.079455 26851
  157 799.905748 29251
  158 -1217.450902     2
  159 -106.673384     5
  160 1779.724413 13900
  161 -438.483638     5
  162 -730.547272     8
  163 2795.976888 18562
  164 -1578.479408     1
  165 937.513432 -2146
  166 -2400.439743     7
  167 -681.398254     3
  168 10587.918780 32150
  169 10306.150292 -2166
  170 -257.450226     1
  171 -157.397220     1
  172 11210.324489 24598
  173 4637.022287 14057
  174 779.616776 -2884
  175 -451.632553     6
  176 -1145.626627     3
  177 1470.847323 31434
  178 -828.602546     7
  179 5444.603602 11021
  180 26971.006075 19654
  181 5470.201377 31837
  182 -679.583607     4
  183 6849.586888 14952
  184 8666.935336 26785
  185 998.393346  6455
  186 3475.847452 -1650
  187 4026.620770 -2588
  188 -1412.297203     0
  189 -1853.404720     0
  190 20354.155380 13760
  191 847.583507 -2091
  192 -45.341028     5
  193 8313.958159 29565
  194 12669.183650 -1681
  195 -607.225211     5
  196 1161.912955 -1684
  197 -794.673847     6
  198 2344.065520 17659
  199 9601.188725 -3088
  200 15756.410757  6147
  201 1228.611252 30936
  202 5186.136275 26161
  203 -704.684202     4
  204 1065.083338 29234
  205 -247.699086     2
  206 3567.448553 12201
  207 -1086.388380     0
  208 1099.785431 -2474
  209 6718.991069 11251
  210 4880.190297 11128
  211 1776.943804 18494
  212 333.362072 -1593
  213 1280.358782 -2437
  214 -383.186257     2
  215 8252.590384 -1846
  216 1878.974724  1154
  217 118.564371 15143
  218 6220.869985 -3103
  219 3372.991256 16679
  220 2937.780523 -2764
  221 5078.126707  1476
  222 952.062279 19127
  223 1179.101897  5680
  224 38087.089527  2168
  225 -152.155291     4
  226 17122.454834 25072
  227 -96.775006     6
  228 10054.402444  3095
  229 -283.429926     0
  230 1513.748344 -3242
  231 2683.179707 11398
  232 -2587.794392     7
  233 -913.285285     7
  234 -500.971185     3
  235 -67.908904     3
  236 11885.277495 31779
  237 1618.522269 25768
  238 -168.438585     4
  239 -12.595099     3
  240 -2845.442133     5
  241 4883.855194  9045
  242 16787.614587 28477
  243 4524.598184 25507
  244 85.153468 27680
  245 2667.292710  6344
  246 -1530.225347     3
  247 2663.908644 -1812
  248 233.992559 -2751
  249 -1779.845635     2
  250 2651.574600 19993
  251 -357.955372     9
  252 20490.685059   131
  253 3742.936308 26725
  254 442.081556 -2571
  255 -500.774890     4
  256 -637.726628     3
  257 1153.461044 -2715
  258 1149.264450 11874
  259 267.695111 -2572
  260 -162.286364     3
  261 -140.722341     2
  262 17933.333170 -2630
  263 -332.970970     0
  264 9251.340829  1231
  265 572.099706 13187
  266 852.887019  7031
  267 4073.741098 -2424
  268 2943.827750 12441
  269 2849.006406 -2748
  270 15441.157827 27996
  271 5762.929499 20832
  272 802.532532 -2129
  273 -4.080123     0
  274 10653.714601  3973
  275 4805.100953  9596
  276 15122.588322 29864
  277 6604.003773  8226
  278 4334.247133  8125
  279 1296.744046  1936
  280 680.654193   519
  281 -1814.019406     3
  282 6992.149195 20779
  283 15.375290  5897
  284 -1357.053822     8
  285 -1488.137369     1
  286 -331.691730     7
  287 422.118286 13467
  288 19405.921417 -2093
  289 19977.229069 -1755
  290 4031.541229 15224
  291 7210.397368 16581
  292 -2866.158816     2
  293 5955.722602 -2489
  294 26292.362156 12038
  295 1119.485718 14498
  296 -208.155535     1
  297 259.091110 -3250
  298 13465.163830 32570
  299 -1313.302240     9
  300 -656.393614     5
