300
    1 5388.616643     1
    2 9904.068142 22552
    3 4825.582701 27863
    4 13249.202823 -1935
    5 844.762433 -2497
    6 -2001.162976     2
    7 6142.134929  7882
    8 8870.451196  5438
    9 8584.958203 -2390
   10 13307.505040  6863
   11 2064.945962 -2493
   12 -2105.921909     6
   13 -2252.311192     1
   14 -1340.919014     8
   15 11378.632858 -3259
   16 7863.056648 24956
   17 1682.126306 -2849
   18 38.955232 -3232
   19 14710.939599 14573
   20 25355.770932 -3083
   21 -2383.326382     2
   22 1088.768782 15275
   23 -569.919279     8
   24 -589.270059     1
   25 -5.280904     1
   26 16338.370170 -2263
   27 16923.110154 20395
   28 17530.499342 -3111
   29 -1388.621063     3
   30 2277.333686 14985
   31 17060.532777 10343
   32 -483.166029     5
   33 -1385.162644     3
   34 8591.159310 -2852
   35 -1226.562906     3
   36 59.457337 21647
   37 7412.412005 -2309
   38 5930.237242  1257
   39 2081.195002 -3064
   40 8022.749269  2568
   41 -1218.032087     2
   42 7939.122786 15949
   43 2146.314098 13544
   44 4432.194953 23714
   45 -2248.251785     4
   46 582.417310 10842
   47 5601.584070 15863
   48 -417.965553     9
   49 15486.282852 -3003
   50 5172.179921  1573
   51 -1604.583688     9
   52 -505.004074     1
   53 8686.622170   314
   54 -895.059403     1
   55 8710.148423 23513
   56 1339.802865 32017
   57 -1173.113512     4
   58 3826.840602 -2540
   59 -1309.142806     8
   60 9437.256221 31213
   61 -489.281158     1
   62 20251.622224 31927
   63 12480.288415 31951
   64 -945.719402     5
   65 -241.942243     9
   66 5385.135785 18283
   67 9235.747395 14765
   68 534.120574 27953
   69 7885.026962  4234
   70 6103.647032  6832
   71 21332.787654  6524
   72 2017.724136 -2711
   73 -905.764576     4
   74 -545.585006     4
   75 25.691707 -2177
   76 -443.409202     8
   77 19281.762183 21958
   78 11616.856211 -2390
   79 391.173725 -2423
   80 6148.517385 -2110
   81 1306.436290  3195
   82 215.611649  3101
   83 -1010.723479     1
   84 -722.421522     9
   85 4068.643808  1250
   86 9818.509031 13695
   87 -1478.320695     1
   88 5830.392798 -2668
   89 -1240.145670     4
   90 8776.910714 11841
   91 4740.875765  3905
   92 -2388.195138     0
   93 -338.712147     3
   94 1285.479834 -2630
   95 430.568753 -2801
   96 3921.265442 20258
   97 -2439.812471     1
   98 2415.984279 -2718
   99 9486.647257  7350
  100 8200.783863 -3230
  101 9208.970112  6709
  102 -728.612851     5
  103 -1455.825469     2
  104 2535.530126 10814
  105 75.187537 -2651
  106 5650.562715  1080
  107 27436.170392 23377
  108 -577.164574     7
  109 7184.323741  1281
  110 -982.152644     0
  111 9146.316080 12350
  112 9233.846171 -1920
  113 1929.152779 21527
  114 5175.854614 28488
  115 17261.239169 12613
  116 13758.147892 25599
  117 -0.860772     3
  118 -391.752178     2
  119 13966.977723 11817
  120 -1686.578209     4
  121 4530.654705   876
  122 4159.711403 21854
  123 -2357.416274     2
  124 1592.742070   546
  125 3320.047981 -1913
  126 2713.472820 32558
  127 8.065237 29437
  128 4478.257659 32051
  129 -2048.316478     1
  130 104.884272 12216
  131 -267.802739     7
  132 -1111.790351     0
  133 923.331293 -1966
  134 3630.915795 16240
  135 -1076.641171     7
  136 21313.210446  3066
  137 648.864052  3236
  138 4565.752147 -3156
  139 2545.093034 26575
  140 -368.224347     2
  141 3292.007164 23859
  142 2805.435924 -2212
  143 20325.024104 15705
  144 988.742072 14460
  145 -1136.855954     6
  146 12918.614996 26421
  147 661.595552 10799
  148 -898.661338     2
  149 13674.679692 30348
  150 11404.628139 14927
  151 6960.884738 -2981
  152 6255.990469  4176
  153 539.878387  3369
  154 2152.931087 -3090
  155 6209.481612 -2741
  156 5225.323663 26851
  157 150.242596 29251
  158 -224.125102     2
  159 -364.970202     5
  160 4045.652886 13900
  161 -741.284025     5
  162 -383.420309     8
  163 3551.297779 18562
  164 -545.787450     1
  165 1780.677901 -2146
  166 -602.915486     7
  167 -1210.303269     3
  168 4437.326621 32150
  169 898.055571 -2166
  170 -821.174743     1
  171 -249.505118     1
  172 14681.754297 24598
  173 287.454577 14057
  174 1151.427461 -2884
  175 -40.424272     6
  176 -2011.889981     3
  177 1860.529933 31434
  178 -755.209978     7
  179 4685.297594 11021
  180 19104.770584 19654
  181 12190.049004 31837
  182 -1328.426464     4
  183 18451.325670 14952
  184 2491.203085 26785
  185 1273.150550  6455
  186 9364.233107 -1650
  187 1243.979265 -2588
  188 -1250.373838     0
  189 -1369.438420     0
  190 13644.035716 13760
  191 860.375250 -2091
  192 -15.914052     5
  193 20319.532632 29565
  194 14798.305867 -1681
  195 -1544.817070     5
  196 764.321412 -1684
  197 -387.424226     6
  198 6628.742174 17659
  199 8032.774193 -3088
  200 9255.209078  6147
  201 20323.378056 30936
  202 6835.114833 26161
  203 -539.187674     4
  204 1013.324111 29234
  205 -459.444493     2
  206 4650.828553 12201
  207 -1494.534184     0
  208 3318.560269 -2474
  209 36.881418 11251
  210 14576.606607 11128
  211 673.232818 18494
  212 11840.222416 -1593
  213 1134.799130 -2437
  214 -18.813122     2
  215 2263.031700 -1846
  216 141.223727  1154
  217 5678.199500 15143
  218 24516.771850 -3103
  219 8304.406736 16679
  220 5712.742898 -2764
  221 3111.817823  1476
  222 1538.601461 19127
  223 933.343676  5680
  224 5966.717833  2168
  225 -571.081744     4
  226 2028.507229 25072
  227 -1186.121567     6
  228 17740.012290  3095
  229 -916.522419     0
  230 112.549940 -3242
  231 8428.246265 11398
  232 -392.624072     7
  233 -451.391364     7
  234 -134.014038     3
  235 -1898.796046     3
  236 5410.764126 31779
  237 760.125761 25768
  238 -1733.512826     4
  239 -50.499497     3
  240 -24.417643     5
  241 10524.235145  9045
  242 21489.801806 28477
  243 13636.772817 25507
  244 6429.566040 27680
  245 929.316420  6344
  246 -945.887906     3
  247 6391.439245 -1812
  248 157.049183 -2751
  249 -454.685693     2
  250 166.413230 19993
  251 -250.426205     9
  252 9547.064537   131
  253 805.238497 26725
  254 2089.630466 -2571
  255 -214.856528     4
  256 -10.918785     3
  257 5877.310142 -2715
  258 2217.746765 11874
  259 13019.122820 -2572
  260 -2961.009992     3
  261 -1852.989787     2
  262 8305.615998 -2630
  263 -171.271488     0
  264 911.078824  1231
  265 2925.068411 13187
  266 481.867051  7031
  267 2944.139144 -2424
  268 1556.987351 12441
  269 2879.033144 -2748
  270 15634.978126 27996
  271 2877.485651 20832
  272 296.426917 -2129
  273 -213.601956     0
  274 2479.443108  3973
  275 4905.583977  9596
  276 18609.541555 29864
  277 2283.338128  8226
  278 2994.310514  8125
  279 1234.314000  1936
  280 6303.197231   519
  281 -1108.335175     3
  282 57.315187 20779
  283 111.453145  5897
  284 -513.502558     8
  285 -961.028661     1
  286 -176.714124     7
  287 2978.613456 13467
  288 5076.575880 -2093
  289 3908.771617 -1755
  290 446.606424 15224
  291 16839.119617 16581
  292 -263.934928     2
  293 5414.368523 -2489
  294 30523.592956 12038
  295 15244.646678 14498
  296 -1710.713041     1
  297 327.734913 -3250
  298 1083.580152 32570
  299 -931.324890     9
  300 -576.245377     5
