300
    1 7785.106005     1
    2 31070.738786 22552
    3 5174.360478 27863
    4 27906.636594 -1935
    5 4431.367284 -2497
    6 -468.448165     2
    7 13041.324216  7882
    8 17669.010945  5438
    9 4852.536577 -2390
   10 4661.719633  6863
   11 650.835733 -2493
   12 -1348.114026     6
   13 -1984.811123     1
   14 -2737.709655     8
   15 5518.754030 -3259
   16 84.482692 24956
   17 15614.004001 -2849
   18 245.439708 -3232
   19 11948.726481 14573
   20 18998.497042 -3083
   21 -81.836319     2
   22 12710.648862 15275
   23 -20.477665     8
   24 -131.938925     1
   25 -513.760479     1
   26 19.091183 -2263
   27 9509.691662 20395
   28 1554.321943 -3111
   29 -815.362472     3
   30 628.721408 14985
   31 3857.777644 10343
   32 -1925.831781     5
   33 -932.362722     3
   34 28194.732559 -2852
   35 -566.428509     3
   36 1476.992984 21647
   37 4950.111642 -2309
   38 9784.127054  1257
   39 19790.677965 -3064
   40 13156.174636  2568
   41 -197.976406     2
   42 16812.798721 15949
   43 2373.320176 13544
   44 2846.987599 23714
   45 -109.318330     4
   46 1301.786895 10842
   47 14696.225334 15863
   48 -42.446730     9
   49 8680.300524 -3003
   50 1740.215764  1573
   51 -392.597414     9
   52 -2801.139591     1
   53 10713.263973   314
   54 -2332.542534     1
   55 190.381454 23513
   56 21.810553 32017
   57 -665.438517     4
   58 9570.525654 -2540
   59 -352.546502     8
   60 45451.619311 31213
   61 -848.111134     1
   62 1566.676839 31927
   63 10465.184049 31951
   64 -1734.280629     5
   65 -25.520118     9
   66 2117.239211 18283
   67 2382.189709 14765
   68 801.413759 27953
   69 5323.921725  4234
   70 25573.731593  6832
   71 1033.587366  6524
   72 3651.267896 -2711
   73 -631.965165     4
   74 -738.915866     4
   75 24.321223 -2177
   76 -1068.664362     8
   77 7812.060976 21958
   78 19263.250316 -2390
   79 151.732528 -2423
   80 1782.670077 -2110
   81 62.891948  3195
   82 255.512960  3101
   83 -609.317925     1
   84 -1418.953358     9
   85 12384.096508  1250
   86 16039.600467 13695
   87 -762.546932     1
   88 2052.958260 -2668
   89 -1203.957399     4
   90 17127.235664 11841
   91 26232.993519  3905
   92 -633.099360     0
   93 -731.028787     3
   94 656.895911 -2630
   95 170.851408 -2801
   96 702.783344 20258
   97 -1703.706076     1
   98 1197.279766 -2718
   99 14052.417547  7350
  100 8737.889933 -3230
  101 1088.410032  6709
  102 -1064.023864     5
  103 -2148.731994     2
  104 6928.239824 10814
  105 52.081195 -2651
  106 9432.198245  1080
  107 12302.094799 23377
  108 -754.590429     7
  109 3768.353183  1281
  110 -674.273525     0
  111 894.909385 12350
  112 2977.899023 -1920
  113 12195.785938 21527
  114 702.553944 28488
  115 9300.552400 12613
  116 5105.582960 25599
  117 -2431.552201     3
  118 -559.040418     2
  119 15035.983343 11817
  120 -406.945892     4
  121 8937.851557   876
  122 6259.294315 21854
  123 -1729.594751     2
  124 12136.855109   546
  125 4112.467882 -1913
  126 2733.194499 32558
  127 53.125822 29437
  128 3222.652858 32051
  129 -323.775857     1
  130 123.507852 12216
  131 -960.195021     7
  132 -1242.455202     0
  133 10863.574077 -1966
  134 1802.870660 16240
  135 -431.425323     7
  136 7012.974026  3066
  137 6272.058387  3236
  138 13994.176200 -3156
  139 5661.693700 26575
  140 -21.455347     2
  141 2306.032367 23859
  142 2823.777025 -2212
  143 18851.789084 15705
  144 5472.608573 14460
  145 -224.121054     6
  146 2028.353962 26421
  147 1855.672196 10799
  148 -1181.711291     2
  149 18965.808810 30348
  150 5164.751577 14927
  151 10535.329558 -2981
  152 6454.934104  4176
  153 1734.588983  3369
  154 1497.094826 -3090
  155 1136.396184 -2741
  156 2625.544903 26851
  157 845.845962 29251
  158 -900.317488     2
  159 -2037.706803     5
  160 838.958792 13900
  161 -1373.032596     5
  162 -574.135739     8
  163 1456.517602 18562
  164 -631.367718     1
  165 3434.839065 -2146
  166 -911.650418     7
  167 -1590.825156     3
  168 8590.633148 32150
  169 5340.325880 -2166
  170 -639.789623     1
  171 -1222.865912     1
  172 6783.033169 24598
  173 3474.537815 14057
  174 10104.811064 -2884
  175 -84.665691     6
  176 -2068.847357     3
  177 1408.792929 31434
  178 -29.188187     7
  179 7115.156503 11021
  180 8802.321041 19654
  181 9362.560781 31837
  182 -984.337384     4
  183 10167.268629 14952
  184 5173.009676 26785
  185 1857.242714  6455
  186 7727.931985 -1650
  187 2737.750701 -2588
  188 -1586.886304     0
  189 -1426.821267     0
  190 26934.758744 13760
  191 439.114703 -2091
  192 -35.583121     5
  193 497.428681 29565
  194 266.094185 -1681
  195 -541.850323     5
  196 51.143142 -1684
  197 -430.854393     6
  198 14613.817426 17659
  199 9760.389290 -3088
  200 2469.062408  6147
  201 11467.404041 30936
  202 1613.377566 26161
  203 -393.328954     4
  204 198.515707 29234
  205 -1143.346876     2
  206 4678.056504 12201
  207 -2854.697769     0
  208 7911.075664 -2474
  209 791.686528 11251
  210 8333.245577 11128
  211 2062.500439 18494
  212 7434.075172 -1593
  213 1092.239684 -2437
  214 -148.022113     2
  215 23728.441827 -1846
  216 4072.657365  1154
  217 7378.319057 15143
  218 11865.633430 -3103
  219 4124.905212 16679
  220 3384.783295 -2764
  221 10880.437284  1476
  222 11276.634619 19127
  223 1456.502416  5680
  224 16661.565769  2168
  225 -68.433747     4
  226 4402.296920 25072
  227 -279.369087     6
  228 17390.516081  3095
  229 -115.785149     0
  230 1957.714086 -3242
  231 8625.339327 11398
  232 -44.145419     7
  233 -1171.494866     7
  234 -1211.064553     3
  235 -861.022011     3
  236 6845.267531 31779
  237 3931.336508 25768
  238 -440.394004     4
  239 -2486.627788     3
  240 -1431.829775     5
  241 3838.740870  9045
  242 1727.878759 28477
  243 5082.321728 25507
  244 760.088012 27680
  245 9550.598332  6344
  246 -901.220704     3
  247 4902.900770 -1812
  248 238.289935 -2751
  249 -1558.305293     2
  250 2624.397309 19993
  251 -865.991828     9
  252 1836.741667   131
  253 3134.665794 26725
  254 10994.967592 -2571
  255 -478.825694     4
  256 -1699.230861     3
  257 10025.127162 -2715
  258 22626.209916 11874
  259 2877.076161 -2572
  260 -86.234698     3
  261 -356.994372     2
  262 2587.673594 -2630
  263 -1861.840504     0
  264 6238.533891  1231
  265 4752.472558 13187
  266 1384.252582  7031
  267 6180.614289 -2424
  268 11342.527811 12441
  269 2324.033513 -2748
  270 11571.691323 27996
  271 959.458662 20832
  272 1754.338947 -2129
  273 -149.297461     0
  274 13103.199779  3973
  275 912.523421  9596
  276 11792.642500 29864
  277 4699.395007  8226
  278 427.651656  8125
  279 533.405050  1936
  280 4133.929226   519
  281 -821.964060     3
  282 3762.311891 20779
  283 145.969045  5897
  284 -278.969183     8
  285 -2216.215214     1
  286 -1258.502744     7
  287 599.843216 13467
  288 18734.576045 -2093
  289 521.706758 -1755
  290 2485.844815 15224
  291 13225.390513 16581
  292 -139.476741     2
  293 6247.899590 -2489
  294 7645.375148 12038
  295 6291.826957 14498
  296 -815.140059     1
  297 271.270908 -3250
  298 9504.316683 32570
  299 -1284.236018     9
  300 -682.356326     5
