300
    1 1822.021164     1
    2 2264.233205 22552
    3 5239.600875 27863
    4 3717.150511 -1935
    5 1765.055140 -2497
    6 -830.464168     2
    7 10425.092283  7882
    8 3247.180993  5438
    9 11838.360659 -2390
   10 21859.772884  6863
   11 801.041177 -2493
   12 -614.524639     6
   13 -52.449168     1
   14 -1310.553080     8
   15 6075.155584 -3259
   16 7716.034000 24956
   17 4721.330666 -2849
   18 294.163590 -3232
   19 3917.240452 14573
   20 1019.628286 -3083
   21 -1878.765439     2
   22 2429.236361 15275
   23 -1724.445155     8
   24 -468.787884     1
   25 -469.786641     1
   26 1563.924638 -2263
   27 10167.876652 20395
   28 4048.450805 -3111
   29 -810.318085     3
   30 1643.643332 14985
   31 8278.571604 10343
   32 -277.816942     5
   33 -287.310970     3
   34 4960.061424 -2852
   35 -325.767773     3
   36 299.697611 21647
   37 5449.353521 -2309
   38 3126.529934  1257
   39 7271.069461 -3064
   40 8812.033898  2568
   41 -244.968686     2
   42 18318.452928 15949
   43 235.170276 13544
   44 3768.327257 23714
   45 -398.671826     4
   46 2136.437617 10842
   47 28890.035363 15863
   48 -1324.812498     9
   49 11720.574870 -3003
   50 3567.262598  1573
   51 -499.986713     9
   52 -1702.193682     1
   53 4179.676424   314
   54 -207.334591     1
   55 9145.966634 23513
   56 8693.025507 32017
   57 -251.349901     4
   58 12398.573683 -2540
   59 -1190.960906     8
   60 383.700385 31213
   61 -2140.992296     1
   62 5883.331249 31927
   63 13438.383967 31951
   64 -1553.189726     5
   65 -64.646031     9
   66 1854.582867 18283
   67 959.219594 14765
   68 451.063710 27953
   69 11081.748631  4234
   70 11580.747188  6832
   71 10168.583258  6524
   72 3705.221092 -2711
   73 -384.463418     4
   74 -227.129127     4
   75 46.936668 -2177
   76 -1202.731055     8
   77 9926.867069 21958
   78 8683.977604 -2390
   79 61.556303 -2423
   80 7109.938239 -2110
   81 158.840583  3195
   82 198.202964  3101
   83 -875.303095     1
   84 -442.035364     9
   85 6687.434372  1250
   86 2589.722634 13695
   87 -1066.758390     1
   88 1606.006512 -2668
   89 -3328.876387     4
   90 2656.127708 11841
   91 9633.815672  3905
   92 -2541.142131     0
   93 -419.945181     3
   94 2587.445693 -2630
   95 331.959387 -2801
   96 1668.885652 20258
   97 -1658.867840     1
   98 1849.218979 -2718
   99 809.608572  7350
  100 5733.058415 -3230
  101 1381.476765  6709
  102 -713.642899     5
  103 -618.414748     2
  104 3863.176970 10814
  105 37.479640 -2651
  106 10588.494619  1080
  107 8655.228982 23377
  108 -1462.927643     7
  109 940.440697  1281
  110 -138.681962     0
  111 1562.702783 12350
  112 17379.997157 -1920
  113 4578.264498 21527
  114 16333.937692 28488
  115 12868.924613 12613
  116 6116.323286 25599
  117 -538.026485     3
  118 -83.147483     2
  119 23978.213706 11817
  120 -544.074080     4
  121 9445.072043   876
  122 14727.196898 21854
  123 -441.261862     2
  124 11193.318381   546
  125 3466.477174 -1913
  126 1995.793493 32558
  127 27.762502 29437
  128 1266.256253 32051
  129 -1989.746369     1
  130 150.356151 12216
  131 -1492.317861     7
  132 -29.378247     0
  133 1123.217339 -1966
  134 9259.023121 16240
  135 -562.752447     7
  136 11790.911127  3066
  137 3138.703479  3236
  138 13343.800314 -3156
  139 8318.779110 26575
  140 -297.290340     2
  141 5642.020628 23859
  142 8001.554115 -2212
  143 16661.326481 15705
  144 1043.906767 14460
  145 -1096.230902     6
  146 3300.434462 26421
  147 1026.149945 10799
  148 -398.744017     2
  149 3738.042772 30348
  150 9186.201004 14927
  151 2227.270467 -2981
  152 4805.675455  4176
  153 1173.300839  3369
  154 754.633119 -3090
  155 1618.224740 -2741
  156 5060.060001 26851
  157 1027.852690 29251
  158 -1594.440336     2
  159 -300.413931     5
  160 5559.804952 13900
  161 -566.834880     5
  162 -625.080339     8
  163 3985.334503 18562
  164 -310.748297     1
  165 4766.078208 -2146
  166 -1474.971762     7
  167 -325.293174     3
  168 9224.195366 32150
  169 6470.400347 -2166
  170 -918.764025     1
  171 -1596.896515     1
  172 1425.094390 24598
  173 6920.167060 14057
  174 11253.379722 -2884
  175 -24.703838     6
  176 -2878.423533     3
  177 5556.299782 31434
  178 -1682.117132     7
  179 4127.215374 11021
  180 1039.304931 19654
  181 1094.243050 31837
  182 -95.908652     4
  183 779.817793 14952
  184 6746.612902 26785
  185 9974.224552  6455
  186 14142.568348 -1650
  187 1995.933007 -2588
  188 -1453.241053     0
  189 -736.095639     0
  190 17940.045093 13760
  191 821.526654 -2091
  192 -1159.339322     5
  193 5984.479737 29565
  194 9508.218368 -1681
  195 -1824.917924     5
  196 3826.669706 -1684
  197 -763.756663     6
  198 318.874145 17659
  199 27468.736044 -3088
  200 9764.343994  6147
  201 4116.927611 30936
  202 10318.632809 26161
  203 -1634.203862     4
  204 245.455401 29234
  205 -680.688758     2
  206 9741.055932 12201
  207 -825.212141     0
  208 2326.682715 -2474
  209 2951.605808 11251
  210 4782.731293 11128
  211 1938.186071 18494
  212 5586.980687 -1593
  213 2705.414907 -2437
  214 -172.799767     2
  215 550.559951 -1846
  216 3640.327821  1154
  217 1127.336731 15143
  218 8635.863946 -3103
  219 1275.128111 16679
  220 1592.648910 -2764
  221 3824.161139  1476
  222 5409.511476 19127
  223 666.884833  5680
  224 26771.023084  2168
  225 -548.485041     4
  226 16798.169865 25072
  227 -778.541741     6
  228 12819.862545  3095
  229 -634.130464     0
  230 179.146849 -3242
  231 17654.871169 11398
  232 -39.842447     7
  233 -33.093017     7
  234 -430.398439     3
  235 -981.477587     3
  236 2307.770815 31779
  237 1128.610484 25768
  238 -473.151944     4
  239 -648.843239     3
  240 -302.186402     5
  241 10455.954067  9045
  242 11350.064183 28477
  243 4067.345952 25507
  244 2915.792265 27680
  245 14887.577880  6344
  246 -428.026711     3
  247 8525.769406 -1812
  248 3.752710 -2751
  249 -1457.597684     2
  250 724.452731 19993
  251 -2066.700351     9
  252 11078.482282   131
  253 3133.989020 26725
  254 9783.671034 -2571
  255 -1226.891930     4
  256 -2229.243015     3
  257 1080.848650 -2715
  258 1477.415121 11874
  259 12779.204116 -2572
  260 -580.978780     3
  261 -421.539219     2
  262 6161.261379 -2630
  263 -1773.968005     0
  264 6540.172274  1231
  265 113.030358 13187
  266 673.441709  7031
  267 9169.317976 -2424
  268 1888.941534 12441
  269 7449.351237 -2748
  270 4830.682443 27996
  271 7324.380114 20832
  272 6119.441872 -2129
  273 -343.267578     0
  274 15640.980947  3973
  275 3330.350453  9596
  276 718.992801 29864
  277 12228.845953  8226
  278 1497.917825  8125
  279 1805.111490  1936
  280 5864.577033   519
  281 -85.142919     3
  282 10598.967095 20779
  283 112.911855  5897
  284 -412.203443     8
  285 -826.196665     1
  286 -1610.860732     7
  287 1518.810007 13467
  288 8521.436872 -2093
  289 2008.771544 -1755
  290 5306.302313 15224
  291 2824.373691 16581
  292 -298.547710     2
  293 1001.150960 -2489
  294 9332.540796 12038
  295 41404.045419 14498
  296 -2215.622192     1
  297 114.016027 -3250
  298 6482.875105 32570
  299 -1721.014838     9
  300 -318.090878     5
