300
    1 9527.500629     1
    2 29180.388427 22552
    3 9012.825484 27863
    4 11712.550878 -1935
    5 2399.195165 -2497
    6 -535.380819     2
    7 26961.795074  7882
    8 916.215383  5438
    9 124.849623 -2390
   10 76.897097  6863
   11 1158.277449 -2493
   12 -1831.717865     6
   13 -2285.653486     1
   14 -4039.156625     8
   15 2249.593927 -3259
   16 12919.305061 24956
   17 3125.029429 -2849
   18 457.119700 -3232
   19 17537.124457 14573
   20 7737.598828 -3083
   21 -975.575317     2
   22 12062.923230 15275
   23 -1870.391036     8
   24 -1193.678345     1
   25 -39.480074     1
   26 8860.006811 -2263
   27 13151.662016 20395
   28 5611.646876 -3111
   29 -79.885645     3
   30 79.479593 14985
   31 4134.387779 10343
   32 -653.137277     5
   33 -872.243621     3
   34 13533.797899 -2852
   35 -190.830076     3
   36 12020.993723 21647
   37 3013.055083 -2309
   38 196.617130  1257
   39 4496.077149 -3064
   40 17980.501771  2568
   41 -856.099836     2
   42 29135.080306 15949
   43 3608.256422 13544
   44 9366.735804 23714
   45 -692.014400     4
   46 988.944155 10842
   47 9101.606035 15863
   48 -55.303815     9
   49 8547.064499 -3003
   50 2853.423404  1573
   51 -665.740163     9
   52 -769.169426     1
   53 22010.388065   314
   54 -494.600392     1
   55 7090.805244 23513
   56 8663.728101 32017
   57 -1301.539146     4
   58 3869.053592 -2540
   59 -1679.844755     8
   60 1587.140903 31213
   61 -1312.539729     1
   62 3993.283173 31927
   63 6498.629102 31951
   64 -280.205412     5
   65 -955.031609     9
   66 513.412368 18283
   67 6184.823998 14765
   68 1399.655588 27953
   69 14856.013495  4234
   70 3396.958213  6832
   71 8512.455168  6524
   72 4669.484834 -2711
   73 -116.669716     4
   74 -1482.512456     4
   75 17.373828 -2177
   76 -1602.420864     8
   77 14392.107287 21958
   78 578.200947 -2390
   79 204.603249 -2423
   80 11794.710786 -2110
   81 165.692852  3195
   82 987.893487  3101
   83 -1075.141736     1
   84 -1870.265362     9
   85 8754.768595  1250
   86 11342.488377 13695
   87 -304.810726     1
   88 4507.501921 -2668
   89 -538.015172     4
   90 7560.595143 11841
   91 8111.015096  3905
   92 -1579.857179     0
   93 -1414.937214     3
   94 2017.986874 -2630
   95 35.420977 -2801
   96 3052.418303 20258
   97 -855.834276     1
   98 15362.368299 -2718
   99 10449.825187  7350
  100 708.738557 -3230
  101 1398.204122  6709
  102 -78.103503     5
  103 -358.038006     2
  104 10946.742658 10814
  105 63.347162 -2651
  106 32.560633  1080
  107 7904.942389 23377
  108 -2159.533341     7
  109 6833.338202  1281
  110 -365.663861     0
  111 2229.529366 12350
  112 668.425920 -1920
  113 11942.931882 21527
  114 4355.266841 28488
  115 14228.755223 12613
  116 5053.286832 25599
  117 -1035.301936     3
  118 -294.618622     2
  119 17821.358675 11817
  120 -780.633179     4
  121 22062.285740   876
  122 7157.187205 21854
  123 -1809.079146     2
  124 11308.863423   546
  125 1548.270088 -1913
  126 983.146315 32558
  127 10.217905 29437
  128 13152.640781 32051
  129 -5.276955     1
  130 14.227810 12216
  131 -537.669849     7
  132 -2017.174689     0
  133 4793.278980 -1966
  134 32915.278531 16240
  135 -708.339306     7
  136 13910.299874  3066
  137 2054.049038  3236
  138 16210.341331 -3156
  139 5304.857480 26575
  140 -920.283432     2
  141 39.862688 23859
  142 10406.988854 -2212
  143 9480.630544 15705
  144 10592.006797 14460
  145 -1700.674774     6
  146 5767.583071 26421
  147 2648.650398 10799
  148 -351.800757     2
  149 6650.348660 30348
  150 3760.534828 14927
  151 1637.723847 -2981
  152 2566.308218  4176
  153 1660.855549  3369
  154 1831.995034 -3090
  155 2207.846312 -2741
  156 8631.222830 26851
  157 2113.977294 29251
  158 -216.940246     2
  159 -1199.934855     5
  160 6638.997330 13900
  161 -85.766842     5
  162 -1400.059250     8
  163 3403.141796 18562
  164 -2313.917962     1
  165 3762.887718 -2146
  166 -2245.480093     7
  167 -289.856939     3
  168 704.588848 32150
  169 4174.362505 -2166
  170 -1716.814085     1
  171 -1147.537902     1
  172 2019.855763 24598
  173 4096.566141 14057
  174 14664.687954 -2884
  175 -1110.764568     6
  176 -563.118464     3
  177 629.381262 31434
  178 -460.791456     7
  179 4609.238339 11021
  180 5694.357993 19654
  181 17092.650954 31837
  182 -1376.131605     4
  183 18225.579432 14952
  184 11003.679944 26785
  185 2657.800495  6455
  186 16552.845796 -1650
  187 2070.068532 -2588
  188 -41.241173     0
  189 -576.955508     0
  190 1363.884382 13760
  191 183.092751 -2091
  192 -1496.283019     5
  193 166.460602 29565
  194 2231.039686 -1681
  195 -332.476525     5
  196 13376.589976 -1684
  197 -418.271345     6
  198 2755.008305 17659
  199 27087.004794 -3088
  200 2272.511282  6147
  201 4211.232057 30936
  202 4182.340880 26161
  203 -599.440813     4
  204 342.026588 29234
  205 -715.503900     2
  206 1461.110904 12201
  207 -322.392640     0
  208 1433.289225 -2474
  209 2064.060764 11251
  210 5796.903551 11128
  211 2514.504016 18494
  212 1991.160230 -1593
  213 713.423464 -2437
  214 -1063.636955     2
  215 7232.500917 -1846
  216 9135.885713  1154
  217 862.082770 15143
  218 9931.072909 -3103
  219 2167.832617 16679
  220 25893.296989 -2764
  221 10882.353986  1476
  222 7132.009772 19127
  223 1042.591706  5680
  224 3733.522722  2168
  225 -440.202271     4
  226 5725.959234 25072
  227 -2182.426307     6
  228 10767.717914  3095
  229 -2380.669656     0
  230 117.692833 -3242
  231 4104.178971 11398
  232 -1233.662133     7
  233 -1360.188493     7
  234 -674.323519     3
  235 -947.240745     3
  236 1268.305421 31779
  237 602.696980 25768
  238 -1771.699986     4
  239 -1636.821852     3
  240 -234.164466     5
  241 2657.996377  9045
  242 10382.472213 28477
  243 1734.878581 25507
  244 6260.361883 27680
  245 28068.678824  6344
  246 -252.798962     3
  247 27233.730440 -1812
  248 396.728454 -2751
  249 -1080.652877     2
  250 5515.084698 19993
  251 -185.791208     9
  252 5905.856810   131
  253 13238.087155 26725
  254 903.143622 -2571
  255 -109.622839     4
  256 -2527.643441     3
  257 479.579369 -2715
  258 3105.487030 11874
  259 5513.205772 -2572
  260 -376.518765     3
  261 -918.685690     2
  262 4059.191947 -2630
  263 -1565.110206     0
  264 1929.207316  1231
  265 2029.495511 13187
  266 1066.574796  7031
  267 1632.620658 -2424
  268 4688.599831 12441
  269 1386.759140 -2748
  270 5158.807067 27996
  271 8680.612286 20832
  272 1830.854148 -2129
  273 -1375.347541     0
  274 2189.326030  3973
  275 1115.168648  9596
  276 6036.022030 29864
  277 2643.216136  8226
  278 558.251461  8125
  279 814.434185  1936
  280 848.236225   519
  281 -1403.955600     3
  282 5015.126261 20779
  283 17.224253  5897
  284 -1623.745922     8
  285 -2897.386516     1
  286 -1978.353716     7
  287 1539.482084 13467
  288 2790.216584 -2093
  289 690.382643 -1755
  290 2988.782027 15224
  291 13565.254687 16581
  292 -39.813902     2
  293 6983.293095 -2489
  294 7049.775651 12038
  295 2330.332348 14498
  296 -973.536621     1
  297 559.223163 -3250
  298 2263.183249 32570
  299 -941.907837     9
  300 -1423.058536     5
