300
    1 583.419402     1
    2 19247.195570 22552
    3 350.425442 27863
    4 10747.976067 -1935
    5 5620.689876 -2497
    6 -449.089606     2
    7 7653.513948  7882
    8 7665.517745  5438
    9 10659.273061 -2390
   10 8226.640901  6863
   11 353.828175 -2493
   12 -13.180435     6
   13 -1254.701250     1
   14 -185.916189     8
   15 9489.348452 -3259
   16 8868.365981 24956
   17 280.773490 -2849
   18 597.741929 -3232
   19 10244.278841 14573
   20 10818.911247 -3083
   21 -2792.813802     2
   22 753.120038 15275
   23 -880.717996     8
   24 -1096.676653     1
   25 -1241.748818     1
   26 5866.071503 -2263
   27 2655.577022 20395
   28 2247.701757 -3111
   29 -912.339085     3
   30 985.717900 14985
   31 21322.172486 10343
   32 -70.538167     5
   33 -1270.273470     3
   34 8157.604883 -2852
   35 -1645.200132     3
   36 11647.778654 21647
   37 14639.487972 -2309
   38 2572.028942  1257
   39 3443.177616 -3064
   40 5236.630756  2568
   41 -1427.382334     2
   42 3532.988723 15949
   43 1682.722883 13544
   44 4243.927172 23714
   45 -605.799954     4
   46 1783.091478 10842
   47 9113.420274 15863
   48 -1769.317400     9
   49 7615.574420 -3003
   50 7552.227634  1573
   51 -2808.403233     9
   52 -2209.251085     1
   53 18643.662069   314
   54 -714.266083     1
   55 6168.099865 23513
   56 7534.590184 32017
   57 -2234.315170     4
   58 610.019964 -2540
   59 -1326.932829     8
   60 10827.654671 31213
   61 -173.391423     1
   62 19992.214606 31927
   63 24644.024824 31951
   64 -476.639921     5
   65 -442.652514     9
   66 3704.144369 18283
   67 5560.961322 14765
   68 994.720183 27953
   69 3117.407078  4234
   70 5435.472216  6832
   71 6139.249410  6524
   72 6694.353221 -2711
   73 -215.500619     4
   74 -565.439877     4
   75 108.542241 -2177
   76 -1119.401119     8
   77 18022.363011 21958
   78 942.738835 -2390
   79 469.499902 -2423
   80 4537.615255 -2110
   81 1876.877211  3195
   82 1540.234411  3101
   83 -2949.281814     1
   84 -117.055105     9
   85 5477.570121  1250
   86 5077.053664 13695
   87 -298.194780     1
   88 6811.308526 -2668
   89 -1432.403050     4
   90 4593.413941 11841
   91 8745.874410  3905
   92 -957.340468     0
   93 -84.372004     3
   94 757.771300 -2630
   95 174.561439 -2801
   96 4311.626067 20258
   97 -1546.954390     1
   98 2865.562262 -2718
   99 2768.246370  7350
  100 4173.409874 -3230
  101 2435.333855  6709
  102 -1873.547355     5
  103 -494.373099     2
  104 2227.950290 10814
  105 69.057528 -2651
  106 2250.992431  1080
  107 3529.784398 23377
  108 -88.390672     7
  109 16256.666038  1281
  110 -2138.668287     0
  111 3729.628226 12350
  112 18438.794863 -1920
  113 10715.902373 21527
  114 5597.909501 28488
  115 1075.210907 12613
  116 846.857901 25599
  117 -1019.709620     3
  118 -740.870106     2
  119 13883.040609 11817
  120 -360.039940     4
  121 15849.244982   876
  122 10224.900249 21854
  123 -315.047442     2
  124 7078.526601   546
  125 6107.172243 -1913
  126 1973.390666 32558
  127 4.409824 29437
  128 1097.287790 32051
  129 -643.903185     1
  130 94.713909 12216
  131 -842.152645     7
  132 -2070.060666     0
  133 1924.054724 -1966
  134 3729.570448 16240
  135 -1087.508038     7
  136 3166.370619  3066
  137 3290.956730  3236
  138 15030.018833 -3156
  139 2043.961365 26575
  140 -284.669288     2
  141 1369.104569 23859
  142 4927.471666 -2212
  143 12775.826880 15705
  144 5552.590479 14460
  145 -364.064806     6
  146 6571.000851 26421
  147 788.759120 10799
  148 -2227.200885     2
  149 1677.143258 30348
  150 5476.704465 14927
  151 4512.733606 -2981
  152 1318.935649  4176
  153 1269.102317  3369
  154 2494.008325 -3090
  155 1523.747508 -2741
  156 6987.535080 26851
  157 860.977271 29251
  158 -1734.784751     2
  159 -431.381798     5
  160 2747.428017 13900
  161 -261.895451     5
  162 -797.403572     8
  163 654.998939 18562
  164 -120.139204     1
  165 5680.804335 -2146
  166 -118.704676     7
  167 -1214.107188     3
  168 3817.976364 32150
  169 1826.925848 -2166
  170 -764.080446     1
  171 -1737.072596     1
  172 3977.625996 24598
  173 6021.577782 14057
  174 6630.804304 -2884
  175 -451.969488     6
  176 -38.898856     3
  177 2982.314327 31434
  178 -232.894354     7
  179 3941.637247 11021
  180 8834.158773 19654
  181 19641.793249 31837
  182 -884.281387     4
  183 16731.587532 14952
  184 10740.015122 26785
  185 1912.003666  6455
  186 11486.859405 -1650
  187 308.458692 -2588
  188 -647.689728     0
  189 -2166.562263     0
  190 14917.316382 13760
  191 1127.526674 -2091
  192 -861.748193     5
  193 18661.776057 29565
  194 9878.229430 -1681
  195 -1237.137356     5
  196 37296.720068 -1684
  197 -672.764249     6
  198 524.750550 17659
  199 22794.057534 -3088
  200 14129.322365  6147
  201 3733.048264 30936
  202 5091.615616 26161
  203 -1384.286178     4
  204 258.372045 29234
  205 -2760.408860     2
  206 933.167348 12201
  207 -3188.844100     0
  208 14086.922703 -2474
  209 11380.134068 11251
  210 5880.803136 11128
  211 189.850602 18494
  212 8878.393953 -1593
  213 61.447181 -2437
  214 -679.625711     2
  215 4764.734575 -1846
  216 12735.226565  1154
  217 811.546793 15143
  218 437.428179 -3103
  219 2277.203912 16679
  220 16571.785043 -2764
  221 10120.256223  1476
  222 17881.037578 19127
  223 645.706496  5680
  224 22348.910947  2168
  225 -942.398497     4
  226 18794.885896 25072
  227 -1965.512417     6
  228 14278.316911  3095
  229 -1987.937906     0
  230 188.557141 -3242
  231 8230.405262 11398
  232 -688.282625     7
  233 -1140.765286     7
  234 -657.216840     3
  235 -423.288621     3
  236 261.098976 31779
  237 1736.623656 25768
  238 -855.694175     4
  239 -76.577886     3
  240 -2702.371831     5
  241 7053.158840  9045
  242 7109.951690 28477
  243 24376.609993 25507
  244 4067.313842 27680
  245 18896.193609  6344
  246 -423.089823     3
  247 7331.638115 -1812
  248 92.346959 -2751
  249 -2222.059865     2
  250 8150.479704 19993
  251 -1510.581734     9
  252 14388.669410   131
  253 7307.875106 26725
  254 7491.611237 -2571
  255 -1163.132664     4
  256 -289.207757     3
  257 2886.241480 -2715
  258 13515.358008 11874
  259 25784.795844 -2572
  260 -993.944011     3
  261 -282.009353     2
  262 7201.743970 -2630
  263 -830.248519     0
  264 3254.925778  1231
  265 737.088972 13187
  266 82.866693  7031
  267 4953.699814 -2424
  268 16813.697459 12441
  269 11476.383297 -2748
  270 13138.027225 27996
  271 1488.194956 20832
  272 4299.369443 -2129
  273 -834.188133     0
  274 17547.011948  3973
  275 7939.374912  9596
  276 5796.225371 29864
  277 11556.256055  8226
  278 4492.355342  8125
  279 3223.856244  1936
  280 21958.807360   519
  281 -1044.083005     3
  282 3206.287519 20779
  283 78.928400  5897
  284 -795.867932     8
  285 -1504.382363     1
  286 -110.185724     7
  287 2359.098701 13467
  288 5679.617331 -2093
  289 15542.259147 -1755
  290 1507.420706 15224
  291 13760.018166 16581
  292 -2491.764878     2
  293 3860.882447 -2489
  294 5348.034365 12038
  295 22608.745088 14498
  296 -1005.793257     1
  297 421.917427 -3250
  298 3649.257632 32570
  299 -911.828088     9
  300 -1613.216053     5
