300
    1 4951.929529     1
    2 24162.922276 22552
    3 2482.881018 27863
    4 2102.376421 -1935
    5 1743.663793 -2497
    6 -567.146613     2
    7 17125.157209  7882
    8 5472.749565  5438
    9 202.920998 -2390
   10 2554.930407  6863
   11 143.301419 -2493
   12 -1077.111251     6
   13 -427.188822     1
   14 -1305.231123     8
   15 8575.309416 -3259
   16 14497.984694 24956
   17 7750.143547 -2849
   18 596.029936 -3232
   19 14505.884692 14573
   20 1178.745171 -3083
   21 -309.928251     2
   22 13241.958529 15275
   23 -282.305825     8
   24 -1059.998104     1
   25 -835.508435     1
   26 12618.986967 -2263
   27 9698.012023 20395
   28 7545.644914 -3111
   29 -878.857848     3
   30 27.866501 14985
   31 31938.632264 10343
   32 -947.202230     5
   33 -700.623151     3
   34 9266.649066 -2852
   35 -327.560780     3
   36 2316.061217 21647
   37 3411.509581 -2309
   38 20261.155337  1257
   39 6139.774516 -3064
   40 19600.749688  2568
   41 -183.843031     2
   42 21857.033623 15949
   43 166.766088 13544
   44 1975.559754 23714
   45 -225.792732     4
   46 4601.274445 10842
   47 11516.033624 15863
   48 -103.059265     9
   49 9687.391163 -3003
   50 25296.914599  1573
   51 -73.124353     9
   52 -2528.084825     1
   53 4759.206357   314
   54 -298.811118     1
   55 3029.776968 23513
   56 1607.931580 32017
   57 -179.143170     4
   58 5420.538970 -2540
   59 -870.048325     8
   60 48600.800439 31213
   61 -653.084363     1
   62 18772.574642 31927
   63 58.714928 31951
   64 -1015.410508     5
   65 -1287.302076     9
   66 13806.950118 18283
   67 459.634648 14765
   68 1607.350886 27953
   69 4719.919873  4234
   70 570.386973  6832
   71 1813.916605  6524
   72 19445.373939 -2711
   73 -805.515312     4
   74 -997.593643     4
   75 51.662528 -2177
   76 -116.265835     8
   77 12869.602673 21958
   78 4538.757959 -2390
   79 193.360594 -2423
   80 59.876212 -2110
   81 527.294757  3195
   82 2740.840063  3101
   83 -1271.208946     1
   84 -2340.051934     9
   85 19388.648612  1250
   86 4580.553788 13695
   87 -434.887605     1
   88 21726.161006 -2668
   89 -476.715368     4
   90 568.980667 11841
   91 2105.321693  3905
   92 -1930.276064     0
   93 -1741.533207     3
   94 1556.007183 -2630
   95 753.631572 -2801
   96 4271.957213 20258
   97 -2.926176     1
   98 21083.254239 -2718
   99 2310.582113  7350
  100 8602.558067 -3230
  101 1499.758927  6709
  102 -3921.662809     5
  103 -468.486022     2
  104 15809.701817 10814
  105 73.033516 -2651
  106 5800.782063  1080
  107 9389.876296 23377
  108 -2136.902313     7
  109 3490.691472  1281
  110 -94.623665     0
  111 220.255787 12350
  112 8015.205128 -1920
  113 1409.871479 21527
  114 18558.020234 28488
  115 26155.794286 12613
  116 6366.667298 25599
  117 -817.019870     3
  118 -1625.823103     2
  119 3553.547427 11817
  120 -2644.085378     4
  121 25386.583577   876
  122 19375.539059 21854
  123 -206.731971     2
  124 8362.138713   546
  125 3928.729674 -1913
  126 4974.730104 32558
  127 42.008883 29437
  128 5590.326369 32051
  129 -248.453538     1
  130 10.047024 12216
  131 -1757.247280     7
  132 -1332.612630     0
  133 5749.784025 -1966
  134 4976.581702 16240
  135 -1209.312860     7
  136 20470.134708  3066
  137 3074.420750  3236
  138 704.701701 -3156
  139 8403.077271 26575
  140 -382.893259     2
  141 4778.600671 23859
  142 12161.679582 -2212
  143 2475.150886 15705
  144 6725.300264 14460
  145 -183.054008     6
  146 14068.001615 26421
  147 156.964281 10799
  148 -570.052253     2
  149 1188.831567 30348
  150 14249.878856 14927
  151 2364.741615 -2981
  152 6909.273018  4176
  153 769.700521  3369
  154 15781.850834 -3090
  155 2689.362318 -2741
  156 8764.778934 26851
  157 1889.433638 29251
  158 -2545.897110     2
  159 -1425.139289     5
  160 1435.422890 13900
  161 -404.679258     5
  162 -669.652396     8
  163 1314.606367 18562
  164 -269.352916     1
  165 3609.545308 -2146
  166 -1619.322094     7
  167 -757.278379     3
  168 740.650055 32150
  169 435.130318 -2166
  170 -1101.249757     1
  171 -749.669781     1
  172 30119.284841 24598
  173 4687.064778 14057
  174 11699.603732 -2884
  175 -258.772708     6
  176 -1259.349937     3
  177 2254.065624 31434
  178 -1724.125824     7
  179 4970.160165 11021
  180 526.409361 19654
  181 6342.457130 31837
  182 -1149.221589     4
  183 11951.165298 14952
  184 5923.779191 26785
  185 2517.849776  6455
  186 17545.355425 -1650
  187 1352.756982 -2588
  188 -1095.047857     0
  189 -2617.647071     0
  190 3065.770578 13760
  191 1170.946040 -2091
  192 -1787.575448     5
  193 13880.577353 29565
  194 1332.406163 -1681
  195 -938.104119     5
  196 6201.082035 -1684
  197 -298.511655     6
  198 6538.718113 17659
  199 10400.923881 -3088
  200 294.917259  6147
  201 6712.384419 30936
  202 2419.274287 26161
  203 -1246.159634     4
  204 455.234616 29234
  205 -1062.015341     2
  206 13280.696303 12201
  207 -9.216625     0
  208 4184.237128 -2474
  209 4350.766859 11251
  210 1786.717672 11128
  211 4792.923149 18494
  212 4408.526290 -1593
  213 5164.242475 -2437
  214 -93.854896     2
  215 1608.253657 -1846
  216 14268.054761  1154
  217 3898.777001 15143
  218 26591.909551 -3103
  219 12505.301148 16679
  220 243.372517 -2764
  221 12564.608808  1476
  222 15064.114159 19127
  223 1697.902516  5680
  224 9066.056083  2168
  225 -1005.979572     4
  226 4183.158162 25072
  227 -1526.551284     6
  228 22295.655687  3095
  229 -1243.095117     0
  230 370.465301 -3242
  231 6189.942559 11398
  232 -1871.568976     7
  233 -298.124993     7
  234 -825.041075     3
  235 -158.676644     3
  236 6705.024034 31779
  237 1604.595273 25768
  238 -1250.665833     4
  239 -245.177806     3
  240 -911.238356     5
  241 17609.544847  9045
  242 1369.188727 28477
  243 17601.433070 25507
  244 8012.128442 27680
  245 1435.553894  6344
  246 -547.771593     3
  247 2568.128350 -1812
  248 284.991826 -2751
  249 -1409.190051     2
  250 873.712729 19993
  251 -926.770913     9
  252 14226.995491   131
  253 1657.137852 26725
  254 4720.834809 -2571
  255 -69.675427     4
  256 -1073.511836     3
  257 2043.919695 -2715
  258 18808.532898 11874
  259 6603.270201 -2572
  260 -528.123820     3
  261 -1124.810630     2
  262 19297.809650 -2630
  263 -24.022165     0
  264 5265.847875  1231
  265 2318.682244 13187
  266 2585.167428  7031
  267 1806.400800 -2424
  268 1820.656146 12441
  269 9624.539386 -2748
  270 25458.924959 27996
  271 13868.776831 20832
  272 554.145873 -2129
  273 -177.794898     0
  274 1599.240259  3973
  275 27.588758  9596
  276 3446.335611 29864
  277 5876.364023  8226
  278 6329.446928  8125
  279 1079.405883  1936
  280 1001.148516   519
  281 -730.501957     3
  282 451.510369 20779
  283 42.565040  5897
  284 -333.067694     8
  285 -2852.612445     1
  286 -1768.202215     7
  287 467.429654 13467
  288 10588.248479 -2093
  289 1197.543649 -1755
  290 3085.784301 15224
  291 39951.793403 16581
  292 -306.158688     2
  293 9107.429583 -2489
  294 42635.161186 12038
  295 21291.217068 14498
  296 -1949.467546     1
  297 69.013168 -3250
  298 468.273794 32570
  299 -899.956812     9
  300 -2498.930255     5
