300
    1 12063.069734     1
    2 3089.459137 22552
    3 3106.102606 27863
    4 18201.467399 -1935
    5 595.531377 -2497
    6 -763.564283     2
    7 24348.967739  7882
    8 9503.199938  5438
    9 5921.598745 -2390
   10 9757.820626  6863
   11 179.906363 -2493
   12 -274.583812     6
   13 -581.723068     1
   14 -107.772993     8
   15 2968.616859 -3259
   16 1359.769600 24956
   17 9639.741868 -2849
   18 388.925153 -3232
   19 912.110590 14573
   20 13506.372321 -3083
   21 -370.234506     2
   22 8407.442863 15275
   23 -1758.772379     8
   24 -1623.749028     1
   25 -155.681918     1
   26 17.261832 -2263
   27 8076.683267 20395
   28 4189.915053 -3111
   29 -1279.656095     3
   30 1231.217579 14985
   31 18398.280729 10343
   32 -1162.255914     5
   33 -313.090512     3
   34 5009.904522 -2852
   35 -331.849701     3
   36 4756.433909 21647
   37 2712.979246 -2309
   38 8364.253098  1257
   39 5864.157290 -3064
   40 13015.232087  2568
   41 -287.056745     2
   42 5483.235136 15949
   43 182.451322 13544
   44 579.485967 23714
   45 -944.635266     4
   46 2372.534842 10842
   47 20971.844578 15863
   48 -545.847163     9
   49 12721.062573 -3003
   50 10022.549485  1573
   51 -653.194279     9
   52 -1387.036887     1
   53 21150.392491   314
   54 -430.625454     1
   55 4100.875469 23513
   56 6314.160931 32017
   57 -1704.102502     4
   58 1282.308807 -2540
   59 -347.266335     8
   60 8433.312952 31213
   61 -471.996806     1
   62 4591.600558 31927
   63 23668.940340 31951
   64 -13.862272     5
   65 -634.718173     9
   66 4398.448060 18283
   67 2074.019858 14765
   68 347.895714 27953
   69 7689.375042  4234
   70 5527.142922  6832
   71 12142.354546  6524
   72 8812.624852 -2711
   73 -653.993494     4
   74 -1568.554509     4
   75 77.471966 -2177
   76 -1000.326840     8
   77 17395.189810 21958
   78 2944.647633 -2390
   79 602.415513 -2423
   80 3707.075494 -2110
   81 972.589557  3195
   82 1634.677726  3101
   83 -2800.061149     1
   84 -367.233231     9
   85 7196.298648  1250
   86 5523.992324 13695
   87 -727.965832     1
   88 21673.875524 -2668
   89 -1780.226413     4
   90 3286.552485 11841
   91 6693.936286  3905
   92 -1023.177553     0
   93 -537.800577     3
   94 1499.311869 -2630
   95 79.768151 -2801
   96 1444.634273 20258
   97 -1415.408352     1
   98 4270.931619 -2718
   99 6209.884702  7350
  100 12944.500707 -3230
  101 3308.483471  6709
  102 -512.298540     5
  103 -1673.351588     2
  104 1126.936372 10814
  105 18.879212 -2651
  106 4939.585580  1080
  107 14872.285576 23377
  108 -1219.116528     7
  109 24628.011037  1281
  110 -1301.474942     0
  111 4011.155797 12350
  112 7314.464668 -1920
  113 8946.429400 21527
  114 3341.150808 28488
  115 3537.767349 12613
  116 7243.616930 25599
  117 -229.586723     3
  118 -1007.493872     2
  119 34756.021885 11817
  120 -355.658390     4
  121 17112.808816   876
  122 14387.711859 21854
  123 -1684.006799     2
  124 7355.365667   546
  125 1080.450519 -1913
  126 2001.028074 32558
  127 24.124472 29437
  128 4556.934879 32051
  129 -2628.591791     1
  130 80.104160 12216
  131 -1196.595064     7
  132 -1552.062578     0
  133 4278.421650 -1966
  134 7121.650221 16240
  135 -2191.727630     7
  136 16312.684009  3066
  137 2727.568272  3236
  138 13187.327638 -3156
  139 14521.227576 26575
  140 -760.651680     2
  141 3996.217514 23859
  142 1680.733732 -2212
  143 9786.299978 15705
  144 7787.616398 14460
  145 -1515.257887     6
  146 694.237040 26421
  147 2461.424004 10799
  148 -975.779196     2
  149 13494.155272 30348
  150 11908.623221 14927
  151 1779.365434 -2981
  152 6204.262802  4176
  153 1255.198264  3369
  154 8557.990518 -3090
  155 6706.145776 -2741
  156 2212.397860 26851
  157 864.801116 29251
  158 -456.038266     2
  159 -608.317784     5
  160 2110.704152 13900
  161 -1170.842049     5
  162 -1091.266089     8
  163 2107.189881 18562
  164 -1201.464434     1
  165 3402.669194 -2146
  166 -1582.564259     7
  167 -1436.210921     3
  168 2754.131212 32150
  169 12880.048610 -2166
  170 -714.810619     1
  171 -873.190434     1
  172 4458.892372 24598
  173 1775.422624 14057
  174 15964.561293 -2884
  175 -435.757497     6
  176 -1764.154992     3
  177 2671.719116 31434
  178 -436.294364     7
  179 13848.724466 11021
  180 23540.845851 19654
  181 8772.403532 31837
  182 -212.532109     4
  183 6695.802506 14952
  184 4160.836425 26785
  185 932.089362  6455
  186 22281.915066 -1650
  187 4624.031415 -2588
  188 -877.168275     0
  189 -803.317599     0
  190 2118.770026 13760
  191 2418.131344 -2091
  192 -24.628719     5
  193 833.172377 29565
  194 916.782014 -1681
  195 -894.759482     5
  196 11183.725540 -1684
  197 -754.223437     6
  198 4627.355670 17659
  199 36770.084790 -3088
  200 13284.423153  6147
  201 3631.927861 30936
  202 8229.547559 26161
  203 -622.300148     4
  204 206.432680 29234
  205 -890.377135     2
  206 11480.101932 12201
  207 -2386.547758     0
  208 10958.505138 -2474
  209 10692.665534 11251
  210 15521.061320 11128
  211 1370.731450 18494
  212 8786.899667 -1593
  213 1990.114542 -2437
  214 -434.066426     2
  215 2819.848383 -1846
  216 3959.709929  1154
  217 3538.169358 15143
  218 11915.474197 -3103
  219 6581.583238 16679
  220 15529.826293 -2764
  221 8693.267571  1476
  222 1129.399678 19127
  223 1831.576458  5680
  224 5510.581827  2168
  225 -683.517344     4
  226 2191.874355 25072
  227 -675.879542     6
  228 33444.849592  3095
  229 -828.030369     0
  230 413.102899 -3242
  231 4192.338062 11398
  232 -13.516256     7
  233 -416.075217     7
  234 -264.500903     3
  235 -723.116687     3
  236 2889.900933 31779
  237 2873.797161 25768
  238 -625.857514     4
  239 -400.567252     3
  240 -403.123578     5
  241 15833.856915  9045
  242 284.371603 28477
  243 9303.906433 25507
  244 7394.399553 27680
  245 2715.674372  6344
  246 -929.830868     3
  247 6405.380556 -1812
  248 14.914292 -2751
  249 -1270.342361     2
  250 7246.559570 19993
  251 -1980.790559     9
  252 11901.886310   131
  253 5568.936863 26725
  254 5318.581765 -2571
  255 -302.807741     4
  256 -1649.104334     3
  257 837.002863 -2715
  258 8181.179687 11874
  259 1505.103687 -2572
  260 -121.995953     3
  261 -1769.399548     2
  262 5076.811589 -2630
  263 -247.032298     0
  264 10411.179984  1231
  265 3986.095422 13187
  266 2837.395553  7031
  267 14027.628417 -2424
  268 8626.700671 12441
  269 4771.044725 -2748
  270 1440.857676 27996
  271 2734.006085 20832
  272 3133.690162 -2129
  273 -61.099064     0
  274 9605.300507  3973
  275 2136.582641  9596
  276 2693.467048 29864
  277 6756.471402  8226
  278 255.579897  8125
  279 374.342946  1936
  280 2128.366369   519
  281 -270.287386     3
  282 5804.021481 20779
  283 163.224465  5897
  284 -374.045880     8
  285 -664.417692     1
  286 -1449.280845     7
  287 4027.879954 13467
  288 4730.522656 -2093
  289 2523.846382 -1755
  290 2647.356477 15224
  291 15462.820906 16581
  292 -533.448075     2
  293 4309.975569 -2489
  294 10328.339881 12038
  295 11223.532052 14498
  296 -1385.101139     1
  297 97.864718 -3250
  298 10381.613934 32570
  299 -1469.402394     9
  300 -716.418451     5
