300
    1 7243.343168     1
    2 4162.142295 22552
    3 4531.657262 27863
    4 37634.671667 -1935
    5 405.075732 -2497
    6 -473.779198     2
    7 25087.242017  7882
    8 1733.973924  5438
    9 3391.172521 -2390
   10 23858.557159  6863
   11 553.844634 -2493
   12 -1247.069128     6
   13 -847.112508     1
   14 -599.984263     8
   15 16820.968460 -3259
   16 1156.391688 24956
   17 9589.518389 -2849
   18 93.026090 -3232
   19 2206.136343 14573
   20 2815.806939 -3083
   21 -1064.688040     2
   22 4151.369221 15275
   23 -2004.869962     8
   24 -154.453384     1
   25 -1009.867158     1
   26 4920.148370 -2263
   27 4545.924673 20395
   28 4530.041607 -3111
   29 -1696.394444     3
   30 170.511658 14985
   31 14462.980216 10343
   32 -1203.715122     5
   33 -1380.809070     3
   34 3538.359360 -2852
   35 -1005.933976     3
   36 2597.863248 21647
   37 9795.897938 -2309
   38 4849.845727  1257
   39 566.521566 -3064
   40 3238.037050  2568
   41 -1076.147021     2
   42 21688.487030 15949
   43 4246.944372 13544
   44 5378.412027 23714
   45 -3624.439064     4
   46 690.917345 10842
   47 9176.976593 15863
   48 -1048.669045     9
   49 2010.105702 -3003
   50 9282.053608  1573
   51 -482.830361     9
   52 -79.710370     1
   53 1343.912116   314
   54 -90.090996     1
   55 8571.382729 23513
   56 16924.078050 32017
   57 -1085.193913     4
   58 8695.425606 -2540
   59 -217.232491     8
   60 7382.062262 31213
   61 -2552.294999     1
   62 14473.914382 31927
   63 5253.466557 31951
   64 -2173.904657     5
   65 -1811.367530     9
   66 4140.341574 18283
   67 4073.640352 14765
   68 123.448064 27953
   69 8867.986489  4234
   70 17119.480463  6832
   71 9660.358999  6524
   72 256.703682 -2711
   73 -3.076416     4
   74 -1253.154173     4
   75 203.822534 -2177
   76 -2866.219768     8
   77 5708.270069 21958
   78 9210.227660 -2390
   79 240.064235 -2423
   80 13180.057694 -2110
   81 908.299042  3195
   82 3611.496563  3101
   83 -1334.667361     1
   84 -1739.355432     9
   85 859.272739  1250
   86 15130.293066 13695
   87 -1987.621854     1
   88 18244.190909 -2668
   89 -1444.125361     4
   90 15386.896985 11841
   91 1971.072246  3905
   92 -1483.299201     0
   93 -352.087055     3
   94 216.862453 -2630
   95 3.382195 -2801
   96 2958.871054 20258
   97 -2060.361701     1
   98 9533.659779 -2718
   99 536.237497  7350
  100 10311.896787 -3230
  101 8410.864604  6709
  102 -3239.865312     5
  103 -238.228119     2
  104 229.465281 10814
  105 45.221932 -2651
  106 10752.124605  1080
  107 12.991250 23377
  108 -676.597530     7
  109 14395.042440  1281
  110 -2465.370678     0
  111 212.631506 12350
  112 18044.926430 -1920
  113 22759.624338 21527
  114 4523.178734 28488
  115 4453.991405 12613
  116 11959.973863 25599
  117 -823.636751     3
  118 -114.285023     2
  119 1469.771976 11817
  120 -1416.762991     4
  121 4353.162911   876
  122 17011.939147 21854
  123 -912.219862     2
  124 258.052011   546
  125 1371.919292 -1913
  126 5489.687432 32558
  127 35.692964 29437
  128 19505.799269 32051
  129 -418.040513     1
  130 29.296128 12216
  131 -417.362702     7
  132 -1908.552299     0
  133 5940.319111 -1966
  134 40451.509105 16240
  135 -942.728456     7
  136 2528.518210  3066
  137 3447.750686  3236
  138 3279.339783 -3156
  139 31879.901470 26575
  140 -330.196488     2
  141 1232.841589 23859
  142 12424.270817 -2212
  143 15614.531565 15705
  144 7676.935136 14460
  145 -1861.692604     6
  146 13653.430905 26421
  147 568.715481 10799
  148 -2325.483298     2
  149 3610.607473 30348
  150 130.903818 14927
  151 5189.655062 -2981
  152 13420.641581  4176
  153 1521.501261  3369
  154 10051.909293 -3090
  155 2355.948014 -2741
  156 371.201467 26851
  157 463.378047 29251
  158 -1628.194429     2
  159 -1549.710529     5
  160 9105.418941 13900
  161 -9.379001     5
  162 -168.188562     8
  163 551.762025 18562
  164 -342.403036     1
  165 1988.854468 -2146
  166 -7.003408     7
  167 -59.750327     3
  168 12653.699846 32150
  169 10424.207763 -2166
  170 -1605.718533     1
  171 -669.184474     1
  172 13620.339386 24598
  173 3912.834237 14057
  174 4940.755538 -2884
  175 -1098.350855     6
  176 -1237.263251     3
  177 2235.727276 31434
  178 -82.612944     7
  179 12367.777314 11021
  180 10365.940313 19654
  181 5376.079558 31837
  182 -1364.126030     4
  183 2914.762669 14952
  184 12421.751897 26785
  185 5921.000406  6455
  186 18864.007437 -1650
  187 3872.854902 -2588
  188 -1492.876977     0
  189 -2652.586242     0
  190 17621.486016 13760
  191 463.648427 -2091
  192 -760.303539     5
  193 9219.439629 29565
  194 13879.118871 -1681
  195 -816.395923     5
  196 17415.267456 -1684
  197 -226.615870     6
  198 1134.509919 17659
  199 29805.036458 -3088
  200 6382.681662  6147
  201 20938.388488 30936
  202 708.781912 26161
  203 -289.613076     4
  204 555.760214 29234
  205 -1205.200243     2
  206 3400.179712 12201
  207 -615.113628     0
  208 4929.753653 -2474
  209 14168.417779 11251
  210 18547.027161 11128
  211 1033.465338 18494
  212 12733.052629 -1593
  213 22.940836 -2437
  214 -158.748485     2
  215 20227.214178 -1846
  216 6361.335053  1154
  217 1951.265455 15143
  218 16116.478961 -3103
  219 3017.498179 16679
  220 1119.589247 -2764
  221 3661.087082  1476
  222 20427.470726 19127
  223 960.129891  5680
  224 25738.713579  2168
  225 -694.147535     4
  226 31896.655310 25072
  227 -233.558502     6
  228 8866.654803  3095
  229 -946.777399     0
  230 891.194272 -3242
  231 9197.588644 11398
  232 -68.676554     7
  233 -924.055307     7
  234 -328.438955     3
  235 -799.065761     3
  236 13254.020651 31779
  237 869.292934 25768
  238 -1449.631942     4
  239 -653.381154     3
  240 -3749.005396     5
  241 24804.092345  9045
  242 15535.887851 28477
  243 11859.392992 25507
  244 3088.192557 27680
  245 9245.247111  6344
  246 -1680.758383     3
  247 25267.714314 -1812
  248 278.341243 -2751
  249 -609.646344     2
  250 7637.913269 19993
  251 -1596.599812     9
  252 23853.860005   131
  253 13541.677492 26725
  254 13797.812853 -2571
  255 -106.242675     4
  256 -577.662476     3
  257 9581.491376 -2715
  258 12709.996705 11874
  259 1306.429950 -2572
  260 -2057.461436     3
  261 -2371.431173     2
  262 6427.196100 -2630
  263 -1363.295805     0
  264 13214.709393  1231
  265 1392.207324 13187
  266 3541.524632  7031
  267 2311.119568 -2424
  268 137.032529 12441
  269 7271.306982 -2748
  270 25563.397287 27996
  271 100.007181 20832
  272 4148.576203 -2129
  273 -907.426020     0
  274 14613.165452  3973
  275 1460.673810  9596
  276 8263.629333 29864
  277 22512.979043  8226
  278 4244.579357  8125
  279 347.931373  1936
  280 8133.735675   519
  281 -1118.828456     3
  282 3199.340512 20779
  283 32.711022  5897
  284 -674.136503     8
  285 -799.512828     1
  286 -1365.250755     7
  287 2170.106196 13467
  288 18677.154135 -2093
  289 389.864707 -1755
  290 658.572788 15224
  291 9051.457946 16581
  292 -1976.840208     2
  293 8843.313972 -2489
  294 5742.421237 12038
  295 17096.725111 14498
  296 -1992.475182     1
  297 308.096756 -3250
  298 13973.605302 32570
  299 -3514.436445     9
  300 -1389.738799     5
