300
    1 727.597085     1
    2 4695.119275 22552
    3 5924.248030 27863
    4 0.179164 -1935
    5 0.359062 -2497
    6 7074.159618 11402
    7 544.226316  7882
    8 2877.077995  5438
    9 0.101760 -2390
   10 816.758808  6863
   11 0.995599 -2493
   12 407.093312   525
   13 0.852577 -1620
   14 2252.911048 20096
   15 0.026760 -3259
   16 2454.444370 24956
   17 0.886035 -2849
   18 12317.171366 -3232
   19 1108.464613 14573
   20 0.229076 -3083
   21 13413.558397 21823
   22 20809.029598 15275
   23 9985.121908 14868
   24 0.032957 -2447
   25 0.767481  2208
   26 0.001661 -2263
   27 982.044454 20395
   28 10308.026246 -3111
   29 3856.329392  4613
   30 3390.832249 14985
   31 379.161043 10343
   32 0.118514 -1984
   33 1827.390911  2104
   34 13859.590627 -2852
   35 3844.578141 17064
   36 1782.636859 21647
   37 0.479447 -2309
   38 802.869834  1257
   39 0.419525 -3064
   40 164.716284  2568
   41 1962.598343 12082
   42 528.489205 15949
   43 9065.963213 13544
   44 85.127300 23714
   45 18419.912489 30240
   46 7365.258070 10842
   47 530.678001 15863
   48 0.760215 -1788
   49 0.336991 -3003
   50 96.708030  1573
   51 4079.923405   828
   52 1923.271040 12746
   53 0.122054   314
   54 7642.423737 23962
   55 5654.157705 23513
   56 0.742037 32017
   57 11919.983105 27528
   58 0.186311 -2540
   59 79.659790 28792
   60 78.741730 31213
   61 17641.576254 19028
   62 9213.379707 31927
   63 0.915894 31951
   64 18720.847892 26634
   65 1670.877393  8009
   66 5913.132604 18283
   67 1867.642730 14765
   68 2532.735397 27953
   69 6450.408313  4234
   70 5410.315782  6832
   71 2643.652945  6524
   72 0.163828 -2711
   73 10374.707279 23238
   74 2545.140325 23525
   75 0.214458 -2177
   76 8124.232978 10172
   77 4784.984739 21958
   78 0.568363 -2390
   79 0.910687 -2423
   80 0.174066 -2110
   81 0.166564  3195
   82 0.285473  3101
   83 11574.398298 -3116
   84 2409.185400  7462
   85 364.094039  1250
   86 5751.195791 13695
   87 0.701486 -2810
   88 0.289650 -2668
   89 0.966876 -2119
   90 2153.417796 11841
   91 833.629231  3905
   92 21132.278955 26181
   93 1375.535338  6201
   94 0.707669 -2630
   95 0.114018 -2801
   96 5479.559786 20258
   97 8505.528250 11140
   98 0.022727 -2718
   99 4288.759251  7350
  100 0.991907 -3230
  101 2533.264313  6709
  102 0.188464 -2544
  103 12450.613147 20824
  104 3084.300149 10814
  105 0.858915 -2651
  106 2002.443892  1080
  107 4951.890659 23377
  108 1.374387 -3192
  109 376.876611  1281
  110 0.176859 -2629
  111 7962.662902 12350
  112 0.450623 -1920
  113 1650.734451 21527
  114 665.435230 28488
  115 72.104909 12613
  116 2348.534720 25599
  117 136.121298  2552
  118 49.221276  4764
  119 4281.464951 11817
  120 2143.076642  8720
  121 0.220645   876
  122 8260.986184 21854
  123 0.207566 -1881
  124 1231.280474   546
  125 0.008134 -1913
  126 25180.643406 32558
  127 6350.271655 29437
  128 14832.347116 32051
  129 4209.720322 22728
  130 6891.211523 12216
  131 6404.654091 19666
  132 0.334498    74
  133 0.082513 -1966
  134 3942.604775 16240
  135 11165.952620 23404
  136 8911.266444  3066
  137 1158.965721  3236
  138 0.200599 -3156
  139 9306.671084 26575
  140 7972.873110 30702
  141 2720.085914 23859
  142 0.473365 -2212
  143 15229.864255 15705
  144 7668.728608 14460
  145 10969.455979 16428
  146 5085.830508 26421
  147 5921.040040 10799
  148 0.767869 -2970
  149 8482.415331 30348
  150 14988.747653 14927
  151 0.518279 -2981
  152 1138.151040  4176
  153 1702.873950  3369
  154 0.181593 -3090
  155 0.082333 -2741
  156 12106.048075 26851
  157 12801.780008 29251
  158 1409.177827  5560
  159 0.575267 -1996
  160 9050.035942 13900
  161 21968.588289 29542
  162 10.863408 23379
  163 303.017632 18562
  164 0.247507 -2198
  165 0.307709 -2146
  166 2678.056658  4587
  167 3383.088331  4200
  168 0.425550 32150
  169 0.093962 -2166
  170 0.659866 -2801
  171 0.014653 -3255
  172 7377.585339 24598
  173 4551.658693 14057
  174 0.241765 -2884
  175 5038.308406 15891
  176 0.274017 -2279
  177 19598.147379 31434
  178 13339.867601 20565
  179 5119.214463 11021
  180 16028.139616 19654
  181 0.290131 31837
  182 6124.308988 13672
  183 4588.009966 14952
  184 25568.893267 26785
  185 411.381715  6455
  186 0.825150 -1650
  187 0.441814 -2588
  188 0.893377 -2827
  189 8136.813604 16729
  190 6636.635056 13760
  191 0.057404 -2091
  192 15303.111073 24846
  193 7132.185306 29565
  194 0.221177 -1681
  195 6556.829465 28229
  196 0.474826 -1684
  197 8709.101688 15816
  198 3420.819879 17659
  199 0.733281 -3088
  200 5380.754197  6147
  201 2899.948986 30936
  202 3516.196451 26161
  203 14198.088142  9518
  204 12089.713469 29234
  205 5260.810174 18278
  206 593.264293 12201
  207 0.519535 -1702
  208 0.409137 -2474
  209 13980.763169 11251
  210 1143.700252 11128
  211 2485.943291 18494
  212 0.297980 -1593
  213 0.293672 -2437
  214 8392.351622 15528
  215 0.247766 -1846
  216 0.019062  1154
  217 1968.566369 15143
  218 5858.655661 -3103
  219 1993.851573 16679
  220 0.622059 -2764
  221 0.366326  1476
  222 5566.262794 19127
  223 5363.157194  5680
  224 0.381529  2168
  225 0.318862 -2741
  226 2957.918231 25072
  227 1.118017   460
  228 814.413555  3095
  229 7438.173550  8458
  230 15441.593422 -3242
  231 1434.696034 11398
  232 139.977755   881
  233 1147.648932  1061
  234 0.186032 -1929
  235 10753.140661 17055
  236 7062.149470 31779
  237 11230.377934 25768
  238 271.171282 14732
  239 1993.722134 -3256
  240 409.482118    35
  241 998.244105  9045
  242 4808.046075 28477
  243 350.844771 25507
  244 12947.301038 27680
  245 2181.820311  6344
  246 2376.186969 21407
  247 0.867739 -1812
  248 0.306738 -2751
  249 22661.769928 21608
  250 9390.801467 19993
  251 3159.796046 -3226
  252 0.578699   131
  253 11547.514894 26725
  254 0.204639 -2571
  255 492.176189  4774
  256 0.613326 -2202
  257 1.249249 -2715
  258 4116.884591 11874
  259 0.163426 -2572
  260 0.621447 -2700
  261 6334.408676 15881
  262 0.299328 -2630
  263 12111.824189 14536
  264 684.343437  1231
  265 11367.138134 13187
  266 2443.711960  7031
  267 0.021428 -2424
  268 1269.927892 12441
  269 0.257355 -2748
  270 20636.319353 27996
  271 3929.073634 20832
  272 0.257217 -2129
  273 7005.921166 13008
  274 111.692408  3973
  275 2965.849254  9596
  276 1211.428127 29864
  277 6318.754557  8226
  278 8738.089599  8125
  279 327.862764  1936
  280 7.219752   519
  281 0.398234 -1896
  282 1438.160768 20779
  283 1138.635423  5897
  284 0.923492 30295
  285 21157.280363 29243
  286 16126.177779 -3236
  287 4719.366135 13467
  288 0.144957 -2093
  289 0.102460 -1755
  290 440.398829 15224
  291 18001.093764 16581
  292 8506.794189 16126
  293 0.043885 -2489
  294 2769.859664 12038
  295 3966.435496 14498
  296 1.061032  4174
  297 14568.839816 -3250
  298 0.654109 32570
  299 3243.242693 21172
  300 3733.691253 14979
