300
    1 90.345521     1
    2 1981.900300 22552
    3 14325.857394 27863
    4 0.016840 -1935
    5 0.101398 -2497
    6 5102.216614 11402
    7 737.933636  7882
    8 2389.247316  5438
    9 0.466114 -2390
   10 2075.190284  6863
   11 0.710545 -2493
   12 78.967720   525
   13 0.063562 -1620
   14 1435.239810 20096
   15 0.384321 -3259
   16 13342.522969 24956
   17 0.391345 -2849
   18 2857.607800 -3232
   19 6850.772619 14573
   20 1.363353 -3083
   21 1392.039736 21823
   22 1060.459398 15275
   23 7027.259802 14868
   24 0.413295 -2447
   25 0.119708  2208
   26 0.278940 -2263
   27 8348.785006 20395
   28 2856.646180 -3111
   29 850.499438  4613
   30 7225.060366 14985
   31 378.147622 10343
   32 0.537246 -1984
   33 7805.388547  2104
   34 12199.174022 -2852
   35 4721.118170 17064
   36 14083.668473 21647
   37 0.368092 -2309
   38 1233.140511  1257
   39 0.570939 -3064
   40 547.549671  2568
   41 1415.878393 12082
   42 7850.088499 15949
   43 3005.961321 13544
   44 18958.902356 23714
   45 12406.013026 30240
   46 2374.237655 10842
   47 197.636333 15863
   48 0.919934 -1788
   49 0.243632 -3003
   50 296.787071  1573
   51 852.120126   828
   52 2242.642212 12746
   53 0.300745   314
   54 25395.793815 23962
   55 2311.547031 23513
   56 0.084387 32017
   57 8851.864074 27528
   58 0.527000 -2540
   59 8032.857251 28792
   60 10664.035164 31213
   61 10413.455845 19028
   62 955.198609 31927
   63 0.185817 31951
   64 14009.924252 26634
   65 800.147506  8009
   66 15216.403491 18283
   67 1120.203723 14765
   68 16721.199605 27953
   69 2582.424117  4234
   70 305.859884  6832
   71 4254.613130  6524
   72 0.343023 -2711
   73 4117.087810 23238
   74 3935.863786 23525
   75 0.042361 -2177
   76 2188.687216 10172
   77 502.424643 21958
   78 0.051539 -2390
   79 0.141939 -2423
   80 0.873598 -2110
   81 0.273434  3195
   82 0.006840  3101
   83 1955.890479 -3116
   84 2502.705478  7462
   85 2026.368711  1250
   86 7671.685248 13695
   87 1.042707 -2810
   88 0.180868 -2668
   89 0.716780 -2119
   90 3141.028003 11841
   91 899.090638  3905
   92 14488.071432 26181
   93 5090.584720  6201
   94 0.502133 -2630
   95 0.829955 -2801
   96 16498.100327 20258
   97 299.839263 11140
   98 0.881972 -2718
   99 2503.722819  7350
  100 0.408684 -3230
  101 3612.412622  6709
  102 0.830872 -2544
  103 10528.300225 20824
  104 49.099850 10814
  105 0.309944 -2651
  106 1707.350535  1080
  107 798.761960 23377
  108 0.449024 -3192
  109 1893.224101  1281
  110 1.207787 -2629
  111 1491.808828 12350
  112 0.069586 -1920
  113 11283.860142 21527
  114 5943.976252 28488
  115 9205.645993 12613
  116 1353.592992 25599
  117 807.984867  2552
  118 193.286698  4764
  119 1480.454846 11817
  120 6571.303314  8720
  121 0.096037   876
  122 11524.850739 21854
  123 0.053601 -1881
  124 799.487976   546
  125 0.568264 -1913
  126 15715.558903 32558
  127 18469.903387 29437
  128 9878.829163 32051
  129 13765.236444 22728
  130 119.465994 12216
  131 6096.922928 19666
  132 0.039247    74
  133 0.410318 -1966
  134 12682.059010 16240
  135 12417.925459 23404
  136 1929.134191  3066
  137 1811.806160  3236
  138 0.051133 -3156
  139 15365.096443 26575
  140 8493.486052 30702
  141 7417.352723 23859
  142 0.173254 -2212
  143 9742.006485 15705
  144 11353.902961 14460
  145 19458.062684 16428
  146 7543.679145 26421
  147 5136.157089 10799
  148 0.351480 -2970
  149 16797.354684 30348
  150 5802.701156 14927
  151 0.573328 -2981
  152 96.853743  4176
  153 3501.194457  3369
  154 0.935087 -3090
  155 0.017883 -2741
  156 19940.126743 26851
  157 1049.670505 29251
  158 1266.975613  5560
  159 0.472896 -1996
  160 2234.114560 13900
  161 12582.443169 29542
  162 14263.839202 23379
  163 4661.901155 18562
  164 0.044283 -2198
  165 0.017669 -2146
  166 1300.583085  4587
  167 874.570747  4200
  168 0.030942 32150
  169 0.128574 -2166
  170 0.088119 -2801
  171 1.198968 -3255
  172 33820.777626 24598
  173 5702.495400 14057
  174 0.131297 -2884
  175 8714.858978 15891
  176 0.226057 -2279
  177 24741.387104 31434
  178 1273.961169 20565
  179 3684.348115 11021
  180 2094.195229 19654
  181 0.054392 31837
  182 2072.578816 13672
  183 11185.090920 14952
  184 23427.935724 26785
  185 177.176774  6455
  186 0.804028 -1650
  187 0.471986 -2588
  188 0.259752 -2827
  189 16319.880547 16729
  190 730.809747 13760
  191 0.195443 -2091
  192 7641.190050 24846
  193 893.707265 29565
  194 0.689731 -1681
  195 7912.766614 28229
  196 0.107823 -1684
  197 6497.941905 15816
  198 4614.772869 17659
  199 0.197860 -3088
  200 1746.970155  6147
  201 15412.717928 30936
  202 11092.821907 26161
  203 826.245751  9518
  204 6093.761084 29234
  205 1379.026315 18278
  206 5571.902871 12201
  207 0.385684 -1702
  208 0.173029 -2474
  209 3094.851338 11251
  210 378.913392 11128
  211 6514.323120 18494
  212 0.005330 -1593
  213 0.569467 -2437
  214 2917.825601 15528
  215 0.678692 -1846
  216 0.370897  1154
  217 15383.824616 15143
  218 3219.885250 -3103
  219 4139.682586 16679
  220 0.684453 -2764
  221 0.094044  1476
  222 1301.025377 19127
  223 4337.555610  5680
  224 0.545402  2168
  225 0.056335 -2741
  226 5105.721733 25072
  227 0.292155   460
  228 1931.651606  3095
  229 1986.724535  8458
  230 10497.118454 -3242
  231 3565.548140 11398
  232 103.713216   881
  233 3247.828397  1061
  234 0.550110 -1929
  235 6079.083737 17055
  236 8838.772582 31779
  237 16010.776498 25768
  238 4930.334518 14732
  239 11824.464477 -3256
  240 274.629240    35
  241 2532.245211  9045
  242 33169.450528 28477
  243 6966.914680 25507
  244 19301.042951 27680
  245 3389.242178  6344
  246 3692.640595 21407
  247 0.281267 -1812
  248 0.941457 -2751
  249 7321.006922 21608
  250 7962.624106 19993
  251 13158.840978 -3226
  252 0.188391   131
  253 903.775508 26725
  254 0.182660 -2571
  255 266.935327  4774
  256 0.138972 -2202
  257 0.331383 -2715
  258 4061.061973 11874
  259 0.698239 -2572
  260 0.387309 -2700
  261 12230.484103 15881
  262 0.462423 -2630
  263 7551.829839 14536
  264 865.657370  1231
  265 2290.101771 13187
  266 11943.859402  7031
  267 1.375079 -2424
  268 9290.545734 12441
  269 0.140848 -2748
  270 14249.848871 27996
  271 4553.216416 20832
  272 0.235496 -2129
  273 10609.109062 13008
  274 649.631793  3973
  275 4840.226634  9596
  276 6229.023579 29864
  277 3714.619081  8226
  278 2466.272741  8125
  279 191.624371  1936
  280 20.845123   519
  281 0.119403 -1896
  282 6438.723636 20779
  283 175.819578  5897
  284 0.143243 30295
  285 13383.223875 29243
  286 15019.422296 -3236
  287 2490.148881 13467
  288 0.351734 -2093
  289 0.067347 -1755
  290 9473.979843 15224
  291 14751.852903 16581
  292 8581.348983 16126
  293 0.329197 -2489
  294 7724.865410 12038
  295 1123.259984 14498
  296 0.491938  4174
  297 4826.195529 -3250
  298 0.524923 32570
  299 5645.788680 21172
  300 10738.300613 14979
