300
    1 763.146285     1
    2 12049.530843 22552
    3 6461.654221 27863
    4 0.600097 -1935
    5 0.667654 -2497
    6 10118.571747 11402
    7 1604.396622  7882
    8 1959.076550  5438
    9 0.410338 -2390
   10 319.676496  6863
   11 0.277491 -2493
   12 196.687950   525
   13 0.738474 -1620
   14 3680.317369 20096
   15 0.397827 -3259
   16 26470.896708 24956
   17 0.245708 -2849
   18 9156.528974 -3232
   19 629.862131 14573
   20 0.026934 -3083
   21 5986.798708 21823
   22 3123.528993 15275
   23 17140.984949 14868
   24 0.565603 -2447
   25 0.460533  2208
   26 0.533124 -2263
   27 4717.292403 20395
   28 9304.500940 -3111
   29 2799.388622  4613
   30 14871.890469 14985
   31 7555.500235 10343
   32 0.139271 -1984
   33 5913.654838  2104
   34 22004.896772 -2852
   35 10991.184995 17064
   36 21355.426822 21647
   37 0.320079 -2309
   38 971.612229  1257
   39 0.327256 -3064
   40 87.722722  2568
   41 3754.918391 12082
   42 7516.244892 15949
   43 2917.270845 13544
   44 7856.029563 23714
   45 2090.243412 30240
   46 11243.526295 10842
   47 5302.973864 15863
   48 0.262137 -1788
   49 0.073916 -3003
   50 235.226634  1573
   51 5447.234348   828
   52 4791.818775 12746
   53 0.591507   314
   54 3114.100991 23962
   55 4568.146665 23513
   56 0.496123 32017
   57 3883.800136 27528
   58 0.056438 -2540
   59 12719.677336 28792
   60 19797.267194 31213
   61 8147.981916 19028
   62 3105.244998 31927
   63 1.436845 31951
   64 5040.154263 26634
   65 142.964555  8009
   66 1734.935204 18283
   67 9288.943210 14765
   68 20321.419217 27953
   69 1641.527716  4234
   70 1278.502183  6832
   71 1772.398168  6524
   72 0.324201 -2711
   73 9707.066339 23238
   74 24612.849916 23525
   75 0.637932 -2177
   76 563.808848 10172
   77 20653.489081 21958
   78 0.334602 -2390
   79 0.736152 -2423
   80 0.879565 -2110
   81 0.318494  3195
   82 0.232520  3101
   83 13490.047218 -3116
   84 844.662760  7462
   85 388.978804  1250
   86 4499.147460 13695
   87 0.737800 -2810
   88 0.135548 -2668
   89 0.835905 -2119
   90 4412.894158 11841
   91 449.437109  3905
   92 2291.543888 26181
   93 2075.174863  6201
   94 0.426320 -2630
   95 0.573114 -2801
   96 3650.607205 20258
   97 362.754040 11140
   98 0.310323 -2718
   99 7628.036337  7350
  100 0.062442 -3230
  101 1272.552306  6709
  102 0.447210 -2544
  103 9240.065532 20824
  104 5736.186932 10814
  105 0.499216 -2651
  106 858.105744  1080
  107 2172.137406 23377
  108 0.527761 -3192
  109 1481.932062  1281
  110 0.676881 -2629
  111 7357.772247 12350
  112 0.228428 -1920
  113 10970.905839 21527
  114 24629.526693 28488
  115 3208.503063 12613
  116 19301.000516 25599
  117 1201.255155  2552
  118 434.158160  4764
  119 1648.976936 11817
  120 397.156424  8720
  121 0.073339   876
  122 2817.761120 21854
  123 0.655425 -1881
  124 602.233454   546
  125 0.210923 -1913
  126 35641.538842 32558
  127 9421.798862 29437
  128 11586.266033 32051
  129 145.187746 22728
  130 1277.743508 12216
  131 8640.974456 19666
  132 0.211850    74
  133 0.745597 -1966
  134 1197.565522 16240
  135 292.972552 23404
  136 31.178037  3066
  137 1082.478459  3236
  138 0.142561 -3156
  139 4741.582716 26575
  140 4701.770656 30702
  141 3554.277474 23859
  142 0.599729 -2212
  143 9901.356524 15705
  144 15103.939798 14460
  145 18249.411016 16428
  146 7118.085731 26421
  147 12712.145985 10799
  148 1.049541 -2970
  149 27480.297412 30348
  150 8034.228528 14927
  151 0.446394 -2981
  152 3480.265104  4176
  153 365.255708  3369
  154 0.964481 -3090
  155 0.049485 -2741
  156 7776.384221 26851
  157 5523.327491 29251
  158 257.608164  5560
  159 0.097449 -1996
  160 22340.841339 13900
  161 5110.754459 29542
  162 20237.678083 23379
  163 6803.134016 18562
  164 0.339925 -2198
  165 0.082300 -2146
  166 128.329468  4587
  167 7246.690530  4200
  168 0.311700 32150
  169 0.751536 -2166
  170 0.248447 -2801
  171 0.178047 -3255
  172 1680.766711 24598
  173 19368.955961 14057
  174 0.120982 -2884
  175 13510.971378 15891
  176 0.383759 -2279
  177 10761.650902 31434
  178 913.590141 20565
  179 1071.827948 11021
  180 1762.184721 19654
  181 0.433567 31837
  182 6169.401831 13672
  183 3653.344300 14952
  184 21546.313975 26785
  185 476.181553  6455
  186 0.463056 -1650
  187 0.010746 -2588
  188 0.545877 -2827
  189 649.586034 16729
  190 2017.617344 13760
  191 0.081178 -2091
  192 2489.705731 24846
  193 617.178846 29565
  194 0.610135 -1681
  195 9357.243606 28229
  196 0.498676 -1684
  197 13142.407856 15816
  198 4135.300662 17659
  199 0.030405 -3088
  200 4109.448179  6147
  201 2243.888298 30936
  202 8811.717329 26161
  203 1140.101227  9518
  204 10870.429703 29234
  205 8646.707094 18278
  206 10550.804688 12201
  207 0.272683 -1702
  208 0.269394 -2474
  209 2216.655764 11251
  210 3921.959572 11128
  211 1525.238356 18494
  212 0.396101 -1593
  213 0.961365 -2437
  214 5541.252184 15528
  215 0.437623 -1846
  216 0.339235  1154
  217 11599.849905 15143
  218 6751.179644 -3103
  219 3964.458178 16679
  220 0.505330 -2764
  221 0.029298  1476
  222 6514.595847 19127
  223 4319.111451  5680
  224 0.362168  2168
  225 0.670008 -2741
  226 22410.441587 25072
  227 0.446933   460
  228 1802.755473  3095
  229 535.356645  8458
  230 24970.621283 -3242
  231 4859.845953 11398
  232 142.045442   881
  233 2361.795907  1061
  234 0.027662 -1929
  235 2924.774641 17055
  236 443.004144 31779
  237 4183.978075 25768
  238 4479.557547 14732
  239 6679.711429 -3256
  240 170.747492    35
  241 2171.729429  9045
  242 17806.193203 28477
  243 6767.397283 25507
  244 13874.131385 27680
  245 1586.946478  6344
  246 1504.475669 21407
  247 0.769587 -1812
  248 0.179377 -2751
  249 6490.436510 21608
  250 82.657963 19993
  251 3032.237903 -3226
  252 0.256520   131
  253 11056.086956 26725
  254 0.388558 -2571
  255 444.254401  4774
  256 0.081263 -2202
  257 0.502206 -2715
  258 2831.674568 11874
  259 0.940386 -2572
  260 0.520532 -2700
  261 951.545915 15881
  262 0.376629 -2630
  263 3131.692518 14536
  264 1036.673543  1231
  265 2914.756341 13187
  266 2513.692969  7031
  267 0.526388 -2424
  268 8277.896224 12441
  269 0.249156 -2748
  270 8930.415088 27996
  271 3482.604906 20832
  272 0.042875 -2129
  273 8457.544311 13008
  274 216.126435  3973
  275 3696.330412  9596
  276 1238.416514 29864
  277 5298.570522  8226
  278 1262.254099  8125
  279 269.837946  1936
  280 13.746328   519
  281 0.034133 -1896
  282 13403.980019 20779
  283 826.478717  5897
  284 0.487968 30295
  285 23645.083449 29243
  286 17149.505319 -3236
  287 1136.822921 13467
  288 0.001298 -2093
  289 0.145866 -1755
  290 3868.032196 15224
  291 6349.435629 16581
  292 9097.953652 16126
  293 0.253592 -2489
  294 9087.875915 12038
  295 3381.441845 14498
  296 0.555349  4174
  297 3450.484923 -3250
  298 0.042459 32570
  299 7880.496675 21172
  300 164.218941 14979
