300
    1 528.001574     1
    2 10083.118318 22552
    3 16075.768108 27863
    4 0.175538 -1935
    5 0.333593 -2497
    6 1651.925411 11402
    7 2402.248204  7882
    8 910.160052  5438
    9 0.303527 -2390
   10 761.963418  6863
   11 0.937710 -2493
   12 383.351050   525
   13 1.227290 -1620
   14 2337.714593 20096
   15 0.534521 -3259
   16 5069.559987 24956
   17 0.433187 -2849
   18 22153.020979 -3232
   19 2860.691203 14573
   20 0.074539 -3083
   21 2667.679117 21823
   22 4470.142092 15275
   23 11238.571179 14868
   24 0.487055 -2447
   25 0.100577  2208
   26 0.548136 -2263
   27 4645.054480 20395
   28 25541.088480 -3111
   29 982.021498  4613
   30 7388.709511 14985
   31 10764.187966 10343
   32 0.027176 -1984
   33 1869.872798  2104
   34 44184.068796 -2852
   35 4031.001118 17064
   36 12884.701265 21647
   37 0.334508 -2309
   38 728.809276  1257
   39 0.947098 -3064
   40 1113.337188  2568
   41 2263.573974 12082
   42 72.209233 15949
   43 8943.155735 13544
   44 5256.791421 23714
   45 13246.608082 30240
   46 3083.786173 10842
   47 842.177711 15863
   48 0.736706 -1788
   49 0.198662 -3003
   50 238.920103  1573
   51 1559.082943   828
   52 1522.470401 12746
   53 0.004241   314
   54 9121.867222 23962
   55 4546.093835 23513
   56 0.742268 32017
   57 24144.568627 27528
   58 0.691075 -2540
   59 31977.940822 28792
   60 8897.212708 31213
   61 11960.705762 19028
   62 22729.931220 31927
   63 0.378142 31951
   64 4659.052733 26634
   65 2331.663728  8009
   66 6120.750187 18283
   67 1568.731632 14765
   68 7675.411291 27953
   69 6942.396150  4234
   70 3184.067330  6832
   71 5242.275005  6524
   72 0.038986 -2711
   73 1160.651063 23238
   74 1097.899924 23525
   75 0.131902 -2177
   76 6796.004155 10172
   77 11305.739695 21958
   78 0.113115 -2390
   79 0.302158 -2423
   80 0.851257 -2110
   81 0.117505  3195
   82 0.051935  3101
   83 2650.191350 -3116
   84 1755.094740  7462
   85 2294.063924  1250
   86 2113.386263 13695
   87 1.298831 -2810
   88 0.100107 -2668
   89 0.308986 -2119
   90 2017.270694 11841
   91 237.052603  3905
   92 12880.163237 26181
   93 942.671488  6201
   94 0.388857 -2630
   95 0.270071 -2801
   96 2845.543801 20258
   97 2915.463720 11140
   98 0.735513 -2718
   99 1838.609327  7350
  100 0.554555 -3230
  101 7595.164424  6709
  102 0.290281 -2544
  103 19282.670223 20824
  104 3091.417635 10814
  105 0.243139 -2651
  106 2033.724676  1080
  107 24721.879290 23377
  108 0.262039 -3192
  109 815.642870  1281
  110 0.067132 -2629
  111 7339.193454 12350
  112 0.202488 -1920
  113 14970.257169 21527
  114 5386.701273 28488
  115 4907.053716 12613
  116 19331.225337 25599
  117 368.659726  2552
  118 369.338606  4764
  119 5459.742164 11817
  120 1409.218695  8720
  121 0.100486   876
  122 1014.202604 21854
  123 0.392645 -1881
  124 734.077611   546
  125 0.135778 -1913
  126 9725.691287 32558
  127 6813.938220 29437
  128 8867.580842 32051
  129 2513.321983 22728
  130 6974.205200 12216
  131 8755.600669 19666
  132 0.083702    74
  133 0.078027 -1966
  134 2437.453223 16240
  135 19116.486880 23404
  136 2625.459666  3066
  137 582.396204  3236
  138 0.194898 -3156
  139 5061.294774 26575
  140 21041.957279 30702
  141 3838.049516 23859
  142 0.100686 -2212
  143 3902.924542 15705
  144 17907.181697 14460
  145 2504.982496 16428
  146 10238.447996 26421
  147 3077.696904 10799
  148 0.017858 -2970
  149 11354.012349 30348
  150 3026.147093 14927
  151 0.240293 -2981
  152 1490.382931  4176
  153 732.004676  3369
  154 0.832720 -3090
  155 0.574440 -2741
  156 11950.492946 26851
  157 14895.744759 29251
  158 475.862291  5560
  159 0.219413 -1996
  160 1763.842084 13900
  161 4908.555930 29542
  162 16703.990668 23379
  163 8998.184149 18562
  164 0.341290 -2198
  165 0.565015 -2146
  166 3201.323203  4587
  167 210.406282  4200
  168 0.209416 32150
  169 0.709548 -2166
  170 0.724714 -2801
  171 0.475947 -3255
  172 15232.561875 24598
  173 6335.597626 14057
  174 0.138372 -2884
  175 2545.275057 15891
  176 0.879958 -2279
  177 2860.222157 31434
  178 4059.532753 20565
  179 2846.261041 11021
  180 3514.707650 19654
  181 0.300419 31837
  182 681.370032 13672
  183 11678.880773 14952
  184 176.252076 26785
  185 387.110261  6455
  186 0.033928 -1650
  187 0.740962 -2588
  188 0.538029 -2827
  189 7032.023423 16729
  190 3532.643020 13760
  191 0.087867 -2091
  192 12487.466040 24846
  193 3571.021117 29565
  194 0.326102 -1681
  195 21706.936252 28229
  196 0.008591 -1684
  197 10402.694739 15816
  198 12364.699784 17659
  199 0.380238 -3088
  200 1535.862083  6147
  201 11517.431936 30936
  202 15010.755157 26161
  203 10720.754602  9518
  204 26746.712873 29234
  205 7032.276887 18278
  206 232.631355 12201
  207 0.646340 -1702
  208 0.102486 -2474
  209 2902.568280 11251
  210 4891.331863 11128
  211 1321.318518 18494
  212 0.601605 -1593
  213 0.597214 -2437
  214 1837.208243 15528
  215 0.064313 -1846
  216 0.118984  1154
  217 5611.764521 15143
  218 15299.010926 -3103
  219 9997.424077 16679
  220 0.165355 -2764
  221 0.671922  1476
  222 3502.123399 19127
  223 3869.013982  5680
  224 0.135780  2168
  225 0.003041 -2741
  226 10641.388777 25072
  227 0.729477   460
  228 3662.176796  3095
  229 5717.166410  8458
  230 23302.348016 -3242
  231 10973.338333 11398
  232 678.874496   881
  233 2797.572508  1061
  234 0.769550 -1929
  235 2389.134816 17055
  236 26516.242348 31779
  237 6701.916428 25768
  238 7238.816385 14732
  239 23426.668562 -3256
  240 104.998880    35
  241 1999.747986  9045
  242 471.448939 28477
  243 774.509830 25507
  244 17073.241630 27680
  245 2459.182279  6344
  246 9312.039215 21407
  247 0.072897 -1812
  248 0.100559 -2751
  249 1654.351956 21608
  250 3720.718854 19993
  251 15715.355769 -3226
  252 0.769833   131
  253 11659.045297 26725
  254 0.684896 -2571
  255 1039.105813  4774
  256 0.352329 -2202
  257 0.015155 -2715
  258 1000.082925 11874
  259 0.231908 -2572
  260 1.108709 -2700
  261 1526.096747 15881
  262 0.729525 -2630
  263 1182.218409 14536
  264 650.462040  1231
  265 9821.970872 13187
  266 5531.802925  7031
  267 0.409140 -2424
  268 2135.361653 12441
  269 0.197029 -2748
  270 2341.233471 27996
  271 2279.462136 20832
  272 0.010048 -2129
  273 1261.514075 13008
  274 1467.395009  3973
  275 2519.031549  9596
  276 19541.182946 29864
  277 1616.350772  8226
  278 1566.108811  8125
  279 351.723300  1936
  280 2.304731   519
  281 0.564223 -1896
  282 7118.973387 20779
  283 1260.847761  5897
  284 0.263265 30295
  285 7549.247527 29243
  286 22084.675235 -3236
  287 8529.797557 13467
  288 1.220237 -2093
  289 1.020887 -1755
  290 919.084376 15224
  291 13539.694029 16581
  292 7467.918514 16126
  293 0.291113 -2489
  294 4098.072954 12038
  295 270.544240 14498
  296 0.581840  4174
  297 235.977733 -3250
  298 0.025051 32570
  299 7504.281375 21172
  300 3217.259520 14979
