300
    1 88.023602     1
    2 636.341129 22552
    3 6774.665017 27863
    4 0.256421 -1935
    5 1.093275 -2497
    6 7873.886403 11402
    7 976.103064  7882
    8 1603.004548  5438
    9 0.431472 -2390
   10 1209.978322  6863
   11 0.473579 -2493
   12 149.462792   525
   13 0.229291 -1620
   14 5416.385721 20096
   15 0.164362 -3259
   16 8686.992527 24956
   17 0.018705 -2849
   18 21676.499201 -3232
   19 3655.717850 14573
   20 0.445581 -3083
   21 16778.190886 21823
   22 2408.519441 15275
   23 175.814042 14868
   24 0.014203 -2447
   25 0.233798  2208
   26 0.255268 -2263
   27 1566.118196 20395
   28 2730.061443 -3111
   29 1363.144815  4613
   30 5733.258959 14985
   31 8973.658040 10343
   32 0.361914 -1984
   33 612.888730  2104
   34 1356.417136 -2852
   35 7175.873772 17064
   36 4066.587615 21647
   37 0.247308 -2309
   38 85.667236  1257
   39 0.324950 -3064
   40 2671.335247  2568
   41 1278.631843 12082
   42 10127.764222 15949
   43 1457.406979 13544
   44 10649.282864 23714
   45 4275.311709 30240
   46 16607.923955 10842
   47 7921.093443 15863
   48 0.022310 -1788
   49 0.534971 -3003
   50 615.398887  1573
   51 1367.629646   828
   52 20.503150 12746
   53 0.023954   314
   54 24468.671778 23962
   55 16541.394552 23513
   56 0.967464 32017
   57 4543.339336 27528
   58 0.013485 -2540
   59 10291.334094 28792
   60 23468.026980 31213
   61 219.201935 19028
   62 10239.828638 31927
   63 0.450718 31951
   64 24938.788053 26634
   65 600.998301  8009
   66 6679.601624 18283
   67 8416.206647 14765
   68 2183.668825 27953
   69 3578.048075  4234
   70 3053.879599  6832
   71 3624.002803  6524
   72 0.051861 -2711
   73 9382.201756 23238
   74 5978.343936 23525
   75 0.497477 -2177
   76 4944.959747 10172
   77 10898.671887 21958
   78 0.578508 -2390
   79 0.249162 -2423
   80 0.173325 -2110
   81 0.726396  3195
   82 0.040423  3101
   83 11040.602576 -3116
   84 1428.093575  7462
   85 289.419887  1250
   86 1769.604394 13695
   87 0.656283 -2810
   88 0.252749 -2668
   89 0.065624 -2119
   90 848.937400 11841
   91 1624.961081  3905
   92 7062.779624 26181
   93 1409.269096  6201
   94 0.185435 -2630
   95 0.344799 -2801
   96 309.346643 20258
   97 10339.284916 11140
   98 0.760977 -2718
   99 705.444959  7350
  100 0.539129 -3230
  101 3673.325348  6709
  102 0.039663 -2544
  103 2249.796346 20824
  104 5280.492163 10814
  105 0.325516 -2651
  106 1817.924980  1080
  107 4687.914133 23377
  108 0.143641 -3192
  109 144.678097  1281
  110 0.465944 -2629
  111 10663.397181 12350
  112 0.742750 -1920
  113 4080.048816 21527
  114 9944.271125 28488
  115 392.066138 12613
  116 3711.028225 25599
  117 1360.324317  2552
  118 380.393467  4764
  119 5465.515348 11817
  120 892.173017  8720
  121 0.229541   876
  122 9255.194692 21854
  123 0.192946 -1881
  124 760.638977   546
  125 0.066187 -1913
  126 2667.354079 32558
  127 10067.974466 29437
  128 8978.389949 32051
  129 16836.892037 22728
  130 1616.316808 12216
  131 4605.937336 19666
  132 0.252622    74
  133 0.259057 -1966
  134 5468.935855 16240
  135 2155.794099 23404
  136 1764.302854  3066
  137 1050.047999  3236
  138 0.405296 -3156
  139 29794.282077 26575
  140 6742.750017 30702
  141 8668.248388 23859
  142 0.791843 -2212
  143 9606.571874 15705
  144 7698.327593 14460
  145 67.302077 16428
  146 4097.308663 26421
  147 3508.861423 10799
  148 0.248444 -2970
  149 37324.771133 30348
  150 5363.990822 14927
  151 0.038879 -2981
  152 5762.584201  4176
  153 2444.471218  3369
  154 0.101764 -3090
  155 0.001030 -2741
  156 13985.371584 26851
  157 5473.753277 29251
  158 3115.620711  5560
  159 1.595885 -1996
  160 19847.830114 13900
  161 7106.741402 29542
  162 19394.857188 23379
  163 414.464095 18562
  164 0.479125 -2198
  165 0.642790 -2146
  166 1678.479870  4587
  167 596.096469  4200
  168 1.075314 32150
  169 0.469290 -2166
  170 0.034044 -2801
  171 0.433863 -3255
  172 16566.565893 24598
  173 1702.906688 14057
  174 0.368857 -2884
  175 12583.822464 15891
  176 0.558789 -2279
  177 3705.271817 31434
  178 3271.256664 20565
  179 6732.131430 11021
  180 3988.805261 19654
  181 0.515135 31837
  182 10546.177785 13672
  183 6236.928720 14952
  184 15989.737490 26785
  185 417.426375  6455
  186 0.611306 -1650
  187 0.690144 -2588
  188 0.499491 -2827
  189 2437.604320 16729
  190 3746.938497 13760
  191 0.399062 -2091
  192 11195.048789 24846
  193 36979.789282 29565
  194 0.141421 -1681
  195 4105.402609 28229
  196 0.875049 -1684
  197 15931.584180 15816
  198 12633.946398 17659
  199 0.045953 -3088
  200 3690.758948  6147
  201 6538.951576 30936
  202 3161.910407 26161
  203 74.172997  9518
  204 4483.049502 29234
  205 6516.134849 18278
  206 11036.913118 12201
  207 0.068620 -1702
  208 0.013950 -2474
  209 13375.090312 11251
  210 4824.542059 11128
  211 16866.293349 18494
  212 0.503634 -1593
  213 0.051959 -2437
  214 3896.045964 15528
  215 0.793379 -1846
  216 0.257552  1154
  217 1132.451569 15143
  218 12231.606010 -3103
  219 2187.511905 16679
  220 0.015051 -2764
  221 0.685561  1476
  222 29928.562134 19127
  223 4314.271088  5680
  224 0.557885  2168
  225 0.114785 -2741
  226 12587.001279 25072
  227 0.084871   460
  228 1558.334908  3095
  229 8518.443815  8458
  230 20775.414897 -3242
  231 2312.453703 11398
  232 570.205748   881
  233 104.933862  1061
  234 0.466672 -1929
  235 9335.906085 17055
  236 5418.812382 31779
  237 14085.889540 25768
  238 5839.739990 14732
  239 1796.718162 -3256
  240 268.159607    35
  241 6160.494142  9045
  242 13977.319864 28477
  243 3617.432019 25507
  244 15329.719953 27680
  245 6.842993  6344
  246 8090.099170 21407
  247 0.181016 -1812
  248 0.739903 -2751
  249 2550.691995 21608
  250 119.248710 19993
  251 5563.447344 -3226
  252 0.680171   131
  253 812.686246 26725
  254 0.570946 -2571
  255 116.221022  4774
  256 0.426137 -2202
  257 0.397083 -2715
  258 8772.704910 11874
  259 1.264982 -2572
  260 0.177819 -2700
  261 7228.659464 15881
  262 0.599160 -2630
  263 12668.816872 14536
  264 1695.453000  1231
  265 8904.735510 13187
  266 5882.396968  7031
  267 0.292040 -2424
  268 2142.602481 12441
  269 0.197373 -2748
  270 27847.489677 27996
  271 6672.084816 20832
  272 0.376483 -2129
  273 8320.786080 13008
  274 631.602801  3973
  275 1689.912373  9596
  276 11475.601261 29864
  277 6564.275418  8226
  278 6462.466214  8125
  279 75.984051  1936
  280 10.945149   519
  281 0.574778 -1896
  282 8485.758714 20779
  283 863.395421  5897
  284 0.190158 30295
  285 2856.527315 29243
  286 5784.476467 -3236
  287 4398.974747 13467
  288 0.456415 -2093
  289 0.111453 -1755
  290 2574.379256 15224
  291 10584.986771 16581
  292 10864.094018 16126
  293 0.654666 -2489
  294 5762.197135 12038
  295 5799.201855 14498
  296 0.188475  4174
  297 4899.034322 -3250
  298 0.557894 32570
  299 15155.137921 21172
  300 8415.889885 14979
