300
    1 637.724406     1
    2 5568.510455 22552
    3 8358.479530 27863
    4 0.105562 -1935
    5 0.586276 -2497
    6 811.381760 11402
    7 1866.903075  7882
    8 1956.349817  5438
    9 0.130711 -2390
   10 237.145852  6863
   11 0.403685 -2493
   12 403.991818   525
   13 0.332363 -1620
   14 601.971769 20096
   15 0.258885 -3259
   16 13644.599322 24956
   17 0.162710 -2849
   18 5573.724155 -3232
   19 13211.524518 14573
   20 0.066001 -3083
   21 8571.319758 21823
   22 4181.659248 15275
   23 13494.444217 14868
   24 0.281472 -2447
   25 0.290466  2208
   26 0.023250 -2263
   27 4203.282605 20395
   28 4089.741280 -3111
   29 3641.074603  4613
   30 12514.518764 14985
   31 1694.912349 10343
   32 0.576752 -1984
   33 2633.594274  2104
   34 7217.016786 -2852
   35 2977.061174 17064
   36 10910.732658 21647
   37 0.331816 -2309
   38 1120.927609  1257
   39 0.097429 -3064
   40 2191.296151  2568
   41 8415.404893 12082
   42 1528.729450 15949
   43 5171.780987 13544
   44 1518.372498 23714
   45 13737.891085 30240
   46 8163.826458 10842
   47 18458.177777 15863
   48 0.166040 -1788
   49 0.550662 -3003
   50 397.421349  1573
   51 915.904809   828
   52 4499.062416 12746
   53 1.181671   314
   54 2270.704596 23962
   55 11164.728251 23513
   56 0.317603 32017
   57 15688.361194 27528
   58 0.153507 -2540
   59 12129.905764 28792
   60 948.025339 31213
   61 83.994001 19028
   62 27307.538334 31927
   63 0.398626 31951
   64 27236.859931 26634
   65 2727.253273  8009
   66 215.615101 18283
   67 3321.916208 14765
   68 6603.019369 27953
   69 3400.588330  4234
   70 2374.056204  6832
   71 7181.617297  6524
   72 0.340365 -2711
   73 6011.013998 23238
   74 8161.805182 23525
   75 0.508087 -2177
   76 2624.205237 10172
   77 17389.100024 21958
   78 0.107661 -2390
   79 0.801192 -2423
   80 0.087668 -2110
   81 0.120305  3195
   82 0.147671  3101
   83 7066.461088 -3116
   84 665.700810  7462
   85 1467.287879  1250
   86 1141.239485 13695
   87 0.802926 -2810
   88 0.379092 -2668
   89 0.079675 -2119
   90 32.577292 11841
   91 2049.218160  3905
   92 10766.965091 26181
   93 486.451092  6201
   94 0.439642 -2630
   95 1.261335 -2801
   96 16490.083936 20258
   97 4769.184566 11140
   98 0.247988 -2718
   99 4103.854290  7350
  100 0.119518 -3230
  101 987.540055  6709
  102 0.294958 -2544
  103 11966.916280 20824
  104 7773.060506 10814
  105 0.684460 -2651
  106 34.701970  1080
  107 1902.819655 23377
  108 0.834963 -3192
  109 1052.266737  1281
  110 0.231357 -2629
  111 7976.584317 12350
  112 0.345753 -1920
  113 78.876270 21527
  114 22988.703757 28488
  115 2935.495794 12613
  116 8272.339789 25599
  117 1337.300420  2552
  118 78.783148  4764
  119 11108.548416 11817
  120 3160.086522  8720
  121 1.043783   876
  122 1730.426411 21854
  123 0.185155 -1881
  124 2633.274075   546
  125 0.271499 -1913
  126 22082.028207 32558
  127 14578.615514 29437
  128 8629.662283 32051
  129 598.730790 22728
  130 5313.684517 12216
  131 14563.062003 19666
  132 0.195485    74
  133 0.087072 -1966
  134 7229.318200 16240
  135 20183.384224 23404
  136 800.728130  3066
  137 249.301837  3236
  138 0.009761 -3156
  139 19736.913176 26575
  140 6940.176573 30702
  141 6449.952428 23859
  142 0.135138 -2212
  143 4256.128396 15705
  144 8895.378556 14460
  145 26702.602301 16428
  146 27200.251952 26421
  147 4178.930351 10799
  148 0.274159 -2970
  149 5220.328453 30348
  150 9886.179725 14927
  151 0.850853 -2981
  152 803.915367  4176
  153 669.500538  3369
  154 0.258119 -3090
  155 0.334908 -2741
  156 9565.871278 26851
  157 3673.368790 29251
  158 277.239436  5560
  159 0.168634 -1996
  160 292.198297 13900
  161 26094.193800 29542
  162 13309.936507 23379
  163 7966.949599 18562
  164 0.020680 -2198
  165 0.188230 -2146
  166 7005.541049  4587
  167 2951.937599  4200
  168 0.041102 32150
  169 0.503266 -2166
  170 0.272243 -2801
  171 0.574574 -3255
  172 11248.554484 24598
  173 8690.023317 14057
  174 1.105730 -2884
  175 12063.159903 15891
  176 0.083524 -2279
  177 934.513900 31434
  178 1975.143451 20565
  179 748.010950 11021
  180 10529.091511 19654
  181 0.897152 31837
  182 9728.532224 13672
  183 1718.550107 14952
  184 5213.979583 26785
  185 176.886532  6455
  186 0.144908 -1650
  187 0.021747 -2588
  188 0.072616 -2827
  189 11318.975482 16729
  190 1377.878869 13760
  191 0.150926 -2091
  192 17384.748375 24846
  193 17871.423403 29565
  194 0.709938 -1681
  195 9120.195836 28229
  196 0.178521 -1684
  197 8820.408975 15816
  198 7612.761437 17659
  199 0.355800 -3088
  200 1987.349392  6147
  201 3670.063895 30936
  202 4746.760298 26161
  203 14349.441687  9518
  204 28784.538842 29234
  205 14520.699068 18278
  206 1744.540685 12201
  207 0.432753 -1702
  208 0.018371 -2474
  209 1082.929814 11251
  210 1392.070783 11128
  211 901.736523 18494
  212 0.284407 -1593
  213 0.735259 -2437
  214 4442.599298 15528
  215 0.302564 -1846
  216 0.229818  1154
  217 1340.057225 15143
  218 19123.661571 -3103
  219 2842.180710 16679
  220 0.203583 -2764
  221 1.100671  1476
  222 23048.510904 19127
  223 2470.097998  5680
  224 1.018034  2168
  225 0.120192 -2741
  226 8869.468778 25072
  227 0.991624   460
  228 291.199058  3095
  229 6150.157648  8458
  230 13524.114951 -3242
  231 728.830662 11398
  232 660.839105   881
  233 2813.441169  1061
  234 0.607442 -1929
  235 9151.978513 17055
  236 6849.366927 31779
  237 16481.741854 25768
  238 7013.247204 14732
  239 9885.479784 -3256
  240 578.612723    35
  241 1231.744927  9045
  242 3672.276366 28477
  243 6214.570982 25507
  244 11929.497693 27680
  245 2735.104450  6344
  246 5152.011159 21407
  247 0.050470 -1812
  248 0.735775 -2751
  249 25474.789974 21608
  250 11831.573300 19993
  251 22121.042406 -3226
  252 0.992190   131
  253 17645.046612 26725
  254 0.018727 -2571
  255 87.940728  4774
  256 0.225240 -2202
  257 0.553016 -2715
  258 13549.185362 11874
  259 0.570252 -2572
  260 0.450159 -2700
  261 3439.359097 15881
  262 0.256748 -2630
  263 5105.468649 14536
  264 1061.550623  1231
  265 1680.868887 13187
  266 10821.366025  7031
  267 0.657026 -2424
  268 4831.309965 12441
  269 0.334860 -2748
  270 3824.454029 27996
  271 2545.099034 20832
  272 0.307778 -2129
  273 6986.097639 13008
  274 252.618878  3973
  275 5467.745706  9596
  276 2819.688208 29864
  277 1503.106916  8226
  278 225.721408  8125
  279 229.333551  1936
  280 16.732860   519
  281 0.152530 -1896
  282 19030.641744 20779
  283 729.805520  5897
  284 0.304080 30295
  285 4660.080196 29243
  286 3396.422740 -3236
  287 6520.097860 13467
  288 0.406224 -2093
  289 0.088747 -1755
  290 466.568416 15224
  291 3563.330779 16581
  292 7826.325844 16126
  293 0.379911 -2489
  294 3374.940618 12038
  295 932.132473 14498
  296 0.186463  4174
  297 39589.328158 -3250
  298 0.196413 32570
  299 8046.406549 21172
  300 314.726081 14979
