300
    1 321.334253     1
    2 5675.546478 22552
    3 15829.800220 27863
    4 0.535579 -1935
    5 0.119132 -2497
    6 12411.438583 11402
    7 4064.530245  7882
    8 161.477184  5438
    9 0.351624 -2390
   10 4330.032768  6863
   11 0.483639 -2493
   12 296.842855   525
   13 0.726147 -1620
   14 2235.643415 20096
   15 0.347550 -3259
   16 2304.256980 24956
   17 0.487321 -2849
   18 21650.361107 -3232
   19 7863.177930 14573
   20 0.515427 -3083
   21 2260.684160 21823
   22 6020.452258 15275
   23 21580.670281 14868
   24 0.295046 -2447
   25 0.573649  2208
   26 0.223464 -2263
   27 4078.538743 20395
   28 18045.028806 -3111
   29 728.838051  4613
   30 2053.018769 14985
   31 3338.107868 10343
   32 0.460095 -1984
   33 278.880135  2104
   34 5485.208778 -2852
   35 21494.465593 17064
   36 15603.913856 21647
   37 0.660326 -2309
   38 486.238714  1257
   39 0.027064 -3064
   40 3716.903907  2568
   41 3410.033267 12082
   42 8541.495172 15949
   43 1865.976020 13544
   44 5941.132430 23714
   45 6450.537202 30240
   46 5615.490459 10842
   47 7448.168605 15863
   48 0.366201 -1788
   49 0.889801 -3003
   50 653.804969  1573
   51 44.915219   828
   52 410.838663 12746
   53 0.581565   314
   54 1468.649517 23962
   55 15357.524519 23513
   56 1.038546 32017
   57 18365.134199 27528
   58 0.360467 -2540
   59 15040.045214 28792
   60 7080.983075 31213
   61 3356.598459 19028
   62 1452.393136 31927
   63 0.810719 31951
   64 4185.873303 26634
   65 762.266230  8009
   66 7541.391957 18283
   67 3104.738137 14765
   68 32989.410664 27953
   69 2511.450653  4234
   70 1943.516599  6832
   71 1388.891997  6524
   72 0.084181 -2711
   73 105.524384 23238
   74 6566.466274 23525
   75 0.167882 -2177
   76 7256.470573 10172
   77 6975.541101 21958
   78 0.081397 -2390
   79 0.440122 -2423
   80 0.180165 -2110
   81 0.552112  3195
   82 0.543887  3101
   83 12319.942653 -3116
   84 505.456570  7462
   85 6070.119679  1250
   86 9344.907794 13695
   87 0.082484 -2810
   88 0.626341 -2668
   89 0.171293 -2119
   90 4356.666375 11841
   91 266.804972  3905
   92 1571.541433 26181
   93 2869.565990  6201
   94 0.207037 -2630
   95 0.521958 -2801
   96 1687.328534 20258
   97 6254.055158 11140
   98 0.005692 -2718
   99 6121.691559  7350
  100 0.669675 -3230
  101 2200.280711  6709
  102 0.660328 -2544
  103 2602.752782 20824
  104 357.647875 10814
  105 0.235765 -2651
  106 828.967406  1080
  107 11127.031456 23377
  108 0.453397 -3192
  109 2130.922032  1281
  110 1.073348 -2629
  111 4148.500659 12350
  112 0.654125 -1920
  113 9360.260476 21527
  114 7995.385676 28488
  115 5058.147550 12613
  116 18252.336727 25599
  117 279.960259  2552
  118 95.844568  4764
  119 203.129925 11817
  120 1240.396335  8720
  121 0.337648   876
  122 10255.852453 21854
  123 0.317643 -1881
  124 4054.713962   546
  125 0.137403 -1913
  126 2375.553785 32558
  127 13172.740256 29437
  128 5535.887353 32051
  129 21446.035870 22728
  130 692.160822 12216
  131 22846.377714 19666
  132 0.559076    74
  133 0.441665 -1966
  134 2237.080177 16240
  135 6047.106419 23404
  136 3834.712800  3066
  137 218.560346  3236
  138 0.803957 -3156
  139 3084.955046 26575
  140 13199.963862 30702
  141 3680.116098 23859
  142 0.235344 -2212
  143 11418.687235 15705
  144 19038.165491 14460
  145 13056.969747 16428
  146 7146.732843 26421
  147 6576.445663 10799
  148 0.135480 -2970
  149 680.101801 30348
  150 18526.007394 14927
  151 0.615386 -2981
  152 1653.719882  4176
  153 5400.309385  3369
  154 1.035329 -3090
  155 0.513978 -2741
  156 10498.367960 26851
  157 15038.645805 29251
  158 1124.371069  5560
  159 0.352368 -1996
  160 13017.492586 13900
  161 11403.090999 29542
  162 20136.850277 23379
  163 21077.947393 18562
  164 0.336696 -2198
  165 0.670683 -2146
  166 474.249319  4587
  167 208.183539  4200
  168 0.581489 32150
  169 0.362257 -2166
  170 0.235473 -2801
  171 0.284867 -3255
  172 16810.009911 24598
  173 15790.970312 14057
  174 0.150393 -2884
  175 21877.127235 15891
  176 0.033578 -2279
  177 30411.198201 31434
  178 8440.744281 20565
  179 75.937487 11021
  180 7641.845895 19654
  181 0.017439 31837
  182 5.380831 13672
  183 3848.232771 14952
  184 2676.354773 26785
  185 492.949186  6455
  186 0.339705 -1650
  187 0.068235 -2588
  188 0.880787 -2827
  189 10895.174152 16729
  190 2648.626879 13760
  191 0.074572 -2091
  192 230.388804 24846
  193 7614.372351 29565
  194 0.028432 -1681
  195 971.149720 28229
  196 0.047021 -1684
  197 9735.055105 15816
  198 9953.369001 17659
  199 0.267285 -3088
  200 5571.476566  6147
  201 8240.236298 30936
  202 11001.578059 26161
  203 7795.457730  9518
  204 11203.653122 29234
  205 12015.187477 18278
  206 2308.764886 12201
  207 0.144066 -1702
  208 0.264483 -2474
  209 794.211929 11251
  210 8132.879887 11128
  211 2781.112511 18494
  212 0.666350 -1593
  213 0.155235 -2437
  214 2709.990836 15528
  215 0.640361 -1846
  216 0.069386  1154
  217 7688.923101 15143
  218 34702.204963 -3103
  219 5390.932155 16679
  220 0.344029 -2764
  221 0.084504  1476
  222 21710.587385 19127
  223 229.573916  5680
  224 0.522558  2168
  225 0.002357 -2741
  226 2909.686575 25072
  227 0.394504   460
  228 454.053250  3095
  229 6083.103667  8458
  230 136.890314 -3242
  231 932.102567 11398
  232 17.299872   881
  233 295.030578  1061
  234 0.138568 -1929
  235 8893.020810 17055
  236 12293.155499 31779
  237 7690.653902 25768
  238 4655.697695 14732
  239 22847.048031 -3256
  240 369.358639    35
  241 2988.886237  9045
  242 1027.633584 28477
  243 28847.127191 25507
  244 10224.677760 27680
  245 3738.908789  6344
  246 3929.239553 21407
  247 0.350127 -1812
  248 0.689712 -2751
  249 4301.084715 21608
  250 10682.782362 19993
  251 3072.333365 -3226
  252 0.140911   131
  253 23164.332443 26725
  254 0.170372 -2571
  255 163.428688  4774
  256 0.035586 -2202
  257 0.432957 -2715
  258 8522.579246 11874
  259 0.620427 -2572
  260 0.388917 -2700
  261 7940.520154 15881
  262 1.154205 -2630
  263 10884.371585 14536
  264 108.105361  1231
  265 12627.476389 13187
  266 4146.960312  7031
  267 0.280340 -2424
  268 11420.530387 12441
  269 0.300493 -2748
  270 6246.178309 27996
  271 2567.876217 20832
  272 0.136166 -2129
  273 16363.284523 13008
  274 1308.141737  3973
  275 8099.299847  9596
  276 9687.134180 29864
  277 10283.843439  8226
  278 6713.408497  8125
  279 189.811162  1936
  280 2.031942   519
  281 0.445585 -1896
  282 7035.579108 20779
  283 267.466938  5897
  284 0.364129 30295
  285 23861.174007 29243
  286 39030.448929 -3236
  287 3345.178620 13467
  288 0.838360 -2093
  289 0.052760 -1755
  290 5323.316234 15224
  291 803.445197 16581
  292 15684.261617 16126
  293 0.530936 -2489
  294 7079.589950 12038
  295 5257.939712 14498
  296 0.949156  4174
  297 3407.565837 -3250
  298 0.005375 32570
  299 11271.219273 21172
  300 2890.137546 14979
