300
    1 32.842076     1
    2 9492.481506 22552
    3 3933.923259 27863
    4 0.181433 -1935
    5 0.299671 -2497
    6 5652.332052 11402
    7 440.417380  7882
    8 834.890125  5438
    9 0.332095 -2390
   10 1297.729281  6863
   11 0.172069 -2493
   12 110.237083   525
   13 0.703267 -1620
   14 3709.380020 20096
   15 0.389079 -3259
   16 7298.106540 24956
   17 0.912113 -2849
   18 1572.175884 -3232
   19 7424.070572 14573
   20 0.293393 -3083
   21 14875.519974 21823
   22 3935.052647 15275
   23 16249.459433 14868
   24 0.116011 -2447
   25 0.380034  2208
   26 0.508713 -2263
   27 19981.484854 20395
   28 1285.815319 -3111
   29 1489.115886  4613
   30 18812.688483 14985
   31 3643.349163 10343
   32 1.068017 -1984
   33 640.184374  2104
   34 2489.565955 -2852
   35 12530.465165 17064
   36 13882.159065 21647
   37 1.208570 -2309
   38 100.352167  1257
   39 0.101476 -3064
   40 3354.563076  2568
   41 3160.451609 12082
   42 4040.209706 15949
   43 2086.981062 13544
   44 6588.378063 23714
   45 21769.816264 30240
   46 8893.370201 10842
   47 6680.366034 15863
   48 0.336713 -1788
   49 1.117084 -3003
   50 46.757826  1573
   51 794.144061   828
   52 2552.781411 12746
   53 0.503685   314
   54 3102.620106 23962
   55 1881.258912 23513
   56 0.160701 32017
   57 10888.137835 27528
   58 0.182371 -2540
   59 3646.901898 28792
   60 11258.297160 31213
   61 7282.165703 19028
   62 21350.868122 31927
   63 0.251676 31951
   64 13256.692877 26634
   65 4608.647858  8009
   66 15171.439394 18283
   67 8507.841810 14765
   68 19281.364319 27953
   69 710.536208  4234
   70 3186.843570  6832
   71 1249.318173  6524
   72 0.399523 -2711
   73 2719.297192 23238
   74 6339.064163 23525
   75 0.597706 -2177
   76 247.299309 10172
   77 4548.103034 21958
   78 0.765407 -2390
   79 0.544281 -2423
   80 1.894707 -2110
   81 0.467016  3195
   82 0.963491  3101
   83 5164.683176 -3116
   84 706.833763  7462
   85 1388.318925  1250
   86 3180.334577 13695
   87 0.035713 -2810
   88 0.874117 -2668
   89 1.330423 -2119
   90 719.634537 11841
   91 790.600512  3905
   92 16274.872880 26181
   93 1287.940763  6201
   94 0.079651 -2630
   95 0.113589 -2801
   96 2274.638244 20258
   97 6259.724776 11140
   98 0.780301 -2718
   99 6257.539013  7350
  100 0.070581 -3230
  101 1832.375618  6709
  102 0.392568 -2544
  103 16309.260191 20824
  104 2323.146961 10814
  105 0.585574 -2651
  106 843.282183  1080
  107 11094.216361 23377
  108 0.307089 -3192
  109 1935.116678  1281
  110 0.153421 -2629
  111 6300.133652 12350
  112 0.239625 -1920
  113 15617.371009 21527
  114 3847.478452 28488
  115 2934.380198 12613
  116 16724.684862 25599
  117 748.891705  2552
  118 188.765167  4764
  119 1107.510472 11817
  120 2509.443907  8720
  121 0.416199   876
  122 7613.504223 21854
  123 0.694137 -1881
  124 3863.416850   546
  125 0.179002 -1913
  126 10927.062775 32558
  127 13451.678677 29437
  128 4648.804638 32051
  129 3162.005648 22728
  130 6164.365369 12216
  131 4218.684982 19666
  132 0.137920    74
  133 1.579948 -1966
  134 7183.139126 16240
  135 3288.423735 23404
  136 4266.754891  3066
  137 306.406558  3236
  138 0.034596 -3156
  139 28907.527143 26575
  140 17457.368730 30702
  141 809.926934 23859
  142 0.769401 -2212
  143 9590.017412 15705
  144 5147.825146 14460
  145 6479.961477 16428
  146 24434.529495 26421
  147 3731.504907 10799
  148 0.890879 -2970
  149 2049.052130 30348
  150 27963.755059 14927
  151 0.512789 -2981
  152 2450.550748  4176
  153 862.850499  3369
  154 0.012335 -3090
  155 0.177483 -2741
  156 17614.135251 26851
  157 1063.892819 29251
  158 2521.883751  5560
  159 0.082426 -1996
  160 6345.795627 13900
  161 10146.436690 29542
  162 18176.115801 23379
  163 6691.527052 18562
  164 0.320416 -2198
  165 0.322218 -2146
  166 6271.531662  4587
  167 3274.104143  4200
  168 0.147302 32150
  169 0.149344 -2166
  170 0.322422 -2801
  171 0.244715 -3255
  172 9788.865482 24598
  173 17349.852813 14057
  174 0.038599 -2884
  175 8504.068651 15891
  176 0.380032 -2279
  177 33878.310002 31434
  178 4072.168023 20565
  179 1731.340415 11021
  180 132.699668 19654
  181 0.454651 31837
  182 6424.191263 13672
  183 2612.886928 14952
  184 17747.918774 26785
  185 1003.325544  6455
  186 0.059362 -1650
  187 0.657573 -2588
  188 0.316328 -2827
  189 10704.713764 16729
  190 1919.690922 13760
  191 0.097282 -2091
  192 9532.209264 24846
  193 11341.124116 29565
  194 0.618947 -1681
  195 36126.864097 28229
  196 0.047841 -1684
  197 9148.138117 15816
  198 2516.444162 17659
  199 0.085305 -3088
  200 3565.884163  6147
  201 1527.749858 30936
  202 4390.370281 26161
  203 2080.273229  9518
  204 23794.688682 29234
  205 1255.989364 18278
  206 3881.534259 12201
  207 0.167706 -1702
  208 0.064282 -2474
  209 4453.634644 11251
  210 1289.053917 11128
  211 17259.740276 18494
  212 1.093106 -1593
  213 0.157203 -2437
  214 11336.363176 15528
  215 0.854569 -1846
  216 1.242396  1154
  217 1602.850210 15143
  218 21239.148536 -3103
  219 7485.712666 16679
  220 0.258084 -2764
  221 0.111172  1476
  222 4533.177743 19127
  223 5655.680338  5680
  224 0.178318  2168
  225 1.042946 -2741
  226 7863.919049 25072
  227 0.551331   460
  228 3013.281868  3095
  229 1222.450695  8458
  230 2765.890239 -3242
  231 1439.171323 11398
  232 2302.825101   881
  233 398.271572  1061
  234 0.245781 -1929
  235 13793.380115 17055
  236 24226.071770 31779
  237 7323.131645 25768
  238 444.469397 14732
  239 2138.528867 -3256
  240 606.053304    35
  241 974.901663  9045
  242 1339.707883 28477
  243 12351.342483 25507
  244 30566.428521 27680
  245 2231.079005  6344
  246 1972.331758 21407
  247 0.195963 -1812
  248 0.041544 -2751
  249 9756.030936 21608
  250 12707.977455 19993
  251 6924.567287 -3226
  252 0.072038   131
  253 23958.925831 26725
  254 0.666293 -2571
  255 289.459633  4774
  256 0.816482 -2202
  257 0.566436 -2715
  258 34.634994 11874
  259 0.414608 -2572
  260 0.340374 -2700
  261 14468.823211 15881
  262 0.101916 -2630
  263 3573.092236 14536
  264 728.203402  1231
  265 1767.184816 13187
  266 2247.271137  7031
  267 0.138902 -2424
  268 5350.534608 12441
  269 0.397730 -2748
  270 8878.365873 27996
  271 12363.169041 20832
  272 0.919315 -2129
  273 6947.391713 13008
  274 808.761610  3973
  275 3304.631913  9596
  276 3808.890456 29864
  277 2509.504648  8226
  278 701.647387  8125
  279 311.048862  1936
  280 4.809018   519
  281 0.646972 -1896
  282 7676.578795 20779
  283 108.197173  5897
  284 0.352621 30295
  285 11028.738826 29243
  286 7480.676382 -3236
  287 2998.944768 13467
  288 0.331479 -2093
  289 0.292523 -1755
  290 3221.250089 15224
  291 7639.698496 16581
  292 6647.059661 16126
  293 0.561300 -2489
  294 80.881729 12038
  295 1684.321411 14498
  296 0.781498  4174
  297 3495.895322 -3250
  298 0.407046 32570
  299 4065.451375 21172
  300 1111.323602 14979
