100
    1 588.172215     1
    2 3807.088939 22552
    3 1185.303681 27863
    4 0.090721 -1935
    5 0.467454 -2497
    6 4263.296811 11402
    7 3092.128104  7882
    8 252.587158  5438
    9 0.448507 -2390
   10 833.161815  6863
   11 0.451680 -2493
   12 38.008295   525
   13 0.548830 -1620
   14 358.505397 20096
   15 0.016139 -3259
   16 7154.540611 24956
   17 0.598606 -2849
   18 21701.242817 -3232
   19 7921.783735 14573
   20 0.223712 -3083
   21 15040.921124 21823
   22 4539.367388 15275
   23 9313.576335 14868
   24 0.177075 -2447
   25 0.090631  2208
   26 0.477553 -2263
   27 88.173757 20395
   28 17341.934652 -3111
   29 2001.992501  4613
   30 12103.260523 14985
   31 3441.012264 10343
   32 0.034042 -1984
   33 2668.452201  2104
   34 665.863958 -2852
   35 6104.463230 17064
   36 14747.921072 21647
   37 0.848041 -2309
   38 295.259361  1257
   39 0.528883 -3064
   40 2024.296178  2568
   41 715.165927 12082
   42 5227.958429 15949
   43 349.267786 13544
   44 21448.576258 23714
   45 6842.665493 30240
   46 610.610479 10842
   47 10717.901433 15863
   48 0.797023 -1788
   49 0.155151 -3003
   50 306.250828  1573
   51 2472.701767   828
   52 3413.955331 12746
   53 0.502774   314
   54 12177.637399 23962
   55 19798.834845 23513
   56 0.298320 32017
   57 11437.750439 27528
   58 0.238679 -2540
   59 44023.818859 28792
   60 3185.865668 31213
   61 2080.277309 19028
   62 24402.377224 31927
   63 1.354730 31951
   64 9409.059429 26634
   65 1760.094408  8009
   66 5003.411975 18283
   67 16725.299811 14765
   68 5152.589411 27953
   69 2057.010758  4234
   70 2399.824411  6832
   71 33.917370  6524
   72 0.418668 -2711
   73 2032.623738 23238
   74 13939.926553 23525
   75 0.021348 -2177
   76 4464.035868 10172
   77 6496.964199 21958
   78 0.137851 -2390
   79 0.150087 -2423
   80 0.342371 -2110
   81 0.203183  3195
   82 0.294827  3101
   83 5962.421961 -3116
   84 1588.835813  7462
   85 1807.819266  1250
   86 1900.815292 13695
   87 0.185796 -2810
   88 1.092371 -2668
   89 0.581370 -2119
   90 9004.862659 11841
   91 782.868048  3905
   92 4879.936215 26181
   93 540.652458  6201
   94 0.217583 -2630
   95 0.302341 -2801
   96 7607.202381 20258
   97 1407.921941 11140
   98 0.206447 -2718
   99 6774.328740  7350
  100 0.231559 -3230
