300
    1 373.971487     1
    2 4810.944457 22552
    3 6583.911923 27863
    4 0.207277 -1935
    5 0.378593 -2497
    6 1196.183409 11402
    7 1384.936120  7882
    8 2189.276893  5438
    9 0.179408 -2390
   10 2027.590417  6863
   11 0.631517 -2493
   12 79.449411   525
   13 0.780340 -1620
   14 1887.834140 20096
   15 0.056010 -3259
   16 394.758000 24956
   17 0.097620 -2849
   18 11782.888352 -3232
   19 1346.989062 14573
   20 0.794136 -3083
   21 891.526156 21823
   22 2447.914688 15275
   23 4074.907313 14868
   24 0.064030 -2447
   25 0.702475  2208
   26 0.740621 -2263
   27 13413.567199 20395
   28 13140.959308 -3111
   29 1330.500059  4613
   30 3773.622041 14985
   31 2523.337281 10343
   32 0.702916 -1984
   33 3915.663931  2104
   34 22788.692602 -2852
   35 3853.944026 17064
   36 2445.411183 21647
   37 0.076098 -2309
   38 12.685273  1257
   39 0.043219 -3064
   40 1483.826984  2568
   41 4877.830802 12082
   42 6146.574513 15949
   43 2818.343522 13544
   44 10593.799414 23714
   45 7293.328125 30240
   46 862.730835 10842
   47 9854.996482 15863
   48 0.854042 -1788
   49 0.453967 -3003
   50 260.712587  1573
   51 286.073564   828
   52 3280.079691 12746
   53 0.585591   314
   54 3667.547546 23962
   55 8814.430292 23513
   56 0.138699 32017
   57 4947.634308 27528
   58 0.043023 -2540
   59 6928.057117 28792
   60 3282.354055 31213
   61 9083.677509 19028
   62 989.591910 31927
   63 0.473791 31951
   64 21589.126597 26634
   65 2127.381383  8009
   66 7662.404619 18283
   67 26629.274587 14765
   68 1272.974664 27953
   69 116.525648  4234
   70 4426.795708  6832
   71 4411.439923  6524
   72 1.043763 -2711
   73 1346.594273 23238
   74 5006.658957 23525
   75 0.853282 -2177
   76 1215.648572 10172
   77 237.992909 21958
   78 0.231249 -2390
   79 0.425991 -2423
   80 0.661177 -2110
   81 0.367264  3195
   82 0.412568  3101
   83 1033.455926 -3116
   84 1525.094582  7462
   85 431.921893  1250
   86 6249.329311 13695
   87 0.012338 -2810
   88 0.263466 -2668
   89 0.109004 -2119
   90 402.080319 11841
   91 1982.557257  3905
   92 14240.835207 26181
   93 326.700016  6201
   94 0.431252 -2630
   95 0.563334 -2801
   96 13261.232450 20258
   97 21310.242031 11140
   98 0.297723 -2718
   99 2385.045188  7350
  100 0.194782 -3230
  101 4415.380338  6709
  102 0.159113 -2544
  103 14398.529929 20824
  104 3959.838312 10814
  105 0.207084 -2651
  106 613.342361  1080
  107 3512.291539 23377
  108 0.494973 -3192
  109 1106.429355  1281
  110 0.448749 -2629
  111 2417.362510 12350
  112 0.363770 -1920
  113 4139.511782 21527
  114 7551.317379 28488
  115 9003.862894 12613
  116 15669.707195 25599
  117 2932.467175  2552
  118 68.658222  4764
  119 3866.389292 11817
  120 2027.193514  8720
  121 0.741901   876
  122 5210.756962 21854
  123 0.146941 -1881
  124 668.623158   546
  125 0.283358 -1913
  126 10280.616117 32558
  127 18754.774579 29437
  128 2519.256691 32051
  129 11882.251002 22728
  130 4584.304274 12216
  131 19831.438479 19666
  132 0.393396    74
  133 0.675463 -1966
  134 3740.330536 16240
  135 4818.253600 23404
  136 4123.866349  3066
  137 887.822790  3236
  138 0.734157 -3156
  139 12539.926198 26575
  140 21582.452202 30702
  141 12243.161163 23859
  142 0.237715 -2212
  143 6503.705202 15705
  144 1835.866870 14460
  145 7046.860376 16428
  146 16177.269636 26421
  147 12358.700123 10799
  148 0.114333 -2970
  149 5186.173933 30348
  150 3494.606417 14927
  151 0.801699 -2981
  152 4967.643645  4176
  153 1820.407202  3369
  154 0.735104 -3090
  155 0.363285 -2741
  156 21956.121877 26851
  157 19760.293637 29251
  158 5934.502470  5560
  159 0.328888 -1996
  160 5249.815631 13900
  161 366.107713 29542
  162 10696.087957 23379
  163 8610.806981 18562
  164 0.069096 -2198
  165 0.667320 -2146
  166 3837.271788  4587
  167 2982.134690  4200
  168 0.029732 32150
  169 0.688889 -2166
  170 0.294930 -2801
  171 0.420291 -3255
  172 27895.187362 24598
  173 1370.023805 14057
  174 0.143445 -2884
  175 6524.454812 15891
  176 0.133767 -2279
  177 781.323568 31434
  178 21858.676937 20565
  179 3856.352073 11021
  180 2297.177134 19654
  181 0.437247 31837
  182 9610.149640 13672
  183 10441.131195 14952
  184 11518.700058 26785
  185 257.245402  6455
  186 0.425752 -1650
  187 0.350314 -2588
  188 0.334686 -2827
  189 11793.320731 16729
  190 170.275172 13760
  191 0.227388 -2091
  192 5342.359393 24846
  193 3949.999264 29565
  194 0.387046 -1681
  195 1780.842346 28229
  196 0.152113 -1684
  197 6920.640821 15816
  198 2471.373101 17659
  199 0.918805 -3088
  200 1984.338964  6147
  201 1722.373087 30936
  202 1193.610194 26161
  203 7912.936305  9518
  204 18065.285581 29234
  205 1249.078773 18278
  206 4486.939285 12201
  207 0.431971 -1702
  208 0.599153 -2474
  209 8954.139212 11251
  210 3420.975712 11128
  211 10910.647120 18494
  212 0.815761 -1593
  213 0.049832 -2437
  214 734.185155 15528
  215 0.046569 -1846
  216 0.071870  1154
  217 2137.809826 15143
  218 2490.136624 -3103
  219 6139.126555 16679
  220 0.440907 -2764
  221 1.080431  1476
  222 4771.089337 19127
  223 736.610618  5680
  224 0.497704  2168
  225 0.089152 -2741
  226 3786.640000 25072
  227 0.393193   460
  228 3726.265060  3095
  229 2453.546435  8458
  230 10836.613508 -3242
  231 1363.056515 11398
  232 225.485535   881
  233 1278.252740  1061
  234 0.791133 -1929
  235 5122.040154 17055
  236 19093.273813 31779
  237 2069.700259 25768
  238 1005.176646 14732
  239 13329.669152 -3256
  240 1175.490066    35
  241 3138.419861  9045
  242 2942.885058 28477
  243 3754.225174 25507
  244 19460.923151 27680
  245 3992.455869  6344
  246 7099.648142 21407
  247 0.082662 -1812
  248 0.506212 -2751
  249 7910.643287 21608
  250 8234.196617 19993
  251 40316.293043 -3226
  252 0.180058   131
  253 12232.511441 26725
  254 0.632574 -2571
  255 988.660690  4774
  256 0.855902 -2202
  257 0.064118 -2715
  258 880.623815 11874
  259 0.164735 -2572
  260 0.273822 -2700
  261 9818.257445 15881
  262 0.064983 -2630
  263 6198.638568 14536
  264 905.915969  1231
  265 7152.744916 13187
  266 8541.696215  7031
  267 0.590138 -2424
  268 4926.630560 12441
  269 0.145771 -2748
  270 9249.527220 27996
  271 3277.928660 20832
  272 0.358830 -2129
  273 3853.189330 13008
  274 1629.403965  3973
  275 4394.435463  9596
  276 6413.301530 29864
  277 3520.708056  8226
  278 6965.229484  8125
  279 246.193032  1936
  280 8.808657   519
  281 0.261522 -1896
  282 9328.213776 20779
  283 574.837060  5897
  284 0.346858 30295
  285 17046.938814 29243
  286 1503.317603 -3236
  287 2830.077775 13467
  288 0.326703 -2093
  289 0.612675 -1755
  290 4752.895127 15224
  291 13880.921472 16581
  292 3476.004666 16126
  293 0.263593 -2489
  294 5558.961805 12038
  295 6055.263126 14498
  296 0.178118  4174
  297 4875.882180 -3250
  298 0.524249 32570
  299 5256.496223 21172
  300 7749.557976 14979
