300
    1 498.677108     1
    2 5608.611653 22552
    3 3270.102396 27863
    4 0.276757 -1935
    5 0.310406 -2497
    6 3345.696137 11402
    7 513.944373  7882
    8 1983.002201  5438
    9 0.007549 -2390
   10 1063.890611  6863
   11 0.141497 -2493
   12 379.759149   525
   13 0.593356 -1620
   14 167.976631 20096
   15 0.058714 -3259
   16 9837.398156 24956
   17 0.142140 -2849
   18 30845.560876 -3232
   19 3536.688825 14573
   20 0.006619 -3083
   21 4402.115418 21823
   22 5429.645804 15275
   23 4897.931669 14868
   24 0.238993 -2447
   25 0.576078  2208
   26 0.248436 -2263
   27 9546.765511 20395
   28 18313.913142 -3111
   29 1852.695157  4613
   30 1527.799907 14985
   31 11025.234408 10343
   32 0.455692 -1984
   33 1903.570835  2104
   34 21316.817818 -2852
   35 830.463656 17064
   36 3599.862174 21647
   37 0.726885 -2309
   38 829.622398  1257
   39 0.053990 -3064
   40 1113.120163  2568
   41 34.429682 12082
   42 1471.565275 15949
   43 3256.479989 13544
   44 4152.757095 23714
   45 10317.763620 30240
   46 175.295674 10842
   47 12897.121661 15863
   48 0.172204 -1788
   49 0.316671 -3003
   50 466.625091  1573
   51 1868.630875   828
   52 460.381698 12746
   53 0.089051   314
   54 16680.302777 23962
   55 2333.490961 23513
   56 0.353585 32017
   57 1776.292114 27528
   58 0.636203 -2540
   59 31050.738775 28792
   60 13961.695286 31213
   61 2516.439319 19028
   62 19254.747651 31927
   63 0.204073 31951
   64 19517.434121 26634
   65 572.188434  8009
   66 247.389592 18283
   67 13822.299678 14765
   68 29515.283526 27953
   69 3623.877469  4234
   70 2896.018724  6832
   71 1353.227944  6524
   72 0.011408 -2711
   73 364.379564 23238
   74 18492.917840 23525
   75 0.551341 -2177
   76 10796.347777 10172
   77 268.513413 21958
   78 0.524125 -2390
   79 0.484942 -2423
   80 0.347840 -2110
   81 1.346146  3195
   82 0.983321  3101
   83 6642.085993 -3116
   84 511.124317  7462
   85 148.697489  1250
   86 4246.009228 13695
   87 0.586277 -2810
   88 0.801323 -2668
   89 0.788570 -2119
   90 3815.275044 11841
   91 115.662889  3905
   92 6150.836514 26181
   93 2242.586747  6201
   94 0.301162 -2630
   95 0.385717 -2801
   96 13162.822668 20258
   97 8278.710825 11140
   98 0.296533 -2718
   99 7434.229958  7350
  100 0.319576 -3230
  101 313.733804  6709
  102 0.063430 -2544
  103 5969.844046 20824
  104 2963.272239 10814
  105 0.573949 -2651
  106 137.716748  1080
  107 6020.025472 23377
  108 0.298214 -3192
  109 259.958434  1281
  110 0.311551 -2629
  111 4832.833602 12350
  112 0.957461 -1920
  113 11022.530154 21527
  114 20398.439793 28488
  115 464.152603 12613
  116 10710.326854 25599
  117 570.320452  2552
  118 93.322787  4764
  119 363.067445 11817
  120 3497.223040  8720
  121 0.117626   876
  122 9969.450279 21854
  123 0.365755 -1881
  124 1247.219558   546
  125 1.284779 -1913
  126 263.511849 32558
  127 4279.259922 29437
  128 5580.990512 32051
  129 15609.753104 22728
  130 8372.900366 12216
  131 13504.640562 19666
  132 0.119395    74
  133 0.212845 -1966
  134 1936.850320 16240
  135 6212.534215 23404
  136 3629.572258  3066
  137 815.151498  3236
  138 0.917793 -3156
  139 51.640042 26575
  140 40398.871363 30702
  141 19114.250500 23859
  142 0.903983 -2212
  143 292.392058 15705
  144 9293.893761 14460
  145 631.261757 16428
  146 8762.742242 26421
  147 5415.522981 10799
  148 0.122197 -2970
  149 2650.167264 30348
  150 11287.336980 14927
  151 0.204205 -2981
  152 234.917369  4176
  153 827.642861  3369
  154 0.790415 -3090
  155 0.277373 -2741
  156 377.173547 26851
  157 6960.148207 29251
  158 2689.271790  5560
  159 0.065808 -1996
  160 9285.973071 13900
  161 11006.122924 29542
  162 18234.238535 23379
  163 6161.960881 18562
  164 0.288039 -2198
  165 0.421578 -2146
  166 3156.880943  4587
  167 826.376561  4200
  168 0.579022 32150
  169 0.148356 -2166
  170 0.425393 -2801
  171 0.619522 -3255
  172 7997.215404 24598
  173 12954.649707 14057
  174 0.444398 -2884
  175 14818.015877 15891
  176 0.055641 -2279
  177 13164.901537 31434
  178 6205.986153 20565
  179 1405.777561 11021
  180 5805.152498 19654
  181 0.152838 31837
  182 6068.479342 13672
  183 5660.196281 14952
  184 14226.460524 26785
  185 907.819745  6455
  186 0.002865 -1650
  187 0.203999 -2588
  188 0.241781 -2827
  189 12393.171596 16729
  190 3920.089756 13760
  191 0.701744 -2091
  192 2207.998708 24846
  193 10043.712565 29565
  194 0.184787 -1681
  195 2335.661101 28229
  196 0.200685 -1684
  197 4117.876735 15816
  198 7398.281761 17659
  199 0.500921 -3088
  200 2043.501753  6147
  201 28104.781550 30936
  202 14717.871974 26161
  203 6020.627692  9518
  204 19190.158884 29234
  205 713.725919 18278
  206 3025.378960 12201
  207 0.570777 -1702
  208 0.186216 -2474
  209 1653.812303 11251
  210 4240.875737 11128
  211 22349.414755 18494
  212 0.014420 -1593
  213 0.170413 -2437
  214 1183.949049 15528
  215 0.562461 -1846
  216 1.689495  1154
  217 8284.267592 15143
  218 29441.034421 -3103
  219 96.283273 16679
  220 0.540571 -2764
  221 0.489076  1476
  222 1729.976997 19127
  223 1208.182072  5680
  224 0.117419  2168
  225 0.702114 -2741
  226 30215.630093 25072
  227 0.124340   460
  228 5642.812424  3095
  229 1890.008512  8458
  230 29549.140519 -3242
  231 12957.484692 11398
  232 703.697024   881
  233 1903.618352  1061
  234 0.208224 -1929
  235 11183.611390 17055
  236 25751.907420 31779
  237 15271.926970 25768
  238 63.665910 14732
  239 8905.563007 -3256
  240 642.697829    35
  241 3554.208628  9045
  242 4964.483272 28477
  243 13954.145528 25507
  244 23010.761426 27680
  245 2801.761961  6344
  246 12856.617200 21407
  247 0.727473 -1812
  248 0.154004 -2751
  249 10245.022836 21608
  250 3678.746761 19993
  251 23224.948364 -3226
  252 0.960956   131
  253 29580.692733 26725
  254 0.484291 -2571
  255 365.450911  4774
  256 0.902325 -2202
  257 0.012066 -2715
  258 4368.669816 11874
  259 0.162744 -2572
  260 0.072359 -2700
  261 6550.183848 15881
  262 1.363648 -2630
  263 7723.046167 14536
  264 1849.641958  1231
  265 696.652555 13187
  266 15391.930309  7031
  267 0.080476 -2424
  268 4155.736733 12441
  269 0.153697 -2748
  270 24960.314673 27996
  271 920.823363 20832
  272 0.224933 -2129
  273 6868.824748 13008
  274 1735.993902  3973
  275 1310.046224  9596
  276 15712.660979 29864
  277 8740.109473  8226
  278 8488.257018  8125
  279 770.773172  1936
  280 27.648510   519
  281 0.008181 -1896
  282 5937.275718 20779
  283 100.229638  5897
  284 0.443074 30295
  285 10310.635186 29243
  286 21718.471019 -3236
  287 21914.989135 13467
  288 0.445565 -2093
  289 0.512192 -1755
  290 8332.613373 15224
  291 4358.712662 16581
  292 1129.808740 16126
  293 0.040694 -2489
  294 2592.402527 12038
  295 1184.070023 14498
  296 0.863211  4174
  297 2475.496220 -3250
  298 0.368937 32570
  299 14727.296605 21172
  300 7616.284693 14979
