300
    1 276.562739     1
    2 1655.674872 22552
    3 12703.919015 27863
    4 0.685291 -1935
    5 0.282885 -2497
    6 3196.134327 11402
    7 4560.101540  7882
    8 4151.153026  5438
    9 0.337333 -2390
   10 4594.215542  6863
   11 0.224414 -2493
   12 491.779101   525
   13 0.620648 -1620
   14 11826.667510 20096
   15 0.180503 -3259
   16 15206.306620 24956
   17 0.605764 -2849
   18 11548.615154 -3232
   19 6772.375857 14573
   20 0.580800 -3083
   21 8991.922752 21823
   22 5945.912113 15275
   23 9575.343367 14868
   24 0.558183 -2447
   25 0.441639  2208
   26 0.167621 -2263
   27 249.836934 20395
   28 3535.561329 -3111
   29 1523.895006  4613
   30 2489.753142 14985
   31 1895.726462 10343
   32 0.645224 -1984
   33 3609.096203  2104
   34 1969.592614 -2852
   35 10348.854558 17064
   36 24285.159970 21647
   37 0.433017 -2309
   38 702.803590  1257
   39 0.955760 -3064
   40 179.979533  2568
   41 5175.936347 12082
   42 5895.768303 15949
   43 2450.230492 13544
   44 4308.036625 23714
   45 13030.732517 30240
   46 611.261029 10842
   47 12327.911372 15863
   48 0.108082 -1788
   49 0.172614 -3003
   50 531.695253  1573
   51 1637.910040   828
   52 819.223898 12746
   53 0.108967   314
   54 6183.893473 23962
   55 11938.070426 23513
   56 0.379855 32017
   57 19798.971079 27528
   58 0.061623 -2540
   59 21094.644174 28792
   60 8133.093002 31213
   61 6465.162984 19028
   62 9564.799370 31927
   63 0.104655 31951
   64 8808.723390 26634
   65 1862.087976  8009
   66 1459.838143 18283
   67 697.377598 14765
   68 28746.044379 27953
   69 3802.366042  4234
   70 2738.426083  6832
   71 5382.472252  6524
   72 0.884083 -2711
   73 10095.615029 23238
   74 6206.561482 23525
   75 0.251769 -2177
   76 3428.599778 10172
   77 18642.556704 21958
   78 0.064178 -2390
   79 0.465997 -2423
   80 0.423601 -2110
   81 0.179942  3195
   82 0.372374  3101
   83 16765.853089 -3116
   84 194.881259  7462
   85 1997.383594  1250
   86 2964.673211 13695
   87 0.518693 -2810
   88 0.104798 -2668
   89 0.111143 -2119
   90 3922.239170 11841
   91 1017.527587  3905
   92 19402.623460 26181
   93 186.679688  6201
   94 0.229287 -2630
   95 1.533736 -2801
   96 8800.927670 20258
   97 1768.295826 11140
   98 0.058952 -2718
   99 978.232000  7350
  100 0.333566 -3230
  101 1068.280881  6709
  102 0.448286 -2544
  103 1725.546141 20824
  104 524.636678 10814
  105 0.808526 -2651
  106 733.951480  1080
  107 14983.221288 23377
  108 0.307633 -3192
  109 1195.359334  1281
  110 0.577313 -2629
  111 7097.231838 12350
  112 0.130378 -1920
  113 13222.132965 21527
  114 14902.539465 28488
  115 5957.625618 12613
  116 22707.154813 25599
  117 95.876320  2552
  118 177.022860  4764
  119 660.595800 11817
  120 8552.345804  8720
  121 0.174611   876
  122 2180.035609 21854
  123 0.270421 -1881
  124 2809.769887   546
  125 0.841230 -1913
  126 9196.868503 32558
  127 12359.608669 29437
  128 13197.066811 32051
  129 3663.738390 22728
  130 3803.223954 12216
  131 2326.110802 19666
  132 0.224064    74
  133 0.208335 -1966
  134 1618.396573 16240
  135 9967.118695 23404
  136 622.043799  3066
  137 1806.573587  3236
  138 1.073093 -3156
  139 3742.425806 26575
  140 26590.718659 30702
  141 8353.616567 23859
  142 0.118893 -2212
  143 14308.605198 15705
  144 2948.373861 14460
  145 5515.315520 16428
  146 11831.881675 26421
  147 2519.509873 10799
  148 0.429289 -2970
  149 5183.521340 30348
  150 6665.668002 14927
  151 0.113009 -2981
  152 3651.344728  4176
  153 2164.206032  3369
  154 0.096762 -3090
  155 0.403654 -2741
  156 950.908763 26851
  157 633.900397 29251
  158 2851.480100  5560
  159 0.233627 -1996
  160 1423.969800 13900
  161 34565.317778 29542
  162 1729.158702 23379
  163 15252.809690 18562
  164 0.520926 -2198
  165 0.517460 -2146
  166 2462.554318  4587
  167 204.826048  4200
  168 0.066777 32150
  169 0.299535 -2166
  170 0.375746 -2801
  171 0.924267 -3255
  172 10431.832881 24598
  173 1175.570143 14057
  174 0.104449 -2884
  175 7294.573147 15891
  176 0.525441 -2279
  177 15776.928666 31434
  178 2752.296538 20565
  179 1185.911063 11021
  180 136.871338 19654
  181 0.149475 31837
  182 497.463043 13672
  183 4067.974628 14952
  184 10096.984514 26785
  185 788.812512  6455
  186 0.240533 -1650
  187 0.219513 -2588
  188 0.041439 -2827
  189 1398.293437 16729
  190 5617.862812 13760
  191 0.335635 -2091
  192 2189.325739 24846
  193 33798.177614 29565
  194 0.562313 -1681
  195 3982.944977 28229
  196 0.369149 -1684
  197 9995.085679 15816
  198 11709.828641 17659
  199 0.600754 -3088
  200 6.751872  6147
  201 6461.511872 30936
  202 8681.917733 26161
  203 6127.585595  9518
  204 10950.444172 29234
  205 6402.180832 18278
  206 5182.516736 12201
  207 0.095852 -1702
  208 0.459485 -2474
  209 584.810989 11251
  210 6227.700244 11128
  211 1200.857281 18494
  212 0.435620 -1593
  213 0.054980 -2437
  214 211.536855 15528
  215 0.105386 -1846
  216 0.700612  1154
  217 7612.466733 15143
  218 1595.165537 -3103
  219 12679.469038 16679
  220 0.189674 -2764
  221 0.766420  1476
  222 12100.525793 19127
  223 2915.111020  5680
  224 0.702024  2168
  225 0.089136 -2741
  226 8826.857422 25072
  227 0.126765   460
  228 384.364641  3095
  229 4373.547968  8458
  230 2131.166387 -3242
  231 3771.426670 11398
  232 142.560139   881
  233 4.744557  1061
  234 0.859339 -1929
  235 12393.862200 17055
  236 16357.540695 31779
  237 2075.540880 25768
  238 4113.605531 14732
  239 13484.898724 -3256
  240 281.601503    35
  241 1220.468087  9045
  242 8234.438432 28477
  243 25468.574307 25507
  244 3264.632767 27680
  245 1753.043410  6344
  246 4262.953916 21407
  247 0.368248 -1812
  248 0.018987 -2751
  249 7742.944122 21608
  250 7229.958704 19993
  251 11211.505553 -3226
  252 0.126797   131
  253 14347.749102 26725
  254 0.620279 -2571
  255 532.944866  4774
  256 0.024333 -2202
  257 0.246138 -2715
  258 6877.089068 11874
  259 0.598594 -2572
  260 0.469716 -2700
  261 1544.473843 15881
  262 0.292364 -2630
  263 8538.070341 14536
  264 1092.558564  1231
  265 1939.516665 13187
  266 2569.709344  7031
  267 0.111627 -2424
  268 9522.943593 12441
  269 0.755959 -2748
  270 2429.326572 27996
  271 2109.858593 20832
  272 0.324523 -2129
  273 12629.388334 13008
  274 2124.002177  3973
  275 3599.699411  9596
  276 424.268137 29864
  277 4326.232155  8226
  278 3665.542412  8125
  279 1343.667074  1936
  280 7.556350   519
  281 0.609385 -1896
  282 10152.495805 20779
  283 414.000515  5897
  284 0.372067 30295
  285 27753.571372 29243
  286 13237.680553 -3236
  287 7264.211625 13467
  288 0.376870 -2093
  289 0.203678 -1755
  290 4797.393588 15224
  291 11594.948148 16581
  292 808.674922 16126
  293 0.256997 -2489
  294 1588.013401 12038
  295 8578.366140 14498
  296 0.524573  4174
  297 11367.723207 -3250
  298 0.063733 32570
  299 1176.289576 21172
  300 11276.950817 14979
