300
    1 1047.675632     1
    2 1338.781672 22552
    3 227.916708 27863
    4 0.234333 -1935
    5 0.044607 -2497
    6 1745.337560 11402
    7 737.682217  7882
    8 1951.656160  5438
    9 0.327940 -2390
   10 440.587664  6863
   11 0.445383 -2493
   12 300.601772   525
   13 0.487019 -1620
   14 2165.667502 20096
   15 0.421696 -3259
   16 1057.588209 24956
   17 0.934357 -2849
   18 2458.328541 -3232
   19 5261.404868 14573
   20 0.212348 -3083
   21 5416.630344 21823
   22 12006.708825 15275
   23 5555.291739 14868
   24 0.332391 -2447
   25 0.052479  2208
   26 0.148563 -2263
   27 8724.947748 20395
   28 23096.009309 -3111
   29 2492.369033  4613
   30 3540.972645 14985
   31 4812.735734 10343
   32 0.181478 -1984
   33 1313.989589  2104
   34 2735.550591 -2852
   35 9622.108943 17064
   36 4099.741910 21647
   37 0.891059 -2309
   38 338.938062  1257
   39 0.363827 -3064
   40 352.185696  2568
   41 9011.653329 12082
   42 1504.977180 15949
   43 15139.605477 13544
   44 573.848801 23714
   45 13040.679114 30240
   46 7481.729398 10842
   47 1937.613239 15863
   48 0.043961 -1788
   49 0.223939 -3003
   50 18.391528  1573
   51 325.207461   828
   52 7081.648064 12746
   53 0.031197   314
   54 8147.653534 23962
   55 822.619260 23513
   56 0.439076 32017
   57 2868.101876 27528
   58 0.637262 -2540
   59 259.696870 28792
   60 5606.993678 31213
   61 4310.046542 19028
   62 10625.873358 31927
   63 0.493527 31951
   64 1392.433344 26634
   65 2022.405350  8009
   66 510.103183 18283
   67 2585.869765 14765
   68 3106.920297 27953
   69 2368.891504  4234
   70 400.136631  6832
   71 677.617853  6524
   72 0.290629 -2711
   73 3098.828694 23238
   74 1775.868171 23525
   75 0.533299 -2177
   76 618.620539 10172
   77 4355.614055 21958
   78 0.912810 -2390
   79 0.202766 -2423
   80 0.277598 -2110
   81 0.245266  3195
   82 0.050324  3101
   83 2930.163031 -3116
   84 134.933417  7462
   85 6297.764829  1250
   86 7383.159591 13695
   87 0.100997 -2810
   88 0.745667 -2668
   89 0.042247 -2119
   90 4411.949425 11841
   91 373.150125  3905
   92 5826.447650 26181
   93 1120.307525  6201
   94 0.559568 -2630
   95 0.347695 -2801
   96 37.541487 20258
   97 2220.551958 11140
   98 0.125934 -2718
   99 2247.407108  7350
  100 0.068546 -3230
  101 262.254619  6709
  102 0.465858 -2544
  103 5342.482281 20824
  104 5624.114978 10814
  105 0.005947 -2651
  106 838.157835  1080
  107 8948.823561 23377
  108 0.849114 -3192
  109 608.286238  1281
  110 0.347689 -2629
  111 6835.842118 12350
  112 0.073877 -1920
  113 13248.524785 21527
  114 6250.495934 28488
  115 13629.876969 12613
  116 12505.218765 25599
  117 1205.028952  2552
  118 875.030420  4764
  119 6109.388725 11817
  120 5863.007155  8720
  121 0.528526   876
  122 4389.361876 21854
  123 0.236553 -1881
  124 722.551971   546
  125 0.050665 -1913
  126 17442.212396 32558
  127 228.115813 29437
  128 9911.193546 32051
  129 3458.429838 22728
  130 6725.476689 12216
  131 4790.533549 19666
  132 1.407560    74
  133 0.552240 -1966
  134 4916.852584 16240
  135 9926.042964 23404
  136 6082.698233  3066
  137 1324.705365  3236
  138 0.165150 -3156
  139 9184.515976 26575
  140 34173.940972 30702
  141 2202.410016 23859
  142 0.624652 -2212
  143 368.607687 15705
  144 6627.480926 14460
  145 2865.554338 16428
  146 12719.935958 26421
  147 2285.687236 10799
  148 0.000716 -2970
  149 2070.132003 30348
  150 11418.435296 14927
  151 0.436317 -2981
  152 7452.982533  4176
  153 4858.513330  3369
  154 1.297455 -3090
  155 0.057666 -2741
  156 733.366986 26851
  157 14575.637492 29251
  158 163.445157  5560
  159 0.182189 -1996
  160 1270.631333 13900
  161 6472.318804 29542
  162 11893.957853 23379
  163 7650.104252 18562
  164 0.055339 -2198
  165 0.017956 -2146
  166 4285.508747  4587
  167 294.969485  4200
  168 0.236284 32150
  169 0.237876 -2166
  170 0.198681 -2801
  171 0.032510 -3255
  172 1807.824661 24598
  173 4336.483581 14057
  174 0.159087 -2884
  175 11133.189460 15891
  176 0.351472 -2279
  177 20478.295091 31434
  178 488.940731 20565
  179 3421.865380 11021
  180 7344.498115 19654
  181 0.071571 31837
  182 13507.770345 13672
  183 5157.540479 14952
  184 3171.391845 26785
  185 49.930961  6455
  186 0.098689 -1650
  187 0.543878 -2588
  188 0.349209 -2827
  189 2180.809338 16729
  190 4686.574265 13760
  191 0.846755 -2091
  192 6331.655631 24846
  193 14333.922321 29565
  194 0.469716 -1681
  195 5414.714231 28229
  196 0.304694 -1684
  197 13427.533157 15816
  198 3846.554873 17659
  199 0.564472 -3088
  200 1899.507031  6147
  201 23824.640898 30936
  202 978.956272 26161
  203 4556.973738  9518
  204 9393.138243 29234
  205 10110.272567 18278
  206 3819.087774 12201
  207 0.070291 -1702
  208 0.173103 -2474
  209 3980.306473 11251
  210 2912.738182 11128
  211 14039.664019 18494
  212 0.120167 -1593
  213 0.286768 -2437
  214 3980.591821 15528
  215 0.631673 -1846
  216 0.506186  1154
  217 8722.684478 15143
  218 689.497660 -3103
  219 1095.563279 16679
  220 0.332002 -2764
  221 0.369416  1476
  222 4789.316881 19127
  223 1532.216009  5680
  224 0.375886  2168
  225 0.349246 -2741
  226 27752.434219 25072
  227 0.534606   460
  228 109.536133  3095
  229 1714.482332  8458
  230 12932.912145 -3242
  231 3848.073554 11398
  232 660.863064   881
  233 3244.511661  1061
  234 0.198120 -1929
  235 5749.148822 17055
  236 12050.428380 31779
  237 4552.868938 25768
  238 2942.437509 14732
  239 21767.639672 -3256
  240 192.860064    35
  241 2133.077049  9045
  242 8142.493346 28477
  243 21486.420410 25507
  244 3086.862838 27680
  245 1132.403690  6344
  246 6925.126772 21407
  247 0.412847 -1812
  248 0.682288 -2751
  249 16129.352221 21608
  250 15621.306638 19993
  251 10989.740803 -3226
  252 0.335716   131
  253 20782.659603 26725
  254 0.238277 -2571
  255 215.647100  4774
  256 0.212808 -2202
  257 0.525137 -2715
  258 6095.166810 11874
  259 0.686068 -2572
  260 0.083769 -2700
  261 3562.713970 15881
  262 0.160821 -2630
  263 15268.652377 14536
  264 773.574859  1231
  265 4346.619239 13187
  266 1891.719355  7031
  267 0.281472 -2424
  268 6108.606691 12441
  269 0.070290 -2748
  270 8631.211961 27996
  271 5379.354969 20832
  272 0.553607 -2129
  273 13999.882627 13008
  274 1824.846550  3973
  275 4135.117131  9596
  276 5250.307803 29864
  277 4055.057264  8226
  278 1570.512320  8125
  279 1188.989469  1936
  280 3.013413   519
  281 0.169937 -1896
  282 1604.283308 20779
  283 1251.126349  5897
  284 0.635109 30295
  285 13838.048356 29243
  286 1769.692956 -3236
  287 5217.935960 13467
  288 0.208686 -2093
  289 0.020450 -1755
  290 2260.540054 15224
  291 8189.106508 16581
  292 3516.192553 16126
  293 0.051168 -2489
  294 6506.329853 12038
  295 371.795689 14498
  296 0.582435  4174
  297 1901.189069 -3250
  298 0.650169 32570
  299 3072.268628 21172
  300 7298.548331 14979
