300
    1 753.737257     1
    2 771.426942 22552
    3 15161.392832 27863
    4 1.099587 -1935
    5 0.051884 -2497
    6 12456.959905 11402
    7 3036.898631  7882
    8 2959.667105  5438
    9 0.054402 -2390
   10 504.914288  6863
   11 0.510990 -2493
   12 188.262251   525
   13 0.091290 -1620
   14 4411.708380 20096
   15 0.686293 -3259
   16 4259.582097 24956
   17 0.238156 -2849
   18 16465.438820 -3232
   19 9558.384316 14573
   20 0.578925 -3083
   21 16507.143570 21823
   22 5247.109934 15275
   23 2327.560824 14868
   24 0.422740 -2447
   25 0.358026  2208
   26 0.289710 -2263
   27 1992.017213 20395
   28 5661.755535 -3111
   29 395.912068  4613
   30 4139.541836 14985
   31 4654.714657 10343
   32 0.526513 -1984
   33 2063.942289  2104
   34 26107.791592 -2852
   35 10229.652743 17064
   36 7329.915793 21647
   37 0.805415 -2309
   38 572.953870  1257
   39 0.440263 -3064
   40 801.192996  2568
   41 7927.333806 12082
   42 1767.525021 15949
   43 3446.605031 13544
   44 13248.512652 23714
   45 17118.342187 30240
   46 4086.390279 10842
   47 4784.431298 15863
   48 0.965845 -1788
   49 0.383971 -3003
   50 488.189887  1573
   51 4433.543858   828
   52 62.770150 12746
   53 0.662830   314
   54 11968.265960 23962
   55 6373.886743 23513
   56 0.432277 32017
   57 21302.901009 27528
   58 0.087842 -2540
   59 12005.934088 28792
   60 21930.997364 31213
   61 9163.217663 19028
   62 3349.419753 31927
   63 0.177837 31951
   64 16899.165333 26634
   65 106.240217  8009
   66 9555.368660 18283
   67 7860.848129 14765
   68 2200.281505 27953
   69 3336.651059  4234
   70 187.295997  6832
   71 2980.218339  6524
   72 0.041975 -2711
   73 433.196587 23238
   74 14405.131921 23525
   75 0.611542 -2177
   76 2929.491384 10172
   77 2107.986234 21958
   78 1.302039 -2390
   79 0.214364 -2423
   80 0.812337 -2110
   81 0.768065  3195
   82 1.555722  3101
   83 6627.884184 -3116
   84 2827.940551  7462
   85 2887.918789  1250
   86 713.812857 13695
   87 0.401357 -2810
   88 0.106038 -2668
   89 0.673354 -2119
   90 4678.172032 11841
   91 1510.283788  3905
   92 7266.179296 26181
   93 1835.046786  6201
   94 0.277756 -2630
   95 0.807625 -2801
   96 4912.136193 20258
   97 5275.322227 11140
   98 0.567099 -2718
   99 6519.547564  7350
  100 0.380025 -3230
  101 4054.337028  6709
  102 0.523959 -2544
  103 7930.679963 20824
  104 2522.573559 10814
  105 1.089305 -2651
  106 2.200970  1080
  107 4890.872966 23377
  108 0.786446 -3192
  109 655.347275  1281
  110 0.375158 -2629
  111 5139.747415 12350
  112 0.097387 -1920
  113 173.616768 21527
  114 14999.192000 28488
  115 306.184399 12613
  116 6617.563143 25599
  117 170.550788  2552
  118 654.551765  4764
  119 9769.306692 11817
  120 1940.361422  8720
  121 0.446112   876
  122 354.650243 21854
  123 0.291395 -1881
  124 1293.922766   546
  125 0.245248 -1913
  126 735.992059 32558
  127 5086.467152 29437
  128 27339.759886 32051
  129 6044.031635 22728
  130 353.434474 12216
  131 7479.692817 19666
  132 1.241992    74
  133 0.201483 -1966
  134 1275.793883 16240
  135 11308.451319 23404
  136 696.172222  3066
  137 330.656783  3236
  138 0.729396 -3156
  139 8986.921090 26575
  140 8401.828435 30702
  141 1830.074588 23859
  142 0.488060 -2212
  143 2781.520155 15705
  144 6316.682922 14460
  145 26090.062956 16428
  146 2127.715155 26421
  147 2957.669631 10799
  148 0.215952 -2970
  149 7123.057682 30348
  150 2165.823574 14927
  151 0.190188 -2981
  152 2798.382139  4176
  153 1570.802083  3369
  154 0.696960 -3090
  155 0.583555 -2741
  156 29476.860553 26851
  157 5126.324541 29251
  158 2454.196611  5560
  159 0.119956 -1996
  160 4791.011330 13900
  161 13889.853595 29542
  162 2125.090370 23379
  163 6550.270409 18562
  164 0.486815 -2198
  165 1.125168 -2146
  166 1897.935876  4587
  167 2482.086040  4200
  168 0.488764 32150
  169 0.034851 -2166
  170 0.066268 -2801
  171 0.566616 -3255
  172 18297.152563 24598
  173 4355.564555 14057
  174 0.289902 -2884
  175 18590.673737 15891
  176 0.449471 -2279
  177 14740.636691 31434
  178 6609.028032 20565
  179 4101.062140 11021
  180 1085.459873 19654
  181 0.866649 31837
  182 8545.399544 13672
  183 508.797751 14952
  184 18250.455405 26785
  185 1155.789848  6455
  186 0.384842 -1650
  187 0.194694 -2588
  188 0.477848 -2827
  189 5413.198377 16729
  190 1459.273482 13760
  191 0.355791 -2091
  192 13978.629548 24846
  193 628.335665 29565
  194 0.162118 -1681
  195 6781.891875 28229
  196 0.093061 -1684
  197 5471.496956 15816
  198 1024.123257 17659
  199 0.523770 -3088
  200 274.725450  6147
  201 4518.535053 30936
  202 20331.514419 26161
  203 5808.771974  9518
  204 2760.043014 29234
  205 824.490132 18278
  206 7709.371129 12201
  207 0.439847 -1702
  208 0.829445 -2474
  209 8286.206247 11251
  210 10058.691088 11128
  211 1658.859169 18494
  212 0.329912 -1593
  213 0.102774 -2437
  214 14672.840598 15528
  215 0.557890 -1846
  216 0.339562  1154
  217 2856.004870 15143
  218 14715.669774 -3103
  219 408.109980 16679
  220 0.126076 -2764
  221 0.681114  1476
  222 7903.785190 19127
  223 284.758516  5680
  224 0.254684  2168
  225 0.556057 -2741
  226 1275.091527 25072
  227 0.213550   460
  228 5133.356941  3095
  229 4243.181154  8458
  230 10322.063222 -3242
  231 3525.264448 11398
  232 1766.882145   881
  233 1163.046861  1061
  234 0.170072 -1929
  235 3574.424406 17055
  236 11993.101415 31779
  237 9434.637175 25768
  238 11000.660497 14732
  239 20448.165578 -3256
  240 488.903224    35
  241 652.148151  9045
  242 11526.364277 28477
  243 8341.452218 25507
  244 6391.887509 27680
  245 1252.654957  6344
  246 6356.497002 21407
  247 0.049132 -1812
  248 0.051500 -2751
  249 8698.421377 21608
  250 1837.600994 19993
  251 18710.219511 -3226
  252 0.488115   131
  253 4694.054177 26725
  254 0.082060 -2571
  255 815.209292  4774
  256 0.227173 -2202
  257 0.365185 -2715
  258 11727.074584 11874
  259 0.137114 -2572
  260 0.540762 -2700
  261 906.290101 15881
  262 0.714668 -2630
  263 577.113029 14536
  264 718.999329  1231
  265 9570.833672 13187
  266 622.129988  7031
  267 0.185545 -2424
  268 2419.784193 12441
  269 0.467398 -2748
  270 22407.323109 27996
  271 20578.981502 20832
  272 0.813167 -2129
  273 5486.647267 13008
  274 2238.961355  3973
  275 3842.654985  9596
  276 18170.729896 29864
  277 6255.645955  8226
  278 1647.939728  8125
  279 427.232424  1936
  280 12.246896   519
  281 0.324857 -1896
  282 10562.452833 20779
  283 493.901658  5897
  284 0.106300 30295
  285 22950.574594 29243
  286 19250.983285 -3236
  287 629.058012 13467
  288 0.236621 -2093
  289 0.434233 -1755
  290 8240.177800 15224
  291 17886.214734 16581
  292 1035.127134 16126
  293 0.632044 -2489
  294 9420.887350 12038
  295 1187.593011 14498
  296 0.209263  4174
  297 2325.055668 -3250
  298 0.207157 32570
  299 8492.901436 21172
  300 6506.871078 14979
