300
    1 58.634108     1
    2 1847.292301 22552
    3 13458.483766 27863
    4 0.160746 -1935
    5 0.222491 -2497
    6 1361.443711 11402
    7 1506.924134  7882
    8 6397.719406  5438
    9 0.145289 -2390
   10 2200.944260  6863
   11 0.158037 -2493
   12 260.289092   525
   13 0.475937 -1620
   14 17137.613211 20096
   15 0.302558 -3259
   16 15111.907686 24956
   17 0.045276 -2849
   18 7514.826084 -3232
   19 1919.400888 14573
   20 0.551624 -3083
   21 1027.458405 21823
   22 7487.290629 15275
   23 1011.103515 14868
   24 0.261690 -2447
   25 0.097700  2208
   26 0.891783 -2263
   27 431.584461 20395
   28 6092.402322 -3111
   29 1205.455966  4613
   30 6246.087441 14985
   31 4777.921115 10343
   32 0.907069 -1984
   33 11.692751  2104
   34 12218.415142 -2852
   35 4672.104255 17064
   36 21622.992897 21647
   37 0.016059 -2309
   38 1207.323928  1257
   39 0.254057 -3064
   40 426.923656  2568
   41 6299.522254 12082
   42 5421.035536 15949
   43 9610.621983 13544
   44 17195.598383 23714
   45 6082.856022 30240
   46 4523.326972 10842
   47 443.581049 15863
   48 0.113419 -1788
   49 0.274218 -3003
   50 1025.292651  1573
   51 2409.127198   828
   52 8344.819513 12746
   53 0.019035   314
   54 4745.903861 23962
   55 8050.700011 23513
   56 0.677995 32017
   57 9303.348175 27528
   58 0.054261 -2540
   59 580.713603 28792
   60 18891.217914 31213
   61 2338.525593 19028
   62 1931.550230 31927
   63 1.062336 31951
   64 10709.347471 26634
   65 708.126399  8009
   66 14947.729055 18283
   67 1616.914510 14765
   68 8293.071746 27953
   69 507.242235  4234
   70 2160.961873  6832
   71 3262.879083  6524
   72 0.219386 -2711
   73 26188.030719 23238
   74 5908.078814 23525
   75 0.276844 -2177
   76 2391.951238 10172
   77 6926.489261 21958
   78 0.117809 -2390
   79 0.158001 -2423
   80 0.373108 -2110
   81 0.616094  3195
   82 0.359992  3101
   83 14407.816150 -3116
   84 1486.736110  7462
   85 1997.198256  1250
   86 3835.187587 13695
   87 0.803295 -2810
   88 0.449868 -2668
   89 0.643559 -2119
   90 2718.474805 11841
   91 880.574732  3905
   92 8502.675400 26181
   93 1548.766613  6201
   94 0.618086 -2630
   95 0.596149 -2801
   96 9519.773571 20258
   97 12594.629829 11140
   98 0.299379 -2718
   99 4455.492355  7350
  100 0.208015 -3230
  101 1348.870324  6709
  102 0.293030 -2544
  103 10298.377109 20824
  104 482.731387 10814
  105 0.314293 -2651
  106 1057.540918  1080
  107 4912.459793 23377
  108 0.347676 -3192
  109 1192.611525  1281
  110 0.239580 -2629
  111 6215.097121 12350
  112 0.171196 -1920
  113 20838.901125 21527
  114 2650.980281 28488
  115 3489.952836 12613
  116 5176.747717 25599
  117 658.047671  2552
  118 296.340078  4764
  119 1251.162415 11817
  120 3349.268140  8720
  121 0.312167   876
  122 5958.458914 21854
  123 0.464877 -1881
  124 22.528137   546
  125 0.138154 -1913
  126 4328.554130 32558
  127 2939.596050 29437
  128 12857.054543 32051
  129 22792.965935 22728
  130 2891.737335 12216
  131 4365.692389 19666
  132 0.113048    74
  133 0.087110 -1966
  134 4424.158208 16240
  135 7896.337384 23404
  136 7144.696545  3066
  137 452.984915  3236
  138 0.530757 -3156
  139 7973.687646 26575
  140 3460.733111 30702
  141 1405.036599 23859
  142 0.980574 -2212
  143 4599.201212 15705
  144 351.492027 14460
  145 22473.828689 16428
  146 9076.694041 26421
  147 5310.625841 10799
  148 0.557422 -2970
  149 1055.070427 30348
  150 8476.099465 14927
  151 0.104710 -2981
  152 5284.683475  4176
  153 10521.901624  3369
  154 0.567418 -3090
  155 0.102270 -2741
  156 825.041874 26851
  157 1750.732380 29251
  158 2211.945304  5560
  159 0.245162 -1996
  160 6404.157965 13900
  161 2987.508982 29542
  162 1371.223994 23379
  163 174.683766 18562
  164 0.415045 -2198
  165 0.263195 -2146
  166 541.471581  4587
  167 1090.366184  4200
  168 0.393497 32150
  169 1.069757 -2166
  170 0.736488 -2801
  171 0.302307 -3255
  172 16477.913597 24598
  173 15581.821837 14057
  174 0.122520 -2884
  175 8015.915126 15891
  176 0.326875 -2279
  177 960.882573 31434
  178 883.045047 20565
  179 1414.434966 11021
  180 3624.987734 19654
  181 0.507400 31837
  182 6326.249134 13672
  183 5116.671025 14952
  184 10118.630754 26785
  185 1107.687453  6455
  186 0.194014 -1650
  187 0.932438 -2588
  188 0.455700 -2827
  189 11638.231648 16729
  190 4381.166101 13760
  191 0.052155 -2091
  192 2453.633631 24846
  193 9744.117095 29565
  194 0.355610 -1681
  195 1844.591501 28229
  196 0.167104 -1684
  197 9425.901580 15816
  198 10191.742703 17659
  199 0.509401 -3088
  200 1919.284905  6147
  201 11895.352213 30936
  202 5206.905175 26161
  203 4403.856333  9518
  204 17556.197523 29234
  205 9859.783960 18278
  206 4424.833588 12201
  207 0.537287 -1702
  208 0.192328 -2474
  209 15414.992400 11251
  210 2865.618886 11128
  211 22598.639648 18494
  212 0.115619 -1593
  213 0.244393 -2437
  214 9181.634986 15528
  215 1.290373 -1846
  216 0.061896  1154
  217 7415.402798 15143
  218 29703.174414 -3103
  219 9791.829068 16679
  220 0.699812 -2764
  221 1.263085  1476
  222 13671.999651 19127
  223 1612.630044  5680
  224 0.487334  2168
  225 0.247352 -2741
  226 12538.061647 25072
  227 0.094620   460
  228 2017.801976  3095
  229 2965.707806  8458
  230 17426.917915 -3242
  231 494.016999 11398
  232 327.199324   881
  233 1854.910157  1061
  234 0.214387 -1929
  235 11564.712828 17055
  236 26496.860604 31779
  237 24365.166101 25768
  238 985.994171 14732
  239 8307.515418 -3256
  240 642.735431    35
  241 834.149545  9045
  242 9282.940874 28477
  243 8251.723622 25507
  244 2968.630103 27680
  245 2950.853919  6344
  246 13274.341716 21407
  247 0.401969 -1812
  248 0.033467 -2751
  249 9775.341596 21608
  250 3609.706625 19993
  251 1719.389221 -3226
  252 0.381179   131
  253 28153.882004 26725
  254 0.569107 -2571
  255 368.684355  4774
  256 0.930692 -2202
  257 0.011228 -2715
  258 4552.035660 11874
  259 0.670271 -2572
  260 0.459703 -2700
  261 11698.957944 15881
  262 1.274832 -2630
  263 5503.569525 14536
  264 332.260830  1231
  265 2571.596015 13187
  266 12152.709196  7031
  267 0.468405 -2424
  268 1211.007618 12441
  269 0.122924 -2748
  270 21971.539397 27996
  271 786.202106 20832
  272 0.190640 -2129
  273 3254.115938 13008
  274 212.676018  3973
  275 4920.327415  9596
  276 23267.558222 29864
  277 5496.244534  8226
  278 971.737323  8125
  279 323.926033  1936
  280 6.267131   519
  281 0.716636 -1896
  282 16863.677902 20779
  283 1057.711435  5897
  284 0.670128 30295
  285 21749.456967 29243
  286 12596.593854 -3236
  287 9156.284309 13467
  288 0.056050 -2093
  289 0.480141 -1755
  290 6055.427455 15224
  291 949.781065 16581
  292 7140.411235 16126
  293 0.255956 -2489
  294 4783.672229 12038
  295 6034.043193 14498
  296 0.192661  4174
  297 22232.989868 -3250
  298 0.171499 32570
  299 5182.713865 21172
  300 7869.371774 14979
