100
    1 200.746308     1
    2 7529.573001 22552
    3 11326.759107 27863
    4 0.346871 -1935
    5 0.909725 -2497
    6 2637.823223 11402
    7 2134.977826  7882
    8 954.903486  5438
    9 1.399578 -2390
   10 803.396473  6863
   11 0.453586 -2493
   12 150.040086   525
   13 1.307671 -1620
   14 1511.917894 20096
   15 0.300302 -3259
   16 5231.985066 24956
   17 0.453744 -2849
   18 24268.014024 -3232
   19 6757.545826 14573
   20 0.203550 -3083
   21 15580.215798 21823
   22 5647.106805 15275
   23 15150.276485 14868
   24 0.474276 -2447
   25 0.526826  2208
   26 0.808588 -2263
   27 3278.153457 20395
   28 16478.193352 -3111
   29 2799.900861  4613
   30 3650.799182 14985
   31 6139.271683 10343
   32 0.076618 -1984
   33 2938.135782  2104
   34 10257.195559 -2852
   35 14066.340527 17064
   36 2500.843643 21647
   37 0.281559 -2309
   38 429.895610  1257
   39 0.018938 -3064
   40 419.134900  2568
   41 62.161084 12082
   42 14275.235916 15949
   43 15606.402987 13544
   44 1801.115696 23714
   45 9551.280153 30240
   46 8868.199955 10842
   47 2524.219087 15863
   48 0.314190 -1788
   49 0.337458 -3003
   50 448.291533  1573
   51 258.045768   828
   52 2533.661586 12746
   53 0.094848   314
   54 908.952149 23962
   55 5599.811156 23513
   56 0.030289 32017
   57 6032.007236 27528
   58 0.583383 -2540
   59 27717.037184 28792
   60 12599.079224 31213
   61 3244.768508 19028
   62 8565.940584 31927
   63 0.088645 31951
   64 11943.390944 26634
   65 967.377221  8009
   66 7971.914664 18283
   67 6299.354037 14765
   68 18335.879546 27953
   69 2742.405045  4234
   70 3938.488825  6832
   71 488.853636  6524
   72 0.835158 -2711
   73 787.078072 23238
   74 7696.500879 23525
   75 0.340230 -2177
   76 6734.509813 10172
   77 3645.372079 21958
   78 0.293442 -2390
   79 0.346522 -2423
   80 0.461877 -2110
   81 1.027322  3195
   82 0.371602  3101
   83 6752.345249 -3116
   84 372.241555  7462
   85 51.878642  1250
   86 3492.984143 13695
   87 0.304702 -2810
   88 0.125118 -2668
   89 0.955365 -2119
   90 243.742482 11841
   91 602.184972  3905
   92 17946.695939 26181
   93 7400.499475  6201
   94 0.647293 -2630
   95 0.072160 -2801
   96 13554.792650 20258
   97 334.898079 11140
   98 0.429600 -2718
   99 2716.783903  7350
  100 0.506805 -3230
