300
    1 389.932530     1
    2 7497.258643 22552
    3 14531.218868 27863
    4 0.134465 -1935
    5 0.295368 -2497
    6 5658.663966 11402
    7 6098.988125  7882
    8 763.368695  5438
    9 0.147120 -2390
   10 1375.342810  6863
   11 0.221103 -2493
   12 218.248036   525
   13 0.187499 -1620
   14 4494.486748 20096
   15 0.409945 -3259
   16 11122.181702 24956
   17 0.713982 -2849
   18 19535.785489 -3232
   19 12812.993155 14573
   20 0.752046 -3083
   21 18008.859821 21823
   22 10027.244340 15275
   23 8480.073518 14868
   24 0.528272 -2447
   25 0.089594  2208
   26 0.162582 -2263
   27 10219.391069 20395
   28 3575.994448 -3111
   29 644.165359  4613
   30 1941.503655 14985
   31 2380.121967 10343
   32 0.505758 -1984
   33 4065.237272  2104
   34 4334.015934 -2852
   35 9458.549800 17064
   36 394.430236 21647
   37 0.934656 -2309
   38 1453.930608  1257
   39 0.289826 -3064
   40 811.362228  2568
   41 5763.782574 12082
   42 4929.755251 15949
   43 8175.801640 13544
   44 1489.243290 23714
   45 45.576841 30240
   46 6643.679301 10842
   47 11693.340036 15863
   48 0.028201 -1788
   49 0.499463 -3003
   50 118.215970  1573
   51 940.221495   828
   52 3147.886483 12746
   53 1.203191   314
   54 18487.814749 23962
   55 13601.942982 23513
   56 0.761491 32017
   57 20549.907705 27528
   58 0.562358 -2540
   59 2858.468678 28792
   60 9940.585375 31213
   61 5766.400258 19028
   62 7508.276838 31927
   63 1.193354 31951
   64 11352.780142 26634
   65 815.321231  8009
   66 14769.643589 18283
   67 6802.185265 14765
   68 3956.645010 27953
   69 1802.684991  4234
   70 196.463233  6832
   71 1886.927259  6524
   72 0.387927 -2711
   73 5656.813168 23238
   74 10835.754368 23525
   75 0.488072 -2177
   76 10025.644728 10172
   77 5241.444754 21958
   78 0.590854 -2390
   79 1.247509 -2423
   80 0.608439 -2110
   81 0.039342  3195
   82 0.883353  3101
   83 14258.244310 -3116
   84 66.503216  7462
   85 3834.515098  1250
   86 2914.350702 13695
   87 0.419557 -2810
   88 0.098607 -2668
   89 0.651046 -2119
   90 10487.571709 11841
   91 442.468060  3905
   92 17637.359140 26181
   93 102.226861  6201
   94 0.049233 -2630
   95 0.350637 -2801
   96 3100.248994 20258
   97 2502.453229 11140
   98 0.280091 -2718
   99 5699.868046  7350
  100 0.372508 -3230
  101 1423.554353  6709
  102 0.465521 -2544
  103 14061.594648 20824
  104 1010.653213 10814
  105 0.514440 -2651
  106 1209.979344  1080
  107 19160.031479 23377
  108 0.195814 -3192
  109 660.144701  1281
  110 0.554762 -2629
  111 3363.658234 12350
  112 0.249593 -1920
  113 2222.280325 21527
  114 8711.678210 28488
  115 5089.740958 12613
  116 10204.828842 25599
  117 182.776259  2552
  118 137.977645  4764
  119 7583.486601 11817
  120 3515.242957  8720
  121 0.789637   876
  122 11743.462689 21854
  123 0.480297 -1881
  124 5144.052598   546
  125 0.240691 -1913
  126 4777.721602 32558
  127 49227.085036 29437
  128 10748.681652 32051
  129 8440.250053 22728
  130 1325.123238 12216
  131 12870.609245 19666
  132 0.100277    74
  133 0.045377 -1966
  134 3839.903519 16240
  135 1100.305617 23404
  136 6025.478130  3066
  137 2035.211571  3236
  138 0.451829 -3156
  139 611.749083 26575
  140 19539.803229 30702
  141 6468.560365 23859
  142 0.071307 -2212
  143 6438.169543 15705
  144 7626.031236 14460
  145 3751.415301 16428
  146 3571.586665 26421
  147 932.581996 10799
  148 0.009592 -2970
  149 5194.135311 30348
  150 12049.550651 14927
  151 0.112736 -2981
  152 6820.158121  4176
  153 3505.563084  3369
  154 0.586395 -3090
  155 0.461669 -2741
  156 6900.013578 26851
  157 1085.812931 29251
  158 754.951094  5560
  159 0.281676 -1996
  160 4252.116562 13900
  161 4420.747626 29542
  162 13039.664926 23379
  163 3487.027459 18562
  164 0.333741 -2198
  165 0.241356 -2146
  166 1799.753827  4587
  167 7656.284747  4200
  168 0.025944 32150
  169 0.391975 -2166
  170 0.451854 -2801
  171 0.606709 -3255
  172 1247.490442 24598
  173 12673.518560 14057
  174 0.404622 -2884
  175 9645.269784 15891
  176 0.189002 -2279
  177 2745.520446 31434
  178 8600.252613 20565
  179 2798.958457 11021
  180 6613.173476 19654
  181 0.112980 31837
  182 10469.945017 13672
  183 2879.329342 14952
  184 618.601756 26785
  185 594.822794  6455
  186 0.099448 -1650
  187 0.020190 -2588
  188 0.606682 -2827
  189 8079.430262 16729
  190 44.412492 13760
  191 0.003648 -2091
  192 17992.113467 24846
  193 9411.585142 29565
  194 0.794825 -1681
  195 672.993888 28229
  196 1.176559 -1684
  197 2425.209625 15816
  198 781.188965 17659
  199 0.973870 -3088
  200 11253.225443  6147
  201 8447.151350 30936
  202 23117.530916 26161
  203 5577.461998  9518
  204 12786.253560 29234
  205 13753.303688 18278
  206 1417.778893 12201
  207 0.184312 -1702
  208 0.278726 -2474
  209 2391.837318 11251
  210 3162.181954 11128
  211 3751.670774 18494
  212 0.686627 -1593
  213 0.605751 -2437
  214 6572.574519 15528
  215 0.773047 -1846
  216 0.293829  1154
  217 3387.129267 15143
  218 14373.139369 -3103
  219 6453.906857 16679
  220 0.339709 -2764
  221 0.059739  1476
  222 4084.515190 19127
  223 3831.797406  5680
  224 0.498219  2168
  225 0.243532 -2741
  226 11318.631498 25072
  227 0.134240   460
  228 1651.446911  3095
  229 3562.456370  8458
  230 15017.257751 -3242
  231 8767.928256 11398
  232 540.745275   881
  233 1032.078655  1061
  234 0.030598 -1929
  235 15773.724306 17055
  236 2359.410935 31779
  237 13763.412222 25768
  238 8252.597843 14732
  239 3956.193277 -3256
  240 732.869035    35
  241 3289.900412  9045
  242 10800.988654 28477
  243 7592.977754 25507
  244 8859.599370 27680
  245 934.153747  6344
  246 12322.382580 21407
  247 0.389915 -1812
  248 0.057394 -2751
  249 17203.216056 21608
  250 7205.879725 19993
  251 6769.025483 -3226
  252 0.731609   131
  253 13543.542444 26725
  254 0.538186 -2571
  255 887.534871  4774
  256 0.236607 -2202
  257 0.179662 -2715
  258 2657.944189 11874
  259 0.542445 -2572
  260 0.420190 -2700
  261 981.412337 15881
  262 0.157464 -2630
  263 5432.676065 14536
  264 809.312654  1231
  265 1116.235146 13187
  266 2865.593275  7031
  267 0.086993 -2424
  268 1684.066050 12441
  269 0.468673 -2748
  270 7058.856300 27996
  271 14910.843098 20832
  272 0.056540 -2129
  273 3395.561305 13008
  274 654.488520  3973
  275 5293.752090  9596
  276 12914.021567 29864
  277 6646.678652  8226
  278 2064.451862  8125
  279 470.204774  1936
  280 10.914888   519
  281 0.700449 -1896
  282 3721.721668 20779
  283 894.495543  5897
  284 0.294435 30295
  285 5525.984169 29243
  286 9746.082723 -3236
  287 3235.468320 13467
  288 0.595060 -2093
  289 0.323628 -1755
  290 4809.730016 15224
  291 18690.824817 16581
  292 5974.344670 16126
  293 0.742389 -2489
  294 3734.793636 12038
  295 2028.773970 14498
  296 0.215493  4174
  297 7463.908813 -3250
  298 0.101784 32570
  299 7793.794808 21172
  300 9264.892343 14979
