300
    1 151.893765     1
    2 1768.683028 22552
    3 10515.949714 27863
    4 0.380621 -1935
    5 0.097695 -2497
    6 3188.181495 11402
    7 3938.038029  7882
    8 2083.481672  5438
    9 0.259980 -2390
   10 901.708445  6863
   11 0.582266 -2493
   12 26.999736   525
   13 0.485038 -1620
   14 5384.697070 20096
   15 0.489672 -3259
   16 4371.025077 24956
   17 0.084505 -2849
   18 3686.016190 -3232
   19 4705.204518 14573
   20 0.608256 -3083
   21 3849.874353 21823
   22 6819.944054 15275
   23 8662.340731 14868
   24 0.550010 -2447
   25 0.698361  2208
   26 0.318968 -2263
   27 3043.208640 20395
   28 10899.784158 -3111
   29 2029.179847  4613
   30 8083.290847 14985
   31 12411.891371 10343
   32 0.072052 -1984
   33 1620.966981  2104
   34 11942.070457 -2852
   35 2496.822356 17064
   36 8758.158334 21647
   37 0.755511 -2309
   38 306.569993  1257
   39 0.488233 -3064
   40 2324.243506  2568
   41 1608.710765 12082
   42 8247.745526 15949
   43 9193.541362 13544
   44 4647.405873 23714
   45 26647.346627 30240
   46 7352.238464 10842
   47 7814.284803 15863
   48 0.324904 -1788
   49 0.726198 -3003
   50 329.079303  1573
   51 1732.864850   828
   52 4069.199228 12746
   53 0.910084   314
   54 8966.321509 23962
   55 8053.531426 23513
   56 0.237802 32017
   57 2468.372909 27528
   58 0.367413 -2540
   59 432.279755 28792
   60 18505.156659 31213
   61 5461.812365 19028
   62 25213.426777 31927
   63 0.167803 31951
   64 3753.675756 26634
   65 827.791391  8009
   66 14930.050395 18283
   67 1102.342314 14765
   68 201.943435 27953
   69 2442.852313  4234
   70 4530.681577  6832
   71 195.879123  6524
   72 0.622823 -2711
   73 18076.829200 23238
   74 16629.344184 23525
   75 0.861439 -2177
   76 5635.366987 10172
   77 8676.256287 21958
   78 0.031964 -2390
   79 0.051856 -2423
   80 0.533415 -2110
   81 0.612198  3195
   82 0.821349  3101
   83 19665.282431 -3116
   84 806.061340  7462
   85 1268.864535  1250
   86 1618.113432 13695
   87 0.210272 -2810
   88 0.630151 -2668
   89 0.454862 -2119
   90 3696.899771 11841
   91 196.074011  3905
   92 3443.794886 26181
   93 3429.455104  6201
   94 0.289286 -2630
   95 0.342715 -2801
   96 5889.436883 20258
   97 1800.337765 11140
   98 0.800384 -2718
   99 3549.267212  7350
  100 0.650410 -3230
  101 645.053744  6709
  102 0.262265 -2544
  103 8387.329888 20824
  104 1216.678671 10814
  105 0.287877 -2651
  106 663.665408  1080
  107 11424.076716 23377
  108 0.052639 -3192
  109 765.219184  1281
  110 0.484338 -2629
  111 1364.890305 12350
  112 0.326120 -1920
  113 2346.876826 21527
  114 4039.826232 28488
  115 2296.930574 12613
  116 17999.678193 25599
  117 83.164977  2552
  118 266.743016  4764
  119 835.069843 11817
  120 413.778951  8720
  121 0.196444   876
  122 465.189016 21854
  123 0.698905 -1881
  124 4086.945111   546
  125 0.092238 -1913
  126 15252.290709 32558
  127 13194.359879 29437
  128 133.419603 32051
  129 14735.027112 22728
  130 5337.760958 12216
  131 1778.767665 19666
  132 0.478967    74
  133 0.002998 -1966
  134 20016.945777 16240
  135 5896.561625 23404
  136 7411.065677  3066
  137 327.346401  3236
  138 0.005644 -3156
  139 8955.930373 26575
  140 29877.938474 30702
  141 449.416572 23859
  142 0.446865 -2212
  143 4290.136529 15705
  144 508.573752 14460
  145 10647.450355 16428
  146 19024.239260 26421
  147 2677.354863 10799
  148 0.026307 -2970
  149 17040.644611 30348
  150 1700.149242 14927
  151 0.044590 -2981
  152 3850.442482  4176
  153 1957.930082  3369
  154 0.048911 -3090
  155 0.068999 -2741
  156 23656.862117 26851
  157 36920.048242 29251
  158 2520.872749  5560
  159 0.278563 -1996
  160 5370.041293 13900
  161 2715.592578 29542
  162 13619.600486 23379
  163 18159.037119 18562
  164 0.624577 -2198
  165 0.031822 -2146
  166 107.980062  4587
  167 8228.005049  4200
  168 0.150887 32150
  169 0.331498 -2166
  170 0.663068 -2801
  171 0.345957 -3255
  172 9361.819514 24598
  173 12291.039477 14057
  174 0.385377 -2884
  175 5499.749363 15891
  176 0.232779 -2279
  177 28305.723755 31434
  178 6717.387433 20565
  179 4114.525921 11021
  180 10995.600245 19654
  181 0.011019 31837
  182 10595.686382 13672
  183 646.529217 14952
  184 8124.834395 26785
  185 799.137509  6455
  186 0.505875 -1650
  187 0.107047 -2588
  188 0.590875 -2827
  189 395.188698 16729
  190 4167.808670 13760
  191 0.315419 -2091
  192 387.649189 24846
  193 39800.368114 29565
  194 1.004772 -1681
  195 5280.180223 28229
  196 0.057348 -1684
  197 3700.705013 15816
  198 666.797309 17659
  199 0.218535 -3088
  200 4457.301954  6147
  201 3774.727623 30936
  202 18702.343232 26161
  203 2558.373405  9518
  204 45206.464061 29234
  205 3125.993107 18278
  206 969.181329 12201
  207 0.058089 -1702
  208 0.977659 -2474
  209 470.589959 11251
  210 2254.382645 11128
  211 8796.856339 18494
  212 0.700047 -1593
  213 0.739674 -2437
  214 717.224546 15528
  215 0.561733 -1846
  216 0.682762  1154
  217 12834.414573 15143
  218 9625.782144 -3103
  219 5052.933133 16679
  220 0.405316 -2764
  221 0.311244  1476
  222 9420.311648 19127
  223 4880.889045  5680
  224 0.106511  2168
  225 0.318059 -2741
  226 10607.982841 25072
  227 0.664107   460
  228 3608.427496  3095
  229 887.525023  8458
  230 5835.082947 -3242
  231 4571.136029 11398
  232 984.583675   881
  233 2759.935646  1061
  234 0.060918 -1929
  235 3875.006352 17055
  236 12476.157137 31779
  237 4406.201467 25768
  238 4205.247331 14732
  239 28161.172092 -3256
  240 105.415976    35
  241 2511.292601  9045
  242 5135.846483 28477
  243 16559.682022 25507
  244 4931.097071 27680
  245 3295.115815  6344
  246 2001.384170 21407
  247 0.281811 -1812
  248 0.310050 -2751
  249 17698.253819 21608
  250 1867.734277 19993
  251 14318.172841 -3226
  252 0.362608   131
  253 20864.491941 26725
  254 0.131311 -2571
  255 867.485646  4774
  256 0.244314 -2202
  257 0.334034 -2715
  258 3406.222732 11874
  259 0.433658 -2572
  260 0.108745 -2700
  261 12949.601506 15881
  262 1.242301 -2630
  263 17105.055062 14536
  264 44.700610  1231
  265 4400.972611 13187
  266 5009.481866  7031
  267 0.092400 -2424
  268 7789.367527 12441
  269 0.057928 -2748
  270 5744.734517 27996
  271 5045.044952 20832
  272 0.220929 -2129
  273 2433.566201 13008
  274 1341.528837  3973
  275 1345.618821  9596
  276 9150.773336 29864
  277 14417.212959  8226
  278 7279.670424  8125
  279 511.206783  1936
  280 25.828250   519
  281 0.878735 -1896
  282 7428.123471 20779
  283 1551.283385  5897
  284 0.628271 30295
  285 16550.985329 29243
  286 17825.139279 -3236
  287 5511.777128 13467
  288 0.010270 -2093
  289 0.461877 -1755
  290 3962.083408 15224
  291 9406.873184 16581
  292 11633.482084 16126
  293 0.816462 -2489
  294 5603.795852 12038
  295 5817.582415 14498
  296 0.458183  4174
  297 26804.055126 -3250
  298 0.479886 32570
  299 6204.780491 21172
  300 7373.336464 14979
