300
    1 695.979534     1
    2 10440.380621 22552
    3 3381.064772 27863
    4 0.076702 -1935
    5 0.171675 -2497
    6 952.155121 11402
    7 562.317936  7882
    8 1502.965796  5438
    9 0.123289 -2390
   10 2294.434616  6863
   11 0.028237 -2493
   12 290.108207   525
   13 0.281842 -1620
   14 1120.732869 20096
   15 0.182822 -3259
   16 10799.739057 24956
   17 1.355964 -2849
   18 7904.675848 -3232
   19 3710.732711 14573
   20 0.209616 -3083
   21 2006.192784 21823
   22 8513.302656 15275
   23 12918.541618 14868
   24 0.649502 -2447
   25 0.180721  2208
   26 0.304441 -2263
   27 405.306114 20395
   28 2110.716861 -3111
   29 1679.236439  4613
   30 8553.100342 14985
   31 6329.258427 10343
   32 0.144503 -1984
   33 1824.267412  2104
   34 288.911826 -2852
   35 12221.575678 17064
   36 19928.803773 21647
   37 0.321147 -2309
   38 985.540970  1257
   39 0.417333 -3064
   40 563.709690  2568
   41 2768.620829 12082
   42 73.734728 15949
   43 3969.324015 13544
   44 762.626026 23714
   45 9900.740911 30240
   46 5184.974052 10842
   47 823.375280 15863
   48 0.140598 -1788
   49 0.181285 -3003
   50 299.406534  1573
   51 1758.598377   828
   52 1984.507134 12746
   53 0.729850   314
   54 581.425332 23962
   55 7673.910049 23513
   56 0.193592 32017
   57 20629.702979 27528
   58 0.208604 -2540
   59 14066.862897 28792
   60 4631.755348 31213
   61 6203.124376 19028
   62 29858.029584 31927
   63 0.496471 31951
   64 1239.040659 26634
   65 1567.094124  8009
   66 5020.781792 18283
   67 8664.565793 14765
   68 2902.554800 27953
   69 4027.502856  4234
   70 724.224873  6832
   71 2282.660279  6524
   72 0.138811 -2711
   73 3896.218542 23238
   74 454.813377 23525
   75 0.226311 -2177
   76 1217.024229 10172
   77 17975.013126 21958
   78 0.803936 -2390
   79 0.732964 -2423
   80 0.920595 -2110
   81 1.075982  3195
   82 0.373676  3101
   83 11892.417626 -3116
   84 271.139029  7462
   85 788.491762  1250
   86 1407.488249 13695
   87 0.411462 -2810
   88 0.032394 -2668
   89 0.305620 -2119
   90 4617.527409 11841
   91 1491.734848  3905
   92 4053.277708 26181
   93 758.520610  6201
   94 0.349402 -2630
   95 0.606386 -2801
   96 7890.480734 20258
   97 8177.284630 11140
   98 0.329765 -2718
   99 3615.726253  7350
  100 0.408333 -3230
  101 3268.289089  6709
  102 0.065125 -2544
  103 12813.763076 20824
  104 2417.104538 10814
  105 0.204095 -2651
  106 1004.031851  1080
  107 7699.959807 23377
  108 0.631552 -3192
  109 999.164928  1281
  110 0.604821 -2629
  111 6790.061052 12350
  112 0.009441 -1920
  113 10586.173221 21527
  114 5541.176649 28488
  115 7149.362760 12613
  116 28089.182214 25599
  117 2028.342969  2552
  118 42.786753  4764
  119 2543.079349 11817
  120 6085.333565  8720
  121 0.077009   876
  122 6837.233092 21854
  123 0.856169 -1881
  124 1493.719156   546
  125 0.102236 -1913
  126 2701.469699 32558
  127 20912.039462 29437
  128 19229.855083 32051
  129 9410.604928 22728
  130 7185.890142 12216
  131 6057.599789 19666
  132 0.039720    74
  133 0.115856 -1966
  134 7411.868855 16240
  135 2735.273565 23404
  136 337.768591  3066
  137 2748.729996  3236
  138 0.115757 -3156
  139 7788.781220 26575
  140 5469.766974 30702
  141 13694.974813 23859
  142 0.874849 -2212
  143 338.562378 15705
  144 6841.397568 14460
  145 4948.334065 16428
  146 2543.953621 26421
  147 2205.604121 10799
  148 0.297283 -2970
  149 6098.253077 30348
  150 14534.451714 14927
  151 0.036051 -2981
  152 8322.231582  4176
  153 5464.494926  3369
  154 0.150640 -3090
  155 0.035125 -2741
  156 19430.307286 26851
  157 1135.598564 29251
  158 949.858334  5560
  159 0.444227 -1996
  160 1397.170360 13900
  161 61.395340 29542
  162 6698.350001 23379
  163 609.134752 18562
  164 0.414333 -2198
  165 0.215989 -2146
  166 869.846735  4587
  167 5004.101272  4200
  168 0.115313 32150
  169 0.306718 -2166
  170 0.166887 -2801
  171 0.058569 -3255
  172 3974.601016 24598
  173 5448.141091 14057
  174 0.396456 -2884
  175 4672.818152 15891
  176 0.420708 -2279
  177 1027.451941 31434
  178 907.481201 20565
  179 1308.927574 11021
  180 2787.480654 19654
  181 0.336933 31837
  182 15511.983775 13672
  183 1213.289001 14952
  184 28666.184911 26785
  185 36.540045  6455
  186 0.351655 -1650
  187 0.145154 -2588
  188 0.377334 -2827
  189 2569.900555 16729
  190 5474.623041 13760
  191 0.523082 -2091
  192 2590.189951 24846
  193 6009.778591 29565
  194 0.234030 -1681
  195 12864.609560 28229
  196 0.138305 -1684
  197 687.988878 15816
  198 1035.453880 17659
  199 0.212283 -3088
  200 1181.289978  6147
  201 18886.538208 30936
  202 3910.031338 26161
  203 971.651153  9518
  204 3942.457092 29234
  205 2822.949955 18278
  206 2593.713980 12201
  207 0.173574 -1702
  208 0.467564 -2474
  209 4888.302787 11251
  210 2111.107053 11128
  211 9573.955314 18494
  212 0.051829 -1593
  213 0.159377 -2437
  214 4562.597542 15528
  215 0.147472 -1846
  216 0.561016  1154
  217 8181.895302 15143
  218 10337.260310 -3103
  219 3835.345031 16679
  220 0.102926 -2764
  221 0.312876  1476
  222 10211.217294 19127
  223 7509.995355  5680
  224 0.284512  2168
  225 0.085702 -2741
  226 5181.396163 25072
  227 0.712684   460
  228 1418.542921  3095
  229 7635.321434  8458
  230 33160.519248 -3242
  231 1132.666719 11398
  232 74.057733   881
  233 1648.351617  1061
  234 0.061889 -1929
  235 3149.356893 17055
  236 11268.153917 31779
  237 3922.966263 25768
  238 7627.528265 14732
  239 30694.691137 -3256
  240 23.192071    35
  241 1682.971285  9045
  242 19148.216769 28477
  243 3793.513272 25507
  244 9579.767606 27680
  245 4593.229481  6344
  246 2503.745166 21407
  247 0.259384 -1812
  248 0.212224 -2751
  249 12500.970815 21608
  250 12849.372616 19993
  251 16385.400940 -3226
  252 0.678286   131
  253 18472.545524 26725
  254 0.493629 -2571
  255 669.090019  4774
  256 0.097372 -2202
  257 0.133116 -2715
  258 8940.379695 11874
  259 1.082469 -2572
  260 0.365974 -2700
  261 4431.630342 15881
  262 0.287655 -2630
  263 3020.319703 14536
  264 52.235546  1231
  265 3104.946666 13187
  266 611.406253  7031
  267 0.064350 -2424
  268 8011.338276 12441
  269 1.463598 -2748
  270 19862.289221 27996
  271 1706.427342 20832
  272 0.746740 -2129
  273 6292.241382 13008
  274 170.309862  3973
  275 1948.656883  9596
  276 2035.484327 29864
  277 2292.822862  8226
  278 6688.887948  8125
  279 415.637967  1936
  280 3.405252   519
  281 0.332019 -1896
  282 11348.556465 20779
  283 327.644388  5897
  284 0.360514 30295
  285 14271.488528 29243
  286 5517.852029 -3236
  287 2974.776309 13467
  288 0.096613 -2093
  289 0.585368 -1755
  290 512.152124 15224
  291 7947.368367 16581
  292 8964.135462 16126
  293 0.892032 -2489
  294 7108.749484 12038
  295 2115.999516 14498
  296 0.284431  4174
  297 8131.279734 -3250
  298 0.526952 32570
  299 3887.130550 21172
  300 3974.558550 14979
