300
    1 554.160683     1
    2 3778.578560 22552
    3 11590.474092 27863
    4 0.042489 -1935
    5 0.521061 -2497
    6 8121.872810 11402
    7 1362.368514  7882
    8 627.757965  5438
    9 0.050722 -2390
   10 1394.659874  6863
   11 0.180310 -2493
   12 530.907131   525
   13 0.108517 -1620
   14 773.232479 20096
   15 0.150283 -3259
   16 371.751731 24956
   17 0.374031 -2849
   18 2610.503104 -3232
   19 4574.656586 14573
   20 0.643540 -3083
   21 9080.627267 21823
   22 83.148168 15275
   23 13577.581204 14868
   24 0.147486 -2447
   25 0.330133  2208
   26 0.470808 -2263
   27 4713.486846 20395
   28 22836.091971 -3111
   29 1234.783233  4613
   30 2102.485840 14985
   31 1187.218204 10343
   32 0.813050 -1984
   33 2428.604941  2104
   34 4347.227738 -2852
   35 1701.969166 17064
   36 1729.326247 21647
   37 0.359878 -2309
   38 1010.733708  1257
   39 0.972367 -3064
   40 1950.198313  2568
   41 3784.863231 12082
   42 136.324403 15949
   43 219.889758 13544
   44 6803.189716 23714
   45 16413.380263 30240
   46 813.088868 10842
   47 4997.796558 15863
   48 0.296617 -1788
   49 0.571482 -3003
   50 309.688958  1573
   51 2492.193347   828
   52 1835.969486 12746
   53 0.378611   314
   54 9946.809169 23962
   55 14996.664116 23513
   56 0.191376 32017
   57 18221.795219 27528
   58 0.075936 -2540
   59 10248.768723 28792
   60 9000.351497 31213
   61 1730.376169 19028
   62 1119.098771 31927
   63 0.485984 31951
   64 19403.815815 26634
   65 2508.154113  8009
   66 4939.474059 18283
   67 1889.803852 14765
   68 5241.100311 27953
   69 282.538396  4234
   70 653.790205  6832
   71 3827.754097  6524
   72 0.360501 -2711
   73 4479.534212 23238
   74 5254.305980 23525
   75 0.206567 -2177
   76 7132.712793 10172
   77 9006.927160 21958
   78 0.901713 -2390
   79 0.012812 -2423
   80 0.797121 -2110
   81 0.043589  3195
   82 0.240856  3101
   83 4342.051752 -3116
   84 1442.298046  7462
   85 408.462685  1250
   86 5629.761414 13695
   87 1.215232 -2810
   88 0.057121 -2668
   89 0.112151 -2119
   90 6389.916112 11841
   91 254.006720  3905
   92 12464.928174 26181
   93 3481.497954  6201
   94 0.070497 -2630
   95 0.307104 -2801
   96 7281.550602 20258
   97 8554.617642 11140
   98 0.279318 -2718
   99 6830.310087  7350
  100 0.223591 -3230
  101 1875.073351  6709
  102 0.509698 -2544
  103 14182.162326 20824
  104 4466.844276 10814
  105 1.184357 -2651
  106 1524.649060  1080
  107 58.106800 23377
  108 0.986446 -3192
  109 609.169810  1281
  110 0.073195 -2629
  111 18378.066511 12350
  112 0.039135 -1920
  113 3352.747782 21527
  114 20921.468958 28488
  115 1520.943318 12613
  116 13064.901733 25599
  117 3374.758991  2552
  118 152.253738  4764
  119 3126.306200 11817
  120 2709.409432  8720
  121 0.531421   876
  122 6065.365321 21854
  123 0.248460 -1881
  124 1197.481714   546
  125 0.433600 -1913
  126 2132.761040 32558
  127 18712.347623 29437
  128 7020.270324 32051
  129 2107.531570 22728
  130 2647.524507 12216
  131 4085.559475 19666
  132 0.714973    74
  133 0.523554 -1966
  134 6225.196059 16240
  135 1879.496789 23404
  136 6174.983975  3066
  137 101.570340  3236
  138 0.435699 -3156
  139 14642.073635 26575
  140 2352.740351 30702
  141 9822.682604 23859
  142 0.592591 -2212
  143 9421.337363 15705
  144 13965.545839 14460
  145 15246.131607 16428
  146 15706.885155 26421
  147 3907.149502 10799
  148 0.375998 -2970
  149 24263.143092 30348
  150 6962.044307 14927
  151 0.094068 -2981
  152 1902.802424  4176
  153 2358.371414  3369
  154 1.092003 -3090
  155 0.750732 -2741
  156 7148.152071 26851
  157 665.642349 29251
  158 706.976719  5560
  159 0.224654 -1996
  160 2370.838687 13900
  161 9023.070391 29542
  162 1492.605688 23379
  163 1903.760534 18562
  164 0.293542 -2198
  165 0.485144 -2146
  166 3146.316334  4587
  167 1460.802941  4200
  168 0.266990 32150
  169 0.801921 -2166
  170 0.461510 -2801
  171 0.396619 -3255
  172 11448.078417 24598
  173 2863.782881 14057
  174 0.906300 -2884
  175 12061.113772 15891
  176 0.426801 -2279
  177 15566.486664 31434
  178 5719.776869 20565
  179 7871.073144 11021
  180 5714.501717 19654
  181 0.408450 31837
  182 20658.077215 13672
  183 9804.536747 14952
  184 5159.114293 26785
  185 339.866023  6455
  186 0.141796 -1650
  187 0.445385 -2588
  188 0.272220 -2827
  189 7806.519871 16729
  190 4261.454798 13760
  191 0.099086 -2091
  192 21591.483588 24846
  193 444.926310 29565
  194 0.148501 -1681
  195 17828.788436 28229
  196 0.755894 -1684
  197 9962.860595 15816
  198 7477.162096 17659
  199 0.062183 -3088
  200 5024.120530  6147
  201 23960.853549 30936
  202 3081.651729 26161
  203 3310.302331  9518
  204 5426.384290 29234
  205 5065.853558 18278
  206 2659.690297 12201
  207 0.442204 -1702
  208 0.154897 -2474
  209 1692.593005 11251
  210 5561.839972 11128
  211 3700.451061 18494
  212 1.447955 -1593
  213 0.133864 -2437
  214 7669.335005 15528
  215 0.013041 -1846
  216 1.049777  1154
  217 21365.153067 15143
  218 11433.398370 -3103
  219 9806.587206 16679
  220 0.172744 -2764
  221 0.478325  1476
  222 23253.497378 19127
  223 920.792532  5680
  224 0.350774  2168
  225 0.093022 -2741
  226 10180.883562 25072
  227 0.640950   460
  228 880.845356  3095
  229 2911.371401  8458
  230 12796.852765 -3242
  231 2096.977060 11398
  232 652.070669   881
  233 118.295880  1061
  234 0.147155 -1929
  235 7226.467023 17055
  236 16460.784286 31779
  237 2426.384232 25768
  238 4792.615118 14732
  239 9658.792935 -3256
  240 43.675196    35
  241 158.202639  9045
  242 24123.223269 28477
  243 8084.229398 25507
  244 2434.419650 27680
  245 1340.645596  6344
  246 1919.379107 21407
  247 0.171218 -1812
  248 0.751521 -2751
  249 2436.934984 21608
  250 5743.820261 19993
  251 19325.983190 -3226
  252 0.156059   131
  253 11087.625851 26725
  254 0.432438 -2571
  255 724.992348  4774
  256 0.183346 -2202
  257 0.692677 -2715
  258 4429.203427 11874
  259 0.366262 -2572
  260 0.546444 -2700
  261 9036.670745 15881
  262 0.153988 -2630
  263 11129.878016 14536
  264 1207.596366  1231
  265 5628.816282 13187
  266 8901.325915  7031
  267 0.347609 -2424
  268 312.432943 12441
  269 0.363341 -2748
  270 14727.448920 27996
  271 5420.763224 20832
  272 0.148415 -2129
  273 16970.712286 13008
  274 4626.600256  3973
  275 330.223636  9596
  276 25334.100045 29864
  277 5040.627747  8226
  278 2592.579554  8125
  279 149.028894  1936
  280 21.802495   519
  281 0.712374 -1896
  282 6396.522621 20779
  283 696.731990  5897
  284 0.615763 30295
  285 25428.126811 29243
  286 904.507638 -3236
  287 511.182031 13467
  288 0.405612 -2093
  289 0.332260 -1755
  290 2015.912696 15224
  291 3503.625838 16581
  292 11292.261583 16126
  293 0.035327 -2489
  294 7689.844200 12038
  295 1174.721583 14498
  296 0.081708  4174
  297 26060.366880 -3250
  298 0.442485 32570
  299 13573.260268 21172
  300 4300.686472 14979
