300
    1 127.255787     1
    2 7497.628968 22552
    3 2151.588978 27863
    4 0.620233 -1935
    5 0.221545 -2497
    6 9197.322526 11402
    7 4246.039464  7882
    8 287.885578  5438
    9 0.694539 -2390
   10 1031.926915  6863
   11 0.469507 -2493
   12 308.960397   525
   13 0.196045 -1620
   14 17162.866813 20096
   15 0.252285 -3259
   16 9571.291217 24956
   17 0.104886 -2849
   18 4709.079072 -3232
   19 7288.648293 14573
   20 0.689657 -3083
   21 8587.804702 21823
   22 3172.997927 15275
   23 13239.379433 14868
   24 0.122998 -2447
   25 0.133852  2208
   26 0.379573 -2263
   27 4209.729818 20395
   28 11287.265147 -3111
   29 2622.229163  4613
   30 331.443526 14985
   31 608.902360 10343
   32 0.734758 -1984
   33 616.757880  2104
   34 30794.824835 -2852
   35 21225.479213 17064
   36 11962.250495 21647
   37 0.444733 -2309
   38 1232.598268  1257
   39 0.011520 -3064
   40 355.109714  2568
   41 5023.770814 12082
   42 19864.546028 15949
   43 1090.976761 13544
   44 18243.091081 23714
   45 20218.920196 30240
   46 12253.725078 10842
   47 5428.718066 15863
   48 0.138407 -1788
   49 0.088583 -3003
   50 54.955786  1573
   51 2146.672447   828
   52 1198.298605 12746
   53 0.116520   314
   54 4935.701721 23962
   55 6765.697197 23513
   56 0.542097 32017
   57 1102.974741 27528
   58 0.372556 -2540
   59 11797.724547 28792
   60 6075.614362 31213
   61 2986.539308 19028
   62 10267.583868 31927
   63 0.520584 31951
   64 3532.361929 26634
   65 2028.065335  8009
   66 11604.537304 18283
   67 1894.106420 14765
   68 4959.479774 27953
   69 6099.867777  4234
   70 1768.983764  6832
   71 2163.657125  6524
   72 0.156753 -2711
   73 13626.231848 23238
   74 11505.902659 23525
   75 0.458509 -2177
   76 1286.453985 10172
   77 3212.610049 21958
   78 0.825544 -2390
   79 1.179397 -2423
   80 0.041010 -2110
   81 0.449250  3195
   82 0.536592  3101
   83 24167.746314 -3116
   84 2869.522099  7462
   85 5293.650302  1250
   86 6716.121484 13695
   87 0.243916 -2810
   88 0.192020 -2668
   89 0.940981 -2119
   90 397.762758 11841
   91 308.107363  3905
   92 4020.645357 26181
   93 2304.340044  6201
   94 0.874093 -2630
   95 0.699880 -2801
   96 18619.089521 20258
   97 3241.004157 11140
   98 0.677008 -2718
   99 2006.845201  7350
  100 1.117652 -3230
  101 83.173129  6709
  102 0.213671 -2544
  103 1876.545667 20824
  104 5337.212277 10814
  105 0.034761 -2651
  106 1017.209938  1080
  107 4139.587574 23377
  108 0.062432 -3192
  109 49.058401  1281
  110 0.618281 -2629
  111 18247.786926 12350
  112 0.566670 -1920
  113 16788.140491 21527
  114 21104.701937 28488
  115 5613.152299 12613
  116 27711.601498 25599
  117 67.184780  2552
  118 210.781064  4764
  119 2080.699952 11817
  120 1818.231517  8720
  121 0.152319   876
  122 9783.004091 21854
  123 0.018205 -1881
  124 270.747818   546
  125 0.293046 -1913
  126 10260.139809 32558
  127 28058.044831 29437
  128 8573.852414 32051
  129 2427.785236 22728
  130 1811.063202 12216
  131 7301.930987 19666
  132 0.269737    74
  133 0.400114 -1966
  134 8930.462097 16240
  135 1773.571846 23404
  136 721.405248  3066
  137 416.167116  3236
  138 0.285990 -3156
  139 7995.534901 26575
  140 5813.039841 30702
  141 7835.767513 23859
  142 0.176986 -2212
  143 7884.225209 15705
  144 2816.474958 14460
  145 9895.034158 16428
  146 2704.482576 26421
  147 1674.916806 10799
  148 0.723222 -2970
  149 30863.955281 30348
  150 6360.673191 14927
  151 0.089637 -2981
  152 3056.600019  4176
  153 113.846685  3369
  154 0.805337 -3090
  155 1.371958 -2741
  156 3374.962650 26851
  157 553.448293 29251
  158 2457.854399  5560
  159 0.389330 -1996
  160 1744.691397 13900
  161 20715.044800 29542
  162 33623.920733 23379
  163 4904.435964 18562
  164 0.932971 -2198
  165 0.026383 -2146
  166 2047.854228  4587
  167 5870.234436  4200
  168 0.961557 32150
  169 0.079144 -2166
  170 0.638120 -2801
  171 1.326125 -3255
  172 27575.410647 24598
  173 3397.775388 14057
  174 0.877925 -2884
  175 2431.578006 15891
  176 0.346942 -2279
  177 18101.981793 31434
  178 19375.530849 20565
  179 4638.723185 11021
  180 4939.603230 19654
  181 0.891114 31837
  182 2197.584670 13672
  183 4066.006444 14952
  184 1688.943574 26785
  185 504.978742  6455
  186 0.713412 -1650
  187 0.801506 -2588
  188 0.471286 -2827
  189 3014.679566 16729
  190 4744.167273 13760
  191 0.332732 -2091
  192 11305.031294 24846
  193 14545.459515 29565
  194 0.027991 -1681
  195 15266.214197 28229
  196 0.620644 -1684
  197 5369.243144 15816
  198 4954.707209 17659
  199 0.101401 -3088
  200 1138.290267  6147
  201 12684.904746 30936
  202 8589.425114 26161
  203 9222.561054  9518
  204 13934.442286 29234
  205 2370.975549 18278
  206 3862.399065 12201
  207 0.448245 -1702
  208 0.488341 -2474
  209 11214.165686 11251
  210 152.280601 11128
  211 13095.705180 18494
  212 0.436779 -1593
  213 0.278253 -2437
  214 6467.354946 15528
  215 0.837123 -1846
  216 0.169799  1154
  217 5305.061429 15143
  218 15772.556189 -3103
  219 3656.394981 16679
  220 0.400357 -2764
  221 0.871832  1476
  222 9734.465566 19127
  223 4229.072714  5680
  224 0.405696  2168
  225 0.564388 -2741
  226 31490.521140 25072
  227 0.670030   460
  228 4640.677000  3095
  229 1034.990592  8458
  230 23361.379892 -3242
  231 4064.451067 11398
  232 2434.826478   881
  233 74.434949  1061
  234 0.355199 -1929
  235 117.807680 17055
  236 20319.374664 31779
  237 9288.634419 25768
  238 254.073322 14732
  239 5210.365100 -3256
  240 391.652568    35
  241 3155.888930  9045
  242 27274.196187 28477
  243 13222.903466 25507
  244 1087.822515 27680
  245 3037.094036  6344
  246 5896.687813 21407
  247 0.583820 -1812
  248 0.374139 -2751
  249 26849.934991 21608
  250 7578.098072 19993
  251 13576.204055 -3226
  252 0.427668   131
  253 22798.013379 26725
  254 0.516348 -2571
  255 206.504586  4774
  256 0.268941 -2202
  257 0.413963 -2715
  258 4093.405400 11874
  259 0.797683 -2572
  260 0.020312 -2700
  261 10118.757962 15881
  262 0.512338 -2630
  263 13126.735633 14536
  264 749.013685  1231
  265 8173.612949 13187
  266 1371.179022  7031
  267 0.209483 -2424
  268 2155.816762 12441
  269 0.869171 -2748
  270 6570.221075 27996
  271 2087.919146 20832
  272 0.350858 -2129
  273 3221.054556 13008
  274 2362.844542  3973
  275 989.603170  9596
  276 10447.866536 29864
  277 7364.955780  8226
  278 10944.530527  8125
  279 703.481102  1936
  280 12.366957   519
  281 1.173727 -1896
  282 6617.892518 20779
  283 1291.230424  5897
  284 0.690139 30295
  285 27573.888574 29243
  286 21215.419653 -3236
  287 10334.126924 13467
  288 1.140772 -2093
  289 0.098744 -1755
  290 11361.165336 15224
  291 3761.228733 16581
  292 12647.087899 16126
  293 0.166971 -2489
  294 2580.962942 12038
  295 2739.675949 14498
  296 0.793761  4174
  297 16403.116336 -3250
  298 1.073070 32570
  299 5073.832748 21172
  300 1729.250757 14979
