300
    1 953.979568     1
    2 3078.281726 22552
    3 14334.967067 27863
    4 0.516572 -1935
    5 0.606946 -2497
    6 14473.425856 11402
    7 5510.664327  7882
    8 2727.804105  5438
    9 0.443900 -2390
   10 295.220161  6863
   11 0.207401 -2493
   12 158.798247   525
   13 0.038241 -1620
   14 6172.119295 20096
   15 0.055522 -3259
   16 16295.230130 24956
   17 0.120346 -2849
   18 15233.749028 -3232
   19 7893.075547 14573
   20 0.280345 -3083
   21 6285.405508 21823
   22 11468.883317 15275
   23 14.862331 14868
   24 0.079688 -2447
   25 0.431510  2208
   26 0.953257 -2263
   27 8427.364203 20395
   28 20897.031356 -3111
   29 3208.546438  4613
   30 11727.815752 14985
   31 3632.373235 10343
   32 0.371265 -1984
   33 3026.507901  2104
   34 3610.427647 -2852
   35 7436.719937 17064
   36 7822.365584 21647
   37 0.218408 -2309
   38 1220.167853  1257
   39 0.094334 -3064
   40 742.823332  2568
   41 5859.847311 12082
   42 1175.358009 15949
   43 1719.053578 13544
   44 2081.340888 23714
   45 5204.790094 30240
   46 501.227664 10842
   47 3407.747294 15863
   48 0.254822 -1788
   49 0.072166 -3003
   50 1159.307182  1573
   51 1810.520492   828
   52 10287.004894 12746
   53 0.798986   314
   54 4777.376576 23962
   55 837.907251 23513
   56 0.197289 32017
   57 15650.986703 27528
   58 0.760056 -2540
   59 12831.054083 28792
   60 2343.327071 31213
   61 5292.733800 19028
   62 37375.016081 31927
   63 0.198714 31951
   64 25120.815244 26634
   65 3380.661831  8009
   66 29994.799578 18283
   67 5639.998821 14765
   68 4614.956308 27953
   69 1359.628296  4234
   70 5487.934764  6832
   71 838.770665  6524
   72 0.662041 -2711
   73 2911.200667 23238
   74 17596.612321 23525
   75 0.289186 -2177
   76 12462.130587 10172
   77 1313.565086 21958
   78 0.537541 -2390
   79 0.034867 -2423
   80 0.742059 -2110
   81 0.161625  3195
   82 0.101221  3101
   83 9681.732333 -3116
   84 794.633252  7462
   85 3423.814516  1250
   86 59.630514 13695
   87 0.624796 -2810
   88 0.676598 -2668
   89 0.760620 -2119
   90 3123.739190 11841
   91 1212.369465  3905
   92 7465.473855 26181
   93 2541.328564  6201
   94 0.372350 -2630
   95 0.706933 -2801
   96 1017.335179 20258
   97 4502.886248 11140
   98 0.184826 -2718
   99 1971.334558  7350
  100 0.442757 -3230
  101 776.917281  6709
  102 0.623531 -2544
  103 4808.081785 20824
  104 1678.063550 10814
  105 0.463410 -2651
  106 137.070009  1080
  107 11561.125008 23377
  108 0.598309 -3192
  109 1163.633516  1281
  110 0.073054 -2629
  111 9196.001306 12350
  112 0.157077 -1920
  113 3477.949472 21527
  114 16427.183861 28488
  115 1770.702944 12613
  116 4141.758493 25599
  117 729.043052  2552
  118 82.933541  4764
  119 5127.897521 11817
  120 1300.869163  8720
  121 0.334096   876
  122 2099.938101 21854
  123 0.258237 -1881
  124 866.152372   546
  125 0.449251 -1913
  126 15801.063589 32558
  127 13448.647009 29437
  128 9369.054925 32051
  129 9895.453309 22728
  130 87.118549 12216
  131 1249.302530 19666
  132 0.234036    74
  133 0.126499 -1966
  134 12358.996073 16240
  135 215.608396 23404
  136 5428.651396  3066
  137 1119.791248  3236
  138 0.389252 -3156
  139 7524.553871 26575
  140 32970.980441 30702
  141 4509.902979 23859
  142 0.032973 -2212
  143 3992.401789 15705
  144 6620.800977 14460
  145 239.277823 16428
  146 8761.781306 26421
  147 2531.716234 10799
  148 0.901388 -2970
  149 2786.287626 30348
  150 20571.644771 14927
  151 0.062863 -2981
  152 2708.031626  4176
  153 7782.528007  3369
  154 0.384409 -3090
  155 1.348746 -2741
  156 6375.583688 26851
  157 12110.747071 29251
  158 2705.413849  5560
  159 0.105994 -1996
  160 8649.528061 13900
  161 15349.145099 29542
  162 27249.553289 23379
  163 6963.922644 18562
  164 0.774972 -2198
  165 0.135868 -2146
  166 809.304827  4587
  167 1281.974861  4200
  168 0.560098 32150
  169 0.361673 -2166
  170 0.148231 -2801
  171 0.202103 -3255
  172 8288.440683 24598
  173 8979.808430 14057
  174 0.577719 -2884
  175 16379.351454 15891
  176 0.104694 -2279
  177 16394.071017 31434
  178 5529.651759 20565
  179 1159.523481 11021
  180 1445.048521 19654
  181 0.584220 31837
  182 11144.828598 13672
  183 11730.697595 14952
  184 16115.276843 26785
  185 40.540562  6455
  186 0.254923 -1650
  187 0.843880 -2588
  188 0.103682 -2827
  189 5591.194812 16729
  190 4687.747815 13760
  191 0.211801 -2091
  192 930.389330 24846
  193 9121.246357 29565
  194 0.358381 -1681
  195 25044.712689 28229
  196 0.201481 -1684
  197 15064.393464 15816
  198 5729.285607 17659
  199 0.782396 -3088
  200 2530.314304  6147
  201 11831.009220 30936
  202 11743.156511 26161
  203 737.715656  9518
  204 19320.219589 29234
  205 450.338131 18278
  206 3001.173137 12201
  207 0.768781 -1702
  208 0.082222 -2474
  209 3121.912587 11251
  210 4020.792895 11128
  211 8948.941866 18494
  212 0.139067 -1593
  213 0.807590 -2437
  214 8708.742330 15528
  215 0.072706 -1846
  216 0.181856  1154
  217 4670.098890 15143
  218 4685.358309 -3103
  219 1570.510335 16679
  220 0.196464 -2764
  221 0.293451  1476
  222 3051.812848 19127
  223 1873.514586  5680
  224 1.369713  2168
  225 0.807577 -2741
  226 5074.432959 25072
  227 0.436087   460
  228 3921.848268  3095
  229 288.825312  8458
  230 7098.423446 -3242
  231 2658.615840 11398
  232 649.302394   881
  233 1163.108517  1061
  234 0.331634 -1929
  235 1630.034625 17055
  236 18597.990198 31779
  237 5157.458211 25768
  238 3488.879454 14732
  239 1509.344589 -3256
  240 9.513047    35
  241 5780.212505  9045
  242 7066.939797 28477
  243 4190.813730 25507
  244 3329.766720 27680
  245 1262.921132  6344
  246 9620.942750 21407
  247 0.718701 -1812
  248 0.309710 -2751
  249 2689.452661 21608
  250 4834.468342 19993
  251 12423.365408 -3226
  252 0.166357   131
  253 9264.314625 26725
  254 0.425358 -2571
  255 1123.863950  4774
  256 0.519886 -2202
  257 0.615498 -2715
  258 3429.957026 11874
  259 0.357678 -2572
  260 0.356077 -2700
  261 12514.081932 15881
  262 0.477014 -2630
  263 3992.570752 14536
  264 609.738496  1231
  265 4789.417612 13187
  266 11808.048899  7031
  267 0.885104 -2424
  268 2894.147303 12441
  269 0.463581 -2748
  270 20167.441760 27996
  271 11572.970789 20832
  272 0.119390 -2129
  273 1490.690366 13008
  274 295.884254  3973
  275 1876.939001  9596
  276 13767.576903 29864
  277 3943.228391  8226
  278 2060.023547  8125
  279 154.392515  1936
  280 16.554165   519
  281 0.098153 -1896
  282 3712.583459 20779
  283 2604.108936  5897
  284 0.891445 30295
  285 621.334962 29243
  286 1314.372023 -3236
  287 18140.598834 13467
  288 0.525913 -2093
  289 0.520113 -1755
  290 8985.416192 15224
  291 12941.750833 16581
  292 9712.803613 16126
  293 0.107450 -2489
  294 5178.020427 12038
  295 3702.682207 14498
  296 0.529074  4174
  297 15075.857505 -3250
  298 0.042396 32570
  299 17003.665497 21172
  300 3016.310595 14979
