300
    1 10.113570     1
    2 12390.018230 22552
    3 9276.257104 27863
    4 0.325312 -1935
    5 0.801857 -2497
    6 3917.113715 11402
    7 1859.525276  7882
    8 1090.971574  5438
    9 0.678255 -2390
   10 2550.815277  6863
   11 0.172326 -2493
   12 203.038319   525
   13 0.356430 -1620
   14 11375.343345 20096
   15 0.995677 -3259
   16 833.620733 24956
   17 0.038249 -2849
   18 4369.184105 -3232
   19 1420.584542 14573
   20 0.656256 -3083
   21 1665.595027 21823
   22 3739.140513 15275
   23 2638.699969 14868
   24 0.697124 -2447
   25 1.010656  2208
   26 0.464393 -2263
   27 12211.110839 20395
   28 29192.445495 -3111
   29 2672.504963  4613
   30 13064.651361 14985
   31 7612.188371 10343
   32 1.093679 -1984
   33 3399.764612  2104
   34 2335.269641 -2852
   35 7376.600755 17064
   36 6598.991647 21647
   37 0.219444 -2309
   38 1852.183825  1257
   39 0.188835 -3064
   40 2053.414685  2568
   41 5303.807366 12082
   42 3182.973122 15949
   43 12469.101036 13544
   44 9937.651319 23714
   45 13962.005275 30240
   46 3723.973774 10842
   47 3421.740971 15863
   48 1.080579 -1788
   49 0.062065 -3003
   50 419.824727  1573
   51 124.777828   828
   52 8463.838426 12746
   53 0.084355   314
   54 9741.854253 23962
   55 18558.243823 23513
   56 0.239253 32017
   57 6075.450769 27528
   58 0.089455 -2540
   59 9761.394324 28792
   60 47290.308604 31213
   61 4683.231131 19028
   62 687.787411 31927
   63 0.181690 31951
   64 38568.107657 26634
   65 236.029193  8009
   66 8854.016170 18283
   67 4461.887031 14765
   68 18570.226922 27953
   69 1900.324539  4234
   70 98.824913  6832
   71 3122.445678  6524
   72 1.063662 -2711
   73 1162.866975 23238
   74 12002.517742 23525
   75 0.010609 -2177
   76 540.635866 10172
   77 1477.744417 21958
   78 0.823242 -2390
   79 0.792994 -2423
   80 0.835232 -2110
   81 0.033373  3195
   82 0.009685  3101
   83 2501.928626 -3116
   84 2043.454721  7462
   85 4280.301003  1250
   86 2832.730061 13695
   87 0.348797 -2810
   88 0.886708 -2668
   89 0.000096 -2119
   90 3262.729233 11841
   91 550.513090  3905
   92 2942.727119 26181
   93 1479.469061  6201
   94 0.354603 -2630
   95 0.336208 -2801
   96 376.545816 20258
   97 4476.914014 11140
   98 0.243249 -2718
   99 818.958094  7350
  100 0.566109 -3230
  101 150.495851  6709
  102 0.466099 -2544
  103 19320.021963 20824
  104 3072.690380 10814
  105 0.277019 -2651
  106 6.641338  1080
  107 25307.345924 23377
  108 0.359691 -3192
  109 146.120261  1281
  110 0.509702 -2629
  111 14145.546992 12350
  112 1.301638 -1920
  113 8100.896986 21527
  114 17646.553797 28488
  115 2739.371292 12613
  116 41396.173498 25599
  117 1395.870101  2552
  118 56.863610  4764
  119 5387.472951 11817
  120 1067.599715  8720
  121 1.268923   876
  122 12085.050212 21854
  123 1.311782 -1881
  124 226.778621   546
  125 0.286239 -1913
  126 2832.239539 32558
  127 12798.629852 29437
  128 14638.116010 32051
  129 9063.774224 22728
  130 277.100352 12216
  131 7829.718325 19666
  132 0.203863    74
  133 0.073119 -1966
  134 9696.777968 16240
  135 3114.911830 23404
  136 842.528959  3066
  137 143.670224  3236
  138 0.165899 -3156
  139 9712.670772 26575
  140 4777.990316 30702
  141 12561.919499 23859
  142 0.583443 -2212
  143 13180.613181 15705
  144 9263.235658 14460
  145 6867.909554 16428
  146 7668.217579 26421
  147 1777.428897 10799
  148 0.123946 -2970
  149 22010.315424 30348
  150 11255.141364 14927
  151 0.336124 -2981
  152 2123.437107  4176
  153 1327.335473  3369
  154 0.091750 -3090
  155 0.239378 -2741
  156 7494.163810 26851
  157 24308.100098 29251
  158 2441.142444  5560
  159 0.701633 -1996
  160 2315.908856 13900
  161 10587.926126 29542
  162 4874.207888 23379
  163 15386.593511 18562
  164 0.113701 -2198
  165 0.101572 -2146
  166 450.635329  4587
  167 1894.706990  4200
  168 0.440549 32150
  169 0.190916 -2166
  170 0.112678 -2801
  171 0.366640 -3255
  172 15354.513525 24598
  173 682.339423 14057
  174 0.174206 -2884
  175 3478.371452 15891
  176 0.394286 -2279
  177 12163.411150 31434
  178 2350.847764 20565
  179 2016.119618 11021
  180 15666.952000 19654
  181 0.700074 31837
  182 4580.204392 13672
  183 9135.658364 14952
  184 2180.801017 26785
  185 516.619195  6455
  186 0.159956 -1650
  187 0.653828 -2588
  188 0.137804 -2827
  189 18451.641923 16729
  190 6128.118603 13760
  191 0.233977 -2091
  192 5147.118371 24846
  193 602.198247 29565
  194 0.072502 -1681
  195 9074.876277 28229
  196 0.486529 -1684
  197 14225.002652 15816
  198 8864.293995 17659
  199 0.076064 -3088
  200 764.174980  6147
  201 10019.564196 30936
  202 15366.770625 26161
  203 9843.067852  9518
  204 29629.024447 29234
  205 9070.278162 18278
  206 8016.896084 12201
  207 0.351182 -1702
  208 0.843592 -2474
  209 7283.606317 11251
  210 563.578420 11128
  211 4106.347326 18494
  212 0.637611 -1593
  213 0.612112 -2437
  214 1526.746221 15528
  215 0.707622 -1846
  216 0.171577  1154
  217 9193.747759 15143
  218 18232.552756 -3103
  219 3910.699289 16679
  220 0.043600 -2764
  221 0.130533  1476
  222 7739.988971 19127
  223 1153.608362  5680
  224 0.326941  2168
  225 0.016123 -2741
  226 19024.863406 25072
  227 0.374236   460
  228 2193.986270  3095
  229 1265.412709  8458
  230 21288.774353 -3242
  231 905.161804 11398
  232 11.766907   881
  233 2343.583199  1061
  234 0.511864 -1929
  235 5110.290450 17055
  236 12336.182862 31779
  237 1822.236123 25768
  238 6931.341565 14732
  239 5397.524985 -3256
  240 458.684067    35
  241 2821.733381  9045
  242 30294.546769 28477
  243 1509.825882 25507
  244 6422.805382 27680
  245 1810.740806  6344
  246 10327.052218 21407
  247 0.996972 -1812
  248 0.645835 -2751
  249 14563.589502 21608
  250 2621.766788 19993
  251 6018.738118 -3226
  252 1.394269   131
  253 32150.166247 26725
  254 0.131624 -2571
  255 250.068206  4774
  256 0.703238 -2202
  257 0.713060 -2715
  258 7643.939039 11874
  259 0.129848 -2572
  260 0.218693 -2700
  261 5203.147681 15881
  262 0.217602 -2630
  263 3977.116798 14536
  264 1139.056652  1231
  265 2285.396519 13187
  266 6085.775882  7031
  267 0.065933 -2424
  268 5847.193929 12441
  269 0.052306 -2748
  270 5833.166653 27996
  271 7746.135161 20832
  272 0.827120 -2129
  273 134.633245 13008
  274 3082.672566  3973
  275 602.662465  9596
  276 20592.547123 29864
  277 2472.921700  8226
  278 467.588110  8125
  279 32.842396  1936
  280 11.900008   519
  281 0.361823 -1896
  282 13476.610074 20779
  283 25.492328  5897
  284 0.294762 30295
  285 3123.199291 29243
  286 14734.997685 -3236
  287 4448.139785 13467
  288 0.836582 -2093
  289 0.415241 -1755
  290 80.799626 15224
  291 530.674451 16581
  292 16008.413051 16126
  293 0.008691 -2489
  294 97.839506 12038
  295 683.015820 14498
  296 0.233025  4174
  297 7348.425672 -3250
  298 0.857526 32570
  299 4650.859499 21172
  300 6059.072526 14979
