100
    1 189.700401     1
    2 4306.359250 22552
    3 10999.654489 27863
    4 1.014156 -1935
    5 0.909690 -2497
    6 5519.110514 11402
    7 3453.540232  7882
    8 1771.766642  5438
    9 0.958795 -2390
   10 635.816129  6863
   11 0.517657 -2493
   12 248.798067   525
   13 0.401012 -1620
   14 5333.926020 20096
   15 0.164715 -3259
   16 13656.747428 24956
   17 0.342532 -2849
   18 4358.793226 -3232
   19 7318.483770 14573
   20 0.591974 -3083
   21 19567.634272 21823
   22 9266.688197 15275
   23 3175.944342 14868
   24 0.218697 -2447
   25 0.731214  2208
   26 0.431062 -2263
   27 12729.538981 20395
   28 20460.832135 -3111
   29 1136.628226  4613
   30 1655.339158 14985
   31 4165.940142 10343
   32 0.381700 -1984
   33 1010.805132  2104
   34 25767.699899 -2852
   35 25899.038239 17064
   36 24298.848247 21647
   37 0.341164 -2309
   38 1501.489573  1257
   39 0.007088 -3064
   40 66.399638  2568
   41 4537.212282 12082
   42 7093.243039 15949
   43 7202.413772 13544
   44 2530.507797 23714
   45 1663.034455 30240
   46 8778.606582 10842
   47 7831.685659 15863
   48 1.269484 -1788
   49 0.201465 -3003
   50 67.050847  1573
   51 470.421991   828
   52 4019.095654 12746
   53 0.587582   314
   54 6041.895900 23962
   55 17287.034122 23513
   56 0.290917 32017
   57 17185.556490 27528
   58 0.173465 -2540
   59 15486.429359 28792
   60 27219.935038 31213
   61 1179.740437 19028
   62 34786.560941 31927
   63 0.135176 31951
   64 17204.908891 26634
   65 4571.389827  8009
   66 10222.343375 18283
   67 5481.324940 14765
   68 12849.198164 27953
   69 5945.724695  4234
   70 1287.743061  6832
   71 1285.554500  6524
   72 0.135303 -2711
   73 878.789293 23238
   74 1708.568940 23525
   75 0.235989 -2177
   76 3119.519424 10172
   77 148.452458 21958
   78 0.037745 -2390
   79 0.399463 -2423
   80 0.569939 -2110
   81 0.822552  3195
   82 0.037049  3101
   83 11401.157694 -3116
   84 2283.157230  7462
   85 5534.790150  1250
   86 3831.089618 13695
   87 0.599701 -2810
   88 0.188369 -2668
   89 1.003722 -2119
   90 7590.478774 11841
   91 205.204680  3905
   92 2433.855304 26181
   93 4574.379718  6201
   94 0.336311 -2630
   95 0.627321 -2801
   96 8294.098819 20258
   97 16.313194 11140
   98 0.151155 -2718
   99 2433.564745  7350
  100 0.811697 -3230
