300
    1 156.268799     1
    2 3794.699813 22552
    3 10996.597106 27863
    4 0.254302 -1935
    5 0.109282 -2497
    6 14707.240887 11402
    7 4022.555871  7882
    8 1393.630521  5438
    9 0.055391 -2390
   10 1099.050992  6863
   11 1.135804 -2493
   12 7.276725   525
   13 0.967030 -1620
   14 6462.974197 20096
   15 0.085620 -3259
   16 11503.676376 24956
   17 0.307653 -2849
   18 12131.414611 -3232
   19 885.209068 14573
   20 0.838858 -3083
   21 6008.051049 21823
   22 702.356538 15275
   23 15243.571223 14868
   24 0.071955 -2447
   25 0.293258  2208
   26 0.029078 -2263
   27 9797.142782 20395
   28 5452.189605 -3111
   29 179.723499  4613
   30 695.376714 14985
   31 2826.456985 10343
   32 0.718229 -1984
   33 1785.691439  2104
   34 9937.244188 -2852
   35 10549.509064 17064
   36 1694.738951 21647
   37 0.378158 -2309
   38 32.155803  1257
   39 0.432913 -3064
   40 1.122819  2568
   41 494.839923 12082
   42 155.389195 15949
   43 5519.251346 13544
   44 12011.208869 23714
   45 6775.177011 30240
   46 9745.719088 10842
   47 2166.449529 15863
   48 0.738023 -1788
   49 0.851739 -3003
   50 379.811166  1573
   51 251.625967   828
   52 4091.198609 12746
   53 0.424032   314
   54 398.952939 23962
   55 15228.512720 23513
   56 1.028233 32017
   57 18382.802956 27528
   58 0.676512 -2540
   59 19693.532506 28792
   60 14061.418522 31213
   61 4170.571744 19028
   62 25259.341782 31927
   63 0.191783 31951
   64 8907.117407 26634
   65 3036.553656  8009
   66 852.431106 18283
   67 889.925064 14765
   68 14034.796040 27953
   69 6484.287167  4234
   70 3289.772938  6832
   71 4563.258920  6524
   72 0.837635 -2711
   73 5402.834883 23238
   74 5459.440252 23525
   75 0.075734 -2177
   76 9012.912708 10172
   77 1277.719983 21958
   78 0.443934 -2390
   79 0.932987 -2423
   80 0.078549 -2110
   81 0.000599  3195
   82 0.312157  3101
   83 24701.164993 -3116
   84 1578.790993  7462
   85 143.039339  1250
   86 9134.585160 13695
   87 0.256255 -2810
   88 0.175640 -2668
   89 0.296917 -2119
   90 3516.671751 11841
   91 675.065999  3905
   92 11809.132277 26181
   93 3804.972602  6201
   94 0.295949 -2630
   95 0.211364 -2801
   96 3811.059053 20258
   97 3800.947513 11140
   98 0.162137 -2718
   99 3756.418763  7350
  100 0.827792 -3230
  101 3665.154782  6709
  102 0.454419 -2544
  103 882.925904 20824
  104 37.374424 10814
  105 0.197795 -2651
  106 574.144250  1080
  107 5320.016793 23377
  108 0.383645 -3192
  109 511.573339  1281
  110 0.176592 -2629
  111 2846.857596 12350
  112 0.065938 -1920
  113 16489.096217 21527
  114 4453.293780 28488
  115 2619.663480 12613
  116 6881.753317 25599
  117 3571.429577  2552
  118 69.144641  4764
  119 224.338262 11817
  120 2286.391205  8720
  121 0.152976   876
  122 5317.576858 21854
  123 0.346307 -1881
  124 1353.693844   546
  125 0.312851 -1913
  126 16557.486221 32558
  127 21255.072816 29437
  128 7058.781145 32051
  129 8385.944631 22728
  130 324.134895 12216
  131 21765.432419 19666
  132 0.288757    74
  133 1.770075 -1966
  134 12770.010343 16240
  135 6831.595278 23404
  136 347.853428  3066
  137 795.114519  3236
  138 0.381002 -3156
  139 2328.181892 26575
  140 22388.739693 30702
  141 5363.137887 23859
  142 0.033471 -2212
  143 2231.482925 15705
  144 5571.500387 14460
  145 7666.759387 16428
  146 21744.098747 26421
  147 5125.579930 10799
  148 0.210086 -2970
  149 9485.701135 30348
  150 6507.629994 14927
  151 0.401426 -2981
  152 6369.762334  4176
  153 833.152261  3369
  154 0.327583 -3090
  155 0.098901 -2741
  156 5501.481517 26851
  157 14927.777985 29251
  158 3738.849774  5560
  159 0.175149 -1996
  160 2330.919095 13900
  161 19854.589029 29542
  162 13082.713905 23379
  163 1933.595202 18562
  164 0.357942 -2198
  165 0.015706 -2146
  166 385.027945  4587
  167 4222.085135  4200
  168 0.235921 32150
  169 0.254134 -2166
  170 0.629475 -2801
  171 0.082323 -3255
  172 5414.195429 24598
  173 27650.168680 14057
  174 0.904167 -2884
  175 13804.891409 15891
  176 0.203218 -2279
  177 22263.555693 31434
  178 8797.604636 20565
  179 3056.694053 11021
  180 1191.658393 19654
  181 0.268148 31837
  182 7866.814741 13672
  183 1199.040062 14952
  184 27529.687651 26785
  185 521.246963  6455
  186 0.174271 -1650
  187 0.354144 -2588
  188 0.194724 -2827
  189 12555.239469 16729
  190 6622.849747 13760
  191 0.566175 -2091
  192 14156.025461 24846
  193 10228.430902 29565
  194 0.430002 -1681
  195 2257.375657 28229
  196 0.381057 -1684
  197 6111.149556 15816
  198 122.181886 17659
  199 0.759770 -3088
  200 1806.793770  6147
  201 4542.239748 30936
  202 12015.884190 26161
  203 3420.019218  9518
  204 7646.563985 29234
  205 4387.736288 18278
  206 2335.708653 12201
  207 0.142593 -1702
  208 0.576182 -2474
  209 13019.353767 11251
  210 367.537723 11128
  211 22765.150910 18494
  212 0.370684 -1593
  213 0.092626 -2437
  214 6236.416328 15528
  215 0.292349 -1846
  216 0.329376  1154
  217 7550.019016 15143
  218 27643.300301 -3103
  219 3360.237967 16679
  220 0.456675 -2764
  221 0.794476  1476
  222 2172.172944 19127
  223 1878.484431  5680
  224 0.023097  2168
  225 0.988781 -2741
  226 2755.703074 25072
  227 0.190475   460
  228 3425.684763  3095
  229 2159.844559  8458
  230 24751.143981 -3242
  231 9070.910772 11398
  232 1005.187737   881
  233 1124.742887  1061
  234 0.148453 -1929
  235 7810.715366 17055
  236 465.696621 31779
  237 5238.274676 25768
  238 7389.880839 14732
  239 10169.438858 -3256
  240 205.611872    35
  241 1588.090284  9045
  242 24438.269382 28477
  243 4736.174912 25507
  244 6711.077373 27680
  245 2743.162275  6344
  246 6230.877331 21407
  247 0.040074 -1812
  248 0.419767 -2751
  249 15120.553711 21608
  250 6302.669787 19993
  251 3296.464716 -3226
  252 0.729127   131
  253 3160.873357 26725
  254 0.030727 -2571
  255 788.219909  4774
  256 0.642856 -2202
  257 1.418762 -2715
  258 514.146980 11874
  259 0.178350 -2572
  260 0.532921 -2700
  261 7874.534222 15881
  262 0.505632 -2630
  263 10808.663656 14536
  264 649.557807  1231
  265 3375.050356 13187
  266 16281.597272  7031
  267 0.588645 -2424
  268 1896.613653 12441
  269 0.074982 -2748
  270 9414.803596 27996
  271 3151.273769 20832
  272 0.173439 -2129
  273 5248.313400 13008
  274 889.010852  3973
  275 1815.466368  9596
  276 19342.455602 29864
  277 1116.877084  8226
  278 5007.431911  8125
  279 1063.414587  1936
  280 3.717198   519
  281 0.372863 -1896
  282 3031.905667 20779
  283 362.990788  5897
  284 0.105921 30295
  285 18889.398983 29243
  286 21844.130242 -3236
  287 8416.123292 13467
  288 0.136735 -2093
  289 0.989446 -1755
  290 10119.514319 15224
  291 9546.632087 16581
  292 3156.335665 16126
  293 0.232421 -2489
  294 3121.581300 12038
  295 1492.764522 14498
  296 0.543426  4174
  297 24766.912241 -3250
  298 0.706183 32570
  299 15545.065932 21172
  300 4473.488697 14979
