100
    1 390.769496     1
    2 2128.437256 22552
    3 639.528056 27863
    4 0.347161 -1935
    5 0.108916 -2497
    6 1273.052702 11402
    7 5690.094704  7882
    8 4422.393745  5438
    9 0.228767 -2390
   10 1835.822164  6863
   11 0.145055 -2493
   12 321.080155   525
   13 0.575523 -1620
   14 5549.365543 20096
   15 0.848627 -3259
   16 11259.783618 24956
   17 0.440961 -2849
   18 4375.553358 -3232
   19 141.672934 14573
   20 0.514715 -3083
   21 7625.779291 21823
   22 1378.113888 15275
   23 3358.615224 14868
   24 0.453828 -2447
   25 0.087016  2208
   26 0.123216 -2263
   27 3687.767708 20395
   28 7352.692447 -3111
   29 2233.217195  4613
   30 2200.612655 14985
   31 2354.870229 10343
   32 0.081365 -1984
   33 1092.676505  2104
   34 694.203929 -2852
   35 5055.692773 17064
   36 3556.442098 21647
   37 0.637833 -2309
   38 144.272172  1257
   39 0.466847 -3064
   40 1462.121076  2568
   41 5904.787251 12082
   42 483.990293 15949
   43 2225.947694 13544
   44 2716.788369 23714
   45 6997.271257 30240
   46 49.896210 10842
   47 4260.055631 15863
   48 0.047071 -1788
   49 0.141102 -3003
   50 32.595456  1573
   51 267.316323   828
   52 5278.762051 12746
   53 0.455378   314
   54 3733.077575 23962
   55 14516.833418 23513
   56 0.646631 32017
   57 2315.270833 27528
   58 0.366829 -2540
   59 1277.687776 28792
   60 2767.201493 31213
   61 3089.907695 19028
   62 16519.538981 31927
   63 0.022524 31951
   64 77.563344 26634
   65 1127.348701  8009
   66 2431.112519 18283
   67 892.160240 14765
   68 4630.607556 27953
   69 2406.357190  4234
   70 2317.813508  6832
   71 4219.610972  6524
   72 0.980161 -2711
   73 5483.060829 23238
   74 3733.771357 23525
   75 0.306037 -2177
   76 29.369442 10172
   77 11236.884649 21958
   78 0.000265 -2390
   79 1.206206 -2423
   80 0.269529 -2110
   81 0.281217  3195
   82 0.252380  3101
   83 25585.299752 -3116
   84 558.101351  7462
   85 1065.086775  1250
   86 1995.968840 13695
   87 0.438607 -2810
   88 0.080611 -2668
   89 0.098954 -2119
   90 8356.473886 11841
   91 93.718362  3905
   92 8466.065889 26181
   93 822.708362  6201
   94 0.644241 -2630
   95 0.164164 -2801
   96 5579.625475 20258
   97 9872.497723 11140
   98 0.282448 -2718
   99 4585.788982  7350
  100 0.173602 -3230
