300
    1 141.494906     1
    2 1021.934384 22552
    3 7496.043334 27863
    4 0.549023 -1935
    5 0.177874 -2497
    6 3832.199433 11402
    7 467.369667  7882
    8 368.244864  5438
    9 0.415366 -2390
   10 1146.223392  6863
   11 0.128656 -2493
   12 137.933958   525
   13 0.657022 -1620
   14 7120.157169 20096
   15 0.321693 -3259
   16 9809.704778 24956
   17 0.033883 -2849
   18 2255.460968 -3232
   19 6625.061299 14573
   20 0.470614 -3083
   21 10605.122170 21823
   22 776.703074 15275
   23 1328.488238 14868
   24 0.112036 -2447
   25 0.235688  2208
   26 0.247346 -2263
   27 2122.850808 20395
   28 16697.604810 -3111
   29 1489.646830  4613
   30 10270.100140 14985
   31 8181.794147 10343
   32 0.355136 -1984
   33 1010.389941  2104
   34 11959.065846 -2852
   35 7918.190292 17064
   36 10176.553754 21647
   37 0.833414 -2309
   38 756.369633  1257
   39 0.609634 -3064
   40 1227.840509  2568
   41 7150.170574 12082
   42 9612.437518 15949
   43 3427.147086 13544
   44 2489.770001 23714
   45 7131.783912 30240
   46 2911.180865 10842
   47 13349.295654 15863
   48 0.165743 -1788
   49 0.413350 -3003
   50 187.764185  1573
   51 1972.639350   828
   52 3234.832626 12746
   53 0.093114   314
   54 6997.460144 23962
   55 4405.760732 23513
   56 0.073350 32017
   57 10028.638049 27528
   58 0.572536 -2540
   59 3413.432644 28792
   60 19813.964293 31213
   61 2638.519151 19028
   62 14764.477616 31927
   63 0.038944 31951
   64 12682.622657 26634
   65 1130.444742  8009
   66 3098.341748 18283
   67 4721.140781 14765
   68 14323.314521 27953
   69 3844.817429  4234
   70 4555.536336  6832
   71 1395.095349  6524
   72 1.140725 -2711
   73 587.864060 23238
   74 3290.428843 23525
   75 0.051698 -2177
   76 8991.530975 10172
   77 4971.796307 21958
   78 0.060647 -2390
   79 0.034695 -2423
   80 1.091690 -2110
   81 0.413103  3195
   82 0.941426  3101
   83 16104.453367 -3116
   84 754.373586  7462
   85 1038.819782  1250
   86 1062.371853 13695
   87 1.073121 -2810
   88 0.149563 -2668
   89 0.393809 -2119
   90 3638.587634 11841
   91 1171.785145  3905
   92 4003.956509 26181
   93 3258.804778  6201
   94 0.372546 -2630
   95 0.287341 -2801
   96 9353.055000 20258
   97 26570.072308 11140
   98 0.065681 -2718
   99 2480.707629  7350
  100 0.248148 -3230
  101 104.428962  6709
  102 0.035914 -2544
  103 8519.827536 20824
  104 1656.528596 10814
  105 0.251887 -2651
  106 719.861971  1080
  107 2247.231310 23377
  108 0.281027 -3192
  109 901.849580  1281
  110 0.350485 -2629
  111 16471.370212 12350
  112 0.279378 -1920
  113 3837.039473 21527
  114 7930.250945 28488
  115 2300.789088 12613
  116 14841.985614 25599
  117 2406.561113  2552
  118 765.453971  4764
  119 3154.319542 11817
  120 1489.310341  8720
  121 0.635386   876
  122 5196.847515 21854
  123 0.507118 -1881
  124 710.203325   546
  125 0.246063 -1913
  126 2144.704128 32558
  127 953.589899 29437
  128 3539.059297 32051
  129 18949.077100 22728
  130 6995.206199 12216
  131 18002.371110 19666
  132 0.693389    74
  133 0.091368 -1966
  134 523.513666 16240
  135 9322.458733 23404
  136 6389.726711  3066
  137 38.385537  3236
  138 0.302547 -3156
  139 20285.863357 26575
  140 18620.585219 30702
  141 2333.899070 23859
  142 0.013104 -2212
  143 8223.112234 15705
  144 5679.178345 14460
  145 10541.287544 16428
  146 2476.921796 26421
  147 4102.737795 10799
  148 0.919013 -2970
  149 897.875450 30348
  150 3829.896179 14927
  151 0.659494 -2981
  152 1047.688404  4176
  153 89.138131  3369
  154 0.506926 -3090
  155 0.132261 -2741
  156 21.173923 26851
  157 112.666606 29251
  158 399.653422  5560
  159 0.203733 -1996
  160 2112.992422 13900
  161 4297.920418 29542
  162 24857.861288 23379
  163 14210.039243 18562
  164 0.835196 -2198
  165 0.577375 -2146
  166 1245.558333  4587
  167 8961.100093  4200
  168 0.324484 32150
  169 0.332433 -2166
  170 0.290607 -2801
  171 0.492150 -3255
  172 2932.831769 24598
  173 3634.328371 14057
  174 0.228268 -2884
  175 2349.948661 15891
  176 0.178998 -2279
  177 838.275363 31434
  178 20418.340765 20565
  179 2306.728267 11021
  180 5458.733357 19654
  181 0.452231 31837
  182 1416.795103 13672
  183 543.424075 14952
  184 11725.455253 26785
  185 539.332028  6455
  186 0.269933 -1650
  187 0.119014 -2588
  188 0.484816 -2827
  189 4418.681579 16729
  190 511.017332 13760
  191 0.059964 -2091
  192 816.647479 24846
  193 45230.875752 29565
  194 1.188739 -1681
  195 5418.147167 28229
  196 0.790770 -1684
  197 19711.282673 15816
  198 2182.174972 17659
  199 0.674821 -3088
  200 1494.711051  6147
  201 10095.086821 30936
  202 4784.010377 26161
  203 7355.263481  9518
  204 8917.363695 29234
  205 3984.509813 18278
  206 15942.136333 12201
  207 0.369754 -1702
  208 0.298588 -2474
  209 8710.161442 11251
  210 2131.909181 11128
  211 14423.421993 18494
  212 0.538805 -1593
  213 0.508986 -2437
  214 4964.935747 15528
  215 1.035074 -1846
  216 0.170027  1154
  217 3844.470582 15143
  218 4227.000366 -3103
  219 12581.809257 16679
  220 0.130034 -2764
  221 0.806835  1476
  222 5663.927045 19127
  223 3920.546336  5680
  224 0.653826  2168
  225 0.483578 -2741
  226 4620.315896 25072
  227 0.179498   460
  228 1997.817722  3095
  229 2105.017422  8458
  230 6298.075010 -3242
  231 3359.166347 11398
  232 1622.056705   881
  233 1522.155024  1061
  234 0.219688 -1929
  235 3282.610764 17055
  236 20288.048960 31779
  237 22641.169576 25768
  238 4818.852920 14732
  239 10866.210590 -3256
  240 693.686630    35
  241 260.936563  9045
  242 15619.625272 28477
  243 975.347523 25507
  244 21198.580623 27680
  245 1290.103248  6344
  246 8420.613929 21407
  247 0.190498 -1812
  248 0.038343 -2751
  249 1606.169079 21608
  250 9656.407834 19993
  251 5815.024162 -3226
  252 0.501866   131
  253 13739.126429 26725
  254 0.593862 -2571
  255 146.736879  4774
  256 0.185957 -2202
  257 0.332186 -2715
  258 2713.292687 11874
  259 0.655414 -2572
  260 0.755091 -2700
  261 2253.611673 15881
  262 0.641334 -2630
  263 2120.171701 14536
  264 3602.251602  1231
  265 3668.781916 13187
  266 9985.451261  7031
  267 0.731196 -2424
  268 9398.761588 12441
  269 1.438932 -2748
  270 11328.926083 27996
  271 3185.903985 20832
  272 0.264860 -2129
  273 1129.169601 13008
  274 1711.521159  3973
  275 359.745305  9596
  276 18208.104574 29864
  277 1045.029766  8226
  278 8958.828759  8125
  279 66.139543  1936
  280 8.624224   519
  281 0.754228 -1896
  282 8721.916002 20779
  283 543.494702  5897
  284 0.134476 30295
  285 516.472784 29243
  286 13074.203619 -3236
  287 3495.449355 13467
  288 0.733678 -2093
  289 0.188130 -1755
  290 5518.793677 15224
  291 2062.604719 16581
  292 9988.729302 16126
  293 0.001796 -2489
  294 8218.773420 12038
  295 3633.070009 14498
  296 0.013799  4174
  297 16705.406855 -3250
  298 0.710225 32570
  299 5188.356163 21172
  300 1027.080576 14979
