300
    1 385.633581     1
    2 5038.036325 22552
    3 1611.237489 27863
    4 0.526001 -1935
    5 0.089129 -2497
    6 7161.719762 11402
    7 4744.260228  7882
    8 1816.159690  5438
    9 0.470025 -2390
   10 325.201089  6863
   11 0.244340 -2493
   12 572.119962   525
   13 0.862966 -1620
   14 10597.703067 20096
   15 0.017123 -3259
   16 6805.094572 24956
   17 0.270259 -2849
   18 3945.685509 -3232
   19 162.292063 14573
   20 0.360455 -3083
   21 2028.987009 21823
   22 6355.860157 15275
   23 281.935601 14868
   24 0.642239 -2447
   25 0.891368  2208
   26 0.918098 -2263
   27 3141.629522 20395
   28 4621.292257 -3111
   29 181.427995  4613
   30 4719.805873 14985
   31 461.852677 10343
   32 1.033888 -1984
   33 2062.246008  2104
   34 3814.372229 -2852
   35 39.419003 17064
   36 1828.278334 21647
   37 0.262473 -2309
   38 1412.918266  1257
   39 0.635089 -3064
   40 123.959858  2568
   41 3457.231986 12082
   42 2237.513950 15949
   43 677.979938 13544
   44 1484.016346 23714
   45 22802.085793 30240
   46 573.963433 10842
   47 6995.623232 15863
   48 0.540401 -1788
   49 0.912675 -3003
   50 601.118093  1573
   51 2416.242548   828
   52 5312.985276 12746
   53 0.115836   314
   54 3804.117747 23962
   55 18655.152072 23513
   56 0.108164 32017
   57 16308.433888 27528
   58 0.479932 -2540
   59 28355.114287 28792
   60 6467.752989 31213
   61 4261.310249 19028
   62 12073.247359 31927
   63 0.255213 31951
   64 10990.756085 26634
   65 3355.227041  8009
   66 3727.224483 18283
   67 9248.921867 14765
   68 15359.436112 27953
   69 4540.798293  4234
   70 462.627694  6832
   71 1115.063850  6524
   72 0.222019 -2711
   73 4391.646089 23238
   74 8701.210227 23525
   75 0.821691 -2177
   76 264.128808 10172
   77 7311.398272 21958
   78 0.566102 -2390
   79 0.628078 -2423
   80 0.162831 -2110
   81 0.350888  3195
   82 0.603090  3101
   83 3918.250012 -3116
   84 1988.240151  7462
   85 102.863215  1250
   86 4815.084684 13695
   87 0.046297 -2810
   88 0.030066 -2668
   89 0.002603 -2119
   90 836.268099 11841
   91 28.726468  3905
   92 1409.371798 26181
   93 356.445743  6201
   94 0.040694 -2630
   95 0.499377 -2801
   96 17703.702000 20258
   97 422.289900 11140
   98 1.342987 -2718
   99 318.938969  7350
  100 0.201811 -3230
  101 467.107996  6709
  102 0.990351 -2544
  103 16848.885372 20824
  104 5134.738836 10814
  105 0.432199 -2651
  106 2948.113039  1080
  107 6529.918768 23377
  108 0.141739 -3192
  109 290.459059  1281
  110 0.183743 -2629
  111 1484.254701 12350
  112 0.070576 -1920
  113 1708.551428 21527
  114 5357.486922 28488
  115 6519.652509 12613
  116 11991.310069 25599
  117 2173.090952  2552
  118 419.355655  4764
  119 5452.552232 11817
  120 143.345428  8720
  121 0.330397   876
  122 7129.581180 21854
  123 0.757021 -1881
  124 353.585140   546
  125 0.734343 -1913
  126 13139.443900 32558
  127 19004.985985 29437
  128 8683.503643 32051
  129 4322.272295 22728
  130 7241.564539 12216
  131 8133.414720 19666
  132 0.493710    74
  133 1.050655 -1966
  134 3399.790040 16240
  135 12839.331531 23404
  136 2113.334788  3066
  137 318.661219  3236
  138 0.449941 -3156
  139 4338.992278 26575
  140 467.260114 30702
  141 3658.992350 23859
  142 0.128513 -2212
  143 12516.583276 15705
  144 4907.591950 14460
  145 3396.333404 16428
  146 17190.352594 26421
  147 2345.230382 10799
  148 0.223922 -2970
  149 12771.240570 30348
  150 1189.234123 14927
  151 0.252743 -2981
  152 1431.967078  4176
  153 7605.981803  3369
  154 0.649607 -3090
  155 0.087743 -2741
  156 27360.747116 26851
  157 3865.489396 29251
  158 2424.031609  5560
  159 0.857950 -1996
  160 4019.399301 13900
  161 7673.121139 29542
  162 21111.074454 23379
  163 1820.795646 18562
  164 1.639298 -2198
  165 0.224856 -2146
  166 623.969901  4587
  167 1749.074251  4200
  168 1.311450 32150
  169 0.392371 -2166
  170 0.093790 -2801
  171 0.479574 -3255
  172 6527.468053 24598
  173 13900.854685 14057
  174 0.259701 -2884
  175 5730.112249 15891
  176 0.242580 -2279
  177 27275.736275 31434
  178 1856.652850 20565
  179 2281.329299 11021
  180 8452.098922 19654
  181 0.098791 31837
  182 1445.790981 13672
  183 163.985486 14952
  184 2097.770289 26785
  185 669.537579  6455
  186 0.630956 -1650
  187 0.383612 -2588
  188 0.072505 -2827
  189 16023.899212 16729
  190 5441.948074 13760
  191 0.129877 -2091
  192 1829.140118 24846
  193 11627.170222 29565
  194 0.765914 -1681
  195 9651.772718 28229
  196 0.160489 -1684
  197 2916.340176 15816
  198 4280.880272 17659
  199 0.632051 -3088
  200 2637.497793  6147
  201 12674.315199 30936
  202 7110.070764 26161
  203 4702.077276  9518
  204 13179.495521 29234
  205 4169.961427 18278
  206 5767.192275 12201
  207 0.729306 -1702
  208 0.201027 -2474
  209 2725.352448 11251
  210 3910.675423 11128
  211 12005.322862 18494
  212 0.480925 -1593
  213 0.083045 -2437
  214 3099.570201 15528
  215 0.508037 -1846
  216 0.514789  1154
  217 1068.128218 15143
  218 7151.333058 -3103
  219 3723.734198 16679
  220 0.076153 -2764
  221 0.594962  1476
  222 16994.552450 19127
  223 329.128965  5680
  224 0.415399  2168
  225 0.219919 -2741
  226 8743.608464 25072
  227 0.167968   460
  228 2217.629827  3095
  229 445.501934  8458
  230 4534.412746 -3242
  231 3513.969317 11398
  232 456.591918   881
  233 2564.927258  1061
  234 0.243843 -1929
  235 9466.164786 17055
  236 7737.186998 31779
  237 6661.899131 25768
  238 4831.720705 14732
  239 16932.300107 -3256
  240 93.264275    35
  241 3205.012617  9045
  242 12804.812563 28477
  243 1752.810072 25507
  244 5564.628961 27680
  245 3959.211933  6344
  246 4873.074923 21407
  247 0.452218 -1812
  248 0.198177 -2751
  249 15324.070287 21608
  250 7022.984335 19993
  251 9237.789631 -3226
  252 0.668077   131
  253 18793.226889 26725
  254 0.228843 -2571
  255 182.157730  4774
  256 0.458165 -2202
  257 0.063075 -2715
  258 7176.203478 11874
  259 0.362986 -2572
  260 0.752725 -2700
  261 2261.505181 15881
  262 0.818818 -2630
  263 113.788354 14536
  264 195.637770  1231
  265 544.054651 13187
  266 7012.306439  7031
  267 0.340693 -2424
  268 2884.020257 12441
  269 0.766930 -2748
  270 38580.249942 27996
  271 1124.275814 20832
  272 0.033130 -2129
  273 208.543013 13008
  274 184.888936  3973
  275 1302.181059  9596
  276 3245.812471 29864
  277 10988.893197  8226
  278 7430.110979  8125
  279 407.659992  1936
  280 1.584751   519
  281 0.504676 -1896
  282 11629.391278 20779
  283 655.510749  5897
  284 0.283593 30295
  285 12479.556966 29243
  286 7514.315024 -3236
  287 7646.166846 13467
  288 0.884572 -2093
  289 0.110592 -1755
  290 3924.974379 15224
  291 12025.490819 16581
  292 8207.418149 16126
  293 1.017208 -2489
  294 2250.183595 12038
  295 4693.345319 14498
  296 0.414279  4174
  297 3123.663557 -3250
  298 0.125029 32570
  299 12082.656513 21172
  300 4699.838821 14979
