300
    1 1049.900512     1
    2 10062.613174 22552
    3 5877.604683 27863
    4 0.134853 -1935
    5 0.386723 -2497
    6 6244.578841 11402
    7 9098.183458  7882
    8 1959.765364  5438
    9 0.807952 -2390
   10 1132.501165  6863
   11 0.008532 -2493
   12 581.797331   525
   13 0.229730 -1620
   14 386.051725 20096
   15 0.451119 -3259
   16 8511.701363 24956
   17 0.137697 -2849
   18 20905.838663 -3232
   19 4167.506556 14573
   20 1.413006 -3083
   21 13969.568488 21823
   22 16259.438598 15275
   23 2288.050229 14868
   24 1.023164 -2447
   25 0.014050  2208
   26 0.163245 -2263
   27 6920.803010 20395
   28 4208.300142 -3111
   29 2286.975578  4613
   30 11241.208368 14985
   31 1049.723021 10343
   32 0.868904 -1984
   33 1568.423951  2104
   34 5534.747914 -2852
   35 11193.836444 17064
   36 26632.349347 21647
   37 1.057582 -2309
   38 488.390573  1257
   39 0.182935 -3064
   40 1167.803380  2568
   41 3177.860047 12082
   42 5800.886330 15949
   43 11366.351990 13544
   44 13155.802900 23714
   45 312.689137 30240
   46 1506.592264 10842
   47 15647.513612 15863
   48 0.179618 -1788
   49 0.502362 -3003
   50 560.928473  1573
   51 1050.067831   828
   52 5448.536179 12746
   53 0.010331   314
   54 3034.366659 23962
   55 1479.354435 23513
   56 0.621284 32017
   57 1637.674051 27528
   58 0.463783 -2540
   59 508.019505 28792
   60 9485.859220 31213
   61 3635.332934 19028
   62 24648.330401 31927
   63 0.339714 31951
   64 41150.654586 26634
   65 1003.095237  8009
   66 1885.483062 18283
   67 12175.925867 14765
   68 17952.207246 27953
   69 5631.572177  4234
   70 4728.869744  6832
   71 4796.433131  6524
   72 1.014309 -2711
   73 8067.841241 23238
   74 726.589355 23525
   75 0.013623 -2177
   76 5436.049632 10172
   77 57.083759 21958
   78 0.626387 -2390
   79 1.441232 -2423
   80 0.864361 -2110
   81 0.299647  3195
   82 0.736456  3101
   83 1711.932436 -3116
   84 3939.961558  7462
   85 530.661959  1250
   86 2303.330783 13695
   87 0.767079 -2810
   88 0.505769 -2668
   89 0.683533 -2119
   90 2631.553448 11841
   91 651.168897  3905
   92 7679.905344 26181
   93 1957.300829  6201
   94 0.663932 -2630
   95 0.213979 -2801
   96 4369.033011 20258
   97 10863.524877 11140
   98 0.253688 -2718
   99 8456.404024  7350
  100 0.237075 -3230
  101 1637.361738  6709
  102 0.448777 -2544
  103 5482.598300 20824
  104 2818.571909 10814
  105 0.565899 -2651
  106 1171.725744  1080
  107 11456.482970 23377
  108 0.100559 -3192
  109 2206.499990  1281
  110 0.324293 -2629
  111 3597.708789 12350
  112 0.577111 -1920
  113 7263.524219 21527
  114 1024.459772 28488
  115 2995.325881 12613
  116 19060.298966 25599
  117 218.031082  2552
  118 405.928706  4764
  119 6409.961643 11817
  120 2891.238517  8720
  121 0.052696   876
  122 14427.460294 21854
  123 0.479626 -1881
  124 620.416179   546
  125 0.068461 -1913
  126 24649.475742 32558
  127 21250.714643 29437
  128 24882.735200 32051
  129 1981.298282 22728
  130 210.456019 12216
  131 3946.376473 19666
  132 0.106078    74
  133 0.001646 -1966
  134 3004.078491 16240
  135 6324.622965 23404
  136 860.728487  3066
  137 30.677061  3236
  138 1.296531 -3156
  139 30364.177013 26575
  140 26506.704316 30702
  141 11334.389989 23859
  142 0.422610 -2212
  143 1556.654821 15705
  144 13616.948730 14460
  145 1475.572601 16428
  146 30238.481759 26421
  147 2067.612156 10799
  148 0.074036 -2970
  149 5986.993560 30348
  150 671.041498 14927
  151 0.098405 -2981
  152 3251.153416  4176
  153 8538.361755  3369
  154 1.003255 -3090
  155 0.164129 -2741
  156 1197.495154 26851
  157 1903.374800 29251
  158 2297.974137  5560
  159 0.046148 -1996
  160 5801.506774 13900
  161 18998.802416 29542
  162 6281.191991 23379
  163 4697.213626 18562
  164 1.262356 -2198
  165 0.411317 -2146
  166 5652.420065  4587
  167 6170.897952  4200
  168 0.643799 32150
  169 1.222058 -2166
  170 0.625474 -2801
  171 0.429956 -3255
  172 18643.381491 24598
  173 1692.587173 14057
  174 0.381012 -2884
  175 11441.719336 15891
  176 0.644441 -2279
  177 4194.450182 31434
  178 4309.530884 20565
  179 158.613828 11021
  180 9247.330060 19654
  181 0.898614 31837
  182 4183.690790 13672
  183 934.780081 14952
  184 3149.049727 26785
  185 512.472662  6455
  186 0.267649 -1650
  187 0.549240 -2588
  188 0.347995 -2827
  189 3958.671494 16729
  190 3679.725226 13760
  191 0.181409 -2091
  192 2753.784212 24846
  193 21141.076490 29565
  194 0.037866 -1681
  195 5616.123980 28229
  196 0.555570 -1684
  197 4384.340169 15816
  198 1135.369760 17659
  199 0.332967 -3088
  200 645.568269  6147
  201 4625.434023 30936
  202 1927.546324 26161
  203 13315.986727  9518
  204 11070.489862 29234
  205 1220.764364 18278
  206 5768.052493 12201
  207 0.034081 -1702
  208 0.854741 -2474
  209 1487.110543 11251
  210 8379.295528 11128
  211 14925.361929 18494
  212 0.190432 -1593
  213 0.236567 -2437
  214 10977.337974 15528
  215 0.859565 -1846
  216 1.253404  1154
  217 1459.455681 15143
  218 20967.774604 -3103
  219 9416.815851 16679
  220 0.403604 -2764
  221 0.031895  1476
  222 14226.153515 19127
  223 1474.345056  5680
  224 0.008634  2168
  225 0.161103 -2741
  226 17670.198809 25072
  227 0.830543   460
  228 1549.139740  3095
  229 6578.227976  8458
  230 10761.453748 -3242
  231 5438.471140 11398
  232 377.497935   881
  233 477.524978  1061
  234 0.676157 -1929
  235 2941.655156 17055
  236 455.206489 31779
  237 5627.355530 25768
  238 12940.884924 14732
  239 5480.624282 -3256
  240 451.573958    35
  241 3640.785411  9045
  242 30523.538301 28477
  243 5266.374422 25507
  244 3652.727482 27680
  245 4889.222975  6344
  246 9721.262036 21407
  247 0.151728 -1812
  248 0.085957 -2751
  249 11609.880310 21608
  250 10471.929492 19993
  251 21896.632485 -3226
  252 0.188430   131
  253 7616.498842 26725
  254 0.498123 -2571
  255 318.372939  4774
  256 0.316347 -2202
  257 0.959604 -2715
  258 5681.179650 11874
  259 0.485458 -2572
  260 0.495566 -2700
  261 912.488179 15881
  262 0.006509 -2630
  263 1753.651116 14536
  264 299.759817  1231
  265 2196.109802 13187
  266 5894.636656  7031
  267 0.719809 -2424
  268 63.505880 12441
  269 0.238192 -2748
  270 10233.896249 27996
  271 13406.362489 20832
  272 0.436270 -2129
  273 10088.299928 13008
  274 401.391316  3973
  275 2467.186929  9596
  276 16567.623864 29864
  277 4557.287527  8226
  278 4634.871570  8125
  279 970.503587  1936
  280 13.329369   519
  281 0.341646 -1896
  282 12524.120904 20779
  283 1108.590381  5897
  284 0.036327 30295
  285 4683.369413 29243
  286 15037.752478 -3236
  287 2189.419924 13467
  288 0.732695 -2093
  289 1.130613 -1755
  290 2463.586339 15224
  291 7226.841769 16581
  292 17895.287221 16126
  293 0.117523 -2489
  294 5122.565100 12038
  295 3734.733929 14498
  296 0.068493  4174
  297 1116.257683 -3250
  298 0.771708 32570
  299 15042.078253 21172
  300 1063.518856 14979
