300
    1 76.344687     1
    2 4330.594023 22552
    3 9622.761674 27863
    4 0.397461 -1935
    5 1.173200 -2497
    6 13674.399266 11402
    7 2941.240174  7882
    8 575.656516  5438
    9 1.033807 -2390
   10 2865.399312  6863
   11 0.278959 -2493
   12 335.697508   525
   13 0.237249 -1620
   14 2238.289052 20096
   15 0.232604 -3259
   16 12083.266925 24956
   17 0.260025 -2849
   18 3014.709496 -3232
   19 11413.959160 14573
   20 0.471475 -3083
   21 4957.734917 21823
   22 10617.516855 15275
   23 10947.947586 14868
   24 0.066871 -2447
   25 0.104568  2208
   26 0.470573 -2263
   27 3604.452240 20395
   28 13480.541295 -3111
   29 3366.624685  4613
   30 5744.825898 14985
   31 4808.384490 10343
   32 0.576246 -1984
   33 779.225459  2104
   34 833.454142 -2852
   35 2492.484117 17064
   36 3932.595370 21647
   37 0.683629 -2309
   38 676.249562  1257
   39 0.784206 -3064
   40 1876.535183  2568
   41 3372.826699 12082
   42 6595.538453 15949
   43 9674.930812 13544
   44 1417.830883 23714
   45 17687.768806 30240
   46 6378.025344 10842
   47 10182.250209 15863
   48 0.159340 -1788
   49 0.211331 -3003
   50 59.162638  1573
   51 868.081613   828
   52 1931.544177 12746
   53 0.329882   314
   54 89.196473 23962
   55 13606.667853 23513
   56 0.725503 32017
   57 17431.039842 27528
   58 0.304039 -2540
   59 31062.428169 28792
   60 16255.671636 31213
   61 6873.227506 19028
   62 15201.244999 31927
   63 0.052415 31951
   64 5829.966916 26634
   65 2901.833501  8009
   66 4847.089952 18283
   67 8961.101092 14765
   68 19998.673371 27953
   69 249.272394  4234
   70 1902.136180  6832
   71 1535.457870  6524
   72 0.129238 -2711
   73 4477.587163 23238
   74 113.012189 23525
   75 0.134703 -2177
   76 5519.251684 10172
   77 3549.216268 21958
   78 1.153101 -2390
   79 0.689752 -2423
   80 0.013033 -2110
   81 0.022024  3195
   82 0.784558  3101
   83 45426.108477 -3116
   84 695.125334  7462
   85 1511.091420  1250
   86 3130.090488 13695
   87 0.705466 -2810
   88 0.942692 -2668
   89 0.249446 -2119
   90 12018.095952 11841
   91 477.765322  3905
   92 3311.401195 26181
   93 1307.347900  6201
   94 0.945643 -2630
   95 0.302468 -2801
   96 2423.408781 20258
   97 1736.771172 11140
   98 0.280584 -2718
   99 9140.540764  7350
  100 0.694321 -3230
  101 2774.617807  6709
  102 0.600649 -2544
  103 863.011545 20824
  104 1335.268323 10814
  105 0.445346 -2651
  106 690.290762  1080
  107 17927.107262 23377
  108 0.190924 -3192
  109 529.525102  1281
  110 0.548759 -2629
  111 3765.631346 12350
  112 0.296987 -1920
  113 20430.622529 21527
  114 2312.905457 28488
  115 4489.008608 12613
  116 14236.903077 25599
  117 445.706812  2552
  118 128.310634  4764
  119 7484.265369 11817
  120 3067.609969  8720
  121 0.446097   876
  122 8604.286324 21854
  123 0.728417 -1881
  124 106.531354   546
  125 0.250632 -1913
  126 11683.283537 32558
  127 1427.601820 29437
  128 1759.434170 32051
  129 20192.735895 22728
  130 656.770028 12216
  131 8384.589882 19666
  132 0.267262    74
  133 0.456624 -1966
  134 10497.430244 16240
  135 10631.435815 23404
  136 2161.187464  3066
  137 1308.610899  3236
  138 0.386108 -3156
  139 33217.062508 26575
  140 6290.136909 30702
  141 9075.641155 23859
  142 0.391875 -2212
  143 509.405980 15705
  144 1323.466118 14460
  145 2997.309444 16428
  146 6625.837273 26421
  147 4810.009186 10799
  148 0.047035 -2970
  149 21828.810909 30348
  150 813.345856 14927
  151 0.308399 -2981
  152 1376.035349  4176
  153 4814.633450  3369
  154 0.215866 -3090
  155 0.455912 -2741
  156 4983.398364 26851
  157 14613.505171 29251
  158 4200.909804  5560
  159 0.038050 -1996
  160 262.619792 13900
  161 19886.415209 29542
  162 17835.595812 23379
  163 10955.407921 18562
  164 0.089485 -2198
  165 0.133040 -2146
  166 275.543664  4587
  167 4172.016540  4200
  168 0.282543 32150
  169 0.399058 -2166
  170 0.119433 -2801
  171 0.437704 -3255
  172 6561.096973 24598
  173 11663.092733 14057
  174 1.326978 -2884
  175 4707.740162 15891
  176 0.947271 -2279
  177 4343.117473 31434
  178 16854.233541 20565
  179 2146.279220 11021
  180 7356.420175 19654
  181 0.130869 31837
  182 1198.099652 13672
  183 4215.049012 14952
  184 17223.371646 26785
  185 552.184549  6455
  186 0.124974 -1650
  187 0.131658 -2588
  188 0.945744 -2827
  189 23640.266474 16729
  190 4182.427624 13760
  191 0.177824 -2091
  192 20004.860611 24846
  193 29604.887835 29565
  194 0.645125 -1681
  195 10780.597301 28229
  196 0.257797 -1684
  197 890.907404 15816
  198 486.635751 17659
  199 0.322007 -3088
  200 159.491350  6147
  201 48596.325614 30936
  202 1660.105062 26161
  203 3610.762269  9518
  204 2793.698795 29234
  205 26.619511 18278
  206 2341.373794 12201
  207 0.283325 -1702
  208 0.264654 -2474
  209 6009.201175 11251
  210 3031.003556 11128
  211 14996.266387 18494
  212 0.296116 -1593
  213 1.213539 -2437
  214 6049.269619 15528
  215 0.053461 -1846
  216 0.697806  1154
  217 2859.791997 15143
  218 1869.376873 -3103
  219 2191.670195 16679
  220 0.172990 -2764
  221 0.081004  1476
  222 4617.234964 19127
  223 2236.103856  5680
  224 0.368173  2168
  225 0.342332 -2741
  226 30717.340507 25072
  227 0.137056   460
  228 2597.883828  3095
  229 5232.455091  8458
  230 16392.365387 -3242
  231 13439.000282 11398
  232 55.305912   881
  233 343.514246  1061
  234 0.573124 -1929
  235 2934.781152 17055
  236 13788.797534 31779
  237 4627.358522 25768
  238 4781.222203 14732
  239 9417.836984 -3256
  240 528.864046    35
  241 35.713787  9045
  242 15273.396646 28477
  243 11378.915019 25507
  244 5989.261853 27680
  245 1023.896701  6344
  246 12073.482638 21407
  247 0.612831 -1812
  248 0.121251 -2751
  249 7654.887740 21608
  250 6850.471017 19993
  251 28129.207987 -3226
  252 0.255672   131
  253 9407.989551 26725
  254 0.377782 -2571
  255 634.680836  4774
  256 0.256890 -2202
  257 0.092642 -2715
  258 2094.112657 11874
  259 0.213769 -2572
  260 0.208692 -2700
  261 9570.896947 15881
  262 0.012880 -2630
  263 6955.944929 14536
  264 557.455271  1231
  265 13252.717944 13187
  266 7186.445751  7031
  267 0.149679 -2424
  268 4890.434767 12441
  269 0.129551 -2748
  270 16411.499507 27996
  271 8206.753160 20832
  272 0.395523 -2129
  273 989.479785 13008
  274 130.728275  3973
  275 1981.815007  9596
  276 3414.303693 29864
  277 3321.231431  8226
  278 979.587522  8125
  279 358.118800  1936
  280 5.987532   519
  281 0.291395 -1896
  282 11359.179596 20779
  283 48.531924  5897
  284 0.302189 30295
  285 3332.750644 29243
  286 30323.998832 -3236
  287 13004.803783 13467
  288 0.145379 -2093
  289 0.015135 -1755
  290 5622.433741 15224
  291 1949.057039 16581
  292 1140.281007 16126
  293 0.129475 -2489
  294 95.507576 12038
  295 998.244105 14498
  296 0.513958  4174
  297 216.874194 -3250
  298 0.541840 32570
  299 3581.007553 21172
  300 8375.363241 14979
