300
    1 377.553843     1
    2 9468.055523 22552
    3 118.677009 27863
    4 0.685780 -1935
    5 0.270373 -2497
    6 8420.089750 11402
    7 764.611883  7882
    8 1680.575768  5438
    9 0.226528 -2390
   10 1243.919744  6863
   11 1.011367 -2493
   12 152.995028   525
   13 0.067530 -1620
   14 1327.904481 20096
   15 0.293920 -3259
   16 3711.350821 24956
   17 0.547379 -2849
   18 7304.257083 -3232
   19 5742.556522 14573
   20 0.826241 -3083
   21 5124.530265 21823
   22 646.625388 15275
   23 1310.589532 14868
   24 0.318223 -2447
   25 0.402677  2208
   26 0.254426 -2263
   27 7425.788455 20395
   28 1552.304386 -3111
   29 114.070957  4613
   30 13600.675202 14985
   31 5019.447767 10343
   32 0.041530 -1984
   33 1329.456181  2104
   34 15459.596405 -2852
   35 8076.699481 17064
   36 8287.956115 21647
   37 0.993826 -2309
   38 1437.376251  1257
   39 0.522192 -3064
   40 3577.932599  2568
   41 178.969803 12082
   42 9428.733548 15949
   43 15824.136235 13544
   44 10737.291401 23714
   45 5766.131710 30240
   46 8130.984306 10842
   47 28258.452773 15863
   48 0.069010 -1788
   49 0.045328 -3003
   50 545.664298  1573
   51 323.057932   828
   52 7125.896682 12746
   53 0.024474   314
   54 6430.356212 23962
   55 19622.710531 23513
   56 0.047286 32017
   57 29265.440288 27528
   58 0.248943 -2540
   59 4802.521679 28792
   60 737.456367 31213
   61 4107.784547 19028
   62 13307.649548 31927
   63 0.005599 31951
   64 6515.564580 26634
   65 762.948840  8009
   66 15735.275035 18283
   67 111.269703 14765
   68 18006.575913 27953
   69 2114.786917  4234
   70 5012.947825  6832
   71 312.828398  6524
   72 0.864683 -2711
   73 17129.593212 23238
   74 9802.394936 23525
   75 0.490426 -2177
   76 8071.592822 10172
   77 12497.147377 21958
   78 0.886949 -2390
   79 0.005558 -2423
   80 0.387157 -2110
   81 0.337339  3195
   82 0.780160  3101
   83 21290.479195 -3116
   84 183.321806  7462
   85 225.179572  1250
   86 5082.645422 13695
   87 0.628830 -2810
   88 0.172323 -2668
   89 0.991890 -2119
   90 4566.565974 11841
   91 1033.157531  3905
   92 15413.556794 26181
   93 2833.096580  6201
   94 0.061614 -2630
   95 0.544197 -2801
   96 9659.383803 20258
   97 19400.066781 11140
   98 0.446912 -2718
   99 7790.671325  7350
  100 0.340814 -3230
  101 2684.066165  6709
  102 0.331424 -2544
  103 16674.577216 20824
  104 596.868582 10814
  105 0.321836 -2651
  106 739.971511  1080
  107 4271.454973 23377
  108 0.320533 -3192
  109 1633.114072  1281
  110 0.226320 -2629
  111 6621.548615 12350
  112 0.162463 -1920
  113 5305.591201 21527
  114 3133.352114 28488
  115 3072.687300 12613
  116 4965.126463 25599
  117 549.799820  2552
  118 263.017218  4764
  119 4127.432955 11817
  120 979.735700  8720
  121 0.289780   876
  122 5964.709383 21854
  123 0.469759 -1881
  124 106.142868   546
  125 0.467540 -1913
  126 7624.186651 32558
  127 15698.682333 29437
  128 7967.182659 32051
  129 12838.998260 22728
  130 1124.183174 12216
  131 7112.370403 19666
  132 0.853797    74
  133 1.050395 -1966
  134 5002.824688 16240
  135 6809.132806 23404
  136 6899.253128  3066
  137 88.787633  3236
  138 0.078152 -3156
  139 2025.466235 26575
  140 12697.173620 30702
  141 6739.955711 23859
  142 0.665801 -2212
  143 271.780596 15705
  144 2291.167639 14460
  145 4794.600703 16428
  146 16968.232249 26421
  147 2319.360297 10799
  148 0.064959 -2970
  149 5186.061961 30348
  150 777.541139 14927
  151 0.177513 -2981
  152 293.520326  4176
  153 11729.393311  3369
  154 0.081610 -3090
  155 0.047233 -2741
  156 16914.193560 26851
  157 3218.595189 29251
  158 2651.964801  5560
  159 0.758974 -1996
  160 5393.366235 13900
  161 7251.085731 29542
  162 22594.648616 23379
  163 5724.079492 18562
  164 1.422447 -2198
  165 0.339677 -2146
  166 5195.145773  4587
  167 3160.665996  4200
  168 0.320902 32150
  169 0.376021 -2166
  170 0.060491 -2801
  171 0.418660 -3255
  172 6375.875246 24598
  173 9422.392865 14057
  174 0.011086 -2884
  175 9808.306839 15891
  176 0.642166 -2279
  177 1934.483852 31434
  178 2119.653535 20565
  179 6304.879553 11021
  180 7853.326885 19654
  181 0.208643 31837
  182 6828.795987 13672
  183 8697.598656 14952
  184 17147.782837 26785
  185 293.130573  6455
  186 0.214920 -1650
  187 0.110612 -2588
  188 0.158943 -2827
  189 18296.377114 16729
  190 2041.950499 13760
  191 0.325489 -2091
  192 6908.488620 24846
  193 26352.869141 29565
  194 0.213713 -1681
  195 13663.029377 28229
  196 0.319059 -1684
  197 10399.730322 15816
  198 1442.683257 17659
  199 0.604668 -3088
  200 1990.797955  6147
  201 13523.386674 30936
  202 17545.576436 26161
  203 2825.321230  9518
  204 24779.606379 29234
  205 2278.182625 18278
  206 3234.061268 12201
  207 0.546013 -1702
  208 0.245513 -2474
  209 625.097616 11251
  210 2906.220387 11128
  211 8653.987366 18494
  212 0.579591 -1593
  213 0.456773 -2437
  214 170.105015 15528
  215 0.073752 -1846
  216 0.078497  1154
  217 14947.715256 15143
  218 9141.086749 -3103
  219 629.307198 16679
  220 0.089816 -2764
  221 0.179725  1476
  222 2253.321977 19127
  223 6.812304  5680
  224 0.135833  2168
  225 0.431569 -2741
  226 26958.048433 25072
  227 0.183015   460
  228 967.045449  3095
  229 3686.805258  8458
  230 25501.938793 -3242
  231 3047.301095 11398
  232 1086.760417   881
  233 115.725494  1061
  234 0.320973 -1929
  235 2265.900536 17055
  236 12542.336121 31779
  237 2228.718262 25768
  238 8879.768843 14732
  239 35318.696547 -3256
  240 151.649487    35
  241 1725.481983  9045
  242 10822.136587 28477
  243 17222.389945 25507
  244 21342.288942 27680
  245 1493.199906  6344
  246 23117.374718 21407
  247 0.315418 -1812
  248 0.769160 -2751
  249 3341.288712 21608
  250 7291.457556 19993
  251 13226.781395 -3226
  252 0.889207   131
  253 540.382345 26725
  254 0.483499 -2571
  255 353.712668  4774
  256 0.094678 -2202
  257 0.052679 -2715
  258 2399.582651 11874
  259 1.216248 -2572
  260 0.556878 -2700
  261 6554.266763 15881
  262 0.657303 -2630
  263 6872.751353 14536
  264 158.233831  1231
  265 2656.010115 13187
  266 5789.853070  7031
  267 0.182738 -2424
  268 7707.244246 12441
  269 0.978187 -2748
  270 9009.922499 27996
  271 8455.433597 20832
  272 0.442559 -2129
  273 12194.616994 13008
  274 928.488050  3973
  275 2136.777278  9596
  276 11591.368279 29864
  277 2391.829582  8226
  278 2492.777233  8125
  279 875.640279  1936
  280 8.240947   519
  281 0.455469 -1896
  282 9415.687558 20779
  283 1342.083634  5897
  284 0.127446 30295
  285 8971.667129 29243
  286 17725.069047 -3236
  287 9478.972304 13467
  288 0.332024 -2093
  289 0.134618 -1755
  290 4676.525120 15224
  291 8200.349489 16581
  292 6718.912642 16126
  293 1.012221 -2489
  294 1012.174331 12038
  295 6470.884845 14498
  296 0.479815  4174
  297 21178.825671 -3250
  298 0.673563 32570
  299 14210.833213 21172
  300 10108.391103 14979
