300
    1 253.013230     1
    2 13996.207626 22552
    3 8288.662564 27863
    4 0.152846 -1935
    5 0.335671 -2497
    6 4486.131618 11402
    7 2003.250875  7882
    8 2518.540825  5438
    9 0.399805 -2390
   10 2180.105710  6863
   11 0.441027 -2493
   12 268.316642   525
   13 0.231715 -1620
   14 1529.672353 20096
   15 0.144107 -3259
   16 9135.011205 24956
   17 1.012304 -2849
   18 9053.029710 -3232
   19 4008.314946 14573
   20 0.011540 -3083
   21 2267.462377 21823
   22 2475.162550 15275
   23 2137.310258 14868
   24 0.035735 -2447
   25 0.433648  2208
   26 0.284956 -2263
   27 11221.151223 20395
   28 10065.523582 -3111
   29 1520.009606  4613
   30 2542.493097 14985
   31 7630.442476 10343
   32 0.199409 -1984
   33 863.023842  2104
   34 246.076884 -2852
   35 13456.325518 17064
   36 2786.484377 21647
   37 0.343417 -2309
   38 718.963612  1257
   39 0.708796 -3064
   40 768.599067  2568
   41 1152.416729 12082
   42 18256.550933 15949
   43 5169.172661 13544
   44 6680.504347 23714
   45 9725.132893 30240
   46 11207.338559 10842
   47 7167.377076 15863
   48 0.146866 -1788
   49 0.622200 -3003
   50 165.933757  1573
   51 4307.783913   828
   52 11874.984479 12746
   53 0.131266   314
   54 6905.597139 23962
   55 7817.362477 23513
   56 0.066382 32017
   57 18891.097482 27528
   58 0.669680 -2540
   59 12774.203899 28792
   60 18786.775083 31213
   61 2162.299154 19028
   62 18665.836057 31927
   63 0.697567 31951
   64 11465.859518 26634
   65 1726.747198  8009
   66 30039.509046 18283
   67 18629.940555 14765
   68 399.617097 27953
   69 126.661949  4234
   70 1163.667323  6832
   71 4744.836545  6524
   72 0.244059 -2711
   73 6946.411157 23238
   74 15903.746592 23525
   75 0.604368 -2177
   76 6489.330693 10172
   77 5456.546017 21958
   78 0.194284 -2390
   79 0.179042 -2423
   80 0.663894 -2110
   81 1.049177  3195
   82 0.315123  3101
   83 18665.375718 -3116
   84 124.745713  7462
   85 299.887540  1250
   86 3754.163249 13695
   87 0.598355 -2810
   88 0.344134 -2668
   89 0.422465 -2119
   90 2019.714921 11841
   91 458.736745  3905
   92 1871.449923 26181
   93 190.108746  6201
   94 0.062925 -2630
   95 1.595198 -2801
   96 563.638851 20258
   97 14538.253278 11140
   98 0.375121 -2718
   99 1490.919646  7350
  100 0.475722 -3230
  101 912.422052  6709
  102 0.659306 -2544
  103 8282.960705 20824
  104 3419.785307 10814
  105 0.014898 -2651
  106 2382.195872  1080
  107 14234.587472 23377
  108 0.245993 -3192
  109 2983.430702  1281
  110 0.586610 -2629
  111 13232.882479 12350
  112 0.002391 -1920
  113 12433.244776 21527
  114 4202.861116 28488
  115 1991.681531 12613
  116 1740.904689 25599
  117 1260.170303  2552
  118 302.265983  4764
  119 3936.338854 11817
  120 334.141785  8720
  121 0.138144   876
  122 3458.758572 21854
  123 0.110202 -1881
  124 1673.480902   546
  125 0.414100 -1913
  126 472.668880 32558
  127 22560.826201 29437
  128 3318.254151 32051
  129 698.196950 22728
  130 11915.609634 12216
  131 17555.756614 19666
  132 0.524280    74
  133 0.259352 -1966
  134 1024.586373 16240
  135 7875.356324 23404
  136 2941.878296  3066
  137 1397.704865  3236
  138 0.308070 -3156
  139 6592.707184 26575
  140 13217.097715 30702
  141 17892.047016 23859
  142 0.704329 -2212
  143 10562.029182 15705
  144 2462.447337 14460
  145 7195.237199 16428
  146 464.059888 26421
  147 2093.424120 10799
  148 1.216871 -2970
  149 17224.984131 30348
  150 8609.952646 14927
  151 0.067764 -2981
  152 257.218679  4176
  153 1836.049390  3369
  154 0.571904 -3090
  155 0.173188 -2741
  156 11578.178934 26851
  157 9144.327722 29251
  158 190.071550  5560
  159 0.795341 -1996
  160 95.927270 13900
  161 6745.077676 29542
  162 921.229372 23379
  163 4598.730545 18562
  164 0.415722 -2198
  165 0.326751 -2146
  166 930.235911  4587
  167 1283.671920  4200
  168 0.107242 32150
  169 0.216429 -2166
  170 0.240647 -2801
  171 0.494223 -3255
  172 6007.413061 24598
  173 13627.979681 14057
  174 0.557229 -2884
  175 2446.984262 15891
  176 0.168935 -2279
  177 18988.610298 31434
  178 10482.408243 20565
  179 6416.847758 11021
  180 2042.663569 19654
  181 0.233431 31837
  182 10778.122939 13672
  183 5934.909897 14952
  184 13061.533406 26785
  185 105.174780  6455
  186 0.672070 -1650
  187 0.317096 -2588
  188 0.520901 -2827
  189 1444.641429 16729
  190 2635.715637 13760
  191 0.744993 -2091
  192 4381.382955 24846
  193 19435.472314 29565
  194 0.353909 -1681
  195 11081.763861 28229
  196 0.379173 -1684
  197 13078.743682 15816
  198 6088.667852 17659
  199 0.694963 -3088
  200 954.162159  6147
  201 11623.289167 30936
  202 8819.707055 26161
  203 2915.703603  9518
  204 5305.563407 29234
  205 5891.933622 18278
  206 3234.811383 12201
  207 0.063106 -1702
  208 0.557450 -2474
  209 457.008697 11251
  210 526.025103 11128
  211 6563.328668 18494
  212 0.001332 -1593
  213 0.965847 -2437
  214 4092.662481 15528
  215 0.466513 -1846
  216 0.155249  1154
  217 4118.502644 15143
  218 3623.832315 -3103
  219 8650.748413 16679
  220 0.497241 -2764
  221 0.011392  1476
  222 14894.589005 19127
  223 794.150274  5680
  224 0.145884  2168
  225 0.081517 -2741
  226 15822.850731 25072
  227 0.804324   460
  228 1447.066533  3095
  229 3487.379334  8458
  230 3277.366551 -3242
  231 15242.880179 11398
  232 431.278585   881
  233 1953.203262  1061
  234 0.981225 -1929
  235 13637.174959 17055
  236 8888.047639 31779
  237 7049.944856 25768
  238 13959.541782 14732
  239 12195.308263 -3256
  240 550.700743    35
  241 1585.204519  9045
  242 10823.398494 28477
  243 11908.303172 25507
  244 12977.834592 27680
  245 2758.780769  6344
  246 18313.944793 21407
  247 0.498529 -1812
  248 0.120172 -2751
  249 10256.759536 21608
  250 10388.379479 19993
  251 6330.970617 -3226
  252 0.503377   131
  253 21863.545483 26725
  254 0.303757 -2571
  255 151.468049  4774
  256 0.045801 -2202
  257 0.318543 -2715
  258 3320.621337 11874
  259 0.248584 -2572
  260 0.598337 -2700
  261 9014.620977 15881
  262 0.911012 -2630
  263 8152.468994 14536
  264 348.730734  1231
  265 707.911802 13187
  266 4.208016  7031
  267 0.587238 -2424
  268 8000.878759 12441
  269 0.470199 -2748
  270 10549.891056 27996
  271 4089.681301 20832
  272 0.308518 -2129
  273 4507.252121 13008
  274 784.674550  3973
  275 1657.488535  9596
  276 31495.986871 29864
  277 1890.445865  8226
  278 2950.915144  8125
  279 30.373855  1936
  280 10.099695   519
  281 1.047321 -1896
  282 3070.239320 20779
  283 2264.445594  5897
  284 0.196157 30295
  285 11510.666826 29243
  286 1266.899922 -3236
  287 7494.211989 13467
  288 0.500991 -2093
  289 0.302811 -1755
  290 9344.806783 15224
  291 10568.976832 16581
  292 11138.644538 16126
  293 0.893113 -2489
  294 11495.426207 12038
  295 245.203207 14498
  296 0.100670  4174
  297 17891.454895 -3250
  298 0.078526 32570
  299 3913.680307 21172
  300 834.482535 14979
