300
    1 294.668012     1
    2 1297.415010 22552
    3 4489.152652 27863
    4 0.086853 -1935
    5 0.346376 -2497
    6 7059.965404 11402
    7 2107.448838  7882
    8 108.167005  5438
    9 0.601663 -2390
   10 1942.776192  6863
   11 0.501221 -2493
   12 612.749349   525
   13 0.823788 -1620
   14 1919.903962 20096
   15 0.017284 -3259
   16 4923.500077 24956
   17 0.539539 -2849
   18 46410.700519 -3232
   19 5028.162273 14573
   20 0.178390 -3083
   21 6227.908144 21823
   22 13734.171197 15275
   23 9551.288813 14868
   24 0.178821 -2447
   25 0.563974  2208
   26 0.086107 -2263
   27 6769.141094 20395
   28 74.264274 -3111
   29 400.794322  4613
   30 3376.418618 14985
   31 4228.613955 10343
   32 0.151570 -1984
   33 1776.105185  2104
   34 9028.267068 -2852
   35 6315.512280 17064
   36 19465.407104 21647
   37 0.538806 -2309
   38 1572.447395  1257
   39 0.151828 -3064
   40 1193.701321  2568
   41 605.421109 12082
   42 4556.575609 15949
   43 1279.664945 13544
   44 9965.592389 23714
   45 16195.647971 30240
   46 7620.060355 10842
   47 2859.652819 15863
   48 0.551062 -1788
   49 0.297228 -3003
   50 398.038767  1573
   51 373.255074   828
   52 5017.353453 12746
   53 0.539008   314
   54 1871.750009 23962
   55 21601.399228 23513
   56 0.409978 32017
   57 11007.148296 27528
   58 0.136364 -2540
   59 9415.316379 28792
   60 4933.955634 31213
   61 4752.141167 19028
   62 14821.245337 31927
   63 0.136625 31951
   64 1176.595736 26634
   65 3678.356175  8009
   66 4764.956773 18283
   67 237.220782 14765
   68 3680.774696 27953
   69 1793.463172  4234
   70 385.252415  6832
   71 5576.923891  6524
   72 0.667021 -2711
   73 3219.707796 23238
   74 20967.367079 23525
   75 0.439226 -2177
   76 2069.056096 10172
   77 10128.520780 21958
   78 0.155437 -2390
   79 0.082455 -2423
   80 1.189286 -2110
   81 0.794892  3195
   82 0.116470  3101
   83 1234.546253 -3116
   84 1920.972022  7462
   85 2879.972012  1250
   86 5401.965656 13695
   87 0.553114 -2810
   88 0.416959 -2668
   89 0.283277 -2119
   90 2561.108633 11841
   91 141.289426  3905
   92 5485.692004 26181
   93 6289.537285  6201
   94 0.067323 -2630
   95 0.247714 -2801
   96 1696.630689 20258
   97 6614.314061 11140
   98 0.659226 -2718
   99 7081.635100  7350
  100 0.418066 -3230
  101 261.475905  6709
  102 0.281637 -2544
  103 21275.655363 20824
  104 588.024734 10814
  105 0.919498 -2651
  106 985.112182  1080
  107 1843.334811 23377
  108 0.171721 -3192
  109 1282.515180  1281
  110 0.421750 -2629
  111 11308.620315 12350
  112 0.524548 -1920
  113 460.090794 21527
  114 10648.788017 28488
  115 10080.124434 12613
  116 1112.012786 25599
  117 197.956422  2552
  118 60.411306  4764
  119 4294.005089 11817
  120 7120.648219  8720
  121 0.191208   876
  122 3934.887011 21854
  123 0.190024 -1881
  124 3539.228945   546
  125 0.587439 -1913
  126 14125.867975 32558
  127 936.001293 29437
  128 2573.478646 32051
  129 630.960934 22728
  130 2598.134258 12216
  131 2470.810389 19666
  132 0.193342    74
  133 0.098438 -1966
  134 597.717414 16240
  135 4963.484997 23404
  136 3322.742372  3066
  137 121.695297  3236
  138 0.742674 -3156
  139 34901.412560 26575
  140 11809.954753 30702
  141 2150.078809 23859
  142 0.227089 -2212
  143 1519.619860 15705
  144 17.562827 14460
  145 16352.367631 16428
  146 7605.902462 26421
  147 5920.339372 10799
  148 0.944412 -2970
  149 7170.001577 30348
  150 10917.982256 14927
  151 0.375814 -2981
  152 3790.980660  4176
  153 1852.840405  3369
  154 0.956582 -3090
  155 0.714159 -2741
  156 9076.561234 26851
  157 1182.060325 29251
  158 448.212521  5560
  159 0.173941 -1996
  160 665.331225 13900
  161 17639.904314 29542
  162 10955.870335 23379
  163 7913.631145 18562
  164 0.124725 -2198
  165 0.318657 -2146
  166 1747.352233  4587
  167 1386.189856  4200
  168 0.468187 32150
  169 0.932033 -2166
  170 0.896098 -2801
  171 0.896151 -3255
  172 325.406357 24598
  173 5596.758701 14057
  174 1.400264 -2884
  175 19995.682522 15891
  176 0.299824 -2279
  177 10045.634801 31434
  178 2708.631438 20565
  179 2135.209691 11021
  180 11610.247597 19654
  181 0.465999 31837
  182 456.125907 13672
  183 11447.914467 14952
  184 4070.467912 26785
  185 2048.423381  6455
  186 0.734417 -1650
  187 0.601022 -2588
  188 0.078367 -2827
  189 12791.539264 16729
  190 7087.467797 13760
  191 0.407999 -2091
  192 3725.103722 24846
  193 15346.295618 29565
  194 0.182872 -1681
  195 2406.950233 28229
  196 0.273626 -1684
  197 1749.456214 15816
  198 7454.759977 17659
  199 0.738873 -3088
  200 1319.776466  6147
  201 4929.127311 30936
  202 27088.214368 26161
  203 3465.861574  9518
  204 8402.247106 29234
  205 2673.984065 18278
  206 1591.412907 12201
  207 0.111192 -1702
  208 0.122463 -2474
  209 9557.399617 11251
  210 3496.001956 11128
  211 315.536739 18494
  212 0.302860 -1593
  213 0.102575 -2437
  214 5635.333227 15528
  215 0.268433 -1846
  216 0.435934  1154
  217 19.518575 15143
  218 25253.902459 -3103
  219 13574.357756 16679
  220 0.980369 -2764
  221 0.751558  1476
  222 2430.921393 19127
  223 1752.905304  5680
  224 0.229810  2168
  225 0.166520 -2741
  226 16137.118662 25072
  227 0.162125   460
  228 716.775699  3095
  229 3972.300539  8458
  230 18555.067262 -3242
  231 761.608191 11398
  232 35.738849   881
  233 334.957922  1061
  234 0.182609 -1929
  235 15293.812727 17055
  236 1115.424710 31779
  237 2606.052711 25768
  238 2229.417674 14732
  239 14901.878405 -3256
  240 132.796492    35
  241 3588.187382  9045
  242 14944.605774 28477
  243 11790.905214 25507
  244 23240.127270 27680
  245 1744.214487  6344
  246 12823.922728 21407
  247 0.273126 -1812
  248 0.233536 -2751
  249 5388.696793 21608
  250 2977.354962 19993
  251 3199.699901 -3226
  252 0.093468   131
  253 27468.698099 26725
  254 0.342296 -2571
  255 269.654517  4774
  256 1.116871 -2202
  257 0.346699 -2715
  258 10861.533350 11874
  259 0.671787 -2572
  260 0.493556 -2700
  261 3038.978328 15881
  262 0.185071 -2630
  263 16252.345075 14536
  264 1844.342084  1231
  265 7934.004039 13187
  266 5050.449446  7031
  267 0.072188 -2424
  268 11649.516300 12441
  269 0.242720 -2748
  270 2220.385852 27996
  271 888.302108 20832
  272 0.083780 -2129
  273 18801.751251 13008
  274 2357.514622  3973
  275 7079.480504  9596
  276 8670.585070 29864
  277 5630.843305  8226
  278 1752.434324  8125
  279 95.390214  1936
  280 7.891443   519
  281 0.477271 -1896
  282 4117.548860 20779
  283 275.123429  5897
  284 0.281241 30295
  285 9065.504153 29243
  286 21926.781695 -3236
  287 2473.105821 13467
  288 0.555475 -2093
  289 0.032225 -1755
  290 85.554821 15224
  291 4940.169684 16581
  292 7906.741165 16126
  293 0.094799 -2489
  294 933.234493 12038
  295 1506.587532 14498
  296 0.120429  4174
  297 3710.775599 -3250
  298 0.138444 32570
  299 9383.085301 21172
  300 3406.139586 14979
