300
    1 551.743000     1
    2 113.132987 22552
    3 22225.171733 27863
    4 0.098266 -1935
    5 0.443698 -2497
    6 703.410138 11402
    7 854.787551  7882
    8 4302.641571  5438
    9 0.061188 -2390
   10 1803.201284  6863
   11 0.080941 -2493
   12 71.800061   525
   13 0.895548 -1620
   14 5057.367712 20096
   15 0.405480 -3259
   16 16425.415023 24956
   17 0.076297 -2849
   18 15753.776853 -3232
   19 1480.379555 14573
   20 0.000434 -3083
   21 3577.696062 21823
   22 9256.885905 15275
   23 4189.212164 14868
   24 0.522765 -2447
   25 0.164496  2208
   26 0.659134 -2263
   27 4021.404831 20395
   28 5407.280823 -3111
   29 3226.059685  4613
   30 8815.038691 14985
   31 9344.227639 10343
   32 0.067372 -1984
   33 3586.318925  2104
   34 20379.003954 -2852
   35 8238.915917 17064
   36 21785.391752 21647
   37 0.241201 -2309
   38 20.123502  1257
   39 0.124965 -3064
   40 191.775505  2568
   41 2011.386284 12082
   42 11229.115623 15949
   43 6312.775378 13544
   44 5599.587846 23714
   45 16278.325848 30240
   46 8611.664553 10842
   47 15249.041879 15863
   48 0.412184 -1788
   49 0.071880 -3003
   50 895.053729  1573
   51 1526.830384   828
   52 428.964700 12746
   53 0.777581   314
   54 14092.167459 23962
   55 12362.278487 23513
   56 0.518375 32017
   57 27259.335187 27528
   58 0.016712 -2540
   59 19190.793385 28792
   60 3755.512737 31213
   61 4824.914291 19028
   62 21921.147609 31927
   63 0.212667 31951
   64 33085.388982 26634
   65 606.622688  8009
   66 10214.895446 18283
   67 15192.141478 14765
   68 12803.533090 27953
   69 4014.603478  4234
   70 3074.460081  6832
   71 5871.144677  6524
   72 0.029719 -2711
   73 14743.806310 23238
   74 10670.233908 23525
   75 0.191323 -2177
   76 1555.010638 10172
   77 6633.563784 21958
   78 0.045062 -2390
   79 0.009839 -2423
   80 0.444850 -2110
   81 0.123296  3195
   82 0.616755  3101
   83 5708.815018 -3116
   84 7581.405868  7462
   85 2196.360318  1250
   86 9150.701330 13695
   87 0.349518 -2810
   88 0.197312 -2668
   89 0.682107 -2119
   90 1043.391292 11841
   91 1406.128030  3905
   92 6900.454443 26181
   93 2156.279346  6201
   94 0.586761 -2630
   95 0.110825 -2801
   96 7851.563042 20258
   97 445.590420 11140
   98 0.329889 -2718
   99 909.203250  7350
  100 0.312728 -3230
  101 688.455371  6709
  102 0.529115 -2544
  103 19458.730549 20824
  104 353.611237 10814
  105 0.624686 -2651
  106 1008.921502  1080
  107 12247.813295 23377
  108 0.527063 -3192
  109 2227.747629  1281
  110 0.205866 -2629
  111 4670.306102 12350
  112 0.304512 -1920
  113 14329.550832 21527
  114 18189.221187 28488
  115 3644.903794 12613
  116 26068.332564 25599
  117 3387.134426  2552
  118 407.695163  4764
  119 4895.891435 11817
  120 3935.672814  8720
  121 0.167192   876
  122 5721.000933 21854
  123 0.302039 -1881
  124 151.463536   546
  125 0.461392 -1913
  126 25167.959806 32558
  127 19602.926373 29437
  128 4532.749738 32051
  129 2045.834666 22728
  130 3271.458291 12216
  131 3836.313538 19666
  132 0.834895    74
  133 0.158801 -1966
  134 20043.843589 16240
  135 9557.912773 23404
  136 251.044343  3066
  137 925.629024  3236
  138 0.224714 -3156
  139 18910.251282 26575
  140 14503.420253 30702
  141 7098.453258 23859
  142 0.218439 -2212
  143 2785.543165 15705
  144 6051.755433 14460
  145 4804.449743 16428
  146 3804.171663 26421
  147 130.381311 10799
  148 0.336021 -2970
  149 8168.244814 30348
  150 1144.688905 14927
  151 0.333575 -2981
  152 4460.217330  4176
  153 4043.233373  3369
  154 0.401913 -3090
  155 0.800324 -2741
  156 4990.172939 26851
  157 14080.214823 29251
  158 2355.495221  5560
  159 0.190702 -1996
  160 9334.133144 13900
  161 9537.421210 29542
  162 205.252238 23379
  163 583.418256 18562
  164 0.632693 -2198
  165 0.173482 -2146
  166 3577.416104  4587
  167 58.072384  4200
  168 0.335851 32150
  169 0.198572 -2166
  170 0.097460 -2801
  171 0.179805 -3255
  172 13155.310977 24598
  173 13084.801685 14057
  174 0.027212 -2884
  175 4996.333499 15891
  176 0.380750 -2279
  177 14210.738401 31434
  178 4474.889641 20565
  179 6832.324626 11021
  180 8710.012553 19654
  181 0.136941 31837
  182 3999.114717 13672
  183 883.241386 14952
  184 4282.042041 26785
  185 459.549999  6455
  186 0.572040 -1650
  187 0.159051 -2588
  188 0.749994 -2827
  189 29955.034035 16729
  190 9245.514965 13760
  191 0.229744 -2091
  192 20837.230703 24846
  193 14855.566797 29565
  194 0.798858 -1681
  195 596.757237 28229
  196 0.013823 -1684
  197 3850.333848 15816
  198 3876.964524 17659
  199 0.424789 -3088
  200 2270.531934  6147
  201 18972.818206 30936
  202 3993.939937 26161
  203 3256.635781  9518
  204 9349.401502 29234
  205 933.022928 18278
  206 858.094133 12201
  207 0.316817 -1702
  208 0.335485 -2474
  209 554.883908 11251
  210 760.685332 11128
  211 11062.426700 18494
  212 0.153628 -1593
  213 0.344295 -2437
  214 11519.322860 15528
  215 0.259533 -1846
  216 1.272763  1154
  217 12462.476365 15143
  218 33964.838968 -3103
  219 5451.322972 16679
  220 0.625159 -2764
  221 0.284154  1476
  222 678.475291 19127
  223 3073.788402  5680
  224 0.117284  2168
  225 0.421112 -2741
  226 16889.097562 25072
  227 0.728133   460
  228 1577.014997  3095
  229 7303.010968  8458
  230 9160.743243 -3242
  231 3067.358794 11398
  232 1111.815509   881
  233 188.845035  1061
  234 0.130514 -1929
  235 18098.797412 17055
  236 43197.584793 31779
  237 5083.765649 25768
  238 11231.738795 14732
  239 33128.254192 -3256
  240 35.739151    35
  241 780.316521  9045
  242 15108.528170 28477
  243 14259.760309 25507
  244 3850.425334 27680
  245 827.895019  6344
  246 3987.127304 21407
  247 0.471280 -1812
  248 0.131529 -2751
  249 4904.939254 21608
  250 1205.683922 19993
  251 2269.124843 -3226
  252 0.523724   131
  253 20185.929249 26725
  254 0.561214 -2571
  255 236.572428  4774
  256 0.403590 -2202
  257 0.632390 -2715
  258 1100.846831 11874
  259 0.299145 -2572
  260 0.354340 -2700
  261 14920.507278 15881
  262 0.389908 -2630
  263 1890.171977 14536
  264 433.888702  1231
  265 5191.346501 13187
  266 2782.159814  7031
  267 0.865960 -2424
  268 5920.817608 12441
  269 0.620240 -2748
  270 8397.594206 27996
  271 10246.807372 20832
  272 0.288721 -2129
  273 9605.217071 13008
  274 133.853516  3973
  275 2719.567504  9596
  276 10148.080122 29864
  277 1441.720213  8226
  278 2583.157092  8125
  279 4.829066  1936
  280 9.965881   519
  281 0.222559 -1896
  282 11646.622387 20779
  283 537.778304  5897
  284 0.173886 30295
  285 3615.054245 29243
  286 14065.833740 -3236
  287 1995.843034 13467
  288 0.835923 -2093
  289 1.216102 -1755
  290 93.198669 15224
  291 6548.584734 16581
  292 12566.773159 16126
  293 0.312368 -2489
  294 9212.137269 12038
  295 334.398822 14498
  296 0.289481  4174
  297 949.392457 -3250
  298 0.692023 32570
  299 894.444124 21172
  300 5443.892404 14979
