300
    1 171.693801     1
    2 12607.917322 22552
    3 9769.606235 27863
    4 0.075185 -1935
    5 0.587713 -2497
    6 4179.655972 11402
    7 441.314514  7882
    8 4351.866342  5438
    9 0.125163 -2390
   10 1725.007285  6863
   11 0.697308 -2493
   12 108.492987   525
   13 0.972601 -1620
   14 24126.700424 20096
   15 0.268490 -3259
   16 1811.062847 24956
   17 0.337490 -2849
   18 5736.144510 -3232
   19 2555.422405 14573
   20 0.445436 -3083
   21 21840.963187 21823
   22 4703.724728 15275
   23 8954.439714 14868
   24 0.243271 -2447
   25 0.305108  2208
   26 0.248877 -2263
   27 2764.139247 20395
   28 6869.968652 -3111
   29 3020.933378  4613
   30 1021.853826 14985
   31 2059.618795 10343
   32 1.267206 -1984
   33 2076.629814  2104
   34 31257.609136 -2852
   35 2436.757925 17064
   36 121.246367 21647
   37 0.323326 -2309
   38 199.556118  1257
   39 0.003064 -3064
   40 1904.172540  2568
   41 839.626236 12082
   42 8157.616036 15949
   43 455.747899 13544
   44 18728.961897 23714
   45 14008.398788 30240
   46 5751.848983 10842
   47 806.760425 15863
   48 0.382149 -1788
   49 0.413134 -3003
   50 96.013355  1573
   51 807.145909   828
   52 226.123298 12746
   53 0.381807   314
   54 17454.878660 23962
   55 20499.043357 23513
   56 1.185631 32017
   57 6823.312893 27528
   58 0.592641 -2540
   59 20945.505107 28792
   60 4658.101384 31213
   61 6303.214684 19028
   62 13637.564428 31927
   63 0.257517 31951
   64 7688.398944 26634
   65 5442.489725  8009
   66 6911.591759 18283
   67 6264.764546 14765
   68 15303.746437 27953
   69 2958.165882  4234
   70 939.337449  6832
   71 1011.340565  6524
   72 0.263933 -2711
   73 6382.536281 23238
   74 4664.851147 23525
   75 0.507957 -2177
   76 13706.118917 10172
   77 7960.685658 21958
   78 0.330098 -2390
   79 0.180338 -2423
   80 0.296977 -2110
   81 0.099520  3195
   82 0.122860  3101
   83 7439.696445 -3116
   84 2848.364152  7462
   85 3442.233036  1250
   86 6663.392220 13695
   87 0.232435 -2810
   88 0.145931 -2668
   89 0.303132 -2119
   90 1891.872512 11841
   91 1199.315961  3905
   92 22480.008035 26181
   93 221.308789  6201
   94 0.525230 -2630
   95 1.208215 -2801
   96 7721.212949 20258
   97 6397.575316 11140
   98 0.278410 -2718
   99 13366.370257  7350
  100 0.343870 -3230
  101 257.486053  6709
  102 1.051215 -2544
  103 5954.384373 20824
  104 493.410161 10814
  105 0.188534 -2651
  106 251.433455  1080
  107 9119.604180 23377
  108 0.286707 -3192
  109 719.548665  1281
  110 0.325885 -2629
  111 6131.109102 12350
  112 0.861394 -1920
  113 12153.190133 21527
  114 3552.414748 28488
  115 11001.612173 12613
  116 23744.803716 25599
  117 742.841225  2552
  118 150.487607  4764
  119 12162.703466 11817
  120 2843.452945  8720
  121 0.325217   876
  122 12541.867969 21854
  123 0.259211 -1881
  124 1265.115751   546
  125 0.613011 -1913
  126 6168.801754 32558
  127 10230.756014 29437
  128 20644.136530 32051
  129 15661.390413 22728
  130 178.545376 12216
  131 12716.894107 19666
  132 0.733477    74
  133 0.618816 -1966
  134 4130.298978 16240
  135 24348.993923 23404
  136 2181.040806  3066
  137 808.854381  3236
  138 0.482782 -3156
  139 16883.922983 26575
  140 3522.256355 30702
  141 5268.436945 23859
  142 0.396309 -2212
  143 5770.277296 15705
  144 874.370429 14460
  145 437.904394 16428
  146 1376.259203 26421
  147 4106.128278 10799
  148 0.246181 -2970
  149 23542.922925 30348
  150 16173.238116 14927
  151 0.286163 -2981
  152 3038.105006  4176
  153 1702.784222  3369
  154 0.328868 -3090
  155 0.149019 -2741
  156 2017.555125 26851
  157 12864.598295 29251
  158 1738.773586  5560
  159 1.023208 -1996
  160 2753.909061 13900
  161 20057.761958 29542
  162 8009.016335 23379
  163 515.806081 18562
  164 0.024601 -2198
  165 0.490512 -2146
  166 380.052407  4587
  167 2604.881777  4200
  168 0.236039 32150
  169 1.325699 -2166
  170 0.173286 -2801
  171 0.468080 -3255
  172 5414.859069 24598
  173 1488.843345 14057
  174 0.480018 -2884
  175 11556.177676 15891
  176 0.451722 -2279
  177 3794.199551 31434
  178 1140.946016 20565
  179 1602.945881 11021
  180 9621.946716 19654
  181 0.504945 31837
  182 5549.551929 13672
  183 16095.843202 14952
  184 1080.963312 26785
  185 1502.976534  6455
  186 0.474364 -1650
  187 0.402977 -2588
  188 0.479889 -2827
  189 4902.767827 16729
  190 3911.381545 13760
  191 0.090286 -2091
  192 19964.856569 24846
  193 4089.751892 29565
  194 0.158305 -1681
  195 20799.089356 28229
  196 0.012174 -1684
  197 15023.756193 15816
  198 4001.654456 17659
  199 0.624067 -3088
  200 4755.502891  6147
  201 5290.554796 30936
  202 3331.809548 26161
  203 2999.002572  9518
  204 4210.579090 29234
  205 8024.515241 18278
  206 1334.481840 12201
  207 0.189035 -1702
  208 0.051884 -2474
  209 5173.139811 11251
  210 7475.231305 11128
  211 52.759995 18494
  212 0.714073 -1593
  213 0.721345 -2437
  214 7853.391124 15528
  215 0.435076 -1846
  216 0.655903  1154
  217 3731.363372 15143
  218 15423.238969 -3103
  219 3642.728372 16679
  220 0.613054 -2764
  221 0.515734  1476
  222 16829.329899 19127
  223 3781.151866  5680
  224 0.424003  2168
  225 0.055578 -2741
  226 15767.249290 25072
  227 0.795646   460
  228 4635.278964  3095
  229 4291.241419  8458
  230 8440.276515 -3242
  231 5988.075712 11398
  232 8.837326   881
  233 1164.416139  1061
  234 1.010965 -1929
  235 2735.981428 17055
  236 14156.041980 31779
  237 14122.417753 25768
  238 3768.557605 14732
  239 8865.667700 -3256
  240 521.524498    35
  241 5816.933178  9045
  242 2109.589198 28477
  243 3197.928666 25507
  244 3069.098253 27680
  245 4201.363240  6344
  246 4420.745370 21407
  247 0.954775 -1812
  248 0.410385 -2751
  249 13051.544461 21608
  250 7747.598491 19993
  251 26882.601335 -3226
  252 0.232492   131
  253 9141.804671 26725
  254 0.351181 -2571
  255 42.790698  4774
  256 0.037833 -2202
  257 0.748197 -2715
  258 3426.846243 11874
  259 0.491112 -2572
  260 0.267058 -2700
  261 7316.679340 15881
  262 0.074047 -2630
  263 5666.854576 14536
  264 1202.716759  1231
  265 614.582653 13187
  266 3034.982333  7031
  267 0.577581 -2424
  268 3296.258301 12441
  269 0.332297 -2748
  270 3452.152010 27996
  271 1136.907804 20832
  272 0.153358 -2129
  273 2760.336168 13008
  274 2300.101769  3973
  275 309.144702  9596
  276 45.447294 29864
  277 3941.018460  8226
  278 1187.736810  8125
  279 262.792355  1936
  280 5.848318   519
  281 0.349378 -1896
  282 333.295448 20779
  283 904.063831  5897
  284 0.006905 30295
  285 18990.967099 29243
  286 34359.925415 -3236
  287 704.991106 13467
  288 0.605788 -2093
  289 0.750706 -1755
  290 7386.169469 15224
  291 5290.291667 16581
  292 507.663866 16126
  293 0.386958 -2489
  294 4459.743152 12038
  295 2601.462243 14498
  296 0.037823  4174
  297 14771.703992 -3250
  298 0.778840 32570
  299 4949.513414 21172
  300 14829.871962 14979
