300
    1 69.219318     1
    2 21040.963396 22552
    3 1774.056091 27863
    4 0.943380 -1935
    5 0.466739 -2497
    6 8805.222176 11402
    7 1091.447618  7882
    8 2559.432749  5438
    9 0.287805 -2390
   10 11.298491  6863
   11 0.625413 -2493
   12 58.410481   525
   13 0.188832 -1620
   14 586.459251 20096
   15 0.060402 -3259
   16 565.921473 24956
   17 0.153747 -2849
   18 4470.969771 -3232
   19 10959.211297 14573
   20 0.032904 -3083
   21 1272.289729 21823
   22 4842.681613 15275
   23 14191.800731 14868
   24 0.646491 -2447
   25 0.433296  2208
   26 0.323511 -2263
   27 454.526260 20395
   28 24979.292415 -3111
   29 954.637267  4613
   30 65.276494 14985
   31 7980.095685 10343
   32 0.118917 -1984
   33 4365.969340  2104
   34 26475.120799 -2852
   35 2794.824872 17064
   36 22288.542646 21647
   37 0.238732 -2309
   38 910.221116  1257
   39 0.543271 -3064
   40 2009.365666  2568
   41 401.772943 12082
   42 5817.250498 15949
   43 646.274786 13544
   44 19975.193227 23714
   45 13696.861825 30240
   46 7181.274648 10842
   47 7300.804133 15863
   48 0.596641 -1788
   49 1.713234 -3003
   50 904.760021  1573
   51 1726.360497   828
   52 10591.557889 12746
   53 0.510795   314
   54 10217.012211 23962
   55 14273.340958 23513
   56 0.217619 32017
   57 929.074986 27528
   58 0.133006 -2540
   59 19599.749459 28792
   60 10991.224244 31213
   61 5376.562471 19028
   62 15457.996041 31927
   63 0.158929 31951
   64 7527.731820 26634
   65 4834.552818  8009
   66 21883.558986 18283
   67 1168.982203 14765
   68 428.577797 27953
   69 1632.569715  4234
   70 1529.762270  6832
   71 3860.141835  6524
   72 0.326557 -2711
   73 10775.084439 23238
   74 8597.359524 23525
   75 0.037165 -2177
   76 2809.368492 10172
   77 9139.175265 21958
   78 0.724438 -2390
   79 0.548504 -2423
   80 0.292379 -2110
   81 0.788473  3195
   82 0.022128  3101
   83 25906.827814 -3116
   84 426.065393  7462
   85 394.749155  1250
   86 920.045109 13695
   87 0.476725 -2810
   88 0.426023 -2668
   89 0.240061 -2119
   90 1828.624033 11841
   91 1790.893866  3905
   92 17326.392253 26181
   93 452.938751  6201
   94 0.360224 -2630
   95 0.511959 -2801
   96 12108.535678 20258
   97 2729.984279 11140
   98 0.463234 -2718
   99 3960.840955  7350
  100 0.610239 -3230
  101 3298.164605  6709
  102 0.046602 -2544
  103 2207.562874 20824
  104 4253.829218 10814
  105 0.741955 -2651
  106 770.950455  1080
  107 1411.727076 23377
  108 0.172346 -3192
  109 416.159242  1281
  110 0.761135 -2629
  111 4637.587991 12350
  112 0.695470 -1920
  113 2916.787481 21527
  114 8468.644758 28488
  115 9069.283010 12613
  116 5825.879305 25599
  117 1066.154520  2552
  118 211.172249  4764
  119 626.264133 11817
  120 6677.250524  8720
  121 0.212055   876
  122 6364.742301 21854
  123 0.051585 -1881
  124 1139.728884   546
  125 0.205199 -1913
  126 15500.123000 32558
  127 8685.597110 29437
  128 24716.076472 32051
  129 8055.786267 22728
  130 4336.293598 12216
  131 1936.025883 19666
  132 0.267454    74
  133 0.417943 -1966
  134 1491.236890 16240
  135 13287.410470 23404
  136 6049.698247  3066
  137 1007.272590  3236
  138 0.287926 -3156
  139 19679.685420 26575
  140 24984.440404 30702
  141 292.333736 23859
  142 0.179663 -2212
  143 1691.391530 15705
  144 1165.925675 14460
  145 7510.031531 16428
  146 13524.572743 26421
  147 2960.992374 10799
  148 0.904266 -2970
  149 184.656715 30348
  150 5769.766079 14927
  151 0.353656 -2981
  152 568.190053  4176
  153 4231.604799  3369
  154 0.472799 -3090
  155 0.439008 -2741
  156 6093.509796 26851
  157 15416.540878 29251
  158 4362.326082  5560
  159 0.278923 -1996
  160 2155.890470 13900
  161 6578.955833 29542
  162 263.738055 23379
  163 6662.144248 18562
  164 0.475577 -2198
  165 0.433574 -2146
  166 2407.111896  4587
  167 1793.687988  4200
  168 0.934833 32150
  169 0.687107 -2166
  170 1.386833 -2801
  171 0.388303 -3255
  172 2879.652074 24598
  173 6182.482092 14057
  174 0.232722 -2884
  175 1978.075160 15891
  176 0.092118 -2279
  177 11153.973987 31434
  178 1588.723300 20565
  179 2370.070727 11021
  180 904.565122 19654
  181 0.722996 31837
  182 3422.153829 13672
  183 1978.947368 14952
  184 11623.802036 26785
  185 203.613388  6455
  186 0.167081 -1650
  187 0.249485 -2588
  188 0.082160 -2827
  189 1857.183540 16729
  190 1531.778803 13760
  191 1.342217 -2091
  192 20686.716778 24846
  193 5574.043169 29565
  194 0.041804 -1681
  195 13547.367088 28229
  196 0.425134 -1684
  197 3098.863935 15816
  198 11064.347392 17659
  199 0.479518 -3088
  200 1803.690178  6147
  201 3658.825156 30936
  202 9581.051242 26161
  203 10013.846859  9518
  204 8401.069252 29234
  205 10161.715125 18278
  206 925.959744 12201
  207 0.364036 -1702
  208 0.383753 -2474
  209 2287.481285 11251
  210 6085.410752 11128
  211 10888.701971 18494
  212 0.365153 -1593
  213 0.000420 -2437
  214 9801.857310 15528
  215 0.077953 -1846
  216 0.184753  1154
  217 11646.859039 15143
  218 8442.911900 -3103
  219 5188.073189 16679
  220 1.016300 -2764
  221 0.069195  1476
  222 15428.182154 19127
  223 5031.567800  5680
  224 0.363944  2168
  225 0.122162 -2741
  226 15456.566810 25072
  227 0.680428   460
  228 1094.554107  3095
  229 3124.314398  8458
  230 16206.001335 -3242
  231 5360.301499 11398
  232 1724.914675   881
  233 1608.187347  1061
  234 0.364794 -1929
  235 3923.440318 17055
  236 14801.212559 31779
  237 14686.280510 25768
  238 1793.043395 14732
  239 20430.617474 -3256
  240 240.457952    35
  241 164.331209  9045
  242 9183.591247 28477
  243 710.636442 25507
  244 841.177975 27680
  245 2175.355585  6344
  246 7642.424392 21407
  247 0.098924 -1812
  248 0.971223 -2751
  249 38864.474635 21608
  250 15415.406549 19993
  251 24615.440680 -3226
  252 0.229191   131
  253 15201.805607 26725
  254 0.498884 -2571
  255 34.099061  4774
  256 0.319863 -2202
  257 0.336903 -2715
  258 708.292536 11874
  259 0.892567 -2572
  260 0.043660 -2700
  261 8047.754697 15881
  262 0.213154 -2630
  263 6691.146089 14536
  264 1772.726455  1231
  265 6079.151753 13187
  266 115.078881  7031
  267 1.008052 -2424
  268 1061.394379 12441
  269 0.028212 -2748
  270 868.405686 27996
  271 2774.270479 20832
  272 0.848456 -2129
  273 5378.049097 13008
  274 745.376843  3973
  275 5647.279949  9596
  276 4567.556284 29864
  277 2657.762443  8226
  278 4690.767856  8125
  279 1019.821110  1936
  280 16.503622   519
  281 0.461442 -1896
  282 8587.819228 20779
  283 517.350978  5897
  284 0.851227 30295
  285 20137.389260 29243
  286 22856.548652 -3236
  287 1791.206820 13467
  288 0.649957 -2093
  289 0.007705 -1755
  290 1122.919555 15224
  291 7795.194425 16581
  292 2888.350053 16126
  293 0.443933 -2489
  294 3957.054199 12038
  295 4029.459236 14498
  296 0.148338  4174
  297 4997.705871 -3250
  298 0.227286 32570
  299 5582.116593 21172
  300 1675.464167 14979
