300
    1 320.184452     1
    2 3644.582428 22552
    3 2506.103125 27863
    4 0.624867 -1935
    5 0.523496 -2497
    6 11901.439285 11402
    7 1813.095078  7882
    8 183.270003  5438
    9 0.165461 -2390
   10 363.161741  6863
   11 0.721319 -2493
   12 287.732837   525
   13 0.734076 -1620
   14 12542.651528 20096
   15 0.423947 -3259
   16 13068.532120 24956
   17 0.220780 -2849
   18 18063.904083 -3232
   19 6049.433319 14573
   20 0.224618 -3083
   21 20028.584483 21823
   22 2787.358004 15275
   23 5959.304314 14868
   24 0.967584 -2447
   25 0.197272  2208
   26 0.704252 -2263
   27 9630.104687 20395
   28 3000.947950 -3111
   29 1113.368254  4613
   30 2004.098926 14985
   31 1099.975548 10343
   32 0.082086 -1984
   33 2132.505919  2104
   34 1650.737105 -2852
   35 5259.032763 17064
   36 16473.383489 21647
   37 1.102627 -2309
   38 1723.410084  1257
   39 0.780577 -3064
   40 2565.675388  2568
   41 2574.841081 12082
   42 17592.278823 15949
   43 5638.171940 13544
   44 13.488392 23714
   45 14580.649077 30240
   46 3540.943101 10842
   47 2204.624335 15863
   48 0.444398 -1788
   49 0.022775 -3003
   50 50.898866  1573
   51 2979.613597   828
   52 7167.386179 12746
   53 0.187872   314
   54 4813.437588 23962
   55 11673.146482 23513
   56 0.509646 32017
   57 16283.687127 27528
   58 0.152933 -2540
   59 14992.344488 28792
   60 18967.668579 31213
   61 939.158555 19028
   62 9104.950339 31927
   63 0.251681 31951
   64 14797.008671 26634
   65 1585.613897  8009
   66 3001.308933 18283
   67 11529.148907 14765
   68 3873.952417 27953
   69 2304.630556  4234
   70 4054.507971  6832
   71 5606.479140  6524
   72 0.864110 -2711
   73 15263.876318 23238
   74 9504.980270 23525
   75 0.554090 -2177
   76 2713.281925 10172
   77 10025.117644 21958
   78 0.952186 -2390
   79 0.388730 -2423
   80 0.306621 -2110
   81 0.038498  3195
   82 0.143580  3101
   83 19219.229615 -3116
   84 1039.589544  7462
   85 894.155752  1250
   86 3004.122794 13695
   87 0.912975 -2810
   88 0.916852 -2668
   89 0.358631 -2119
   90 2703.617276 11841
   91 2228.726978  3905
   92 1355.702927 26181
   93 1305.163065  6201
   94 0.405651 -2630
   95 0.807210 -2801
   96 11788.039471 20258
   97 14598.870474 11140
   98 0.020997 -2718
   99 3091.742490  7350
  100 0.188654 -3230
  101 6357.889105  6709
  102 0.773367 -2544
  103 9578.605071 20824
  104 5171.457664 10814
  105 0.439783 -2651
  106 476.069776  1080
  107 20752.940244 23377
  108 0.689900 -3192
  109 512.998848  1281
  110 0.394631 -2629
  111 3008.210857 12350
  112 0.293558 -1920
  113 7862.716541 21527
  114 19304.498930 28488
  115 4303.160660 12613
  116 10963.155238 25599
  117 2393.452590  2552
  118 139.406739  4764
  119 2540.352400 11817
  120 2836.549273  8720
  121 0.299995   876
  122 10332.914886 21854
  123 1.050707 -1881
  124 3724.394244   546
  125 0.319847 -1913
  126 13769.083279 32558
  127 15601.239479 29437
  128 6091.072583 32051
  129 15923.332605 22728
  130 2280.343924 12216
  131 7972.027028 19666
  132 0.599233    74
  133 0.106019 -1966
  134 7411.559774 16240
  135 11955.766352 23404
  136 1706.190844  3066
  137 1506.896490  3236
  138 0.335096 -3156
  139 758.099350 26575
  140 4152.799628 30702
  141 7343.747138 23859
  142 0.168943 -2212
  143 1636.079838 15705
  144 3341.694251 14460
  145 1689.430436 16428
  146 9796.617731 26421
  147 5026.457425 10799
  148 0.310585 -2970
  149 16222.606861 30348
  150 965.276094 14927
  151 0.326671 -2981
  152 2984.796613  4176
  153 3166.535991  3369
  154 0.574199 -3090
  155 0.081070 -2741
  156 3193.481577 26851
  157 10249.974173 29251
  158 2595.505568  5560
  159 0.440858 -1996
  160 23472.408240 13900
  161 5986.002104 29542
  162 11650.704371 23379
  163 4775.370096 18562
  164 0.654402 -2198
  165 0.413794 -2146
  166 3361.863090  4587
  167 3619.917002  4200
  168 0.437956 32150
  169 0.889429 -2166
  170 0.408290 -2801
  171 0.243558 -3255
  172 9320.364913 24598
  173 10494.267024 14057
  174 0.173546 -2884
  175 1056.113079 15891
  176 0.669073 -2279
  177 16186.079027 31434
  178 11738.542695 20565
  179 4547.985185 11021
  180 7101.007771 19654
  181 0.347556 31837
  182 4874.664565 13672
  183 16671.680786 14952
  184 11422.060557 26785
  185 302.596103  6455
  186 0.049087 -1650
  187 0.174585 -2588
  188 0.127988 -2827
  189 19270.390337 16729
  190 6914.162308 13760
  191 0.111525 -2091
  192 6053.810227 24846
  193 7506.582078 29565
  194 0.937570 -1681
  195 1017.906114 28229
  196 0.117681 -1684
  197 7280.521946 15816
  198 8435.820526 17659
  199 0.196489 -3088
  200 3490.491304  6147
  201 17858.783688 30936
  202 22480.165466 26161
  203 4573.916652  9518
  204 21264.506329 29234
  205 5767.783339 18278
  206 1906.522671 12201
  207 0.758229 -1702
  208 0.162619 -2474
  209 3864.708762 11251
  210 3805.152922 11128
  211 17087.977067 18494
  212 0.194327 -1593
  213 0.567597 -2437
  214 6843.448998 15528
  215 0.245459 -1846
  216 0.332087  1154
  217 9854.147918 15143
  218 4578.097543 -3103
  219 9720.690789 16679
  220 0.432532 -2764
  221 0.636059  1476
  222 1385.956137 19127
  223 910.721204  5680
  224 0.306753  2168
  225 0.338776 -2741
  226 8708.655053 25072
  227 0.512423   460
  228 663.421660  3095
  229 1796.507234  8458
  230 8224.217914 -3242
  231 4729.840633 11398
  232 369.046812   881
  233 2844.766872  1061
  234 0.229528 -1929
  235 5899.278681 17055
  236 18498.710931 31779
  237 13613.507598 25768
  238 1966.298098 14732
  239 4207.978036 -3256
  240 312.922025    35
  241 1673.957469  9045
  242 19889.808730 28477
  243 14668.795403 25507
  244 5821.248777 27680
  245 2276.790152  6344
  246 2692.103264 21407
  247 0.077372 -1812
  248 0.718817 -2751
  249 28203.534668 21608
  250 6175.399875 19993
  251 2757.640611 -3226
  252 0.677001   131
  253 14666.438931 26725
  254 0.095033 -2571
  255 148.409272  4774
  256 0.119250 -2202
  257 0.318191 -2715
  258 582.859469 11874
  259 0.029336 -2572
  260 0.241442 -2700
  261 7149.389916 15881
  262 0.700334 -2630
  263 1737.176030 14536
  264 1186.346872  1231
  265 1596.480332 13187
  266 4536.570679  7031
  267 0.130146 -2424
  268 939.166968 12441
  269 0.380413 -2748
  270 4409.574877 27996
  271 5656.887353 20832
  272 0.116001 -2129
  273 10126.523537 13008
  274 1673.175675  3973
  275 356.213034  9596
  276 7438.139017 29864
  277 991.015301  8226
  278 1002.459832  8125
  279 93.670819  1936
  280 11.245212   519
  281 0.541845 -1896
  282 20602.361126 20779
  283 146.850884  5897
  284 0.783025 30295
  285 4312.733498 29243
  286 15529.792668 -3236
  287 3263.150261 13467
  288 1.153711 -2093
  289 0.082237 -1755
  290 6976.868926 15224
  291 21226.901374 16581
  292 28491.923658 16126
  293 0.127998 -2489
  294 6227.716653 12038
  295 1542.440958 14498
  296 0.377791  4174
  297 3334.532240 -3250
  298 0.563609 32570
  299 296.197229 21172
  300 10774.386928 14979
