300
    1 433.404610     1
    2 17551.862221 22552
    3 1576.648217 27863
    4 0.639701 -1935
    5 0.801265 -2497
    6 7780.490297 11402
    7 851.078780  7882
    8 2265.792031  5438
    9 0.268772 -2390
   10 701.936164  6863
   11 0.822890 -2493
   12 123.292408   525
   13 0.247214 -1620
   14 7778.579890 20096
   15 0.832819 -3259
   16 18984.362650 24956
   17 0.099191 -2849
   18 8684.535637 -3232
   19 4503.776023 14573
   20 0.256811 -3083
   21 25479.159771 21823
   22 5966.188334 15275
   23 1809.752411 14868
   24 0.127241 -2447
   25 0.619723  2208
   26 0.711783 -2263
   27 3243.635436 20395
   28 6147.195099 -3111
   29 1070.477210  4613
   30 3212.386567 14985
   31 7344.385574 10343
   32 0.216757 -1984
   33 5000.171164  2104
   34 4685.955826 -2852
   35 6031.195562 17064
   36 13648.029970 21647
   37 0.797839 -2309
   38 388.367096  1257
   39 0.587404 -3064
   40 2146.198178  2568
   41 5047.932369 12082
   42 6370.588605 15949
   43 6920.476541 13544
   44 2520.708711 23714
   45 9898.414292 30240
   46 5215.546144 10842
   47 3583.002503 15863
   48 0.349854 -1788
   49 0.654285 -3003
   50 247.650138  1573
   51 1654.265312   828
   52 5131.463262 12746
   53 0.738917   314
   54 249.472819 23962
   55 6432.195148 23513
   56 0.376024 32017
   57 1935.830796 27528
   58 0.079834 -2540
   59 24770.095475 28792
   60 4017.524729 31213
   61 4935.474274 19028
   62 13904.321760 31927
   63 0.456995 31951
   64 499.954502 26634
   65 2431.828084  8009
   66 6181.773996 18283
   67 11212.739549 14765
   68 12994.433998 27953
   69 6180.457834  4234
   70 3578.207218  6832
   71 2731.792893  6524
   72 0.422413 -2711
   73 3842.309493 23238
   74 7829.900947 23525
   75 0.146595 -2177
   76 2253.482718 10172
   77 7466.368760 21958
   78 0.317495 -2390
   79 0.883356 -2423
   80 0.003779 -2110
   81 0.370059  3195
   82 0.634557  3101
   83 42265.887658 -3116
   84 1322.018249  7462
   85 849.845990  1250
   86 4336.748412 13695
   87 0.496908 -2810
   88 0.501357 -2668
   89 0.553190 -2119
   90 350.717508 11841
   91 64.821935  3905
   92 468.961850 26181
   93 4972.548382  6201
   94 0.596137 -2630
   95 0.088898 -2801
   96 10979.329829 20258
   97 5781.127281 11140
   98 0.415263 -2718
   99 490.020521  7350
  100 0.059772 -3230
  101 1198.875445  6709
  102 0.029899 -2544
  103 11138.121703 20824
  104 891.182346 10814
  105 0.392980 -2651
  106 1407.064614  1080
  107 3045.278159 23377
  108 0.244288 -3192
  109 1812.251967  1281
  110 0.613930 -2629
  111 5752.541399 12350
  112 0.112462 -1920
  113 627.155408 21527
  114 2547.236148 28488
  115 6231.907880 12613
  116 10236.389094 25599
  117 3349.527239  2552
  118 396.546050  4764
  119 7099.319802 11817
  120 1221.654346  8720
  121 0.355482   876
  122 8519.137504 21854
  123 0.944010 -1881
  124 762.259725   546
  125 0.158336 -1913
  126 3921.120002 32558
  127 4926.884145 29437
  128 5203.196391 32051
  129 18656.457759 22728
  130 6963.303941 12216
  131 7061.875182 19666
  132 0.276363    74
  133 0.744681 -1966
  134 5063.074379 16240
  135 11670.322623 23404
  136 1771.879940  3066
  137 1076.681898  3236
  138 0.395147 -3156
  139 18558.668221 26575
  140 1845.624855 30702
  141 5840.259645 23859
  142 0.401044 -2212
  143 13021.817085 15705
  144 6008.940734 14460
  145 15638.994638 16428
  146 7917.398807 26421
  147 3739.380768 10799
  148 0.481102 -2970
  149 13328.739690 30348
  150 13247.077209 14927
  151 0.652796 -2981
  152 1853.400827  4176
  153 1584.635030  3369
  154 0.384538 -3090
  155 0.880830 -2741
  156 1100.796307 26851
  157 10652.316904 29251
  158 1285.089261  5560
  159 0.723188 -1996
  160 4500.145551 13900
  161 16392.359699 29542
  162 6485.359583 23379
  163 7571.157328 18562
  164 0.397597 -2198
  165 0.214424 -2146
  166 361.207189  4587
  167 2265.294914  4200
  168 0.350506 32150
  169 0.604072 -2166
  170 0.135440 -2801
  171 0.160455 -3255
  172 15551.681325 24598
  173 3688.250578 14057
  174 0.191890 -2884
  175 1120.319340 15891
  176 0.310000 -2279
  177 12796.237745 31434
  178 4362.097998 20565
  179 7196.452241 11021
  180 5660.808730 19654
  181 0.433597 31837
  182 16383.580173 13672
  183 2956.149347 14952
  184 4409.168018 26785
  185 550.596198  6455
  186 0.514350 -1650
  187 0.182110 -2588
  188 0.555300 -2827
  189 11774.278233 16729
  190 5701.697713 13760
  191 0.450710 -2091
  192 1344.950054 24846
  193 7122.800192 29565
  194 0.814790 -1681
  195 14759.791824 28229
  196 0.066534 -1684
  197 16930.083121 15816
  198 6761.730837 17659
  199 0.453489 -3088
  200 6661.898493  6147
  201 16464.828461 30936
  202 154.611383 26161
  203 2885.149386  9518
  204 12305.376041 29234
  205 6964.924034 18278
  206 2084.035214 12201
  207 0.117309 -1702
  208 0.240356 -2474
  209 3592.864202 11251
  210 4933.981024 11128
  211 13871.159408 18494
  212 0.165738 -1593
  213 0.061146 -2437
  214 1178.179732 15528
  215 0.241022 -1846
  216 0.246489  1154
  217 7733.772960 15143
  218 2278.791411 -3103
  219 6872.957607 16679
  220 0.522756 -2764
  221 0.067283  1476
  222 6379.093671 19127
  223 4104.146939  5680
  224 0.181797  2168
  225 0.429811 -2741
  226 12855.122387 25072
  227 0.297328   460
  228 955.819128  3095
  229 5282.571580  8458
  230 13565.365820 -3242
  231 3439.610788 11398
  232 526.071947   881
  233 2899.771346  1061
  234 0.144177 -1929
  235 10690.329574 17055
  236 15834.049464 31779
  237 20128.181469 25768
  238 4006.869147 14732
  239 5297.047336 -3256
  240 58.107889    35
  241 2234.516693  9045
  242 6457.515763 28477
  243 2679.313393 25507
  244 6996.418239 27680
  245 3629.474776  6344
  246 10737.726838 21407
  247 0.663114 -1812
  248 0.402230 -2751
  249 15646.159534 21608
  250 569.387738 19993
  251 12055.826053 -3226
  252 0.405956   131
  253 18652.170705 26725
  254 0.176504 -2571
  255 270.093812  4774
  256 0.323937 -2202
  257 0.530385 -2715
  258 7366.101703 11874
  259 0.044137 -2572
  260 0.148564 -2700
  261 4855.433082 15881
  262 0.467446 -2630
  263 6210.476024 14536
  264 937.306844  1231
  265 1391.467362 13187
  266 2818.485227  7031
  267 0.593951 -2424
  268 6069.154212 12441
  269 0.901213 -2748
  270 2585.967704 27996
  271 8339.288789 20832
  272 0.515780 -2129
  273 936.298674 13008
  274 733.253468  3973
  275 4685.011767  9596
  276 7042.188936 29864
  277 5243.144323  8226
  278 5771.171502  8125
  279 437.250501  1936
  280 14.172116   519
  281 0.627122 -1896
  282 6127.448055 20779
  283 62.532212  5897
  284 0.048167 30295
  285 23748.396175 29243
  286 4430.369658 -3236
  287 3989.628079 13467
  288 0.251112 -2093
  289 0.795622 -1755
  290 2990.986861 15224
  291 3684.100253 16581
  292 3571.966994 16126
  293 0.550526 -2489
  294 5622.222718 12038
  295 4590.549846 14498
  296 0.336854  4174
  297 12959.464871 -3250
  298 0.355276 32570
  299 17317.216812 21172
  300 4876.905361 14979
