300
    1 116.711713     1
    2 20.312254 22552
    3 2756.250081 27863
    4 1.192412 -1935
    5 0.022449 -2497
    6 1207.844872 11402
    7 848.406409  7882
    8 930.955399  5438
    9 0.102010 -2390
   10 114.639398  6863
   11 0.366411 -2493
   12 304.367648   525
   13 0.354802 -1620
   14 2854.807926 20096
   15 0.341219 -3259
   16 711.936280 24956
   17 0.352044 -2849
   18 19769.529304 -3232
   19 7266.768178 14573
   20 0.469021 -3083
   21 6034.482655 21823
   22 4165.398750 15275
   23 15383.819658 14868
   24 0.917092 -2447
   25 0.037833  2208
   26 0.287499 -2263
   27 11739.143177 20395
   28 7894.393160 -3111
   29 1528.592695  4613
   30 4854.172866 14985
   31 1769.249899 10343
   32 0.057843 -1984
   33 186.173614  2104
   34 4250.126568 -2852
   35 10394.496744 17064
   36 5820.926219 21647
   37 0.403239 -2309
   38 262.076923  1257
   39 0.646914 -3064
   40 133.431781  2568
   41 2366.843176 12082
   42 12278.217889 15949
   43 1471.322247 13544
   44 6984.720034 23714
   45 14392.705262 30240
   46 12929.470216 10842
   47 7734.571028 15863
   48 0.239633 -1788
   49 0.045761 -3003
   50 248.724088  1573
   51 1853.043555   828
   52 7002.441220 12746
   53 0.916249   314
   54 19779.188704 23962
   55 22003.446149 23513
   56 1.180113 32017
   57 13332.495786 27528
   58 0.329412 -2540
   59 6250.507408 28792
   60 4980.091320 31213
   61 8601.707032 19028
   62 6840.088976 31927
   63 0.157233 31951
   64 13920.238468 26634
   65 429.717464  8009
   66 20654.883436 18283
   67 4788.397792 14765
   68 4980.545299 27953
   69 397.274489  4234
   70 1399.075411  6832
   71 250.720053  6524
   72 0.061044 -2711
   73 10733.189827 23238
   74 12930.350556 23525
   75 0.341046 -2177
   76 3038.337689 10172
   77 5218.989022 21958
   78 0.544997 -2390
   79 0.648527 -2423
   80 0.441103 -2110
   81 0.123721  3195
   82 0.339658  3101
   83 23295.112969 -3116
   84 2751.291326  7462
   85 443.447759  1250
   86 3767.106762 13695
   87 0.259688 -2810
   88 0.849779 -2668
   89 0.708506 -2119
   90 5647.188303 11841
   91 1084.979470  3905
   92 28458.223013 26181
   93 1981.690135  6201
   94 0.707441 -2630
   95 1.523739 -2801
   96 2055.440872 20258
   97 2768.113196 11140
   98 0.541590 -2718
   99 4586.401837  7350
  100 0.602064 -3230
  101 4061.793132  6709
  102 0.153373 -2544
  103 14724.014859 20824
  104 3152.538475 10814
  105 0.210619 -2651
  106 650.210938  1080
  107 9107.653997 23377
  108 0.294721 -3192
  109 1039.320937  1281
  110 0.449942 -2629
  111 2520.723849 12350
  112 0.307436 -1920
  113 14998.498212 21527
  114 10937.286957 28488
  115 5298.016792 12613
  116 10237.788100 25599
  117 1896.428032  2552
  118 23.342304  4764
  119 2802.942045 11817
  120 3007.973482  8720
  121 0.583285   876
  122 15746.848129 21854
  123 0.028380 -1881
  124 733.547850   546
  125 0.390056 -1913
  126 7893.187696 32558
  127 25932.389300 29437
  128 7912.128254 32051
  129 17828.032039 22728
  130 5014.340726 12216
  131 3611.277648 19666
  132 0.121622    74
  133 0.070464 -1966
  134 5305.516718 16240
  135 8582.097951 23404
  136 1177.689485  3066
  137 1157.835660  3236
  138 0.352304 -3156
  139 2063.773309 26575
  140 7672.147274 30702
  141 6884.923581 23859
  142 0.495273 -2212
  143 7453.151533 15705
  144 1147.992666 14460
  145 5130.322436 16428
  146 13389.055630 26421
  147 1075.851520 10799
  148 0.097332 -2970
  149 661.763769 30348
  150 2812.792905 14927
  151 0.442357 -2981
  152 4304.522942  4176
  153 796.792594  3369
  154 0.496119 -3090
  155 0.798449 -2741
  156 15798.867978 26851
  157 5925.640039 29251
  158 499.484291  5560
  159 0.100803 -1996
  160 17604.542597 13900
  161 10571.909730 29542
  162 3633.951588 23379
  163 19463.162336 18562
  164 0.576806 -2198
  165 0.480149 -2146
  166 358.849781  4587
  167 2622.308933  4200
  168 0.528250 32150
  169 0.482730 -2166
  170 1.307815 -2801
  171 0.271786 -3255
  172 13000.969990 24598
  173 1828.960547 14057
  174 0.181048 -2884
  175 13117.077436 15891
  176 0.172629 -2279
  177 9717.951106 31434
  178 6362.603311 20565
  179 239.079624 11021
  180 7283.814934 19654
  181 0.497113 31837
  182 3755.228423 13672
  183 7627.044031 14952
  184 11589.836551 26785
  185 58.398839  6455
  186 0.442999 -1650
  187 0.322451 -2588
  188 0.412569 -2827
  189 3555.448287 16729
  190 1964.253154 13760
  191 0.702579 -2091
  192 4877.308457 24846
  193 13918.164512 29565
  194 0.217058 -1681
  195 19635.311890 28229
  196 0.034000 -1684
  197 13748.809432 15816
  198 5611.573187 17659
  199 0.130286 -3088
  200 1241.582072  6147
  201 21724.224728 30936
  202 1952.932551 26161
  203 5261.710917  9518
  204 10274.610067 29234
  205 542.059956 18278
  206 784.013340 12201
  207 0.113428 -1702
  208 0.277529 -2474
  209 3565.563862 11251
  210 2943.355648 11128
  211 13664.146081 18494
  212 0.101415 -1593
  213 0.521233 -2437
  214 5028.157586 15528
  215 0.977764 -1846
  216 0.307437  1154
  217 1679.102714 15143
  218 4981.019920 -3103
  219 4855.163141 16679
  220 0.484422 -2764
  221 0.883290  1476
  222 1026.142502 19127
  223 2380.591460  5680
  224 0.592247  2168
  225 0.541844 -2741
  226 6736.619806 25072
  227 0.039284   460
  228 2333.197271  3095
  229 818.599550  8458
  230 6253.239088 -3242
  231 43.769830 11398
  232 281.498613   881
  233 275.367465  1061
  234 0.550135 -1929
  235 6364.883360 17055
  236 13137.151944 31779
  237 4846.446088 25768
  238 6087.758437 14732
  239 14144.258118 -3256
  240 5.683281    35
  241 828.245907  9045
  242 15395.236431 28477
  243 11420.159265 25507
  244 2984.228473 27680
  245 3297.228561  6344
  246 23363.436431 21407
  247 0.204962 -1812
  248 0.304202 -2751
  249 5825.019963 21608
  250 8472.396178 19993
  251 6910.528914 -3226
  252 0.567869   131
  253 7504.060912 26725
  254 0.092370 -2571
  255 655.756794  4774
  256 0.113065 -2202
  257 0.260045 -2715
  258 10845.049919 11874
  259 1.066161 -2572
  260 0.217808 -2700
  261 9975.325211 15881
  262 0.908691 -2630
  263 966.985102 14536
  264 129.159814  1231
  265 8782.257234 13187
  266 3796.999256  7031
  267 0.346660 -2424
  268 3234.499334 12441
  269 0.362891 -2748
  270 28900.059270 27996
  271 3203.595342 20832
  272 0.260432 -2129
  273 12310.277494 13008
  274 592.635339  3973
  275 1745.952874  9596
  276 18778.130219 29864
  277 1365.802287  8226
  278 3029.587938  8125
  279 237.126135  1936
  280 4.369725   519
  281 0.294063 -1896
  282 8048.998181 20779
  283 1233.294686  5897
  284 0.010754 30295
  285 9458.963529 29243
  286 10168.771442 -3236
  287 2868.846292 13467
  288 0.463939 -2093
  289 0.787682 -1755
  290 4529.761476 15224
  291 6991.255530 16581
  292 4755.891109 16126
  293 0.893796 -2489
  294 605.832981 12038
  295 1972.547122 14498
  296 0.455913  4174
  297 4333.360362 -3250
  298 0.220179 32570
  299 11500.282473 21172
  300 1537.241353 14979
