300
    1 60.063285     1
    2 1434.144652 22552
    3 32832.878838 27863
    4 0.372697 -1935
    5 0.023217 -2497
    6 9842.532536 11402
    7 2436.020948  7882
    8 3935.356319  5438
    9 0.061398 -2390
   10 4517.243966  6863
   11 0.192452 -2493
   12 50.490297   525
   13 0.419949 -1620
   14 13782.316847 20096
   15 0.068449 -3259
   16 10211.621232 24956
   17 0.024621 -2849
   18 18513.600523 -3232
   19 4024.113239 14573
   20 0.006285 -3083
   21 10125.477563 21823
   22 3503.294753 15275
   23 17022.916857 14868
   24 0.517659 -2447
   25 0.286239  2208
   26 1.129813 -2263
   27 1213.587824 20395
   28 1779.675312 -3111
   29 6119.931102  4613
   30 11988.213934 14985
   31 1574.556005 10343
   32 1.020884 -1984
   33 3658.324087  2104
   34 36061.664951 -2852
   35 5567.915202 17064
   36 10917.802539 21647
   37 0.231702 -2309
   38 324.235658  1257
   39 0.004070 -3064
   40 1127.109538  2568
   41 1898.422609 12082
   42 1590.420059 15949
   43 3568.953129 13544
   44 12293.834422 23714
   45 23661.827050 30240
   46 12975.948232 10842
   47 499.523414 15863
   48 0.791607 -1788
   49 0.037956 -3003
   50 205.106004  1573
   51 971.108807   828
   52 2242.696060 12746
   53 0.245800   314
   54 3280.958033 23962
   55 6517.058622 23513
   56 0.010802 32017
   57 2477.865759 27528
   58 0.625910 -2540
   59 14205.426301 28792
   60 11672.829687 31213
   61 8784.436194 19028
   62 5979.275694 31927
   63 0.057236 31951
   64 6318.404644 26634
   65 2843.444921  8009
   66 28935.785878 18283
   67 6384.363803 14765
   68 7838.914015 27953
   69 1291.297860  4234
   70 2441.606136  6832
   71 3668.462890  6524
   72 0.326385 -2711
   73 8200.621915 23238
   74 5716.095750 23525
   75 0.597033 -2177
   76 3591.132192 10172
   77 426.900515 21958
   78 0.439405 -2390
   79 0.211495 -2423
   80 0.807607 -2110
   81 0.256595  3195
   82 0.656601  3101
   83 21675.618308 -3116
   84 8.523527  7462
   85 367.552270  1250
   86 6345.707233 13695
   87 0.054582 -2810
   88 0.606905 -2668
   89 0.530358 -2119
   90 4177.827939 11841
   91 113.362342  3905
   92 1340.420981 26181
   93 1691.338552  6201
   94 0.019870 -2630
   95 0.287827 -2801
   96 11412.764156 20258
   97 4256.688273 11140
   98 0.085125 -2718
   99 2040.690221  7350
  100 0.144249 -3230
  101 3205.771613  6709
  102 0.473591 -2544
  103 5074.645175 20824
  104 7827.024949 10814
  105 0.423942 -2651
  106 846.874286  1080
  107 11982.641173 23377
  108 0.505400 -3192
  109 493.952619  1281
  110 0.310946 -2629
  111 3121.661297 12350
  112 0.381757 -1920
  113 4317.804962 21527
  114 15091.657191 28488
  115 5048.101717 12613
  116 17137.417321 25599
  117 2636.997126  2552
  118 200.112807  4764
  119 6680.668975 11817
  120 4231.705744  8720
  121 0.525970   876
  122 9503.790500 21854
  123 0.046585 -1881
  124 579.622239   546
  125 0.511608 -1913
  126 11737.356808 32558
  127 30252.172260 29437
  128 11491.625714 32051
  129 17879.141381 22728
  130 2913.617711 12216
  131 2619.435817 19666
  132 0.123417    74
  133 0.190655 -1966
  134 8292.622472 16240
  135 6719.921540 23404
  136 4662.781601  3066
  137 805.760542  3236
  138 0.038143 -3156
  139 13390.739087 26575
  140 12221.384315 30702
  141 7146.796009 23859
  142 0.307425 -2212
  143 16580.361080 15705
  144 77.736463 14460
  145 15457.872303 16428
  146 6881.514814 26421
  147 1277.006918 10799
  148 0.430381 -2970
  149 5211.580683 30348
  150 970.500350 14927
  151 0.288318 -2981
  152 1034.570373  4176
  153 98.893003  3369
  154 0.205902 -3090
  155 0.638693 -2741
  156 24049.979170 26851
  157 4792.373765 29251
  158 126.631823  5560
  159 0.338872 -1996
  160 17079.156589 13900
  161 4005.879555 29542
  162 10863.766860 23379
  163 7903.866739 18562
  164 0.036103 -2198
  165 0.338775 -2146
  166 1139.176348  4587
  167 435.420349  4200
  168 0.350944 32150
  169 0.240211 -2166
  170 0.534227 -2801
  171 0.809787 -3255
  172 8499.358957 24598
  173 3599.936711 14057
  174 0.234732 -2884
  175 10616.348466 15891
  176 0.461745 -2279
  177 9355.799054 31434
  178 3042.965727 20565
  179 3284.224884 11021
  180 7759.338075 19654
  181 0.336526 31837
  182 8177.422721 13672
  183 39.735599 14952
  184 6347.410170 26785
  185 1113.136069  6455
  186 0.394837 -1650
  187 0.127491 -2588
  188 0.700691 -2827
  189 516.880496 16729
  190 1760.311147 13760
  191 0.266374 -2091
  192 7501.779371 24846
  193 20595.644008 29565
  194 1.117116 -1681
  195 13802.286426 28229
  196 0.091087 -1684
  197 1797.005029 15816
  198 8788.889041 17659
  199 0.064651 -3088
  200 7151.876051  6147
  201 23679.789485 30936
  202 8673.792226 26161
  203 702.581400  9518
  204 7944.043139 29234
  205 3717.169894 18278
  206 5887.225785 12201
  207 0.510482 -1702
  208 0.467118 -2474
  209 6290.785961 11251
  210 5791.856254 11128
  211 2130.315020 18494
  212 0.052604 -1593
  213 0.116205 -2437
  214 13980.610430 15528
  215 0.137262 -1846
  216 0.860803  1154
  217 7517.733296 15143
  218 5965.714213 -3103
  219 287.780263 16679
  220 0.082120 -2764
  221 0.389487  1476
  222 14473.852332 19127
  223 2724.212329  5680
  224 0.321637  2168
  225 0.012528 -2741
  226 9310.173586 25072
  227 0.216779   460
  228 4084.264692  3095
  229 1746.895725  8458
  230 844.317902 -3242
  231 3754.659488 11398
  232 251.265530   881
  233 715.450116  1061
  234 0.146483 -1929
  235 8926.288034 17055
  236 8878.658623 31779
  237 26317.389924 25768
  238 5395.762852 14732
  239 2028.726083 -3256
  240 430.511227    35
  241 3604.526571  9045
  242 17319.507319 28477
  243 8790.107286 25507
  244 16738.199316 27680
  245 2881.180814  6344
  246 10038.394592 21407
  247 0.317224 -1812
  248 0.065341 -2751
  249 14922.574909 21608
  250 3325.981250 19993
  251 23324.386044 -3226
  252 0.171207   131
  253 13203.195388 26725
  254 0.284448 -2571
  255 966.338779  4774
  256 0.194480 -2202
  257 0.217239 -2715
  258 2734.179285 11874
  259 0.466483 -2572
  260 0.373737 -2700
  261 658.223722 15881
  262 0.609897 -2630
  263 6924.527992 14536
  264 1845.746970  1231
  265 4963.853626 13187
  266 16983.005336  7031
  267 0.842593 -2424
  268 977.459913 12441
  269 0.214567 -2748
  270 4533.015571 27996
  271 4115.208657 20832
  272 0.106786 -2129
  273 138.521096 13008
  274 1925.974328  3973
  275 3286.681101  9596
  276 2678.771204 29864
  277 1211.826301  8226
  278 924.074669  8125
  279 494.799441  1936
  280 1.101822   519
  281 0.194492 -1896
  282 20594.434156 20779
  283 601.766362  5897
  284 0.133741 30295
  285 248.365540 29243
  286 4068.323940 -3236
  287 3195.264853 13467
  288 0.132212 -2093
  289 0.664014 -1755
  290 341.675412 15224
  291 15561.313712 16581
  292 13629.363910 16126
  293 0.608112 -2489
  294 3438.353149 12038
  295 475.851026 14498
  296 0.180990  4174
  297 12272.979541 -3250
  298 0.324208 32570
  299 14808.456099 21172
  300 733.838620 14979
