300
    1 142.494446     1
    2 1103.259167 22552
    3 27321.482288 27863
    4 0.406187 -1935
    5 1.372981 -2497
    6 9419.361373 11402
    7 1264.460696  7882
    8 5182.757746  5438
    9 0.698473 -2390
   10 1192.684962  6863
   11 0.577213 -2493
   12 57.798166   525
   13 0.162768 -1620
   14 566.526473 20096
   15 0.394730 -3259
   16 10580.285322 24956
   17 0.248603 -2849
   18 1971.509326 -3232
   19 14618.722889 14573
   20 0.572135 -3083
   21 1372.738267 21823
   22 98.231945 15275
   23 1595.280853 14868
   24 0.585580 -2447
   25 0.105591  2208
   26 0.472890 -2263
   27 15319.588227 20395
   28 9335.721898 -3111
   29 3401.357616  4613
   30 14773.089070 14985
   31 527.933711 10343
   32 0.109486 -1984
   33 1961.855618  2104
   34 11821.906034 -2852
   35 4261.825629 17064
   36 11025.462276 21647
   37 1.197360 -2309
   38 71.712616  1257
   39 0.087371 -3064
   40 2064.251629  2568
   41 8117.307353 12082
   42 3228.889919 15949
   43 557.051595 13544
   44 6077.845169 23714
   45 22355.797150 30240
   46 9224.666253 10842
   47 8508.767827 15863
   48 0.523948 -1788
   49 0.799421 -3003
   50 277.017424  1573
   51 366.924031   828
   52 2726.647878 12746
   53 0.245075   314
   54 2926.858831 23962
   55 2564.187100 23513
   56 1.455429 32017
   57 4064.698230 27528
   58 0.457213 -2540
   59 11111.224425 28792
   60 20733.104778 31213
   61 6828.619401 19028
   62 33359.078562 31927
   63 0.312450 31951
   64 14061.036826 26634
   65 2246.243834  8009
   66 13731.806928 18283
   67 3702.824310 14765
   68 9973.004922 27953
   69 4625.627888  4234
   70 261.211640  6832
   71 939.228997  6524
   72 0.112846 -2711
   73 4856.229536 23238
   74 2022.008329 23525
   75 0.089324 -2177
   76 32.024825 10172
   77 1727.781306 21958
   78 0.535778 -2390
   79 0.286589 -2423
   80 0.617704 -2110
   81 1.273132  3195
   82 0.093709  3101
   83 1920.919608 -3116
   84 208.087955  7462
   85 305.469331  1250
   86 7641.045673 13695
   87 0.831014 -2810
   88 0.047585 -2668
   89 0.350709 -2119
   90 4442.659494 11841
   91 1343.248114  3905
   92 9577.268764 26181
   93 928.673890  6201
   94 0.458866 -2630
   95 0.214150 -2801
   96 10503.031340 20258
   97 1834.734358 11140
   98 0.249707 -2718
   99 1530.185359  7350
  100 0.325479 -3230
  101 561.673622  6709
  102 0.055706 -2544
  103 534.244829 20824
  104 7876.314675 10814
  105 0.029262 -2651
  106 456.225534  1080
  107 384.922656 23377
  108 0.794742 -3192
  109 143.265999  1281
  110 0.402769 -2629
  111 8011.375930 12350
  112 0.099807 -1920
  113 9968.755585 21527
  114 15232.306943 28488
  115 8195.856923 12613
  116 10602.113960 25599
  117 180.337363  2552
  118 56.313739  4764
  119 4862.430444 11817
  120 5828.731666  8720
  121 0.077644   876
  122 14963.464849 21854
  123 0.009527 -1881
  124 805.699052   546
  125 0.585416 -1913
  126 5630.232301 32558
  127 5327.930760 29437
  128 33925.892238 32051
  129 736.050722 22728
  130 1709.521597 12216
  131 3459.942726 19666
  132 0.159281    74
  133 0.557481 -1966
  134 5608.847981 16240
  135 16795.339237 23404
  136 280.990945  3066
  137 1997.497707  3236
  138 0.823869 -3156
  139 17479.098461 26575
  140 8327.771735 30702
  141 996.790635 23859
  142 0.434684 -2212
  143 8023.894966 15705
  144 14329.139443 14460
  145 6033.626280 16428
  146 21135.538562 26421
  147 1550.464143 10799
  148 0.331469 -2970
  149 8926.838465 30348
  150 4243.424987 14927
  151 0.273665 -2981
  152 1654.528423  4176
  153 1232.090423  3369
  154 0.513635 -3090
  155 0.818475 -2741
  156 11211.563096 26851
  157 7148.853227 29251
  158 719.669570  5560
  159 0.067827 -1996
  160 7792.784057 13900
  161 5642.682930 29542
  162 10057.682426 23379
  163 6272.095271 18562
  164 0.863050 -2198
  165 0.182355 -2146
  166 2701.354421  4587
  167 7430.252934  4200
  168 0.050013 32150
  169 0.620973 -2166
  170 0.437411 -2801
  171 0.145083 -3255
  172 8367.133196 24598
  173 13824.861942 14057
  174 0.042801 -2884
  175 5179.538727 15891
  176 0.238218 -2279
  177 26023.177152 31434
  178 3124.395745 20565
  179 6012.960968 11021
  180 7491.155520 19654
  181 0.017668 31837
  182 7962.768039 13672
  183 11112.901889 14952
  184 26626.573044 26785
  185 246.464543  6455
  186 0.459402 -1650
  187 0.102264 -2588
  188 0.180232 -2827
  189 7609.963655 16729
  190 3791.734934 13760
  191 0.174279 -2091
  192 7621.900192 24846
  193 1416.506588 29565
  194 0.188193 -1681
  195 3846.992553 28229
  196 0.060648 -1684
  197 474.996162 15816
  198 7959.859403 17659
  199 0.174226 -3088
  200 4211.728906  6147
  201 19224.932691 30936
  202 15407.152304 26161
  203 4203.928492  9518
  204 14601.620102 29234
  205 12034.514730 18278
  206 2511.177352 12201
  207 1.036757 -1702
  208 0.185577 -2474
  209 3220.295063 11251
  210 5897.302271 11128
  211 440.185336 18494
  212 0.453432 -1593
  213 0.555687 -2437
  214 10393.617760 15528
  215 0.044838 -1846
  216 0.854209  1154
  217 4607.272012 15143
  218 1070.632718 -3103
  219 9396.452249 16679
  220 0.113204 -2764
  221 0.382085  1476
  222 13111.152487 19127
  223 8935.895080  5680
  224 0.135548  2168
  225 0.072504 -2741
  226 4904.701584 25072
  227 0.436536   460
  228 4473.084854  3095
  229 2079.046484  8458
  230 2623.512284 -3242
  231 12151.671810 11398
  232 50.103407   881
  233 1369.441805  1061
  234 0.918153 -1929
  235 8007.993017 17055
  236 6507.467318 31779
  237 1142.986910 25768
  238 4675.502823 14732
  239 10546.412866 -3256
  240 173.686403    35
  241 3658.500857  9045
  242 7279.148451 28477
  243 36292.693940 25507
  244 10811.702708 27680
  245 1172.739900  6344
  246 3897.305056 21407
  247 0.292916 -1812
  248 0.049429 -2751
  249 7819.280987 21608
  250 6218.308414 19993
  251 6631.963244 -3226
  252 0.006004   131
  253 7514.841794 26725
  254 0.138087 -2571
  255 378.015160  4774
  256 0.801504 -2202
  257 0.157706 -2715
  258 7765.377366 11874
  259 0.187049 -2572
  260 0.173021 -2700
  261 16978.866255 15881
  262 0.676498 -2630
  263 5120.831604 14536
  264 1269.909599  1231
  265 1986.171309 13187
  266 2561.180330  7031
  267 0.284194 -2424
  268 679.701511 12441
  269 0.459274 -2748
  270 6629.646339 27996
  271 1975.706681 20832
  272 0.207474 -2129
  273 8975.587359 13008
  274 564.324471  3973
  275 1601.828533  9596
  276 21053.847867 29864
  277 3660.826131  8226
  278 13931.480093  8125
  279 299.796103  1936
  280 0.308144   519
  281 0.177441 -1896
  282 9830.919540 20779
  283 744.797271  5897
  284 0.256752 30295
  285 12932.132584 29243
  286 2099.194293 -3236
  287 6153.232306 13467
  288 0.249583 -2093
  289 0.178920 -1755
  290 3082.475425 15224
  291 2383.327168 16581
  292 18657.611204 16126
  293 0.077186 -2489
  294 1049.266795 12038
  295 433.277534 14498
  296 0.063666  4174
  297 27794.171334 -3250
  298 0.402371 32570
  299 2424.219486 21172
  300 18206.001894 14979
