300
    1 705.596551     1
    2 1763.967157 22552
    3 5829.843020 27863
    4 0.512168 -1935
    5 0.934173 -2497
    6 1175.474998 11402
    7 61.033179  7882
    8 602.673612  5438
    9 0.054792 -2390
   10 1739.863853  6863
   11 0.290315 -2493
   12 85.253894   525
   13 0.014298 -1620
   14 3580.367580 20096
   15 0.450367 -3259
   16 18256.879443 24956
   17 0.136153 -2849
   18 635.808870 -3232
   19 4994.289337 14573
   20 0.072062 -3083
   21 1813.958298 21823
   22 14165.763185 15275
   23 9437.323393 14868
   24 0.305411 -2447
   25 0.767871  2208
   26 0.635777 -2263
   27 4693.021385 20395
   28 13840.863504 -3111
   29 4975.867919  4613
   30 757.988942 14985
   31 11252.993283 10343
   32 0.895244 -1984
   33 3049.820927  2104
   34 4238.857460 -2852
   35 4116.887769 17064
   36 1793.172406 21647
   37 0.258119 -2309
   38 1222.546929  1257
   39 0.022012 -3064
   40 862.655230  2568
   41 4098.846160 12082
   42 13508.322967 15949
   43 2670.401228 13544
   44 842.609323 23714
   45 2361.410717 30240
   46 5086.452637 10842
   47 918.177907 15863
   48 0.373558 -1788
   49 1.196840 -3003
   50 423.526632  1573
   51 343.009310   828
   52 7752.851729 12746
   53 0.527619   314
   54 20133.952396 23962
   55 5033.181584 23513
   56 0.072196 32017
   57 7377.222631 27528
   58 0.772365 -2540
   59 30006.430950 28792
   60 19148.485485 31213
   61 1443.673798 19028
   62 15317.107308 31927
   63 0.355175 31951
   64 5670.620462 26634
   65 1669.447558  8009
   66 540.591842 18283
   67 7021.705432 14765
   68 5863.633772 27953
   69 1651.972650  4234
   70 2299.497542  6832
   71 686.853081  6524
   72 0.346052 -2711
   73 8142.569247 23238
   74 6036.288439 23525
   75 0.018727 -2177
   76 2484.759390 10172
   77 10250.449529 21958
   78 0.207087 -2390
   79 0.586713 -2423
   80 0.871567 -2110
   81 0.140337  3195
   82 0.029351  3101
   83 8725.272507 -3116
   84 3066.636117  7462
   85 7774.839740  1250
   86 9045.728258 13695
   87 0.304263 -2810
   88 0.714266 -2668
   89 0.469284 -2119
   90 2666.911967 11841
   91 183.630571  3905
   92 13634.190885 26181
   93 6134.720326  6201
   94 0.637393 -2630
   95 0.265109 -2801
   96 3470.402237 20258
   97 2896.609243 11140
   98 0.944221 -2718
   99 7888.728005  7350
  100 0.095858 -3230
  101 4756.808307  6709
  102 0.409549 -2544
  103 5324.081691 20824
  104 4209.198113 10814
  105 0.587154 -2651
  106 1069.049462  1080
  107 3255.103898 23377
  108 0.013449 -3192
  109 664.249087  1281
  110 0.363413 -2629
  111 116.201925 12350
  112 0.130076 -1920
  113 10265.453079 21527
  114 10132.934045 28488
  115 1292.944871 12613
  116 817.669297 25599
  117 4238.790988  2552
  118 361.013079  4764
  119 237.493395 11817
  120 5599.868591  8720
  121 0.374497   876
  122 1423.353458 21854
  123 0.038501 -1881
  124 1862.171212   546
  125 0.252206 -1913
  126 7190.744775 32558
  127 2595.438706 29437
  128 282.351796 32051
  129 19515.307923 22728
  130 2385.155029 12216
  131 3442.109850 19666
  132 0.490104    74
  133 0.304785 -1966
  134 2292.697420 16240
  135 5689.909799 23404
  136 1274.853618  3066
  137 640.488644  3236
  138 0.003932 -3156
  139 11729.018550 26575
  140 4496.418983 30702
  141 6083.244994 23859
  142 1.177034 -2212
  143 614.639344 15705
  144 2504.790885 14460
  145 2063.893268 16428
  146 26644.074539 26421
  147 4310.445505 10799
  148 0.075258 -2970
  149 12554.228553 30348
  150 3029.957434 14927
  151 0.143270 -2981
  152 3954.515529  4176
  153 525.349966  3369
  154 0.009013 -3090
  155 0.551475 -2741
  156 9061.127991 26851
  157 14303.861709 29251
  158 383.045072  5560
  159 0.343063 -1996
  160 1323.483674 13900
  161 2309.887174 29542
  162 27729.849435 23379
  163 1840.730279 18562
  164 0.587155 -2198
  165 0.586344 -2146
  166 697.158033  4587
  167 3586.668325  4200
  168 1.087642 32150
  169 0.135987 -2166
  170 0.035952 -2801
  171 0.101797 -3255
  172 20944.747241 24598
  173 4707.694265 14057
  174 0.008796 -2884
  175 1844.284815 15891
  176 0.033784 -2279
  177 18667.593227 31434
  178 21227.446315 20565
  179 3887.408279 11021
  180 22108.569180 19654
  181 0.572697 31837
  182 10248.958950 13672
  183 17905.410249 14952
  184 14372.438575 26785
  185 23.538307  6455
  186 0.534567 -1650
  187 0.207908 -2588
  188 0.866068 -2827
  189 26970.533138 16729
  190 10348.709937 13760
  191 0.773947 -2091
  192 6771.467311 24846
  193 960.009877 29565
  194 0.439069 -1681
  195 7055.720320 28229
  196 0.034948 -1684
  197 1813.190464 15816
  198 9110.911690 17659
  199 0.184432 -3088
  200 5974.281748  6147
  201 2975.150591 30936
  202 10885.791814 26161
  203 2021.550240  9518
  204 20641.663841 29234
  205 18533.297021 18278
  206 73.723145 12201
  207 0.204740 -1702
  208 0.464362 -2474
  209 4216.802489 11251
  210 695.459801 11128
  211 1185.930659 18494
  212 0.181863 -1593
  213 0.161206 -2437
  214 976.913344 15528
  215 0.108889 -1846
  216 0.004096  1154
  217 5192.353753 15143
  218 29222.103814 -3103
  219 11276.495046 16679
  220 0.748198 -2764
  221 0.817756  1476
  222 24038.901352 19127
  223 1896.298446  5680
  224 0.623899  2168
  225 0.728914 -2741
  226 14971.714661 25072
  227 0.121516   460
  228 2733.143686  3095
  229 2957.791590  8458
  230 8761.700089 -3242
  231 2919.372409 11398
  232 514.598639   881
  233 711.013119  1061
  234 0.450773 -1929
  235 7643.008497 17055
  236 3377.985348 31779
  237 1518.351593 25768
  238 2685.900883 14732
  239 9308.826257 -3256
  240 695.218100    35
  241 3648.541623  9045
  242 3128.182919 28477
  243 2845.320217 25507
  244 5602.301001 27680
  245 2580.658216  6344
  246 4178.830041 21407
  247 0.938634 -1812
  248 0.087939 -2751
  249 5250.134639 21608
  250 2772.283607 19993
  251 4180.681963 -3226
  252 0.179092   131
  253 14845.206567 26725
  254 0.137627 -2571
  255 481.388656  4774
  256 0.299393 -2202
  257 0.511653 -2715
  258 10.731356 11874
  259 0.660524 -2572
  260 0.559972 -2700
  261 6768.256498 15881
  262 0.111396 -2630
  263 5796.771658 14536
  264 536.876161  1231
  265 3052.899659 13187
  266 1636.613575  7031
  267 1.152482 -2424
  268 14785.637111 12441
  269 0.444450 -2748
  270 24475.834810 27996
  271 1911.664754 20832
  272 0.020785 -2129
  273 6202.732425 13008
  274 915.977441  3973
  275 163.788620  9596
  276 30764.929115 29864
  277 537.648832  8226
  278 3412.514009  8125
  279 20.809294  1936
  280 30.852672   519
  281 0.103143 -1896
  282 9961.989649 20779
  283 1087.498389  5897
  284 0.146611 30295
  285 4343.892639 29243
  286 27346.936110 -3236
  287 10179.549242 13467
  288 0.026183 -2093
  289 0.325232 -1755
  290 13779.762945 15224
  291 23294.000154 16581
  292 4704.773763 16126
  293 1.252482 -2489
  294 13752.620280 12038
  295 1826.742286 14498
  296 0.599542  4174
  297 949.325304 -3250
  298 0.433203 32570
  299 3052.642711 21172
  300 8376.534096 14979
