300
    1 533.163721     1
    2 22299.413755 22552
    3 14356.614113 27863
    4 0.364491 -1935
    5 0.286676 -2497
    6 656.456001 11402
    7 2193.513603  7882
    8 3393.405990  5438
    9 0.483130 -2390
   10 3748.255147  6863
   11 0.227691 -2493
   12 363.050731   525
   13 0.021966 -1620
   14 12239.290504 20096
   15 0.296225 -3259
   16 4339.051951 24956
   17 0.225306 -2849
   18 27171.647573 -3232
   19 6408.844793 14573
   20 0.081302 -3083
   21 385.848168 21823
   22 3672.349983 15275
   23 1846.486066 14868
   24 0.099545 -2447
   25 0.356540  2208
   26 0.230080 -2263
   27 79.811779 20395
   28 16770.318862 -3111
   29 705.077915  4613
   30 1489.270127 14985
   31 12587.846771 10343
   32 0.435623 -1984
   33 1759.648813  2104
   34 30699.891528 -2852
   35 3617.266465 17064
   36 13963.553145 21647
   37 0.294722 -2309
   38 89.801579  1257
   39 0.396950 -3064
   40 2624.953120  2568
   41 191.485215 12082
   42 4531.660586 15949
   43 11860.918466 13544
   44 2452.972955 23714
   45 7403.851000 30240
   46 1660.771783 10842
   47 16929.509278 15863
   48 0.322475 -1788
   49 0.228904 -3003
   50 441.496966  1573
   51 388.344933   828
   52 4536.917080 12746
   53 0.582641   314
   54 2081.964109 23962
   55 5964.345522 23513
   56 0.112498 32017
   57 2476.120946 27528
   58 0.241472 -2540
   59 11112.885751 28792
   60 26112.549637 31213
   61 8702.249022 19028
   62 19626.664496 31927
   63 0.728764 31951
   64 1194.278813 26634
   65 1124.021643  8009
   66 3804.013587 18283
   67 14159.529173 14765
   68 15048.515660 27953
   69 3023.789467  4234
   70 724.181809  6832
   71 2962.023620  6524
   72 0.292121 -2711
   73 24759.138742 23238
   74 1863.523451 23525
   75 0.518998 -2177
   76 2712.202743 10172
   77 9809.047294 21958
   78 0.411940 -2390
   79 0.626456 -2423
   80 0.100174 -2110
   81 0.277323  3195
   82 0.145454  3101
   83 19453.152273 -3116
   84 378.160856  7462
   85 1886.442698  1250
   86 8002.962207 13695
   87 0.463299 -2810
   88 0.212808 -2668
   89 0.066826 -2119
   90 3105.820604 11841
   91 680.392218  3905
   92 5999.337118 26181
   93 1348.084017  6201
   94 0.026171 -2630
   95 0.762091 -2801
   96 12182.916767 20258
   97 1230.316423 11140
   98 0.545984 -2718
   99 2921.131432  7350
  100 0.296286 -3230
  101 770.038208  6709
  102 0.803828 -2544
  103 14825.337691 20824
  104 1867.209723 10814
  105 0.203448 -2651
  106 143.994326  1080
  107 8812.149932 23377
  108 0.777617 -3192
  109 645.633261  1281
  110 0.018910 -2629
  111 2751.950191 12350
  112 0.865016 -1920
  113 3438.076173 21527
  114 630.027186 28488
  115 2361.342892 12613
  116 2251.384341 25599
  117 1959.574994  2552
  118 170.956417  4764
  119 399.752467 11817
  120 1608.220599  8720
  121 0.728490   876
  122 10918.678715 21854
  123 0.109885 -1881
  124 2477.663837   546
  125 0.001454 -1913
  126 39943.956372 32558
  127 6407.123943 29437
  128 22901.145965 32051
  129 19246.342937 22728
  130 6048.896619 12216
  131 3969.634737 19666
  132 0.293834    74
  133 0.445554 -1966
  134 12718.590164 16240
  135 16492.805771 23404
  136 5340.001198  3066
  137 471.788290  3236
  138 0.583383 -3156
  139 19203.490627 26575
  140 35769.855034 30702
  141 1832.624332 23859
  142 0.360282 -2212
  143 760.224807 15705
  144 8546.387674 14460
  145 746.198320 16428
  146 5885.276745 26421
  147 1050.193868 10799
  148 0.930665 -2970
  149 10417.257159 30348
  150 2300.236657 14927
  151 0.602319 -2981
  152 168.362510  4176
  153 894.504049  3369
  154 0.074699 -3090
  155 0.000177 -2741
  156 2132.386132 26851
  157 12451.801296 29251
  158 3982.890101  5560
  159 0.467529 -1996
  160 11719.251100 13900
  161 23068.050493 29542
  162 9392.193322 23379
  163 5407.340660 18562
  164 0.591520 -2198
  165 0.306680 -2146
  166 265.919265  4587
  167 806.872195  4200
  168 0.365748 32150
  169 0.203891 -2166
  170 0.037880 -2801
  171 0.042934 -3255
  172 5070.721375 24598
  173 1645.067714 14057
  174 0.720397 -2884
  175 559.832498 15891
  176 0.293987 -2279
  177 26470.953540 31434
  178 4062.432703 20565
  179 2280.619840 11021
  180 15407.646189 19654
  181 0.143102 31837
  182 3150.751724 13672
  183 14376.050403 14952
  184 6990.348187 26785
  185 486.123876  6455
  186 0.146360 -1650
  187 0.104268 -2588
  188 0.778066 -2827
  189 9505.732304 16729
  190 916.354725 13760
  191 0.119467 -2091
  192 16317.476008 24846
  193 15378.940992 29565
  194 0.065717 -1681
  195 10958.285771 28229
  196 1.080066 -1684
  197 3280.369312 15816
  198 6122.469267 17659
  199 1.351199 -3088
  200 3325.868380  6147
  201 9619.715265 30936
  202 15635.752994 26161
  203 894.265037  9518
  204 13453.754984 29234
  205 6494.985589 18278
  206 2400.534816 12201
  207 0.169377 -1702
  208 0.685001 -2474
  209 1071.527315 11251
  210 3211.776132 11128
  211 3647.311311 18494
  212 0.642709 -1593
  213 0.208462 -2437
  214 2993.400171 15528
  215 0.091253 -1846
  216 0.394213  1154
  217 3141.156732 15143
  218 4720.216879 -3103
  219 741.948777 16679
  220 0.163762 -2764
  221 0.324539  1476
  222 3069.961621 19127
  223 2928.053465  5680
  224 0.143073  2168
  225 0.988790 -2741
  226 19763.280683 25072
  227 0.599628   460
  228 1753.697328  3095
  229 1269.141812  8458
  230 19490.856779 -3242
  231 0.721715 11398
  232 499.094907   881
  233 646.989478  1061
  234 0.689810 -1929
  235 5384.233570 17055
  236 20849.023645 31779
  237 21491.231272 25768
  238 1208.336985 14732
  239 7893.688321 -3256
  240 164.745674    35
  241 842.569807  9045
  242 18910.303470 28477
  243 18361.829258 25507
  244 4367.156443 27680
  245 2883.732055  6344
  246 5990.931462 21407
  247 0.279564 -1812
  248 0.406205 -2751
  249 7290.875740 21608
  250 8393.982478 19993
  251 17676.904802 -3226
  252 0.372980   131
  253 19042.369481 26725
  254 0.160799 -2571
  255 477.482517  4774
  256 0.399642 -2202
  257 0.069267 -2715
  258 574.683236 11874
  259 0.179688 -2572
  260 0.251828 -2700
  261 11639.392717 15881
  262 0.594833 -2630
  263 8395.993140 14536
  264 916.392740  1231
  265 4658.549515 13187
  266 7519.114163  7031
  267 0.695839 -2424
  268 2649.329089 12441
  269 0.636904 -2748
  270 19404.719680 27996
  271 4998.610059 20832
  272 0.314184 -2129
  273 13618.964297 13008
  274 1159.065891  3973
  275 3618.159868  9596
  276 10007.274455 29864
  277 8111.089088  8226
  278 5341.887883  8125
  279 141.544366  1936
  280 8.708321   519
  281 0.398979 -1896
  282 7445.179971 20779
  283 1586.992561  5897
  284 0.105241 30295
  285 19810.278697 29243
  286 10567.983060 -3236
  287 2983.840131 13467
  288 0.404023 -2093
  289 0.846993 -1755
  290 1138.045994 15224
  291 7487.315589 16581
  292 11503.317116 16126
  293 0.804349 -2489
  294 4199.455126 12038
  295 2076.611521 14498
  296 0.476102  4174
  297 8910.908002 -3250
  298 0.422680 32570
  299 17150.351559 21172
  300 4739.821192 14979
