300
    1 476.116816     1
    2 511.072592 22552
    3 16008.566105 27863
    4 0.774389 -1935
    5 0.062686 -2497
    6 9090.453503 11402
    7 751.183603  7882
    8 1341.329750  5438
    9 0.221144 -2390
   10 923.244146  6863
   11 0.441649 -2493
   12 25.220427   525
   13 0.280710 -1620
   14 8482.566828 20096
   15 0.337711 -3259
   16 4763.118324 24956
   17 0.383594 -2849
   18 27399.273459 -3232
   19 264.764557 14573
   20 0.296982 -3083
   21 14185.911939 21823
   22 1185.555323 15275
   23 5195.627585 14868
   24 0.070168 -2447
   25 0.282081  2208
   26 0.377264 -2263
   27 8480.383396 20395
   28 7442.366181 -3111
   29 1487.424615  4613
   30 13572.097181 14985
   31 9715.710742 10343
   32 0.141263 -1984
   33 171.721785  2104
   34 7939.122469 -2852
   35 2441.117613 17064
   36 8713.534221 21647
   37 0.434773 -2309
   38 357.994902  1257
   39 0.135052 -3064
   40 2396.018104  2568
   41 6587.877742 12082
   42 11059.867465 15949
   43 972.607752 13544
   44 5347.883830 23714
   45 3906.351398 30240
   46 4642.564058 10842
   47 7530.320141 15863
   48 0.165705 -1788
   49 0.205941 -3003
   50 106.388131  1573
   51 1239.996568   828
   52 4842.432276 12746
   53 0.462484   314
   54 14417.348811 23962
   55 2971.120673 23513
   56 0.215558 32017
   57 13138.740919 27528
   58 0.014518 -2540
   59 1093.887714 28792
   60 11425.222673 31213
   61 12239.972769 19028
   62 37948.937663 31927
   63 0.826855 31951
   64 12292.156748 26634
   65 2600.796302  8009
   66 18067.608157 18283
   67 3920.519201 14765
   68 9420.511885 27953
   69 3302.109976  4234
   70 2953.723282  6832
   71 268.549067  6524
   72 0.580895 -2711
   73 557.298748 23238
   74 906.574537 23525
   75 1.405058 -2177
   76 1880.218862 10172
   77 1443.287608 21958
   78 0.243346 -2390
   79 0.512238 -2423
   80 0.175496 -2110
   81 0.247274  3195
   82 0.274083  3101
   83 13713.662667 -3116
   84 1289.846232  7462
   85 1343.991625  1250
   86 6228.911513 13695
   87 0.425388 -2810
   88 0.267988 -2668
   89 0.266708 -2119
   90 8758.039687 11841
   91 921.689250  3905
   92 454.333385 26181
   93 4733.937685  6201
   94 0.343834 -2630
   95 0.131120 -2801
   96 20269.663879 20258
   97 5063.369152 11140
   98 0.342609 -2718
   99 5663.103156  7350
  100 0.283700 -3230
  101 2161.852053  6709
  102 0.162288 -2544
  103 4584.354055 20824
  104 3067.423033 10814
  105 0.643126 -2651
  106 247.754054  1080
  107 9709.357181 23377
  108 0.138629 -3192
  109 729.564734  1281
  110 0.128902 -2629
  111 6518.553232 12350
  112 0.516381 -1920
  113 11107.164198 21527
  114 3599.227066 28488
  115 14442.939609 12613
  116 16244.203447 25599
  117 3168.598180  2552
  118 100.841512  4764
  119 4741.298275 11817
  120 102.047788  8720
  121 0.255146   876
  122 10285.224992 21854
  123 0.224208 -1881
  124 569.726649   546
  125 0.890662 -1913
  126 3429.585988 32558
  127 2060.318448 29437
  128 4766.859104 32051
  129 27099.908135 22728
  130 1515.519110 12216
  131 1664.987752 19666
  132 0.364479    74
  133 0.212583 -1966
  134 6766.099136 16240
  135 1164.134098 23404
  136 7227.804777  3066
  137 803.906799  3236
  138 0.460871 -3156
  139 12122.592902 26575
  140 28028.218021 30702
  141 16.516250 23859
  142 0.126242 -2212
  143 9719.882602 15705
  144 1824.095204 14460
  145 6193.674836 16428
  146 10691.512410 26421
  147 5328.484391 10799
  148 0.102085 -2970
  149 1354.035366 30348
  150 7399.107212 14927
  151 0.324180 -2981
  152 949.635546  4176
  153 3054.916553  3369
  154 0.204009 -3090
  155 0.123096 -2741
  156 25220.281893 26851
  157 9896.645867 29251
  158 1531.452390  5560
  159 0.551529 -1996
  160 2352.970847 13900
  161 3653.372358 29542
  162 10155.627936 23379
  163 7469.303672 18562
  164 0.100193 -2198
  165 0.381825 -2146
  166 1132.656137  4587
  167 5096.280675  4200
  168 0.505546 32150
  169 0.092280 -2166
  170 0.404634 -2801
  171 0.055496 -3255
  172 4186.256508 24598
  173 10405.878509 14057
  174 0.228397 -2884
  175 4173.362885 15891
  176 0.617567 -2279
  177 21981.544321 31434
  178 5713.341964 20565
  179 1433.645493 11021
  180 10579.771177 19654
  181 0.203827 31837
  182 9577.195884 13672
  183 11210.777531 14952
  184 5665.018797 26785
  185 320.171013  6455
  186 0.081713 -1650
  187 0.287689 -2588
  188 0.539029 -2827
  189 6796.905566 16729
  190 6397.635291 13760
  191 0.403158 -2091
  192 18630.867090 24846
  193 4224.844656 29565
  194 0.322036 -1681
  195 19456.598130 28229
  196 0.656071 -1684
  197 11159.254639 15816
  198 13479.622929 17659
  199 0.264900 -3088
  200 2875.350514  6147
  201 8593.387482 30936
  202 9814.411538 26161
  203 3210.130498  9518
  204 1961.314792 29234
  205 1625.886771 18278
  206 619.710139 12201
  207 0.015311 -1702
  208 0.193680 -2474
  209 2141.911011 11251
  210 7832.950250 11128
  211 7918.279603 18494
  212 0.387217 -1593
  213 0.781485 -2437
  214 5307.513089 15528
  215 0.265184 -1846
  216 0.161435  1154
  217 6771.679943 15143
  218 28975.314895 -3103
  219 2729.265226 16679
  220 0.251033 -2764
  221 0.414572  1476
  222 505.099024 19127
  223 169.608215  5680
  224 0.552772  2168
  225 1.223479 -2741
  226 32131.348724 25072
  227 0.137830   460
  228 1917.543000  3095
  229 3116.867654  8458
  230 12861.907184 -3242
  231 844.102541 11398
  232 54.342365   881
  233 1765.324072  1061
  234 0.200015 -1929
  235 19669.119221 17055
  236 15516.000944 31779
  237 16029.724677 25768
  238 14474.932791 14732
  239 2516.539176 -3256
  240 150.776365    35
  241 118.421580  9045
  242 30943.492176 28477
  243 11990.586346 25507
  244 8375.764455 27680
  245 1434.654253  6344
  246 7360.460984 21407
  247 0.145937 -1812
  248 0.025195 -2751
  249 23797.391971 21608
  250 1296.622680 19993
  251 3428.980815 -3226
  252 0.195069   131
  253 13436.613464 26725
  254 0.122780 -2571
  255 453.072336  4774
  256 0.271698 -2202
  257 0.553339 -2715
  258 10063.878770 11874
  259 0.394585 -2572
  260 0.098916 -2700
  261 1105.456775 15881
  262 0.202008 -2630
  263 2418.829219 14536
  264 904.693089  1231
  265 2213.599485 13187
  266 8990.381860  7031
  267 0.107188 -2424
  268 1217.572667 12441
  269 0.253661 -2748
  270 16359.241326 27996
  271 7095.135280 20832
  272 0.044375 -2129
  273 1772.765231 13008
  274 1377.490016  3973
  275 4231.546392  9596
  276 18697.752330 29864
  277 1492.975217  8226
  278 10092.591397  8125
  279 710.419590  1936
  280 17.476911   519
  281 0.023958 -1896
  282 1012.187719 20779
  283 302.001639  5897
  284 0.010205 30295
  285 1022.388292 29243
  286 3851.185287 -3236
  287 5934.188693 13467
  288 0.332097 -2093
  289 0.501836 -1755
  290 10339.709071 15224
  291 24493.825740 16581
  292 12899.297598 16126
  293 0.078135 -2489
  294 4307.499220 12038
  295 2293.520347 14498
  296 1.258494  4174
  297 18218.767389 -3250
  298 0.536734 32570
  299 4130.975077 21172
  300 2090.593036 14979
