300
    1 431.632357     1
    2 4172.050631 22552
    3 2700.033524 27863
    4 0.571000 -1935
    5 0.602165 -2497
    6 7233.662763 11402
    7 1119.688539  7882
    8 652.171818  5438
    9 0.073989 -2390
   10 1422.057912  6863
   11 0.328893 -2493
   12 142.423708   525
   13 0.375261 -1620
   14 4344.479359 20096
   15 0.607516 -3259
   16 7681.654148 24956
   17 0.347050 -2849
   18 11098.210077 -3232
   19 1162.248008 14573
   20 0.061073 -3083
   21 4345.187984 21823
   22 11388.486030 15275
   23 8930.614688 14868
   24 0.495279 -2447
   25 0.026025  2208
   26 0.744034 -2263
   27 5220.965703 20395
   28 6804.292566 -3111
   29 1877.086361  4613
   30 10622.061519 14985
   31 5301.881088 10343
   32 0.803585 -1984
   33 2804.205647  2104
   34 1151.581423 -2852
   35 12077.177349 17064
   36 1251.292933 21647
   37 0.287622 -2309
   38 350.486684  1257
   39 0.148360 -3064
   40 2819.296517  2568
   41 1055.789691 12082
   42 460.887309 15949
   43 772.102915 13544
   44 9632.464010 23714
   45 918.402959 30240
   46 3128.899525 10842
   47 22.631952 15863
   48 0.658916 -1788
   49 0.374434 -3003
   50 305.404750  1573
   51 2526.829823   828
   52 2667.286969 12746
   53 0.010296   314
   54 6497.441349 23962
   55 6764.526244 23513
   56 0.064052 32017
   57 18634.763403 27528
   58 0.423280 -2540
   59 15944.052623 28792
   60 7437.966045 31213
   61 3598.925820 19028
   62 7393.724700 31927
   63 1.102764 31951
   64 15923.270129 26634
   65 415.587084  8009
   66 2374.425389 18283
   67 6007.130860 14765
   68 21554.358726 27953
   69 1553.065700  4234
   70 651.368754  6832
   71 5768.768698  6524
   72 0.371604 -2711
   73 1125.566592 23238
   74 1077.179287 23525
   75 0.304568 -2177
   76 853.501803 10172
   77 5647.357257 21958
   78 0.192553 -2390
   79 0.114069 -2423
   80 0.248378 -2110
   81 0.751991  3195
   82 0.198951  3101
   83 14944.082179 -3116
   84 2471.022721  7462
   85 616.624929  1250
   86 23.680910 13695
   87 0.630980 -2810
   88 0.365237 -2668
   89 0.650514 -2119
   90 2554.358547 11841
   91 1120.762377  3905
   92 20306.655357 26181
   93 1178.407787  6201
   94 0.710430 -2630
   95 0.756287 -2801
   96 11323.472121 20258
   97 15765.034850 11140
   98 0.408090 -2718
   99 803.501359  7350
  100 0.442545 -3230
  101 1022.878267  6709
  102 0.509953 -2544
  103 5263.082804 20824
  104 3068.096682 10814
  105 0.379944 -2651
  106 263.683714  1080
  107 261.297550 23377
  108 0.242236 -3192
  109 703.371832  1281
  110 0.214210 -2629
  111 6604.015012 12350
  112 0.419894 -1920
  113 13201.613332 21527
  114 12149.747273 28488
  115 1076.166438 12613
  116 2368.156730 25599
  117 2760.660400  2552
  118 70.184911  4764
  119 2891.302857 11817
  120 3303.170099  8720
  121 0.018383   876
  122 19760.311092 21854
  123 0.260936 -1881
  124 1317.691111   546
  125 0.327087 -1913
  126 11591.073149 32558
  127 24083.501111 29437
  128 17636.193542 32051
  129 5847.077086 22728
  130 8984.445127 12216
  131 8343.705035 19666
  132 0.445493    74
  133 0.588506 -1966
  134 2944.151171 16240
  135 1531.776781 23404
  136 2273.928266  3066
  137 903.111688  3236
  138 0.127185 -3156
  139 14468.107784 26575
  140 9175.110700 30702
  141 3939.960484 23859
  142 0.558261 -2212
  143 20753.133738 15705
  144 3862.910802 14460
  145 1494.489719 16428
  146 6960.982295 26421
  147 5195.438142 10799
  148 0.486405 -2970
  149 7518.926717 30348
  150 15399.395462 14927
  151 0.002834 -2981
  152 2595.741240  4176
  153 7020.514891  3369
  154 0.166376 -3090
  155 0.213260 -2741
  156 9330.292117 26851
  157 2844.498969 29251
  158 3793.860729  5560
  159 0.225418 -1996
  160 1226.085552 13900
  161 1588.138889 29542
  162 2304.784126 23379
  163 19899.681049 18562
  164 0.390838 -2198
  165 0.022651 -2146
  166 2735.465030  4587
  167 1599.994176  4200
  168 0.655894 32150
  169 0.347068 -2166
  170 0.143753 -2801
  171 0.146235 -3255
  172 7200.185238 24598
  173 12747.956845 14057
  174 0.058329 -2884
  175 11578.202846 15891
  176 0.629849 -2279
  177 3597.876105 31434
  178 2732.592547 20565
  179 4887.610221 11021
  180 8093.432722 19654
  181 0.355507 31837
  182 668.679771 13672
  183 2703.598942 14952
  184 17694.695266 26785
  185 791.712860  6455
  186 0.127861 -1650
  187 0.243995 -2588
  188 0.610000 -2827
  189 7354.438376 16729
  190 5955.586099 13760
  191 0.346057 -2091
  192 5769.893551 24846
  193 12080.188361 29565
  194 0.278866 -1681
  195 2357.389806 28229
  196 0.915468 -1684
  197 6743.644781 15816
  198 4509.430407 17659
  199 0.256218 -3088
  200 5676.122379  6147
  201 3453.395234 30936
  202 1601.881163 26161
  203 4314.120633  9518
  204 11214.521149 29234
  205 2045.143078 18278
  206 1497.956494 12201
  207 0.342688 -1702
  208 0.246306 -2474
  209 4666.950469 11251
  210 2281.099167 11128
  211 1540.934727 18494
  212 0.057711 -1593
  213 0.353538 -2437
  214 4968.697774 15528
  215 0.268400 -1846
  216 0.728138  1154
  217 9399.129864 15143
  218 16350.632432 -3103
  219 802.285816 16679
  220 0.139555 -2764
  221 1.184367  1476
  222 12905.954267 19127
  223 2797.092400  5680
  224 0.216203  2168
  225 0.626682 -2741
  226 17889.316629 25072
  227 0.056520   460
  228 4703.416986  3095
  229 5883.009943  8458
  230 11624.949841 -3242
  231 11655.062719 11398
  232 441.984340   881
  233 1204.099245  1061
  234 1.140618 -1929
  235 6054.089856 17055
  236 22343.596348 31779
  237 11416.185136 25768
  238 3826.849106 14732
  239 8759.777207 -3256
  240 1007.629985    35
  241 330.282735  9045
  242 7062.891164 28477
  243 19218.234804 25507
  244 10812.546481 27680
  245 209.221437  6344
  246 20535.000402 21407
  247 0.420511 -1812
  248 0.352871 -2751
  249 3816.358969 21608
  250 4855.282043 19993
  251 16732.680816 -3226
  252 0.062842   131
  253 15891.175211 26725
  254 1.057893 -2571
  255 441.092779  4774
  256 0.701403 -2202
  257 0.472288 -2715
  258 3274.879715 11874
  259 0.474737 -2572
  260 0.123274 -2700
  261 17917.475643 15881
  262 0.422747 -2630
  263 7654.594208 14536
  264 586.324453  1231
  265 3264.644403 13187
  266 2075.338709  7031
  267 0.457357 -2424
  268 12228.089646 12441
  269 0.292748 -2748
  270 7085.000629 27996
  271 10722.255354 20832
  272 0.298159 -2129
  273 3233.948263 13008
  274 1302.723584  3973
  275 588.589559  9596
  276 3297.968743 29864
  277 1319.923523  8226
  278 11296.259626  8125
  279 87.751408  1936
  280 21.068763   519
  281 0.091107 -1896
  282 442.294700 20779
  283 741.107530  5897
  284 0.293157 30295
  285 18493.974307 29243
  286 11744.639164 -3236
  287 8753.561594 13467
  288 1.176831 -2093
  289 0.217401 -1755
  290 404.634418 15224
  291 13368.036972 16581
  292 6449.532547 16126
  293 0.445351 -2489
  294 4649.407060 12038
  295 282.019689 14498
  296 0.608181  4174
  297 38820.906668 -3250
  298 0.052030 32570
  299 1462.000872 21172
  300 2655.780118 14979
