300
    1 209.011487     1
    2 12422.716950 22552
    3 11228.159464 27863
    4 0.368508 -1935
    5 0.885560 -2497
    6 3809.123282 11402
    7 428.953631  7882
    8 3189.852737  5438
    9 0.073813 -2390
   10 134.912751  6863
   11 1.091934 -2493
   12 45.459636   525
   13 0.111512 -1620
   14 8137.656377 20096
   15 0.576986 -3259
   16 10885.387836 24956
   17 0.037438 -2849
   18 5982.109178 -3232
   19 1489.821274 14573
   20 0.993590 -3083
   21 22353.379283 21823
   22 10386.850182 15275
   23 4330.626607 14868
   24 0.036985 -2447
   25 0.983061  2208
   26 0.384249 -2263
   27 11236.726291 20395
   28 3165.169241 -3111
   29 1105.209963  4613
   30 12198.367228 14985
   31 8024.462504 10343
   32 0.124153 -1984
   33 5360.953613  2104
   34 21660.818283 -2852
   35 4667.557165 17064
   36 10866.745857 21647
   37 0.204869 -2309
   38 291.410268  1257
   39 0.464583 -3064
   40 1798.597069  2568
   41 1421.114720 12082
   42 7275.470144 15949
   43 1932.586941 13544
   44 6615.843269 23714
   45 12180.797067 30240
   46 9349.925982 10842
   47 10279.797129 15863
   48 0.179831 -1788
   49 0.232759 -3003
   50 454.744161  1573
   51 397.710190   828
   52 1661.661753 12746
   53 0.965984   314
   54 6974.546118 23962
   55 8874.428929 23513
   56 0.401497 32017
   57 21971.519462 27528
   58 0.060549 -2540
   59 9339.779826 28792
   60 10455.173201 31213
   61 13293.324272 19028
   62 11023.900494 31927
   63 0.080374 31951
   64 4114.361602 26634
   65 1010.891817  8009
   66 4275.443909 18283
   67 8182.008099 14765
   68 1860.679071 27953
   69 1954.912397  4234
   70 2920.451409  6832
   71 1586.641548  6524
   72 0.349104 -2711
   73 18143.831733 23238
   74 1125.339636 23525
   75 0.417710 -2177
   76 5166.549119 10172
   77 4190.232775 21958
   78 0.144250 -2390
   79 0.178316 -2423
   80 0.740972 -2110
   81 0.006782  3195
   82 0.241701  3101
   83 9139.151455 -3116
   84 308.962502  7462
   85 164.948203  1250
   86 5280.370194 13695
   87 0.305760 -2810
   88 0.008064 -2668
   89 0.107345 -2119
   90 6751.786580 11841
   91 943.697960  3905
   92 338.125312 26181
   93 1507.733838  6201
   94 1.056572 -2630
   95 0.134900 -2801
   96 8193.717891 20258
   97 409.397601 11140
   98 0.255530 -2718
   99 2747.113268  7350
  100 0.657649 -3230
  101 4788.089940  6709
  102 0.062144 -2544
  103 10571.196790 20824
  104 4838.381859 10814
  105 0.025553 -2651
  106 79.769407  1080
  107 1805.521510 23377
  108 0.263869 -3192
  109 1283.374354  1281
  110 0.352974 -2629
  111 16139.794509 12350
  112 0.354312 -1920
  113 6409.695204 21527
  114 11384.593572 28488
  115 7931.102860 12613
  116 4972.708861 25599
  117 347.338802  2552
  118 135.765855  4764
  119 2388.015808 11817
  120 1762.933503  8720
  121 0.842852   876
  122 2417.502907 21854
  123 0.323605 -1881
  124 2305.221023   546
  125 0.659795 -1913
  126 11059.409339 32558
  127 35214.419832 29437
  128 10291.370792 32051
  129 9623.776207 22728
  130 4199.134721 12216
  131 12653.837940 19666
  132 0.014715    74
  133 0.656847 -1966
  134 6739.227330 16240
  135 11994.732517 23404
  136 1378.065480  3066
  137 1660.716457  3236
  138 0.100124 -3156
  139 13224.977580 26575
  140 20094.228046 30702
  141 14392.744755 23859
  142 0.194495 -2212
  143 6206.130340 15705
  144 2664.669005 14460
  145 11079.603632 16428
  146 15538.483483 26421
  147 817.646688 10799
  148 0.267329 -2970
  149 8920.707507 30348
  150 5581.019141 14927
  151 0.517624 -2981
  152 398.916658  4176
  153 4495.560784  3369
  154 0.204297 -3090
  155 0.181966 -2741
  156 14869.597765 26851
  157 7535.712557 29251
  158 194.520235  5560
  159 0.278810 -1996
  160 11704.128853 13900
  161 35038.962195 29542
  162 27243.961277 23379
  163 2839.839489 18562
  164 0.494686 -2198
  165 0.184338 -2146
  166 6340.538200  4587
  167 10019.059412  4200
  168 0.172890 32150
  169 0.608866 -2166
  170 0.483365 -2801
  171 0.773233 -3255
  172 24747.777895 24598
  173 137.295264 14057
  174 0.591481 -2884
  175 1668.122207 15891
  176 0.496003 -2279
  177 2645.686177 31434
  178 127.543263 20565
  179 80.517476 11021
  180 2316.113416 19654
  181 0.085142 31837
  182 4177.774397 13672
  183 1809.330845 14952
  184 325.928204 26785
  185 1026.517058  6455
  186 0.253339 -1650
  187 0.378879 -2588
  188 0.929577 -2827
  189 5445.868611 16729
  190 1847.288483 13760
  191 0.168064 -2091
  192 6744.797954 24846
  193 1635.753847 29565
  194 0.269147 -1681
  195 12185.330518 28229
  196 0.861630 -1684
  197 5211.924330 15816
  198 6031.670944 17659
  199 0.329654 -3088
  200 5497.631579  6147
  201 6379.781750 30936
  202 1298.607793 26161
  203 12582.313560  9518
  204 8659.934533 29234
  205 343.744805 18278
  206 1191.938499 12201
  207 0.974365 -1702
  208 0.210832 -2474
  209 1174.674553 11251
  210 6233.097139 11128
  211 15772.049184 18494
  212 0.380227 -1593
  213 0.740790 -2437
  214 1382.079836 15528
  215 0.277557 -1846
  216 0.556905  1154
  217 3063.237394 15143
  218 25297.421041 -3103
  219 10593.949401 16679
  220 0.558456 -2764
  221 0.098306  1476
  222 5124.259967 19127
  223 648.241419  5680
  224 0.071984  2168
  225 0.719286 -2741
  226 16007.433654 25072
  227 0.147294   460
  228 1424.662010  3095
  229 3129.118444  8458
  230 9476.542846 -3242
  231 5213.682106 11398
  232 402.419840   881
  233 2137.103043  1061
  234 0.514519 -1929
  235 2773.718650 17055
  236 3740.567703 31779
  237 587.249987 25768
  238 801.562229 14732
  239 13787.414234 -3256
  240 314.845021    35
  241 5426.469576  9045
  242 7392.870857 28477
  243 789.924894 25507
  244 3028.331332 27680
  245 1479.662329  6344
  246 5870.801063 21407
  247 1.072854 -1812
  248 0.135424 -2751
  249 11087.056499 21608
  250 6567.572889 19993
  251 638.391198 -3226
  252 0.051644   131
  253 4710.590898 26725
  254 0.256354 -2571
  255 663.170277  4774
  256 0.267394 -2202
  257 0.763556 -2715
  258 1999.604616 11874
  259 0.389885 -2572
  260 0.561933 -2700
  261 6609.056340 15881
  262 0.029760 -2630
  263 9099.482009 14536
  264 476.218857  1231
  265 1488.458051 13187
  266 5895.560337  7031
  267 0.004985 -2424
  268 183.764602 12441
  269 0.286391 -2748
  270 22185.575839 27996
  271 30.334778 20832
  272 0.089741 -2129
  273 3878.953739 13008
  274 344.735916  3973
  275 61.368118  9596
  276 15608.744684 29864
  277 559.418068  8226
  278 3736.985755  8125
  279 10.285867  1936
  280 24.165459   519
  281 0.046374 -1896
  282 5952.697874 20779
  283 40.036839  5897
  284 0.658644 30295
  285 24565.098118 29243
  286 26938.486735 -3236
  287 9635.157598 13467
  288 0.252975 -2093
  289 0.202555 -1755
  290 8056.189130 15224
  291 13105.996418 16581
  292 1910.209498 16126
  293 0.227364 -2489
  294 9374.146460 12038
  295 565.257359 14498
  296 0.192215  4174
  297 13355.287627 -3250
  298 0.105814 32570
  299 8631.806234 21172
  300 4333.383601 14979
