300
    1 44.973306     1
    2 10606.834422 22552
    3 22355.530235 27863
    4 0.296353 -1935
    5 0.709696 -2497
    6 4253.095605 11402
    7 2658.830408  7882
    8 2446.043992  5438
    9 0.719862 -2390
   10 1758.467290  6863
   11 0.582753 -2493
   12 155.410091   525
   13 0.171484 -1620
   14 4689.329841 20096
   15 0.746061 -3259
   16 14078.402527 24956
   17 0.367090 -2849
   18 14265.988476 -3232
   19 13736.387094 14573
   20 0.132972 -3083
   21 14882.944626 21823
   22 7436.011247 15275
   23 20691.469069 14868
   24 0.548914 -2447
   25 0.075353  2208
   26 0.172308 -2263
   27 4364.034675 20395
   28 18264.037244 -3111
   29 1297.484601  4613
   30 469.765868 14985
   31 6687.932586 10343
   32 1.025660 -1984
   33 3767.322915  2104
   34 39363.722891 -2852
   35 4295.559978 17064
   36 26026.417765 21647
   37 0.128960 -2309
   38 1952.885720  1257
   39 0.529272 -3064
   40 1366.133535  2568
   41 405.305034 12082
   42 12463.822143 15949
   43 3769.640755 13544
   44 793.791418 23714
   45 5766.071397 30240
   46 18251.444378 10842
   47 192.388723 15863
   48 0.655291 -1788
   49 0.010157 -3003
   50 0.074936  1573
   51 935.011894   828
   52 8306.963450 12746
   53 0.422164   314
   54 5570.694835 23962
   55 6224.285800 23513
   56 0.309752 32017
   57 22949.029605 27528
   58 0.607470 -2540
   59 743.459950 28792
   60 3489.393391 31213
   61 5187.619927 19028
   62 7131.306251 31927
   63 0.097497 31951
   64 11084.390240 26634
   65 3318.833582  8009
   66 12495.859625 18283
   67 8017.632314 14765
   68 25127.112197 27953
   69 12.884220  4234
   70 3300.958165  6832
   71 3440.487174  6524
   72 0.767366 -2711
   73 13558.391956 23238
   74 3134.579584 23525
   75 0.917563 -2177
   76 6327.285929 10172
   77 5131.113795 21958
   78 0.445259 -2390
   79 0.034831 -2423
   80 0.123522 -2110
   81 0.345695  3195
   82 0.474053  3101
   83 28477.855284 -3116
   84 804.069053  7462
   85 479.532843  1250
   86 1341.921893 13695
   87 0.206689 -2810
   88 0.240458 -2668
   89 0.509617 -2119
   90 941.289963 11841
   91 866.437547  3905
   92 14708.774581 26181
   93 187.486114  6201
   94 0.135596 -2630
   95 0.108010 -2801
   96 2384.175514 20258
   97 4966.206448 11140
   98 0.815616 -2718
   99 413.990357  7350
  100 0.492460 -3230
  101 1519.798892  6709
  102 0.708244 -2544
  103 30895.152789 20824
  104 587.094846 10814
  105 0.360366 -2651
  106 309.251929  1080
  107 15087.785795 23377
  108 0.561545 -3192
  109 969.001965  1281
  110 0.136335 -2629
  111 387.758715 12350
  112 0.753632 -1920
  113 517.885476 21527
  114 4967.456895 28488
  115 15.465348 12613
  116 19986.037523 25599
  117 2122.877828  2552
  118 126.808542  4764
  119 30.294396 11817
  120 2682.488186  8720
  121 0.244821   876
  122 2744.076052 21854
  123 0.599132 -1881
  124 320.267225   546
  125 0.851338 -1913
  126 31156.283789 32558
  127 10187.358099 29437
  128 947.951905 32051
  129 19468.483621 22728
  130 7355.745272 12216
  131 11688.728163 19666
  132 0.603114    74
  133 0.708551 -1966
  134 1950.523627 16240
  135 6624.156475 23404
  136 2083.020023  3066
  137 1113.122316  3236
  138 0.034515 -3156
  139 4975.628298 26575
  140 10312.411822 30702
  141 12228.992138 23859
  142 0.356172 -2212
  143 163.939849 15705
  144 1283.117232 14460
  145 8411.822174 16428
  146 14249.741552 26421
  147 978.233317 10799
  148 0.125410 -2970
  149 4815.458715 30348
  150 4032.305997 14927
  151 0.175284 -2981
  152 2889.711287  4176
  153 7009.581170  3369
  154 0.763980 -3090
  155 0.308702 -2741
  156 5627.430238 26851
  157 15911.470520 29251
  158 3525.589809  5560
  159 0.267903 -1996
  160 2018.099425 13900
  161 1696.844291 29542
  162 12343.128799 23379
  163 11323.475688 18562
  164 0.059168 -2198
  165 0.597339 -2146
  166 3907.125558  4587
  167 6179.940176  4200
  168 0.580729 32150
  169 0.783982 -2166
  170 0.242530 -2801
  171 0.767976 -3255
  172 22006.284405 24598
  173 1265.074339 14057
  174 0.059858 -2884
  175 7077.315864 15891
  176 0.466260 -2279
  177 2168.726641 31434
  178 27263.803150 20565
  179 1564.674410 11021
  180 4785.197919 19654
  181 0.154582 31837
  182 1374.024311 13672
  183 497.342272 14952
  184 11039.035429 26785
  185 436.060181  6455
  186 0.156847 -1650
  187 0.218589 -2588
  188 0.112279 -2827
  189 1521.594801 16729
  190 3683.057860 13760
  191 0.159678 -2091
  192 22645.677547 24846
  193 9517.446711 29565
  194 0.369147 -1681
  195 1072.836998 28229
  196 0.812635 -1684
  197 7349.790450 15816
  198 1198.803265 17659
  199 0.045822 -3088
  200 8501.488861  6147
  201 8949.877152 30936
  202 2243.607838 26161
  203 1556.874950  9518
  204 57038.170799 29234
  205 16441.742957 18278
  206 4294.543229 12201
  207 0.197684 -1702
  208 1.319348 -2474
  209 6924.771372 11251
  210 1138.558711 11128
  211 6012.890973 18494
  212 0.645985 -1593
  213 0.177848 -2437
  214 14031.535970 15528
  215 0.075029 -1846
  216 0.708634  1154
  217 16458.868073 15143
  218 17911.470050 -3103
  219 5164.923636 16679
  220 0.048996 -2764
  221 0.513209  1476
  222 17824.788025 19127
  223 4705.181746  5680
  224 0.153215  2168
  225 0.180568 -2741
  226 32536.795327 25072
  227 0.078963   460
  228 3213.079443  3095
  229 6892.734507  8458
  230 47673.226344 -3242
  231 6026.678011 11398
  232 691.280347   881
  233 11.165460  1061
  234 0.430764 -1929
  235 17313.803784 17055
  236 29076.878893 31779
  237 674.297404 25768
  238 13847.842836 14732
  239 1135.279868 -3256
  240 237.028549    35
  241 624.625421  9045
  242 25103.151644 28477
  243 22912.657129 25507
  244 8431.621235 27680
  245 1022.590758  6344
  246 648.024719 21407
  247 0.005200 -1812
  248 0.916090 -2751
  249 35539.975885 21608
  250 11179.194373 19993
  251 7560.254219 -3226
  252 1.096756   131
  253 9005.689144 26725
  254 0.480700 -2571
  255 364.785663  4774
  256 0.343524 -2202
  257 0.197009 -2715
  258 11193.052496 11874
  259 0.542345 -2572
  260 0.013152 -2700
  261 6164.308515 15881
  262 0.320058 -2630
  263 11984.747647 14536
  264 1265.691688  1231
  265 8069.972995 13187
  266 5394.015115  7031
  267 0.458498 -2424
  268 8520.600713 12441
  269 0.750617 -2748
  270 2260.282911 27996
  271 4240.306677 20832
  272 0.532175 -2129
  273 9246.865802 13008
  274 642.128449  3973
  275 1756.889885  9596
  276 12700.119873 29864
  277 3785.239308  8226
  278 5035.029414  8125
  279 599.097755  1936
  280 22.402510   519
  281 0.325761 -1896
  282 6848.240021 20779
  283 842.927571  5897
  284 0.240637 30295
  285 21911.755999 29243
  286 8750.519670 -3236
  287 6482.118772 13467
  288 0.559377 -2093
  289 0.395478 -1755
  290 6275.410569 15224
  291 8216.828045 16581
  292 5267.078080 16126
  293 0.174797 -2489
  294 4367.461880 12038
  295 5047.685979 14498
  296 0.180297  4174
  297 10604.646759 -3250
  298 0.357810 32570
  299 9748.479068 21172
  300 227.608542 14979
