300
    1 178.515978     1
    2 6964.716562 22552
    3 2659.244050 27863
    4 0.015553 -1935
    5 0.303766 -2497
    6 927.330815 11402
    7 1523.923677  7882
    8 741.257689  5438
    9 0.807650 -2390
   10 1408.040769  6863
   11 0.416299 -2493
   12 77.950817   525
   13 0.479677 -1620
   14 8957.746108 20096
   15 0.024555 -3259
   16 2370.274137 24956
   17 0.257775 -2849
   18 14458.708923 -3232
   19 5121.597550 14573
   20 0.087630 -3083
   21 3479.339946 21823
   22 2410.873040 15275
   23 5059.706155 14868
   24 0.126207 -2447
   25 0.594125  2208
   26 0.071018 -2263
   27 5605.380525 20395
   28 25348.932035 -3111
   29 255.388905  4613
   30 150.686827 14985
   31 3166.309532 10343
   32 0.046879 -1984
   33 1719.461554  2104
   34 6384.583809 -2852
   35 6492.327814 17064
   36 388.002111 21647
   37 0.431414 -2309
   38 1415.730895  1257
   39 0.078924 -3064
   40 1916.032853  2568
   41 258.034831 12082
   42 8419.289233 15949
   43 1660.238431 13544
   44 18232.116630 23714
   45 1081.264819 30240
   46 6509.632408 10842
   47 19661.674101 15863
   48 0.858117 -1788
   49 0.422295 -3003
   50 746.355815  1573
   51 2542.091234   828
   52 13555.061608 12746
   53 0.198114   314
   54 14767.986423 23962
   55 413.729278 23513
   56 0.363777 32017
   57 9761.926069 27528
   58 0.953359 -2540
   59 408.643282 28792
   60 18334.765426 31213
   61 12922.879379 19028
   62 25271.037561 31927
   63 1.297391 31951
   64 6078.710545 26634
   65 1915.873192  8009
   66 846.010067 18283
   67 20749.321776 14765
   68 19081.305819 27953
   69 1045.964357  4234
   70 3940.277859  6832
   71 1319.074849  6524
   72 0.002110 -2711
   73 5674.180968 23238
   74 15419.135566 23525
   75 0.175767 -2177
   76 405.136281 10172
   77 7249.749192 21958
   78 0.138000 -2390
   79 0.561744 -2423
   80 0.216967 -2110
   81 1.184185  3195
   82 0.287729  3101
   83 12346.086644 -3116
   84 1172.798443  7462
   85 3741.313833  1250
   86 192.226208 13695
   87 0.241327 -2810
   88 0.427399 -2668
   89 0.758150 -2119
   90 2716.482909 11841
   91 1435.086258  3905
   92 16000.401604 26181
   93 1726.087565  6201
   94 0.334744 -2630
   95 1.079294 -2801
   96 3863.593862 20258
   97 2127.160694 11140
   98 0.073336 -2718
   99 1245.127381  7350
  100 0.453409 -3230
  101 2029.100046  6709
  102 0.958548 -2544
  103 4658.557863 20824
  104 3892.693639 10814
  105 1.048390 -2651
  106 2064.650067  1080
  107 3347.572746 23377
  108 0.119852 -3192
  109 758.401483  1281
  110 0.037862 -2629
  111 2501.922136 12350
  112 0.996988 -1920
  113 5049.978030 21527
  114 4962.840879 28488
  115 1430.772042 12613
  116 1461.533204 25599
  117 2816.295766  2552
  118 83.407421  4764
  119 274.043111 11817
  120 1962.421880  8720
  121 0.022213   876
  122 12418.293686 21854
  123 0.441999 -1881
  124 4565.602726   546
  125 1.170516 -1913
  126 46783.902033 32558
  127 28567.877730 29437
  128 2639.137591 32051
  129 7889.009772 22728
  130 1587.068904 12216
  131 945.284070 19666
  132 0.311894    74
  133 0.015665 -1966
  134 12394.885259 16240
  135 2382.458317 23404
  136 1766.356269  3066
  137 290.198434  3236
  138 0.123252 -3156
  139 26681.755285 26575
  140 25069.165617 30702
  141 3896.457663 23859
  142 0.030057 -2212
  143 4525.927937 15705
  144 1932.619362 14460
  145 4132.428279 16428
  146 588.263346 26421
  147 4097.475081 10799
  148 0.770279 -2970
  149 5714.764529 30348
  150 1143.935279 14927
  151 0.467433 -2981
  152 755.911760  4176
  153 1855.107348  3369
  154 0.455576 -3090
  155 0.714779 -2741
  156 6747.386283 26851
  157 9551.711228 29251
  158 1280.284373  5560
  159 0.883576 -1996
  160 2056.678355 13900
  161 21441.731537 29542
  162 10901.233743 23379
  163 4390.152577 18562
  164 0.245404 -2198
  165 0.747566 -2146
  166 90.496401  4587
  167 3195.980252  4200
  168 0.486769 32150
  169 0.550380 -2166
  170 0.011061 -2801
  171 0.167056 -3255
  172 5473.456080 24598
  173 2603.128657 14057
  174 0.447945 -2884
  175 8979.345433 15891
  176 1.067089 -2279
  177 7118.973403 31434
  178 2882.632757 20565
  179 1068.024465 11021
  180 6025.021192 19654
  181 0.085509 31837
  182 389.765870 13672
  183 7061.805202 14952
  184 4919.040697 26785
  185 908.010070  6455
  186 0.988076 -1650
  187 0.230222 -2588
  188 0.170084 -2827
  189 29322.817037 16729
  190 4232.661178 13760
  191 0.581642 -2091
  192 15672.478550 24846
  193 13345.011781 29565
  194 0.161974 -1681
  195 1888.384783 28229
  196 0.277801 -1684
  197 14868.005242 15816
  198 10009.074048 17659
  199 0.466208 -3088
  200 458.845797  6147
  201 1751.537046 30936
  202 16166.810087 26161
  203 6430.373510  9518
  204 27324.774163 29234
  205 2532.477586 18278
  206 367.216476 12201
  207 0.101309 -1702
  208 0.066277 -2474
  209 7252.799482 11251
  210 11995.018323 11128
  211 12049.674284 18494
  212 0.948476 -1593
  213 0.584678 -2437
  214 15249.096947 15528
  215 0.524735 -1846
  216 0.035871  1154
  217 246.108400 15143
  218 25692.130818 -3103
  219 318.030635 16679
  220 0.864663 -2764
  221 0.911932  1476
  222 4344.489709 19127
  223 782.766375  5680
  224 0.464775  2168
  225 0.017818 -2741
  226 8399.106524 25072
  227 0.235859   460
  228 5834.743785  3095
  229 224.974776  8458
  230 12735.419681 -3242
  231 5731.365925 11398
  232 2162.276524   881
  233 230.459016  1061
  234 0.037140 -1929
  235 278.089652 17055
  236 7771.247770 31779
  237 4772.012625 25768
  238 12670.242927 14732
  239 4203.821234 -3256
  240 973.031064    35
  241 535.250049  9045
  242 9428.756183 28477
  243 727.607411 25507
  244 21510.075942 27680
  245 3148.718891  6344
  246 7106.716910 21407
  247 0.030932 -1812
  248 1.120130 -2751
  249 7010.740846 21608
  250 15027.973537 19993
  251 23678.138544 -3226
  252 0.041289   131
  253 9005.572551 26725
  254 0.920880 -2571
  255 423.097234  4774
  256 1.344885 -2202
  257 0.466257 -2715
  258 11294.700530 11874
  259 0.140961 -2572
  260 0.996639 -2700
  261 16395.523039 15881
  262 0.623697 -2630
  263 4456.347029 14536
  264 534.691124  1231
  265 740.723560 13187
  266 3034.724677  7031
  267 0.552633 -2424
  268 7051.919704 12441
  269 0.507578 -2748
  270 2785.703977 27996
  271 11576.795966 20832
  272 0.735065 -2129
  273 4855.110564 13008
  274 2152.817601  3973
  275 7005.402598  9596
  276 4028.049168 29864
  277 2091.642085  8226
  278 5692.869961  8125
  279 787.426363  1936
  280 14.032957   519
  281 0.576912 -1896
  282 411.513329 20779
  283 687.342265  5897
  284 0.480621 30295
  285 16623.466154 29243
  286 4615.987504 -3236
  287 10317.439679 13467
  288 0.430654 -2093
  289 0.511011 -1755
  290 8242.147856 15224
  291 16037.859608 16581
  292 2236.652228 16126
  293 0.346325 -2489
  294 7724.461594 12038
  295 367.809733 14498
  296 0.067481  4174
  297 5720.762823 -3250
  298 0.210574 32570
  299 9421.704814 21172
  300 6045.503102 14979
