300
    1 227.684132     1
    2 15709.297056 22552
    3 8388.926972 27863
    4 0.382392 -1935
    5 0.031091 -2497
    6 544.565043 11402
    7 7687.860402  7882
    8 1383.246712  5438
    9 0.103322 -2390
   10 1252.323288  6863
   11 0.348744 -2493
   12 141.468438   525
   13 0.170719 -1620
   14 7330.258418 20096
   15 0.197720 -3259
   16 9756.828836 24956
   17 0.484676 -2849
   18 10971.439802 -3232
   19 654.328313 14573
   20 0.002998 -3083
   21 20638.493027 21823
   22 8692.847489 15275
   23 1953.337440 14868
   24 0.061291 -2447
   25 0.513473  2208
   26 0.732040 -2263
   27 14421.905166 20395
   28 15730.601321 -3111
   29 746.379860  4613
   30 2671.386200 14985
   31 1868.337734 10343
   32 0.179671 -1984
   33 5329.667948  2104
   34 1099.845038 -2852
   35 7371.028479 17064
   36 14129.868932 21647
   37 0.132151 -2309
   38 408.476398  1257
   39 0.065635 -3064
   40 580.331582  2568
   41 1188.754764 12082
   42 1767.436613 15949
   43 4056.241886 13544
   44 21895.824651 23714
   45 7862.520597 30240
   46 13187.235348 10842
   47 8861.510370 15863
   48 0.890947 -1788
   49 0.189031 -3003
   50 157.511009  1573
   51 1485.539517   828
   52 470.177173 12746
   53 0.645607   314
   54 6083.150884 23962
   55 15719.625443 23513
   56 0.282788 32017
   57 11086.648121 27528
   58 0.144455 -2540
   59 7067.024267 28792
   60 13948.720476 31213
   61 4427.138149 19028
   62 3769.406997 31927
   63 0.617221 31951
   64 2632.435613 26634
   65 1108.918733  8009
   66 14414.743290 18283
   67 4429.307244 14765
   68 34766.941389 27953
   69 1679.769149  4234
   70 24.444424  6832
   71 1108.585867  6524
   72 0.657209 -2711
   73 5372.769340 23238
   74 10945.670206 23525
   75 0.856434 -2177
   76 1380.239295 10172
   77 11359.713333 21958
   78 0.252328 -2390
   79 0.693799 -2423
   80 0.434533 -2110
   81 0.908770  3195
   82 0.068187  3101
   83 14587.663383 -3116
   84 817.884811  7462
   85 3843.150656  1250
   86 1628.697706 13695
   87 0.182917 -2810
   88 0.846121 -2668
   89 0.206530 -2119
   90 5485.200482 11841
   91 64.419217  3905
   92 15697.971323 26181
   93 64.750445  6201
   94 0.125504 -2630
   95 0.077201 -2801
   96 14993.251351 20258
   97 6672.553869 11140
   98 1.205107 -2718
   99 646.818882  7350
  100 0.295972 -3230
  101 1330.992548  6709
  102 0.230998 -2544
  103 4674.591790 20824
  104 1305.505896 10814
  105 0.144729 -2651
  106 836.756848  1080
  107 9190.714982 23377
  108 0.456720 -3192
  109 344.093968  1281
  110 0.260914 -2629
  111 10578.040816 12350
  112 0.450996 -1920
  113 11239.521185 21527
  114 13533.113767 28488
  115 1131.125742 12613
  116 3518.080812 25599
  117 1336.355570  2552
  118 71.378347  4764
  119 407.500866 11817
  120 6061.528703  8720
  121 0.429633   876
  122 6921.105748 21854
  123 0.510570 -1881
  124 333.725166   546
  125 0.286497 -1913
  126 8338.321991 32558
  127 33858.845566 29437
  128 14823.828152 32051
  129 13409.429235 22728
  130 1754.018042 12216
  131 8374.408073 19666
  132 0.432272    74
  133 0.825748 -1966
  134 7085.771946 16240
  135 1792.370664 23404
  136 2228.294611  3066
  137 484.464341  3236
  138 0.387236 -3156
  139 2271.083198 26575
  140 7885.586594 30702
  141 1484.738493 23859
  142 0.451521 -2212
  143 5431.575959 15705
  144 2955.326482 14460
  145 14677.412092 16428
  146 12618.640426 26421
  147 1329.050905 10799
  148 0.741347 -2970
  149 14728.746157 30348
  150 10076.726424 14927
  151 0.636394 -2981
  152 2110.954214  4176
  153 4647.423654  3369
  154 0.036286 -3090
  155 0.412453 -2741
  156 11852.278967 26851
  157 3897.514596 29251
  158 1350.613385  5560
  159 0.867418 -1996
  160 13657.336624 13900
  161 13004.442006 29542
  162 4080.895952 23379
  163 2306.071745 18562
  164 0.030072 -2198
  165 0.449167 -2146
  166 87.437710  4587
  167 335.998464  4200
  168 0.845231 32150
  169 0.184392 -2166
  170 0.181617 -2801
  171 0.584390 -3255
  172 2535.208017 24598
  173 5515.384603 14057
  174 0.871706 -2884
  175 10799.570592 15891
  176 0.074257 -2279
  177 20936.701956 31434
  178 4288.361322 20565
  179 5569.688142 11021
  180 3268.568462 19654
  181 1.022549 31837
  182 11847.531981 13672
  183 9727.138421 14952
  184 22093.383089 26785
  185 492.253945  6455
  186 0.289042 -1650
  187 0.804479 -2588
  188 0.235162 -2827
  189 17714.956968 16729
  190 4091.541668 13760
  191 0.264667 -2091
  192 22198.920471 24846
  193 5639.379488 29565
  194 0.253852 -1681
  195 21151.176951 28229
  196 1.292705 -1684
  197 7560.702995 15816
  198 10842.883726 17659
  199 0.221389 -3088
  200 3530.068576  6147
  201 4018.195688 30936
  202 3452.676559 26161
  203 2959.002303  9518
  204 12603.004135 29234
  205 26.976779 18278
  206 9422.226240 12201
  207 0.102233 -1702
  208 0.537085 -2474
  209 5892.351309 11251
  210 5632.405441 11128
  211 4071.524171 18494
  212 0.814780 -1593
  213 0.491044 -2437
  214 1312.776744 15528
  215 0.741612 -1846
  216 0.661892  1154
  217 7077.110804 15143
  218 23077.794957 -3103
  219 959.561879 16679
  220 0.115770 -2764
  221 0.144422  1476
  222 5127.282510 19127
  223 3021.953740  5680
  224 0.565460  2168
  225 0.107544 -2741
  226 10861.231460 25072
  227 0.835761   460
  228 6497.642460  3095
  229 3222.632544  8458
  230 9668.920831 -3242
  231 113.277758 11398
  232 514.747115   881
  233 840.752954  1061
  234 0.318640 -1929
  235 10207.022485 17055
  236 10396.337632 31779
  237 12883.072790 25768
  238 4817.486553 14732
  239 2636.591002 -3256
  240 69.083328    35
  241 3713.008122  9045
  242 24114.393738 28477
  243 1334.143558 25507
  244 19265.021717 27680
  245 4731.477157  6344
  246 21752.003796 21407
  247 0.879231 -1812
  248 0.690842 -2751
  249 5653.528770 21608
  250 2579.770150 19993
  251 739.492464 -3226
  252 0.120800   131
  253 22565.857885 26725
  254 0.544456 -2571
  255 433.798826  4774
  256 0.418884 -2202
  257 0.073818 -2715
  258 2151.799734 11874
  259 0.281656 -2572
  260 0.398078 -2700
  261 4258.907136 15881
  262 0.429279 -2630
  263 1267.473078 14536
  264 318.445749  1231
  265 3883.385846 13187
  266 3898.349344  7031
  267 0.507047 -2424
  268 2281.571824 12441
  269 0.031861 -2748
  270 5334.359241 27996
  271 5880.762915 20832
  272 0.241346 -2129
  273 11307.199861 13008
  274 2402.890118  3973
  275 137.755921  9596
  276 11896.616677 29864
  277 1455.356235  8226
  278 9386.949139  8125
  279 470.265832  1936
  280 4.459669   519
  281 1.003272 -1896
  282 2432.322038 20779
  283 888.877219  5897
  284 0.388630 30295
  285 17655.756556 29243
  286 4943.008468 -3236
  287 925.307390 13467
  288 0.109735 -2093
  289 0.433802 -1755
  290 4131.807270 15224
  291 3271.349963 16581
  292 8760.620935 16126
  293 0.029391 -2489
  294 3135.341007 12038
  295 39.200168 14498
  296 0.660621  4174
  297 2057.016026 -3250
  298 0.388764 32570
  299 1869.927653 21172
  300 253.718754 14979
