300
    1 409.592934     1
    2 13086.006631 22552
    3 8144.460173 27863
    4 0.200016 -1935
    5 1.098410 -2497
    6 9341.932075 11402
    7 1833.891928  7882
    8 780.808743  5438
    9 0.217994 -2390
   10 1665.113670  6863
   11 0.211740 -2493
   12 388.483786   525
   13 0.179052 -1620
   14 18246.773858 20096
   15 0.026964 -3259
   16 5645.928844 24956
   17 0.056147 -2849
   18 1424.722825 -3232
   19 4288.259871 14573
   20 0.270046 -3083
   21 10534.790788 21823
   22 1694.624672 15275
   23 534.916867 14868
   24 0.321343 -2447
   25 0.121841  2208
   26 0.935827 -2263
   27 4385.633841 20395
   28 14290.138818 -3111
   29 530.878525  4613
   30 25785.411365 14985
   31 11654.689233 10343
   32 0.534225 -1984
   33 1153.310901  2104
   34 24140.979710 -2852
   35 1061.918341 17064
   36 4428.986459 21647
   37 1.216035 -2309
   38 1317.842397  1257
   39 0.785723 -3064
   40 1183.415283  2568
   41 5489.225647 12082
   42 8732.924739 15949
   43 3878.922255 13544
   44 5999.361553 23714
   45 496.560864 30240
   46 4762.817663 10842
   47 946.543056 15863
   48 0.506196 -1788
   49 0.403054 -3003
   50 137.589799  1573
   51 2464.045276   828
   52 140.240495 12746
   53 0.606643   314
   54 9359.433864 23962
   55 13167.768102 23513
   56 0.299054 32017
   57 41855.534145 27528
   58 0.222932 -2540
   59 9600.067337 28792
   60 2348.247105 31213
   61 3775.744313 19028
   62 15101.451077 31927
   63 0.233211 31951
   64 7979.082085 26634
   65 4479.939160  8009
   66 1391.642099 18283
   67 12915.498738 14765
   68 20531.255514 27953
   69 1095.783309  4234
   70 398.503313  6832
   71 5647.352507  6524
   72 0.546112 -2711
   73 9723.536888 23238
   74 2675.975275 23525
   75 0.257317 -2177
   76 3645.812124 10172
   77 5077.785512 21958
   78 0.489852 -2390
   79 0.039789 -2423
   80 0.161674 -2110
   81 0.233873  3195
   82 0.061479  3101
   83 13992.743744 -3116
   84 651.795966  7462
   85 1936.108097  1250
   86 722.035059 13695
   87 0.111304 -2810
   88 0.303001 -2668
   89 0.367409 -2119
   90 2820.895465 11841
   91 283.362814  3905
   92 897.710756 26181
   93 2082.881858  6201
   94 0.512324 -2630
   95 0.959427 -2801
   96 1197.145165 20258
   97 1523.828896 11140
   98 1.062694 -2718
   99 3434.502671  7350
  100 0.538906 -3230
  101 1051.179591  6709
  102 0.210046 -2544
  103 9478.764790 20824
  104 3809.011604 10814
  105 0.146601 -2651
  106 524.103663  1080
  107 2283.729605 23377
  108 0.038828 -3192
  109 815.940014  1281
  110 0.692262 -2629
  111 865.068294 12350
  112 0.442678 -1920
  113 293.773136 21527
  114 9470.679384 28488
  115 5295.198090 12613
  116 9625.316498 25599
  117 946.697760  2552
  118 1038.229015  4764
  119 2101.711578 11817
  120 1942.240222  8720
  121 0.854201   876
  122 22058.150295 21854
  123 0.008756 -1881
  124 3558.278267   546
  125 0.520148 -1913
  126 31817.042721 32558
  127 16208.981420 29437
  128 1657.122790 32051
  129 12409.775995 22728
  130 5379.242165 12216
  131 12266.561154 19666
  132 0.401425    74
  133 1.018030 -1966
  134 588.931331 16240
  135 13277.075874 23404
  136 6328.443466  3066
  137 374.333621  3236
  138 0.659639 -3156
  139 6131.764823 26575
  140 656.951675 30702
  141 6819.734483 23859
  142 0.237893 -2212
  143 4756.183736 15705
  144 3103.188481 14460
  145 2379.593359 16428
  146 7182.714784 26421
  147 12981.669619 10799
  148 0.492522 -2970
  149 1767.007180 30348
  150 21723.904883 14927
  151 0.719023 -2981
  152 289.021865  4176
  153 690.955104  3369
  154 0.313976 -3090
  155 0.343342 -2741
  156 39087.283818 26851
  157 12322.480395 29251
  158 1624.041150  5560
  159 0.165216 -1996
  160 6354.458136 13900
  161 34084.515658 29542
  162 11114.954333 23379
  163 1758.041091 18562
  164 0.680534 -2198
  165 0.046208 -2146
  166 3385.600364  4587
  167 2131.870473  4200
  168 0.646147 32150
  169 0.113375 -2166
  170 0.117614 -2801
  171 0.542183 -3255
  172 13130.766132 24598
  173 695.060466 14057
  174 0.085990 -2884
  175 4766.503597 15891
  176 0.371356 -2279
  177 2899.706257 31434
  178 9516.508830 20565
  179 7160.618168 11021
  180 11105.929699 19654
  181 0.094486 31837
  182 2394.766754 13672
  183 250.937130 14952
  184 6417.195659 26785
  185 790.697633  6455
  186 0.228624 -1650
  187 0.338938 -2588
  188 0.785715 -2827
  189 10341.539513 16729
  190 4063.312835 13760
  191 0.566745 -2091
  192 9564.237186 24846
  193 3560.899641 29565
  194 0.579035 -1681
  195 14940.698868 28229
  196 0.241720 -1684
  197 3468.418834 15816
  198 10127.932921 17659
  199 0.494079 -3088
  200 1082.025929  6147
  201 11278.961501 30936
  202 12265.825518 26161
  203 2156.058069  9518
  204 19533.461126 29234
  205 15361.174304 18278
  206 14970.603571 12201
  207 0.058998 -1702
  208 0.543163 -2474
  209 4461.849376 11251
  210 5793.556410 11128
  211 19308.118824 18494
  212 0.315634 -1593
  213 0.740688 -2437
  214 2902.476491 15528
  215 0.396472 -1846
  216 0.304866  1154
  217 7634.088358 15143
  218 4261.719440 -3103
  219 23826.418982 16679
  220 0.620195 -2764
  221 0.009795  1476
  222 16079.962781 19127
  223 2123.837606  5680
  224 0.105540  2168
  225 0.808733 -2741
  226 9055.354170 25072
  227 0.581313   460
  228 699.570253  3095
  229 1745.146391  8458
  230 22314.372516 -3242
  231 3186.614542 11398
  232 1133.228982   881
  233 2993.160321  1061
  234 0.304701 -1929
  235 14453.597310 17055
  236 8932.519273 31779
  237 8798.305365 25768
  238 4018.634849 14732
  239 3669.162012 -3256
  240 380.506242    35
  241 352.391826  9045
  242 6895.211970 28477
  243 19875.506632 25507
  244 13538.040546 27680
  245 2575.695638  6344
  246 7694.339511 21407
  247 0.131346 -1812
  248 0.268225 -2751
  249 7261.774049 21608
  250 13774.782713 19993
  251 6044.522282 -3226
  252 0.724768   131
  253 2764.586068 26725
  254 1.178229 -2571
  255 90.591154  4774
  256 0.147981 -2202
  257 0.085304 -2715
  258 1718.321442 11874
  259 0.366410 -2572
  260 0.594404 -2700
  261 11526.627718 15881
  262 0.848113 -2630
  263 4280.458929 14536
  264 57.368337  1231
  265 3386.704763 13187
  266 9920.760313  7031
  267 0.567251 -2424
  268 10447.431807 12441
  269 0.034809 -2748
  270 31166.275862 27996
  271 10199.211171 20832
  272 0.354453 -2129
  273 7177.599621 13008
  274 1604.269321  3973
  275 8527.270917  9596
  276 3722.177209 29864
  277 380.609134  8226
  278 2286.031151  8125
  279 263.752529  1936
  280 16.889865   519
  281 0.264222 -1896
  282 7234.154967 20779
  283 1025.871256  5897
  284 0.308023 30295
  285 8661.491098 29243
  286 39977.740564 -3236
  287 2144.615454 13467
  288 0.061597 -2093
  289 0.415354 -1755
  290 2066.429085 15224
  291 20576.822863 16581
  292 954.892378 16126
  293 0.613206 -2489
  294 5760.105424 12038
  295 2799.804391 14498
  296 0.495614  4174
  297 14109.840878 -3250
  298 0.054967 32570
  299 7907.906327 21172
  300 16567.579341 14979
