300
    1 752.372320     1
    2 11200.939671 22552
    3 18919.390727 27863
    4 0.726320 -1935
    5 0.044519 -2497
    6 11351.767906 11402
    7 2420.580054  7882
    8 2053.759531  5438
    9 0.120232 -2390
   10 1841.246535  6863
   11 0.134512 -2493
   12 204.410809   525
   13 0.506931 -1620
   14 7226.663708 20096
   15 0.040284 -3259
   16 17244.234122 24956
   17 0.215553 -2849
   18 7010.365357 -3232
   19 1259.785559 14573
   20 0.415618 -3083
   21 4064.213219 21823
   22 3870.777047 15275
   23 16982.577415 14868
   24 0.390758 -2447
   25 1.040012  2208
   26 0.058806 -2263
   27 8693.026940 20395
   28 2980.225495 -3111
   29 553.200115  4613
   30 10409.604659 14985
   31 3702.469428 10343
   32 0.309292 -1984
   33 1537.398425  2104
   34 17739.643153 -2852
   35 7029.684397 17064
   36 16217.339730 21647
   37 0.295865 -2309
   38 1804.516256  1257
   39 0.659953 -3064
   40 1077.506616  2568
   41 5805.956054 12082
   42 22099.122493 15949
   43 11359.609650 13544
   44 1541.953495 23714
   45 6931.337640 30240
   46 4848.816029 10842
   47 3644.722753 15863
   48 0.416618 -1788
   49 0.244662 -3003
   50 199.951127  1573
   51 647.486815   828
   52 5003.607809 12746
   53 0.394751   314
   54 1571.686295 23962
   55 24495.565252 23513
   56 0.019347 32017
   57 1437.246861 27528
   58 0.148326 -2540
   59 1463.324900 28792
   60 3914.926631 31213
   61 931.310403 19028
   62 12462.051431 31927
   63 0.436347 31951
   64 2521.168385 26634
   65 922.604262  8009
   66 1689.000712 18283
   67 9925.176390 14765
   68 19203.031733 27953
   69 2658.642603  4234
   70 775.894150  6832
   71 3148.514541  6524
   72 0.076702 -2711
   73 19604.405198 23238
   74 791.968680 23525
   75 0.140970 -2177
   76 167.973846 10172
   77 2732.947386 21958
   78 0.200978 -2390
   79 0.245239 -2423
   80 0.111094 -2110
   81 0.296196  3195
   82 0.204344  3101
   83 17853.992873 -3116
   84 2697.555854  7462
   85 1267.212332  1250
   86 656.047415 13695
   87 0.831706 -2810
   88 0.187219 -2668
   89 0.014864 -2119
   90 1578.232578 11841
   91 1720.956954  3905
   92 11708.018608 26181
   93 1916.321442  6201
   94 1.022322 -2630
   95 0.407471 -2801
   96 6637.775901 20258
   97 6759.678402 11140
   98 0.322618 -2718
   99 900.981476  7350
  100 0.306875 -3230
  101 823.077129  6709
  102 0.192171 -2544
  103 617.655951 20824
  104 1425.787474 10814
  105 0.022251 -2651
  106 1263.654271  1080
  107 325.208630 23377
  108 0.249610 -3192
  109 83.028662  1281
  110 0.508103 -2629
  111 7152.152171 12350
  112 0.434416 -1920
  113 6172.451398 21527
  114 4295.463209 28488
  115 3649.032612 12613
  116 8289.806015 25599
  117 309.203240  2552
  118 49.430709  4764
  119 945.673928 11817
  120 584.815241  8720
  121 0.089590   876
  122 11002.259755 21854
  123 0.891033 -1881
  124 894.551306   546
  125 0.001151 -1913
  126 5945.013083 32558
  127 5334.556251 29437
  128 8169.531686 32051
  129 10680.195461 22728
  130 3535.499259 12216
  131 13081.714150 19666
  132 0.315967    74
  133 0.069322 -1966
  134 11778.059900 16240
  135 8251.824393 23404
  136 2235.181655  3066
  137 202.522258  3236
  138 0.783320 -3156
  139 9220.683461 26575
  140 10839.918930 30702
  141 5601.072642 23859
  142 0.081134 -2212
  143 8216.280018 15705
  144 1559.366752 14460
  145 8316.433276 16428
  146 15158.510390 26421
  147 8721.966921 10799
  148 0.355721 -2970
  149 33936.973257 30348
  150 11079.219186 14927
  151 0.476254 -2981
  152 897.227804  4176
  153 1371.350880  3369
  154 0.186123 -3090
  155 0.656974 -2741
  156 15325.342334 26851
  157 10522.249185 29251
  158 3127.659165  5560
  159 0.273521 -1996
  160 2553.841137 13900
  161 19350.604910 29542
  162 13754.746305 23379
  163 5543.502212 18562
  164 1.303483 -2198
  165 0.775026 -2146
  166 397.871553  4587
  167 2825.385354  4200
  168 0.033512 32150
  169 0.148692 -2166
  170 0.414555 -2801
  171 0.445961 -3255
  172 6122.919310 24598
  173 3585.334234 14057
  174 0.818819 -2884
  175 5749.538932 15891
  176 0.351520 -2279
  177 1053.884261 31434
  178 10440.725026 20565
  179 5577.026912 11021
  180 13013.100728 19654
  181 0.068163 31837
  182 10795.922309 13672
  183 5323.674312 14952
  184 11201.667293 26785
  185 437.747124  6455
  186 0.765744 -1650
  187 0.558023 -2588
  188 0.516258 -2827
  189 395.687452 16729
  190 11184.042034 13760
  191 0.055094 -2091
  192 3240.045602 24846
  193 12670.588119 29565
  194 0.003471 -1681
  195 23232.292382 28229
  196 0.082574 -1684
  197 4245.126029 15816
  198 287.268929 17659
  199 0.040903 -3088
  200 367.484241  6147
  201 3576.746180 30936
  202 21252.657705 26161
  203 3957.199686  9518
  204 23815.972860 29234
  205 4143.766295 18278
  206 6126.066237 12201
  207 0.071815 -1702
  208 0.019014 -2474
  209 1238.740553 11251
  210 2559.498888 11128
  211 7777.736182 18494
  212 0.005095 -1593
  213 0.131207 -2437
  214 5395.455335 15528
  215 0.692089 -1846
  216 0.633989  1154
  217 1457.516531 15143
  218 18262.221939 -3103
  219 9575.444184 16679
  220 0.458219 -2764
  221 0.321590  1476
  222 12532.213273 19127
  223 4311.395132  5680
  224 0.185129  2168
  225 0.272471 -2741
  226 7399.065448 25072
  227 0.627643   460
  228 4718.539783  3095
  229 1996.521812  8458
  230 15146.237464 -3242
  231 6911.416748 11398
  232 214.275335   881
  233 2398.475660  1061
  234 0.414943 -1929
  235 3283.566098 17055
  236 9638.300352 31779
  237 8810.442629 25768
  238 12665.562883 14732
  239 1496.768103 -3256
  240 891.034008    35
  241 4475.525623  9045
  242 21924.265534 28477
  243 1155.086678 25507
  244 6009.749474 27680
  245 3052.598248  6344
  246 772.073283 21407
  247 0.840616 -1812
  248 0.447979 -2751
  249 1627.178493 21608
  250 394.027372 19993
  251 13632.671961 -3226
  252 0.446691   131
  253 3347.967018 26725
  254 0.136315 -2571
  255 384.249358  4774
  256 1.441130 -2202
  257 0.039148 -2715
  258 5125.959833 11874
  259 0.066117 -2572
  260 0.381905 -2700
  261 3083.705612 15881
  262 0.087675 -2630
  263 4004.033918 14536
  264 435.269425  1231
  265 3553.273639 13187
  266 16.131159  7031
  267 0.244839 -2424
  268 3951.812778 12441
  269 0.250788 -2748
  270 10695.690446 27996
  271 1866.468441 20832
  272 0.094008 -2129
  273 9802.014357 13008
  274 1684.878063  3973
  275 4103.484941  9596
  276 7490.134181 29864
  277 2615.961320  8226
  278 13079.244097  8125
  279 823.156962  1936
  280 9.727576   519
  281 0.673538 -1896
  282 15202.658995 20779
  283 1103.926955  5897
  284 0.122517 30295
  285 3047.092742 29243
  286 9501.654726 -3236
  287 754.975289 13467
  288 0.637858 -2093
  289 0.033695 -1755
  290 5039.186448 15224
  291 9003.103000 16581
  292 870.679922 16126
  293 0.035893 -2489
  294 6333.900712 12038
  295 6544.760668 14498
  296 0.550799  4174
  297 10509.105088 -3250
  298 1.052579 32570
  299 1669.872922 21172
  300 2823.478672 14979
