300
    1 326.211397     1
    2 1638.227019 22552
    3 9922.008344 27863
    4 0.264349 -1935
    5 0.322508 -2497
    6 7605.873291 11402
    7 3476.733746  7882
    8 2853.006351  5438
    9 0.251052 -2390
   10 1138.863130  6863
   11 0.722496 -2493
   12 12.450690   525
   13 0.441374 -1620
   14 5613.992785 20096
   15 0.581721 -3259
   16 1124.411550 24956
   17 0.185903 -2849
   18 9848.602195 -3232
   19 8428.607881 14573
   20 0.701068 -3083
   21 9814.142224 21823
   22 5470.257380 15275
   23 6161.271696 14868
   24 0.670913 -2447
   25 0.639452  2208
   26 0.199430 -2263
   27 2859.277749 20395
   28 14357.217937 -3111
   29 3011.358816  4613
   30 3803.950832 14985
   31 5922.992330 10343
   32 0.045857 -1984
   33 3921.370320  2104
   34 19668.822125 -2852
   35 5235.121936 17064
   36 910.615294 21647
   37 0.600376 -2309
   38 282.530225  1257
   39 0.179855 -3064
   40 2186.091548  2568
   41 4793.611769 12082
   42 967.868795 15949
   43 3817.351594 13544
   44 17570.419711 23714
   45 1124.740427 30240
   46 13588.625509 10842
   47 10333.606695 15863
   48 0.108546 -1788
   49 0.072567 -3003
   50 369.370794  1573
   51 404.844296   828
   52 5362.966079 12746
   53 0.280590   314
   54 6216.462144 23962
   55 22320.012102 23513
   56 0.155161 32017
   57 4940.537797 27528
   58 0.357103 -2540
   59 25395.564248 28792
   60 13686.409934 31213
   61 2679.183752 19028
   62 3842.681906 31927
   63 0.743330 31951
   64 29377.958436 26634
   65 40.239350  8009
   66 19059.541425 18283
   67 1562.523498 14765
   68 15192.236004 27953
   69 800.332061  4234
   70 2942.205070  6832
   71 4250.642187  6524
   72 0.195215 -2711
   73 3015.630281 23238
   74 115.921429 23525
   75 0.581185 -2177
   76 3066.219600 10172
   77 363.472074 21958
   78 0.451182 -2390
   79 0.827826 -2423
   80 0.825795 -2110
   81 0.945577  3195
   82 0.291736  3101
   83 25006.813789 -3116
   84 125.362250  7462
   85 1411.273996  1250
   86 2426.950030 13695
   87 0.334451 -2810
   88 0.243520 -2668
   89 0.208157 -2119
   90 1781.251852 11841
   91 143.581678  3905
   92 3096.935829 26181
   93 2877.574143  6201
   94 0.070012 -2630
   95 0.507410 -2801
   96 6931.536359 20258
   97 776.909453 11140
   98 0.146695 -2718
   99 2926.600479  7350
  100 0.426900 -3230
  101 426.239071  6709
  102 0.106973 -2544
  103 15333.535851 20824
  104 1971.603195 10814
  105 0.417987 -2651
  106 481.824391  1080
  107 20098.145408 23377
  108 0.941798 -3192
  109 1088.347752  1281
  110 0.716458 -2629
  111 600.197713 12350
  112 0.323572 -1920
  113 9502.656713 21527
  114 9035.394018 28488
  115 2071.353151 12613
  116 1753.652932 25599
  117 381.739786  2552
  118 158.143754  4764
  119 9689.400733 11817
  120 1448.791992  8720
  121 0.419679   876
  122 2748.123650 21854
  123 0.471193 -1881
  124 2427.702097   546
  125 0.068748 -1913
  126 17239.447713 32558
  127 41049.595135 29437
  128 11241.326489 32051
  129 6421.612629 22728
  130 1155.816472 12216
  131 2493.916336 19666
  132 0.799684    74
  133 0.965905 -1966
  134 13832.526221 16240
  135 12.994616 23404
  136 7619.624545  3066
  137 2598.477506  3236
  138 0.633337 -3156
  139 12078.300988 26575
  140 14431.449242 30702
  141 9182.521755 23859
  142 0.302274 -2212
  143 1753.412304 15705
  144 284.930448 14460
  145 3199.279268 16428
  146 18263.331172 26421
  147 637.642585 10799
  148 0.900291 -2970
  149 7835.583110 30348
  150 2734.299659 14927
  151 0.192323 -2981
  152 336.535797  4176
  153 5485.454690  3369
  154 0.763490 -3090
  155 0.669245 -2741
  156 15011.384655 26851
  157 20396.130752 29251
  158 1036.341200  5560
  159 0.355452 -1996
  160 5094.219486 13900
  161 25585.335860 29542
  162 2054.094802 23379
  163 16006.310121 18562
  164 0.470502 -2198
  165 0.195048 -2146
  166 1830.835028  4587
  167 7198.450657  4200
  168 0.104387 32150
  169 0.371892 -2166
  170 0.341610 -2801
  171 1.126008 -3255
  172 371.807535 24598
  173 11639.280999 14057
  174 0.487762 -2884
  175 8945.575933 15891
  176 0.410809 -2279
  177 8676.225526 31434
  178 1493.172114 20565
  179 3776.849104 11021
  180 14591.551215 19654
  181 0.835061 31837
  182 5132.302854 13672
  183 13836.729354 14952
  184 14563.916353 26785
  185 407.603060  6455
  186 0.849923 -1650
  187 0.051333 -2588
  188 1.169822 -2827
  189 1956.093983 16729
  190 4476.239460 13760
  191 0.664598 -2091
  192 13431.868243 24846
  193 122.502070 29565
  194 0.502687 -1681
  195 8602.668196 28229
  196 0.250207 -1684
  197 13317.857670 15816
  198 9463.733341 17659
  199 0.544044 -3088
  200 1734.461709  6147
  201 6830.139757 30936
  202 15753.526756 26161
  203 12777.183058  9518
  204 11801.975314 29234
  205 5044.048595 18278
  206 2063.684914 12201
  207 0.099731 -1702
  208 0.498014 -2474
  209 1132.651986 11251
  210 2512.641349 11128
  211 11452.885859 18494
  212 0.535325 -1593
  213 0.439698 -2437
  214 9979.362874 15528
  215 0.297433 -1846
  216 0.302062  1154
  217 11539.841194 15143
  218 4804.308580 -3103
  219 16912.807801 16679
  220 0.344115 -2764
  221 0.543838  1476
  222 7231.840011 19127
  223 6302.846678  5680
  224 0.051609  2168
  225 0.093745 -2741
  226 2880.123955 25072
  227 0.195604   460
  228 1951.426362  3095
  229 1450.961509  8458
  230 23094.926995 -3242
  231 2164.525683 11398
  232 1069.859355   881
  233 2005.341717  1061
  234 0.153809 -1929
  235 4646.460102 17055
  236 10432.069352 31779
  237 11098.736994 25768
  238 4008.620059 14732
  239 10016.884231 -3256
  240 284.390372    35
  241 2911.107467  9045
  242 8229.659768 28477
  243 9056.872228 25507
  244 5579.328177 27680
  245 5031.439398  6344
  246 7595.637186 21407
  247 0.266776 -1812
  248 0.186316 -2751
  249 22522.530710 21608
  250 1233.309549 19993
  251 13600.382967 -3226
  252 0.498325   131
  253 19304.898613 26725
  254 0.280811 -2571
  255 140.105221  4774
  256 0.148200 -2202
  257 0.180118 -2715
  258 6536.537844 11874
  259 0.100499 -2572
  260 0.229123 -2700
  261 4406.493130 15881
  262 0.180944 -2630
  263 3202.361734 14536
  264 1121.736081  1231
  265 9378.966827 13187
  266 2037.518774  7031
  267 0.272641 -2424
  268 3122.107827 12441
  269 0.561501 -2748
  270 20130.987418 27996
  271 15508.559683 20832
  272 0.745676 -2129
  273 8903.439544 13008
  274 103.920211  3973
  275 1479.560646  9596
  276 19816.244243 29864
  277 4171.418318  8226
  278 10682.852342  8125
  279 1014.102798  1936
  280 27.089871   519
  281 0.190523 -1896
  282 2959.674779 20779
  283 687.034597  5897
  284 0.035632 30295
  285 12277.942056 29243
  286 7982.949381 -3236
  287 1133.764259 13467
  288 0.236167 -2093
  289 0.853745 -1755
  290 6031.214834 15224
  291 5071.882706 16581
  292 6645.132786 16126
  293 0.111811 -2489
  294 20775.456297 12038
  295 3687.671229 14498
  296 0.428718  4174
  297 16961.733674 -3250
  298 0.228425 32570
  299 11840.483934 21172
  300 5547.489079 14979
