300
    1 105.779856     1
    2 24153.133254 22552
    3 6004.270224 27863
    4 0.158964 -1935
    5 0.576593 -2497
    6 7450.437237 11402
    7 3982.751254  7882
    8 4583.863478  5438
    9 0.728877 -2390
   10 1163.542569  6863
   11 0.780634 -2493
   12 244.288426   525
   13 0.469100 -1620
   14 12955.808360 20096
   15 0.736998 -3259
   16 5237.030590 24956
   17 0.590922 -2849
   18 5964.229326 -3232
   19 6048.985397 14573
   20 0.056070 -3083
   21 742.747414 21823
   22 2369.542238 15275
   23 3923.030942 14868
   24 0.821443 -2447
   25 0.012587  2208
   26 0.611854 -2263
   27 3366.676748 20395
   28 7032.418481 -3111
   29 699.481708  4613
   30 3989.623084 14985
   31 2356.164214 10343
   32 0.559335 -1984
   33 5454.068988  2104
   34 17111.391343 -2852
   35 335.552868 17064
   36 4587.146254 21647
   37 1.018168 -2309
   38 902.823424  1257
   39 0.176270 -3064
   40 137.580556  2568
   41 4162.982561 12082
   42 4365.187255 15949
   43 3898.432297 13544
   44 15129.733358 23714
   45 8192.652359 30240
   46 2048.373578 10842
   47 2299.851026 15863
   48 0.932125 -1788
   49 0.060500 -3003
   50 1368.928154  1573
   51 2812.742419   828
   52 4.228076 12746
   53 0.382372   314
   54 1356.677221 23962
   55 18725.389208 23513
   56 0.694650 32017
   57 13737.970231 27528
   58 0.239469 -2540
   59 5330.793894 28792
   60 24387.987252 31213
   61 1421.839014 19028
   62 30715.671097 31927
   63 0.661176 31951
   64 1088.168574 26634
   65 1171.164376  8009
   66 545.633805 18283
   67 3177.017939 14765
   68 8825.544258 27953
   69 2307.584595  4234
   70 1548.187808  6832
   71 536.991892  6524
   72 1.041929 -2711
   73 8380.491245 23238
   74 314.778075 23525
   75 0.901086 -2177
   76 2066.385241 10172
   77 16013.993051 21958
   78 0.072546 -2390
   79 0.586165 -2423
   80 0.518481 -2110
   81 0.598760  3195
   82 0.453427  3101
   83 4442.494973 -3116
   84 120.589240  7462
   85 3123.141173  1250
   86 725.149395 13695
   87 0.038726 -2810
   88 0.174425 -2668
   89 0.285102 -2119
   90 2432.702227 11841
   91 1276.239761  3905
   92 14862.740624 26181
   93 489.253448  6201
   94 0.899858 -2630
   95 0.507774 -2801
   96 8626.560902 20258
   97 3776.586968 11140
   98 0.203406 -2718
   99 1083.640324  7350
  100 0.330830 -3230
  101 2894.848109  6709
  102 0.031791 -2544
  103 6112.206295 20824
  104 270.267867 10814
  105 0.674008 -2651
  106 695.415186  1080
  107 2413.974980 23377
  108 1.006512 -3192
  109 1069.754956  1281
  110 0.557318 -2629
  111 1549.843172 12350
  112 0.757554 -1920
  113 7190.947503 21527
  114 10406.777630 28488
  115 934.242493 12613
  116 17297.579303 25599
  117 2197.944335  2552
  118 390.309227  4764
  119 11449.009653 11817
  120 4087.400061  8720
  121 0.625673   876
  122 20215.899054 21854
  123 0.369126 -1881
  124 233.623589   546
  125 0.876637 -1913
  126 12395.522102 32558
  127 3145.703381 29437
  128 18737.674221 32051
  129 15702.941230 22728
  130 4896.090282 12216
  131 5845.907125 19666
  132 0.149846    74
  133 0.171258 -1966
  134 1985.302275 16240
  135 11670.735793 23404
  136 2144.283371  3066
  137 2000.481024  3236
  138 0.192392 -3156
  139 23533.022742 26575
  140 3250.353771 30702
  141 4431.760805 23859
  142 0.059176 -2212
  143 3386.568987 15705
  144 4250.201813 14460
  145 7966.795004 16428
  146 15090.041486 26421
  147 2703.720931 10799
  148 0.117834 -2970
  149 14034.582982 30348
  150 3065.994574 14927
  151 0.075410 -2981
  152 1318.056925  4176
  153 92.452318  3369
  154 0.139581 -3090
  155 0.783415 -2741
  156 6567.131074 26851
  157 5016.837206 29251
  158 233.582943  5560
  159 0.261640 -1996
  160 4001.360660 13900
  161 16726.845922 29542
  162 5227.762892 23379
  163 9229.660681 18562
  164 0.367446 -2198
  165 0.128394 -2146
  166 3669.284310  4587
  167 4040.075808  4200
  168 0.181257 32150
  169 0.328045 -2166
  170 0.354486 -2801
  171 0.139943 -3255
  172 6002.525269 24598
  173 13070.178788 14057
  174 0.200518 -2884
  175 689.221922 15891
  176 0.576112 -2279
  177 18409.825373 31434
  178 3942.965589 20565
  179 4122.659627 11021
  180 12930.339346 19654
  181 0.348438 31837
  182 11380.100103 13672
  183 1537.869436 14952
  184 21623.027135 26785
  185 447.950789  6455
  186 0.236298 -1650
  187 0.051406 -2588
  188 0.820968 -2827
  189 1803.716819 16729
  190 4064.307048 13760
  191 0.088742 -2091
  192 9973.767323 24846
  193 32036.024374 29565
  194 0.371085 -1681
  195 16002.916750 28229
  196 0.028244 -1684
  197 1099.669009 15816
  198 5116.809447 17659
  199 0.203821 -3088
  200 2026.394269  6147
  201 2358.417406 30936
  202 17691.529317 26161
  203 4439.444231  9518
  204 17475.810959 29234
  205 6090.825182 18278
  206 247.796481 12201
  207 0.550383 -1702
  208 0.386130 -2474
  209 867.291401 11251
  210 3729.713216 11128
  211 1415.689418 18494
  212 0.203143 -1593
  213 0.240827 -2437
  214 485.779517 15528
  215 0.348928 -1846
  216 0.069020  1154
  217 3625.676347 15143
  218 11117.483189 -3103
  219 432.734602 16679
  220 0.778372 -2764
  221 0.319741  1476
  222 6593.238319 19127
  223 203.147297  5680
  224 0.411082  2168
  225 0.276871 -2741
  226 20127.771660 25072
  227 0.210663   460
  228 3911.078511  3095
  229 1096.225054  8458
  230 5075.837948 -3242
  231 1844.198305 11398
  232 39.796194   881
  233 2503.197327  1061
  234 0.008375 -1929
  235 18480.328542 17055
  236 29210.334243 31779
  237 1238.936674 25768
  238 4408.792715 14732
  239 9833.845224 -3256
  240 276.021416    35
  241 3008.722400  9045
  242 24336.714777 28477
  243 6981.804882 25507
  244 10028.751171 27680
  245 182.005396  6344
  246 10012.895706 21407
  247 0.958631 -1812
  248 0.240645 -2751
  249 2703.771700 21608
  250 2313.196650 19993
  251 25689.683061 -3226
  252 0.739131   131
  253 6864.465046 26725
  254 0.415442 -2571
  255 58.401513  4774
  256 0.741070 -2202
  257 0.336472 -2715
  258 4558.633708 11874
  259 0.452553 -2572
  260 0.139408 -2700
  261 2.077214 15881
  262 0.029362 -2630
  263 11925.504087 14536
  264 333.804773  1231
  265 402.672215 13187
  266 3447.048711  7031
  267 0.733577 -2424
  268 4176.539838 12441
  269 0.268341 -2748
  270 1994.723126 27996
  271 7565.862582 20832
  272 0.558301 -2129
  273 2922.489330 13008
  274 1882.750420  3973
  275 984.201190  9596
  276 15827.360911 29864
  277 366.187658  8226
  278 499.370113  8125
  279 627.584262  1936
  280 4.397301   519
  281 0.289839 -1896
  282 8981.441201 20779
  283 67.643565  5897
  284 0.270591 30295
  285 22048.615578 29243
  286 11722.199714 -3236
  287 1231.082620 13467
  288 1.015760 -2093
  289 0.302599 -1755
  290 12272.946101 15224
  291 15011.731058 16581
  292 6606.405691 16126
  293 0.603019 -2489
  294 547.645780 12038
  295 5478.376920 14498
  296 0.242663  4174
  297 5798.413061 -3250
  298 0.133277 32570
  299 14386.021523 21172
  300 6867.918590 14979
