300
    1 330.829712     1
    2 12932.028176 22552
    3 4109.462973 27863
    4 0.155708 -1935
    5 1.193137 -2497
    6 9162.338615 11402
    7 59.993990  7882
    8 2282.148595  5438
    9 0.494076 -2390
   10 796.509649  6863
   11 0.250037 -2493
   12 170.564794   525
   13 0.095523 -1620
   14 3303.637702 20096
   15 0.472365 -3259
   16 9475.216686 24956
   17 0.558122 -2849
   18 6493.804489 -3232
   19 489.231415 14573
   20 0.173960 -3083
   21 1977.357967 21823
   22 9668.543746 15275
   23 823.554904 14868
   24 0.634477 -2447
   25 0.452607  2208
   26 0.020935 -2263
   27 3502.788509 20395
   28 16129.927858 -3111
   29 2646.549868  4613
   30 17973.991478 14985
   31 12993.783137 10343
   32 0.247697 -1984
   33 1792.444415  2104
   34 13975.080908 -2852
   35 10352.520430 17064
   36 8591.629830 21647
   37 1.052770 -2309
   38 1356.541404  1257
   39 0.563298 -3064
   40 3237.502143  2568
   41 497.416667 12082
   42 12458.033207 15949
   43 3237.359683 13544
   44 734.126423 23714
   45 189.999026 30240
   46 47.351763 10842
   47 7522.430844 15863
   48 0.570132 -1788
   49 0.024296 -3003
   50 101.176697  1573
   51 1928.545188   828
   52 2265.732713 12746
   53 0.493830   314
   54 8753.831406 23962
   55 1898.441065 23513
   56 0.877357 32017
   57 3816.301679 27528
   58 0.375710 -2540
   59 7171.853760 28792
   60 7277.334593 31213
   61 8356.180380 19028
   62 627.032750 31927
   63 0.305808 31951
   64 2866.990180 26634
   65 1109.328540  8009
   66 6602.314531 18283
   67 855.064672 14765
   68 10552.567755 27953
   69 5657.814359  4234
   70 3242.549465  6832
   71 2805.633192  6524
   72 0.309057 -2711
   73 2491.352504 23238
   74 4295.224738 23525
   75 0.138386 -2177
   76 1658.919102 10172
   77 9175.527798 21958
   78 0.429215 -2390
   79 1.428995 -2423
   80 0.139518 -2110
   81 0.288133  3195
   82 0.351170  3101
   83 20449.873117 -3116
   84 2199.104267  7462
   85 5466.820244  1250
   86 1152.127547 13695
   87 0.081819 -2810
   88 0.549273 -2668
   89 0.153573 -2119
   90 3558.071770 11841
   91 2414.393126  3905
   92 16771.672323 26181
   93 65.419179  6201
   94 0.660986 -2630
   95 0.012361 -2801
   96 8198.532649 20258
   97 2887.927737 11140
   98 1.347021 -2718
   99 496.459111  7350
  100 0.050699 -3230
  101 3881.833621  6709
  102 0.580089 -2544
  103 12548.024204 20824
  104 500.171702 10814
  105 0.285090 -2651
  106 875.264804  1080
  107 19318.117522 23377
  108 0.368725 -3192
  109 1987.398365  1281
  110 0.221270 -2629
  111 6431.586507 12350
  112 0.293674 -1920
  113 4209.139450 21527
  114 76.278693 28488
  115 1003.439297 12613
  116 3212.944032 25599
  117 1033.435663  2552
  118 136.951122  4764
  119 3250.762156 11817
  120 407.745098  8720
  121 0.250181   876
  122 4843.534196 21854
  123 0.343172 -1881
  124 243.696886   546
  125 0.500550 -1913
  126 5374.286486 32558
  127 3094.280481 29437
  128 729.221008 32051
  129 6753.075860 22728
  130 3871.676752 12216
  131 12633.045801 19666
  132 0.609866    74
  133 0.741650 -1966
  134 3629.180421 16240
  135 6906.616755 23404
  136 1992.113269  3066
  137 1522.851990  3236
  138 0.819089 -3156
  139 8331.319217 26575
  140 631.203985 30702
  141 1150.971266 23859
  142 0.684619 -2212
  143 14759.226459 15705
  144 4747.952631 14460
  145 12001.495652 16428
  146 709.209469 26421
  147 2377.252462 10799
  148 0.718559 -2970
  149 15497.938987 30348
  150 3535.326834 14927
  151 0.751580 -2981
  152 605.814912  4176
  153 4113.665144  3369
  154 0.498393 -3090
  155 0.698379 -2741
  156 4721.432856 26851
  157 2653.028078 29251
  158 770.480850  5560
  159 0.345434 -1996
  160 10129.776933 13900
  161 3222.869106 29542
  162 12703.510389 23379
  163 5159.588145 18562
  164 0.020226 -2198
  165 0.246143 -2146
  166 3908.315798  4587
  167 4968.088295  4200
  168 1.328710 32150
  169 0.035937 -2166
  170 0.400710 -2801
  171 0.329825 -3255
  172 21074.734558 24598
  173 3643.464345 14057
  174 0.940895 -2884
  175 12761.180716 15891
  176 0.859395 -2279
  177 12322.300052 31434
  178 4691.634180 20565
  179 5942.651936 11021
  180 4249.944368 19654
  181 0.314292 31837
  182 2122.259561 13672
  183 9238.673355 14952
  184 508.438249 26785
  185 982.142761  6455
  186 0.388957 -1650
  187 0.520940 -2588
  188 0.595327 -2827
  189 1286.309860 16729
  190 2410.149459 13760
  191 0.462492 -2091
  192 23540.599733 24846
  193 165.916446 29565
  194 0.416116 -1681
  195 26172.394442 28229
  196 0.734462 -1684
  197 14125.191108 15816
  198 13035.381682 17659
  199 0.588685 -3088
  200 1919.673155  6147
  201 13577.956861 30936
  202 5223.870383 26161
  203 5937.321251  9518
  204 14238.990247 29234
  205 8068.206041 18278
  206 3929.267766 12201
  207 0.397510 -1702
  208 0.223305 -2474
  209 578.098194 11251
  210 2175.154611 11128
  211 307.114664 18494
  212 0.484087 -1593
  213 0.180458 -2437
  214 9870.442300 15528
  215 0.486050 -1846
  216 0.113760  1154
  217 1349.222342 15143
  218 6156.255536 -3103
  219 7380.892537 16679
  220 0.394066 -2764
  221 0.058310  1476
  222 3383.614149 19127
  223 1093.111156  5680
  224 0.247312  2168
  225 0.878981 -2741
  226 507.160212 25072
  227 0.231498   460
  228 2487.716568  3095
  229 3087.097518  8458
  230 6563.729858 -3242
  231 12706.237821 11398
  232 1426.464864   881
  233 1.924838  1061
  234 0.496434 -1929
  235 7491.989889 17055
  236 958.239875 31779
  237 11.519332 25768
  238 482.871794 14732
  239 2942.431731 -3256
  240 495.634289    35
  241 1552.921017  9045
  242 16060.206660 28477
  243 1089.370203 25507
  244 1288.667472 27680
  245 7495.553857  6344
  246 5030.851824 21407
  247 0.417013 -1812
  248 0.589638 -2751
  249 21180.323868 21608
  250 12177.241054 19993
  251 7786.207755 -3226
  252 0.037288   131
  253 3276.593665 26725
  254 0.905372 -2571
  255 747.312736  4774
  256 0.879330 -2202
  257 0.018570 -2715
  258 6614.319329 11874
  259 0.269435 -2572
  260 0.776619 -2700
  261 8753.209838 15881
  262 0.133625 -2630
  263 5077.277615 14536
  264 878.726185  1231
  265 5751.000542 13187
  266 8236.004598  7031
  267 0.759658 -2424
  268 5681.445561 12441
  269 0.740543 -2748
  270 10329.704574 27996
  271 6113.620703 20832
  272 0.599011 -2129
  273 5416.145195 13008
  274 268.320131  3973
  275 1559.907635  9596
  276 933.310369 29864
  277 6156.693918  8226
  278 5271.634724  8125
  279 282.901211  1936
  280 13.120504   519
  281 0.642161 -1896
  282 854.192529 20779
  283 446.433772  5897
  284 0.384065 30295
  285 7814.545829 29243
  286 14137.097816 -3236
  287 9061.285178 13467
  288 0.517725 -2093
  289 0.463601 -1755
  290 12927.553192 15224
  291 8962.761667 16581
  292 9544.757116 16126
  293 0.393982 -2489
  294 331.008667 12038
  295 8034.887795 14498
  296 0.033721  4174
  297 6588.567228 -3250
  298 0.089787 32570
  299 9007.050623 21172
  300 369.735544 14979
