300
    1 394.214379     1
    2 2742.099018 22552
    3 15019.199915 27863
    4 0.110698 -1935
    5 1.620293 -2497
    6 6771.766946 11402
    7 106.723303  7882
    8 119.342938  5438
    9 0.567498 -2390
   10 1906.156865  6863
   11 0.383823 -2493
   12 124.593116   525
   13 0.679214 -1620
   14 6821.763324 20096
   15 0.066043 -3259
   16 7933.756935 24956
   17 0.045377 -2849
   18 205.659929 -3232
   19 2666.493953 14573
   20 0.390952 -3083
   21 6220.633994 21823
   22 1896.086021 15275
   23 3919.549590 14868
   24 0.151309 -2447
   25 0.244322  2208
   26 0.012212 -2263
   27 8457.408268 20395
   28 307.284096 -3111
   29 4616.876844  4613
   30 12083.854328 14985
   31 14198.461523 10343
   32 0.832670 -1984
   33 1958.807821  2104
   34 22733.992645 -2852
   35 3960.704150 17064
   36 13522.127965 21647
   37 0.199624 -2309
   38 1427.614007  1257
   39 0.221669 -3064
   40 573.998241  2568
   41 661.646007 12082
   42 3772.204585 15949
   43 208.042133 13544
   44 3596.519837 23714
   45 21945.821751 30240
   46 3906.176973 10842
   47 840.245347 15863
   48 0.579083 -1788
   49 0.426640 -3003
   50 263.087990  1573
   51 756.325153   828
   52 3055.211375 12746
   53 0.732936   314
   54 24844.221742 23962
   55 28041.509908 23513
   56 0.053992 32017
   57 7254.276481 27528
   58 0.345713 -2540
   59 8338.865206 28792
   60 25055.820326 31213
   61 4066.256636 19028
   62 5906.169136 31927
   63 0.458079 31951
   64 5896.911576 26634
   65 6647.164660  8009
   66 2358.387487 18283
   67 6066.849543 14765
   68 4568.492967 27953
   69 1146.235523  4234
   70 2121.974379  6832
   71 1651.619288  6524
   72 0.943821 -2711
   73 12501.120118 23238
   74 14816.117584 23525
   75 0.079041 -2177
   76 6976.131838 10172
   77 250.180883 21958
   78 0.230838 -2390
   79 0.791318 -2423
   80 0.105417 -2110
   81 0.571204  3195
   82 0.547720  3101
   83 24589.784945 -3116
   84 17.274264  7462
   85 1164.967953  1250
   86 2648.280167 13695
   87 1.208114 -2810
   88 0.553054 -2668
   89 0.565145 -2119
   90 5622.909981 11841
   91 1253.357515  3905
   92 6033.157125 26181
   93 2125.314302  6201
   94 0.378684 -2630
   95 0.054082 -2801
   96 11939.279849 20258
   97 20324.472673 11140
   98 0.801491 -2718
   99 3042.463258  7350
  100 0.147653 -3230
  101 1213.317610  6709
  102 0.057327 -2544
  103 8831.929012 20824
  104 1637.726842 10814
  105 0.297189 -2651
  106 1531.958008  1080
  107 6347.019609 23377
  108 0.074720 -3192
  109 166.099413  1281
  110 0.200047 -2629
  111 12193.637104 12350
  112 0.374229 -1920
  113 5623.302487 21527
  114 20582.684168 28488
  115 4486.162170 12613
  116 20714.964849 25599
  117 1020.439913  2552
  118 418.420307  4764
  119 4675.584945 11817
  120 4269.502880  8720
  121 0.504222   876
  122 656.482397 21854
  123 0.076512 -1881
  124 205.995837   546
  125 0.289570 -1913
  126 21565.847115 32558
  127 12254.946812 29437
  128 25436.646358 32051
  129 12892.247882 22728
  130 2400.692188 12216
  131 10615.004682 19666
  132 0.026075    74
  133 0.839575 -1966
  134 14570.044436 16240
  135 7213.322694 23404
  136 1730.833315  3066
  137 879.350763  3236
  138 0.222819 -3156
  139 8771.993969 26575
  140 2744.447540 30702
  141 16587.276829 23859
  142 0.181329 -2212
  143 3094.446519 15705
  144 3682.579466 14460
  145 5691.258399 16428
  146 31245.863845 26421
  147 3562.910610 10799
  148 0.405450 -2970
  149 5632.080161 30348
  150 7437.979392 14927
  151 0.029292 -2981
  152 2471.042892  4176
  153 6271.592020  3369
  154 0.011538 -3090
  155 0.047143 -2741
  156 9986.599296 26851
  157 1193.475638 29251
  158 3734.185405  5560
  159 0.349184 -1996
  160 7743.659683 13900
  161 12809.780093 29542
  162 24446.714352 23379
  163 11595.307068 18562
  164 0.114944 -2198
  165 0.675813 -2146
  166 868.534147  4587
  167 2938.683226  4200
  168 0.124517 32150
  169 0.127078 -2166
  170 0.101425 -2801
  171 0.164614 -3255
  172 5105.309073 24598
  173 8232.249447 14057
  174 0.098732 -2884
  175 9038.899211 15891
  176 0.019245 -2279
  177 23678.984746 31434
  178 10831.859042 20565
  179 844.363058 11021
  180 6012.687237 19654
  181 0.197389 31837
  182 11710.595952 13672
  183 3655.278541 14952
  184 16931.263296 26785
  185 276.245897  6455
  186 0.441929 -1650
  187 0.048504 -2588
  188 0.355933 -2827
  189 10167.673182 16729
  190 1140.877633 13760
  191 0.503859 -2091
  192 4980.900120 24846
  193 3318.248404 29565
  194 0.745909 -1681
  195 3670.197285 28229
  196 0.483783 -1684
  197 12778.371076 15816
  198 735.140361 17659
  199 0.113671 -3088
  200 2852.833783  6147
  201 14055.654397 30936
  202 20967.665816 26161
  203 5497.561101  9518
  204 10846.465105 29234
  205 4669.291742 18278
  206 1349.782512 12201
  207 0.672197 -1702
  208 0.464281 -2474
  209 8082.559894 11251
  210 1631.025392 11128
  211 11419.404833 18494
  212 0.028492 -1593
  213 0.148631 -2437
  214 2108.721342 15528
  215 0.383150 -1846
  216 0.796891  1154
  217 749.196359 15143
  218 18068.714981 -3103
  219 5029.693692 16679
  220 0.209483 -2764
  221 0.226973  1476
  222 7889.250031 19127
  223 7014.163148  5680
  224 0.361259  2168
  225 0.583850 -2741
  226 6043.526226 25072
  227 0.207901   460
  228 896.975351  3095
  229 5885.079500  8458
  230 9532.283276 -3242
  231 2424.807689 11398
  232 156.238534   881
  233 11.219222  1061
  234 0.257272 -1929
  235 16479.684763 17055
  236 4781.344795 31779
  237 12347.490045 25768
  238 4848.705514 14732
  239 13801.057565 -3256
  240 187.472213    35
  241 1908.167464  9045
  242 1815.223615 28477
  243 12849.747859 25507
  244 1827.842211 27680
  245 2688.440776  6344
  246 5938.190653 21407
  247 1.043096 -1812
  248 0.510605 -2751
  249 24586.819431 21608
  250 906.234818 19993
  251 15794.748624 -3226
  252 0.796339   131
  253 2794.674908 26725
  254 0.671242 -2571
  255 76.731701  4774
  256 0.664495 -2202
  257 0.727210 -2715
  258 4588.766817 11874
  259 0.696211 -2572
  260 0.092444 -2700
  261 5716.557043 15881
  262 0.447942 -2630
  263 24640.283404 14536
  264 340.285006  1231
  265 6978.509176 13187
  266 5543.669395  7031
  267 0.522100 -2424
  268 4064.571478 12441
  269 0.078028 -2748
  270 4640.861525 27996
  271 5598.803356 20832
  272 0.347068 -2129
  273 299.844309 13008
  274 163.366740  3973
  275 3700.840451  9596
  276 22969.040332 29864
  277 8313.278174  8226
  278 6628.595531  8125
  279 1295.334318  1936
  280 17.843709   519
  281 0.443982 -1896
  282 9723.046295 20779
  283 1932.102180  5897
  284 0.237486 30295
  285 21916.228523 29243
  286 16701.874856 -3236
  287 9779.450158 13467
  288 0.818469 -2093
  289 0.650396 -1755
  290 337.886992 15224
  291 4126.803816 16581
  292 2375.009297 16126
  293 0.871782 -2489
  294 7301.180315 12038
  295 2977.757045 14498
  296 0.114120  4174
  297 306.856736 -3250
  298 0.499198 32570
  299 4074.363296 21172
  300 6229.747955 14979
