100
    1 536.181069     1
    2 903.625723 22552
    3 24718.532108 27863
    4 0.386104 -1935
    5 0.039011 -2497
    6 6854.937967 11402
    7 2716.288752  7882
    8 343.892716  5438
    9 0.282758 -2390
   10 1613.682766  6863
   11 0.312197 -2493
   12 44.833365   525
   13 0.432297 -1620
   14 4557.822599 20096
   15 1.184184 -3259
   16 7073.562715 24956
   17 0.738436 -2849
   18 284.761648 -3232
   19 9.690636 14573
   20 0.010312 -3083
   21 7615.041737 21823
   22 10234.229805 15275
   23 2747.040228 14868
   24 0.096520 -2447
   25 0.463776  2208
   26 0.384983 -2263
   27 17804.027481 20395
   28 7156.654469 -3111
   29 812.691585  4613
   30 12947.475214 14985
   31 946.673401 10343
   32 0.009366 -1984
   33 633.624353  2104
   34 20943.119966 -2852
   35 10037.268421 17064
   36 3152.964960 21647
   37 0.576425 -2309
   38 612.680482  1257
   39 0.062624 -3064
   40 302.820243  2568
   41 1495.520286 12082
   42 7952.665157 15949
   43 3227.757995 13544
   44 1773.644460 23714
   45 11311.479922 30240
   46 7483.420981 10842
   47 3421.928092 15863
   48 0.830386 -1788
   49 0.005147 -3003
   50 90.196262  1573
   51 816.973380   828
   52 1370.754101 12746
   53 1.009584   314
   54 1625.009036 23962
   55 9605.739546 23513
   56 0.399979 32017
   57 12019.569177 27528
   58 0.600268 -2540
   59 6917.991184 28792
   60 18546.100484 31213
   61 3125.326494 19028
   62 778.575804 31927
   63 0.315303 31951
   64 35596.977939 26634
   65 2542.844279  8009
   66 2395.464262 18283
   67 4071.282537 14765
   68 7978.316216 27953
   69 951.385062  4234
   70 1376.543961  6832
   71 3495.639645  6524
   72 0.187491 -2711
   73 1834.382661 23238
   74 10516.583321 23525
   75 0.138131 -2177
   76 6252.390535 10172
   77 877.895165 21958
   78 0.053694 -2390
   79 0.082325 -2423
   80 0.130293 -2110
   81 0.245227  3195
   82 0.302459  3101
   83 28225.746454 -3116
   84 1390.905721  7462
   85 1013.933403  1250
   86 5478.573794 13695
   87 0.286881 -2810
   88 0.033215 -2668
   89 0.663950 -2119
   90 2114.453354 11841
   91 342.121792  3905
   92 5127.119641 26181
   93 1731.912395  6201
   94 0.275908 -2630
   95 0.174454 -2801
   96 10615.114419 20258
   97 5553.958566 11140
   98 0.266348 -2718
   99 149.677956  7350
  100 0.081472 -3230
