300
    1 66.050676     1
    2 11143.399574 22552
    3 550.877555 27863
    4 0.153000 -1935
    5 0.244557 -2497
    6 2462.122067 11402
    7 1980.546147  7882
    8 673.520438  5438
    9 0.581755 -2390
   10 743.712325  6863
   11 0.678798 -2493
   12 342.785651   525
   13 0.110913 -1620
   14 5341.294002 20096
   15 0.400952 -3259
   16 324.742363 24956
   17 0.745139 -2849
   18 4184.564299 -3232
   19 5555.958679 14573
   20 0.068794 -3083
   21 6833.699031 21823
   22 6943.850939 15275
   23 5256.747090 14868
   24 0.730399 -2447
   25 0.461885  2208
   26 0.763471 -2263
   27 12970.964102 20395
   28 14981.762237 -3111
   29 1021.764233  4613
   30 568.759964 14985
   31 10348.606512 10343
   32 0.022577 -1984
   33 1941.656765  2104
   34 1593.217971 -2852
   35 12962.466082 17064
   36 15899.700282 21647
   37 0.472750 -2309
   38 1339.620022  1257
   39 0.247485 -3064
   40 2920.912898  2568
   41 5373.101026 12082
   42 7849.959189 15949
   43 2626.108916 13544
   44 5524.942113 23714
   45 19480.822580 30240
   46 1132.129993 10842
   47 16546.069104 15863
   48 1.096362 -1788
   49 0.214240 -3003
   50 159.820306  1573
   51 575.383664   828
   52 4098.652685 12746
   53 0.531848   314
   54 4968.517896 23962
   55 6890.571139 23513
   56 0.614832 32017
   57 9422.420103 27528
   58 0.780360 -2540
   59 20234.928774 28792
   60 14246.696297 31213
   61 9727.191160 19028
   62 6932.212190 31927
   63 0.911621 31951
   64 4330.447378 26634
   65 182.744451  8009
   66 4715.614558 18283
   67 2295.192088 14765
   68 12401.809629 27953
   69 4055.590792  4234
   70 3149.766932  6832
   71 4015.104768  6524
   72 0.244217 -2711
   73 6780.995689 23238
   74 8181.157578 23525
   75 0.242214 -2177
   76 1421.932503 10172
   77 4725.580945 21958
   78 0.243279 -2390
   79 1.158783 -2423
   80 0.088717 -2110
   81 0.416284  3195
   82 0.052824  3101
   83 4330.235143 -3116
   84 718.547577  7462
   85 577.863287  1250
   86 3805.522076 13695
   87 0.424594 -2810
   88 0.504597 -2668
   89 0.169790 -2119
   90 5103.482506 11841
   91 1446.345723  3905
   92 23680.109632 26181
   93 3321.538331  6201
   94 0.103402 -2630
   95 0.267615 -2801
   96 167.929491 20258
   97 1460.812913 11140
   98 0.162309 -2718
   99 5710.468091  7350
  100 0.097738 -3230
  101 2019.997850  6709
  102 0.250382 -2544
  103 6106.095741 20824
  104 1343.600212 10814
  105 0.408918 -2651
  106 829.028759  1080
  107 7354.724827 23377
  108 0.903037 -3192
  109 320.451713  1281
  110 0.006394 -2629
  111 7081.051479 12350
  112 0.645135 -1920
  113 330.730043 21527
  114 4034.025884 28488
  115 898.946369 12613
  116 3762.693750 25599
  117 112.733857  2552
  118 102.200759  4764
  119 5089.618885 11817
  120 4326.234529  8720
  121 0.190007   876
  122 3338.049546 21854
  123 0.504672 -1881
  124 3834.119389   546
  125 0.136061 -1913
  126 8643.621168 32558
  127 37118.283369 29437
  128 26947.114774 32051
  129 12820.769473 22728
  130 723.953810 12216
  131 17387.690489 19666
  132 0.197794    74
  133 0.189833 -1966
  134 3738.514616 16240
  135 2548.807249 23404
  136 8705.491663  3066
  137 1083.267742  3236
  138 0.560710 -3156
  139 7405.901035 26575
  140 20789.936969 30702
  141 3772.168508 23859
  142 0.554973 -2212
  143 1947.637234 15705
  144 3974.875947 14460
  145 3689.948588 16428
  146 268.100655 26421
  147 5380.592410 10799
  148 0.067193 -2970
  149 9887.114193 30348
  150 5979.763728 14927
  151 0.633184 -2981
  152 1813.826451  4176
  153 5608.199688  3369
  154 0.071343 -3090
  155 0.341582 -2741
  156 13112.018631 26851
  157 6045.532730 29251
  158 480.570913  5560
  159 0.417032 -1996
  160 3014.920331 13900
  161 17523.805917 29542
  162 4221.873145 23379
  163 6697.062805 18562
  164 0.018796 -2198
  165 0.108320 -2146
  166 1354.563535  4587
  167 425.256479  4200
  168 0.472970 32150
  169 0.451152 -2166
  170 0.233184 -2801
  171 0.257731 -3255
  172 5134.767748 24598
  173 11114.073213 14057
  174 0.992447 -2884
  175 11095.018021 15891
  176 0.070890 -2279
  177 4153.241666 31434
  178 10103.672275 20565
  179 936.916206 11021
  180 4829.266298 19654
  181 0.210490 31837
  182 14877.795814 13672
  183 8720.463558 14952
  184 2611.148911 26785
  185 43.720817  6455
  186 0.099593 -1650
  187 0.760859 -2588
  188 0.006147 -2827
  189 19300.377049 16729
  190 8014.281001 13760
  191 0.165848 -2091
  192 9445.058123 24846
  193 6703.267913 29565
  194 0.194454 -1681
  195 4423.327798 28229
  196 0.840941 -1684
  197 11586.690034 15816
  198 5583.987007 17659
  199 0.728300 -3088
  200 6187.584595  6147
  201 17968.990403 30936
  202 1726.536764 26161
  203 6541.766191  9518
  204 915.364259 29234
  205 9304.269185 18278
  206 12791.674654 12201
  207 0.660227 -1702
  208 0.504912 -2474
  209 542.477345 11251
  210 7108.509806 11128
  211 7203.982198 18494
  212 0.466225 -1593
  213 0.004774 -2437
  214 8106.217939 15528
  215 0.887116 -1846
  216 0.586462  1154
  217 10862.329934 15143
  218 4415.764731 -3103
  219 20035.093627 16679
  220 1.061741 -2764
  221 0.724609  1476
  222 7262.635944 19127
  223 2686.991883  5680
  224 0.278498  2168
  225 0.334182 -2741
  226 7589.535741 25072
  227 0.237044   460
  228 3715.456639  3095
  229 6871.077725  8458
  230 20508.338529 -3242
  231 13662.765685 11398
  232 1007.673214   881
  233 1800.554950  1061
  234 0.131585 -1929
  235 21204.403858 17055
  236 4397.092677 31779
  237 8112.983213 25768
  238 538.024360 14732
  239 4757.763319 -3256
  240 236.633003    35
  241 689.479098  9045
  242 9855.519712 28477
  243 12588.331303 25507
  244 6420.632864 27680
  245 540.354123  6344
  246 4191.545762 21407
  247 0.348564 -1812
  248 0.391505 -2751
  249 7703.674836 21608
  250 17567.322077 19993
  251 16765.525886 -3226
  252 0.149910   131
  253 34793.545858 26725
  254 0.166595 -2571
  255 61.668535  4774
  256 0.308056 -2202
  257 0.169933 -2715
  258 4059.316289 11874
  259 0.403533 -2572
  260 0.650806 -2700
  261 1698.124104 15881
  262 0.617467 -2630
  263 2630.502667 14536
  264 567.748282  1231
  265 173.595062 13187
  266 3271.198753  7031
  267 0.483610 -2424
  268 2685.005434 12441
  269 0.640881 -2748
  270 2618.079986 27996
  271 2173.005494 20832
  272 0.803059 -2129
  273 5683.229407 13008
  274 787.888295  3973
  275 7001.483033  9596
  276 22769.190360 29864
  277 2862.481169  8226
  278 4457.445164  8125
  279 400.692169  1936
  280 2.099459   519
  281 0.563205 -1896
  282 288.386538 20779
  283 929.814259  5897
  284 0.081436 30295
  285 11911.721852 29243
  286 11725.150171 -3236
  287 4384.125802 13467
  288 0.340829 -2093
  289 0.688306 -1755
  290 1311.192953 15224
  291 5932.027189 16581
  292 9760.315271 16126
  293 0.137763 -2489
  294 7046.892163 12038
  295 2915.702350 14498
  296 0.228675  4174
  297 5534.375523 -3250
  298 0.473722 32570
  299 3274.319011 21172
  300 20734.098013 14979
