300
    1 103.352686     1
    2 2032.524994 22552
    3 21965.439625 27863
    4 0.345489 -1935
    5 0.038751 -2497
    6 1895.876027 11402
    7 1888.175520  7882
    8 1962.344793  5438
    9 0.225544 -2390
   10 840.671642  6863
   11 0.455239 -2493
   12 282.570725   525
   13 0.521103 -1620
   14 11164.414825 20096
   15 0.420478 -3259
   16 6365.459684 24956
   17 0.260728 -2849
   18 18821.177953 -3232
   19 6877.794040 14573
   20 0.251839 -3083
   21 19898.933117 21823
   22 10471.672759 15275
   23 6689.832847 14868
   24 0.285758 -2447
   25 1.251193  2208
   26 0.077943 -2263
   27 1419.245486 20395
   28 23158.313732 -3111
   29 1734.901115  4613
   30 2144.922760 14985
   31 12340.313170 10343
   32 0.248567 -1984
   33 1431.717917  2104
   34 23060.902038 -2852
   35 16871.398796 17064
   36 11462.758280 21647
   37 0.204832 -2309
   38 803.756774  1257
   39 0.173219 -3064
   40 555.535384  2568
   41 470.718524 12082
   42 5463.191102 15949
   43 3955.895416 13544
   44 4338.624879 23714
   45 20251.730886 30240
   46 6875.085579 10842
   47 17434.388033 15863
   48 0.784418 -1788
   49 0.165024 -3003
   50 563.312299  1573
   51 485.926595   828
   52 7856.142162 12746
   53 0.325432   314
   54 8394.749167 23962
   55 193.823378 23513
   56 0.143351 32017
   57 14859.740418 27528
   58 0.122436 -2540
   59 11081.698745 28792
   60 8731.798079 31213
   61 12832.797799 19028
   62 20912.063463 31927
   63 0.549793 31951
   64 64.820200 26634
   65 3321.970182  8009
   66 10823.603567 18283
   67 2737.387551 14765
   68 14061.253166 27953
   69 5038.330325  4234
   70 3421.852369  6832
   71 1503.924407  6524
   72 0.148213 -2711
   73 13082.696317 23238
   74 3007.099492 23525
   75 0.350861 -2177
   76 1613.488435 10172
   77 8763.909537 21958
   78 0.257033 -2390
   79 0.072459 -2423
   80 0.324038 -2110
   81 0.505779  3195
   82 0.553801  3101
   83 35337.995427 -3116
   84 2394.635305  7462
   85 132.587068  1250
   86 6506.637580 13695
   87 0.757525 -2810
   88 0.021717 -2668
   89 0.539980 -2119
   90 221.607791 11841
   91 448.320645  3905
   92 2588.370844 26181
   93 4.899375  6201
   94 0.228368 -2630
   95 0.194365 -2801
   96 1707.630041 20258
   97 9290.047549 11140
   98 0.075941 -2718
   99 2820.111711  7350
  100 0.816368 -3230
  101 2531.060763  6709
  102 0.226968 -2544
  103 365.416081 20824
  104 308.821632 10814
  105 0.357447 -2651
  106 1335.103009  1080
  107 18087.661297 23377
  108 0.063507 -3192
  109 1458.754899  1281
  110 0.222369 -2629
  111 3115.889114 12350
  112 0.285687 -1920
  113 14430.298914 21527
  114 1096.602594 28488
  115 4636.453560 12613
  116 11847.262203 25599
  117 2951.799199  2552
  118 287.623311  4764
  119 2345.402888 11817
  120 2540.914386  8720
  121 0.475491   876
  122 7604.043357 21854
  123 0.735627 -1881
  124 547.282156   546
  125 0.446949 -1913
  126 21156.303111 32558
  127 22120.425837 29437
  128 4659.578335 32051
  129 2498.458934 22728
  130 993.098677 12216
  131 11721.580641 19666
  132 0.509502    74
  133 0.994318 -1966
  134 8732.083203 16240
  135 9432.806506 23404
  136 2376.532678  3066
  137 1116.784271  3236
  138 0.057174 -3156
  139 3307.879482 26575
  140 1439.538940 30702
  141 5159.287767 23859
  142 0.183604 -2212
  143 3354.296145 15705
  144 576.804145 14460
  145 6234.571924 16428
  146 22541.425806 26421
  147 2399.995636 10799
  148 0.011249 -2970
  149 17643.445261 30348
  150 16465.469369 14927
  151 0.160241 -2981
  152 7356.462902  4176
  153 3519.978073  3369
  154 0.715601 -3090
  155 1.029463 -2741
  156 12451.350759 26851
  157 6285.744191 29251
  158 4625.251623  5560
  159 0.003846 -1996
  160 10361.876862 13900
  161 2614.839375 29542
  162 12087.398075 23379
  163 186.238612 18562
  164 0.319849 -2198
  165 0.222243 -2146
  166 650.209977  4587
  167 1332.831639  4200
  168 0.180801 32150
  169 0.440587 -2166
  170 0.859490 -2801
  171 0.833466 -3255
  172 10003.139374 24598
  173 11326.178730 14057
  174 0.400375 -2884
  175 3161.088637 15891
  176 0.344240 -2279
  177 16186.422848 31434
  178 11429.707455 20565
  179 3322.540061 11021
  180 3158.877256 19654
  181 0.068008 31837
  182 1348.182632 13672
  183 10997.068834 14952
  184 3849.554016 26785
  185 463.628517  6455
  186 0.529435 -1650
  187 0.156467 -2588
  188 0.525829 -2827
  189 17560.015330 16729
  190 4110.400733 13760
  191 0.251267 -2091
  192 3259.861263 24846
  193 30225.550487 29565
  194 0.098562 -1681
  195 17485.865668 28229
  196 0.739784 -1684
  197 11995.522712 15816
  198 3236.412037 17659
  199 0.542397 -3088
  200 277.757378  6147
  201 12666.564638 30936
  202 12511.791395 26161
  203 11463.906555  9518
  204 592.263163 29234
  205 8942.836588 18278
  206 5921.819460 12201
  207 0.658194 -1702
  208 0.241914 -2474
  209 10251.762445 11251
  210 1509.016844 11128
  211 6690.649366 18494
  212 0.311869 -1593
  213 0.535597 -2437
  214 485.106852 15528
  215 0.518853 -1846
  216 0.302618  1154
  217 7730.233567 15143
  218 3210.379644 -3103
  219 4006.305826 16679
  220 0.064903 -2764
  221 0.081346  1476
  222 1452.672542 19127
  223 1907.039285  5680
  224 0.027127  2168
  225 0.421719 -2741
  226 22820.807605 25072
  227 0.210910   460
  228 2743.154632  3095
  229 6457.031801  8458
  230 26391.627269 -3242
  231 4380.838476 11398
  232 1059.561654   881
  233 2438.781280  1061
  234 0.344020 -1929
  235 753.741848 17055
  236 2741.179797 31779
  237 6319.110941 25768
  238 8233.256375 14732
  239 5420.147084 -3256
  240 171.605519    35
  241 691.453001  9045
  242 9157.709209 28477
  243 6331.091707 25507
  244 10650.961637 27680
  245 2200.564487  6344
  246 2472.911190 21407
  247 0.342083 -1812
  248 0.180061 -2751
  249 13190.613233 21608
  250 4269.507056 19993
  251 7354.801195 -3226
  252 0.460607   131
  253 11709.617232 26725
  254 0.517571 -2571
  255 714.241133  4774
  256 0.348155 -2202
  257 0.644774 -2715
  258 11691.710694 11874
  259 0.783873 -2572
  260 0.408955 -2700
  261 13744.382757 15881
  262 0.603409 -2630
  263 3701.392766 14536
  264 1698.955073  1231
  265 4187.235942 13187
  266 4377.296966  7031
  267 0.722982 -2424
  268 1084.542401 12441
  269 0.662711 -2748
  270 8034.594708 27996
  271 11209.876051 20832
  272 0.157839 -2129
  273 3843.759260 13008
  274 760.617379  3973
  275 3535.034975  9596
  276 3704.015015 29864
  277 2208.188782  8226
  278 10109.955050  8125
  279 23.300547  1936
  280 15.391603   519
  281 0.117477 -1896
  282 1475.386073 20779
  283 15.776333  5897
  284 0.733382 30295
  285 14688.362436 29243
  286 10869.098016 -3236
  287 6249.487036 13467
  288 0.021539 -2093
  289 0.609071 -1755
  290 1391.784617 15224
  291 9577.920924 16581
  292 4368.929687 16126
  293 0.302745 -2489
  294 1991.066539 12038
  295 9300.494717 14498
  296 0.326453  4174
  297 7923.601415 -3250
  298 0.139140 32570
  299 582.135518 21172
  300 8051.897637 14979
