300
    1 930.496685     1
    2 18401.137418 22552
    3 16860.170221 27863
    4 0.370054 -1935
    5 0.366562 -2497
    6 3899.849509 11402
    7 2425.505056  7882
    8 2318.779237  5438
    9 0.523845 -2390
   10 3826.432727  6863
   11 0.207947 -2493
   12 330.262505   525
   13 0.021822 -1620
   14 4056.650259 20096
   15 0.321782 -3259
   16 3666.519424 24956
   17 0.070385 -2849
   18 4914.838234 -3232
   19 5185.528838 14573
   20 0.252423 -3083
   21 6068.809359 21823
   22 6458.811070 15275
   23 10195.222347 14868
   24 0.015860 -2447
   25 0.369074  2208
   26 0.492330 -2263
   27 15190.414224 20395
   28 4207.888735 -3111
   29 782.825998  4613
   30 6119.481616 14985
   31 7159.465707 10343
   32 0.292638 -1984
   33 5648.121579  2104
   34 1061.460372 -2852
   35 7550.836994 17064
   36 13397.362178 21647
   37 0.105165 -2309
   38 305.433925  1257
   39 0.586728 -3064
   40 940.878498  2568
   41 2849.272666 12082
   42 6668.793615 15949
   43 3115.663273 13544
   44 7311.323969 23714
   45 15864.203657 30240
   46 5969.371903 10842
   47 11653.077632 15863
   48 0.155511 -1788
   49 0.169634 -3003
   50 520.789076  1573
   51 1697.557044   828
   52 2561.873785 12746
   53 0.179164   314
   54 2738.676471 23962
   55 10891.727631 23513
   56 0.247317 32017
   57 71.082439 27528
   58 0.108724 -2540
   59 4461.695629 28792
   60 10582.500727 31213
   61 4171.944894 19028
   62 2996.147455 31927
   63 1.033765 31951
   64 5063.547619 26634
   65 575.093043  8009
   66 1359.997128 18283
   67 2753.946063 14765
   68 269.942920 27953
   69 1852.354122  4234
   70 402.136077  6832
   71 214.360651  6524
   72 0.573411 -2711
   73 286.904109 23238
   74 3059.589316 23525
   75 0.079044 -2177
   76 8658.647724 10172
   77 1327.333055 21958
   78 0.094541 -2390
   79 0.154187 -2423
   80 0.047805 -2110
   81 0.362236  3195
   82 0.112141  3101
   83 2761.243984 -3116
   84 422.293947  7462
   85 1368.776891  1250
   86 1629.764168 13695
   87 0.323826 -2810
   88 0.967565 -2668
   89 0.415135 -2119
   90 3046.180313 11841
   91 1283.814151  3905
   92 5796.080054 26181
   93 3614.935081  6201
   94 0.425586 -2630
   95 0.478131 -2801
   96 6235.777252 20258
   97 14085.633956 11140
   98 0.147034 -2718
   99 3184.127511  7350
  100 0.209507 -3230
  101 1881.887006  6709
  102 0.886281 -2544
  103 962.828335 20824
  104 314.547353 10814
  105 0.572599 -2651
  106 1229.286567  1080
  107 22479.127081 23377
  108 0.518507 -3192
  109 1139.606286  1281
  110 0.294917 -2629
  111 1125.512234 12350
  112 0.275972 -1920
  113 1841.888520 21527
  114 18157.453436 28488
  115 741.250332 12613
  116 21603.802021 25599
  117 3538.859512  2552
  118 112.061675  4764
  119 2566.084619 11817
  120 5199.286093  8720
  121 0.545955   876
  122 4321.116330 21854
  123 0.375116 -1881
  124 503.807733   546
  125 0.289326 -1913
  126 14059.297553 32558
  127 19907.764095 29437
  128 19802.133156 32051
  129 7686.522579 22728
  130 702.665789 12216
  131 10937.976231 19666
  132 0.084521    74
  133 0.341417 -1966
  134 8253.464704 16240
  135 4168.379865 23404
  136 2007.773052  3066
  137 862.143628  3236
  138 1.312954 -3156
  139 1333.460505 26575
  140 12447.234593 30702
  141 4457.999713 23859
  142 0.311710 -2212
  143 4409.703709 15705
  144 6696.161113 14460
  145 1407.756449 16428
  146 613.969074 26421
  147 4533.295464 10799
  148 0.019789 -2970
  149 4600.392965 30348
  150 2901.337832 14927
  151 0.266566 -2981
  152 1230.376306  4176
  153 2324.778001  3369
  154 0.085239 -3090
  155 1.035800 -2741
  156 9567.888915 26851
  157 2063.844020 29251
  158 414.726108  5560
  159 0.192910 -1996
  160 5818.988645 13900
  161 29045.080455 29542
  162 13140.094965 23379
  163 13661.714052 18562
  164 0.233873 -2198
  165 0.821259 -2146
  166 815.608734  4587
  167 3052.579084  4200
  168 1.163462 32150
  169 0.277096 -2166
  170 0.112352 -2801
  171 0.838516 -3255
  172 21698.435841 24598
  173 17043.096264 14057
  174 0.104054 -2884
  175 13840.650817 15891
  176 0.710095 -2279
  177 5918.451913 31434
  178 669.309357 20565
  179 1426.281377 11021
  180 6342.396786 19654
  181 0.397330 31837
  182 4783.256926 13672
  183 366.532014 14952
  184 31187.072682 26785
  185 247.118075  6455
  186 0.287072 -1650
  187 0.383589 -2588
  188 0.040440 -2827
  189 134.009562 16729
  190 217.965930 13760
  191 0.894308 -2091
  192 10247.773359 24846
  193 10194.162178 29565
  194 1.013427 -1681
  195 9124.704901 28229
  196 0.175284 -1684
  197 11030.625710 15816
  198 2878.898819 17659
  199 0.244348 -3088
  200 249.825473  6147
  201 1671.193234 30936
  202 21741.738251 26161
  203 2956.657578  9518
  204 13665.456003 29234
  205 631.215080 18278
  206 9404.019091 12201
  207 0.110953 -1702
  208 0.506752 -2474
  209 7825.856786 11251
  210 2577.750190 11128
  211 2542.376055 18494
  212 0.351470 -1593
  213 0.111886 -2437
  214 6934.606650 15528
  215 0.376633 -1846
  216 0.195704  1154
  217 11028.976840 15143
  218 2872.798563 -3103
  219 561.658709 16679
  220 0.145274 -2764
  221 0.047617  1476
  222 14643.702201 19127
  223 2760.193257  5680
  224 0.291204  2168
  225 0.128482 -2741
  226 25813.462531 25072
  227 0.131513   460
  228 3061.452513  3095
  229 1980.723302  8458
  230 5996.954840 -3242
  231 2342.984117 11398
  232 208.903300   881
  233 5208.166520  1061
  234 0.668792 -1929
  235 14099.959674 17055
  236 5619.043470 31779
  237 9557.943687 25768
  238 3225.659681 14732
  239 5036.638019 -3256
  240 378.710651    35
  241 6848.305454  9045
  242 10760.167989 28477
  243 452.114581 25507
  244 12482.824039 27680
  245 1330.717816  6344
  246 9428.376321 21407
  247 0.190220 -1812
  248 0.869667 -2751
  249 4072.845402 21608
  250 1427.163869 19993
  251 26114.463496 -3226
  252 0.006565   131
  253 27051.047741 26725
  254 0.695634 -2571
  255 190.157647  4774
  256 0.818641 -2202
  257 0.023222 -2715
  258 6352.332940 11874
  259 0.055448 -2572
  260 0.296949 -2700
  261 3507.394102 15881
  262 0.197595 -2630
  263 3603.564732 14536
  264 576.859066  1231
  265 9789.255159 13187
  266 6901.083873  7031
  267 0.090155 -2424
  268 6355.114129 12441
  269 0.589619 -2748
  270 7734.743468 27996
  271 5737.552186 20832
  272 0.427814 -2129
  273 2249.802250 13008
  274 3334.881193  3973
  275 4564.282755  9596
  276 9439.022278 29864
  277 4053.304602  8226
  278 10862.468790  8125
  279 356.019999  1936
  280 6.374195   519
  281 0.118194 -1896
  282 4260.589325 20779
  283 25.679520  5897
  284 0.083706 30295
  285 13265.486964 29243
  286 19155.955709 -3236
  287 6098.735312 13467
  288 0.124512 -2093
  289 0.170232 -1755
  290 4795.267096 15224
  291 3994.865810 16581
  292 2677.897562 16126
  293 0.997005 -2489
  294 648.964847 12038
  295 3838.564859 14498
  296 0.168679  4174
  297 5210.096646 -3250
  298 0.011377 32570
  299 17382.187567 21172
  300 6624.772300 14979
