300
    1 642.926588     1
    2 6044.952022 22552
    3 4599.956922 27863
    4 1.014723 -1935
    5 0.588353 -2497
    6 3452.114127 11402
    7 2315.207206  7882
    8 678.268442  5438
    9 0.062044 -2390
   10 26.814350  6863
   11 0.352752 -2493
   12 59.080843   525
   13 1.594458 -1620
   14 6064.100675 20096
   15 0.155456 -3259
   16 1953.905976 24956
   17 0.880696 -2849
   18 15986.876410 -3232
   19 3386.776648 14573
   20 0.099994 -3083
   21 4474.811892 21823
   22 2314.748943 15275
   23 251.414410 14868
   24 0.030470 -2447
   25 1.241934  2208
   26 0.345480 -2263
   27 2484.572525 20395
   28 29669.917216 -3111
   29 1718.655724  4613
   30 10677.857646 14985
   31 1768.732473 10343
   32 0.232385 -1984
   33 575.219828  2104
   34 17170.153580 -2852
   35 18824.158066 17064
   36 3304.952733 21647
   37 0.274365 -2309
   38 736.987716  1257
   39 0.576149 -3064
   40 507.647492  2568
   41 2863.177543 12082
   42 2028.749489 15949
   43 4724.266766 13544
   44 4763.538641 23714
   45 20948.895725 30240
   46 1690.139044 10842
   47 7617.110062 15863
   48 0.221683 -1788
   49 0.237768 -3003
   50 362.291751  1573
   51 433.685656   828
   52 3656.717126 12746
   53 0.428482   314
   54 11829.366709 23962
   55 14313.001628 23513
   56 0.030248 32017
   57 18603.762903 27528
   58 0.250173 -2540
   59 14329.572963 28792
   60 4451.456866 31213
   61 15559.323951 19028
   62 10896.644398 31927
   63 0.297690 31951
   64 20004.217158 26634
   65 623.743399  8009
   66 6571.500974 18283
   67 2992.249160 14765
   68 17882.365431 27953
   69 1806.680957  4234
   70 2743.142633  6832
   71 6271.753068  6524
   72 0.150032 -2711
   73 4711.477109 23238
   74 4272.148213 23525
   75 0.645613 -2177
   76 4548.784396 10172
   77 2244.007490 21958
   78 0.332435 -2390
   79 0.393635 -2423
   80 0.901862 -2110
   81 0.569006  3195
   82 0.031795  3101
   83 7667.126811 -3116
   84 3450.002299  7462
   85 2191.361414  1250
   86 1533.363356 13695
   87 0.043191 -2810
   88 1.133308 -2668
   89 0.312244 -2119
   90 5418.236721 11841
   91 630.525228  3905
   92 76.852319 26181
   93 1024.897261  6201
   94 0.377800 -2630
   95 0.232033 -2801
   96 981.808619 20258
   97 800.672868 11140
   98 0.550238 -2718
   99 8724.026019  7350
  100 0.443447 -3230
  101 4068.869530  6709
  102 0.125257 -2544
  103 2672.850008 20824
  104 673.121514 10814
  105 0.458907 -2651
  106 2041.466032  1080
  107 4963.140376 23377
  108 1.377469 -3192
  109 750.371319  1281
  110 0.817468 -2629
  111 8522.380384 12350
  112 0.536837 -1920
  113 13214.642572 21527
  114 26509.139151 28488
  115 61.480117 12613
  116 17969.962438 25599
  117 37.834601  2552
  118 65.210836  4764
  119 2023.498995 11817
  120 3818.486465  8720
  121 0.289846   876
  122 1587.871681 21854
  123 1.078885 -1881
  124 1921.838792   546
  125 0.318127 -1913
  126 12603.755862 32558
  127 12656.100120 29437
  128 36552.848494 32051
  129 22591.415768 22728
  130 275.177378 12216
  131 11162.459670 19666
  132 1.256792    74
  133 0.239757 -1966
  134 11788.036310 16240
  135 10108.787610 23404
  136 2473.006261  3066
  137 53.025521  3236
  138 0.595234 -3156
  139 12497.288335 26575
  140 132.525887 30702
  141 4268.425072 23859
  142 0.498187 -2212
  143 6221.134340 15705
  144 8708.702188 14460
  145 2053.489254 16428
  146 15201.080555 26421
  147 3224.672157 10799
  148 0.148955 -2970
  149 18275.912035 30348
  150 3653.384544 14927
  151 0.160800 -2981
  152 3607.374780  4176
  153 2586.514159  3369
  154 0.752574 -3090
  155 1.050426 -2741
  156 30754.618372 26851
  157 20279.098393 29251
  158 3335.008074  5560
  159 0.375931 -1996
  160 4441.324854 13900
  161 13302.235248 29542
  162 192.292175 23379
  163 14148.410465 18562
  164 0.635187 -2198
  165 0.374582 -2146
  166 486.310944  4587
  167 91.164867  4200
  168 0.570114 32150
  169 0.305937 -2166
  170 0.709180 -2801
  171 0.002715 -3255
  172 7306.422294 24598
  173 2336.663352 14057
  174 0.648887 -2884
  175 2341.441017 15891
  176 0.018756 -2279
  177 1434.996413 31434
  178 7991.071763 20565
  179 307.693552 11021
  180 11162.006932 19654
  181 0.275389 31837
  182 12746.004723 13672
  183 8660.228396 14952
  184 9332.305659 26785
  185 752.110754  6455
  186 0.654349 -1650
  187 0.245154 -2588
  188 0.077204 -2827
  189 10741.146889 16729
  190 165.621257 13760
  191 0.112650 -2091
  192 5814.794136 24846
  193 8081.826347 29565
  194 0.156884 -1681
  195 10265.733519 28229
  196 0.791246 -1684
  197 12514.609481 15816
  198 1359.688259 17659
  199 0.282323 -3088
  200 2161.042217  6147
  201 4073.248798 30936
  202 21024.878188 26161
  203 2982.086586  9518
  204 14923.891420 29234
  205 1608.370810 18278
  206 5094.096452 12201
  207 0.211769 -1702
  208 0.273387 -2474
  209 4042.808065 11251
  210 429.521959 11128
  211 8110.135702 18494
  212 0.207301 -1593
  213 0.118722 -2437
  214 7098.974187 15528
  215 0.130964 -1846
  216 0.370056  1154
  217 14001.484842 15143
  218 7575.812521 -3103
  219 10708.545072 16679
  220 0.473474 -2764
  221 0.099121  1476
  222 7974.165311 19127
  223 290.845323  5680
  224 0.376278  2168
  225 0.101453 -2741
  226 11738.520724 25072
  227 0.748129   460
  228 3738.617546  3095
  229 4435.724131  8458
  230 6803.716561 -3242
  231 4139.119861 11398
  232 311.610850   881
  233 863.027589  1061
  234 0.744957 -1929
  235 7448.150352 17055
  236 4081.536825 31779
  237 358.086116 25768
  238 732.330377 14732
  239 35151.670760 -3256
  240 547.782068    35
  241 3224.843797  9045
  242 18863.162682 28477
  243 9416.790884 25507
  244 16190.657752 27680
  245 759.158066  6344
  246 2219.668713 21407
  247 0.521314 -1812
  248 0.035308 -2751
  249 17771.927736 21608
  250 8634.841958 19993
  251 10239.392313 -3226
  252 0.396850   131
  253 20143.593556 26725
  254 0.036889 -2571
  255 314.507280  4774
  256 0.336141 -2202
  257 0.593513 -2715
  258 2256.460490 11874
  259 0.028104 -2572
  260 0.052258 -2700
  261 8073.816507 15881
  262 0.636324 -2630
  263 690.315416 14536
  264 796.122478  1231
  265 2352.672165 13187
  266 2159.265617  7031
  267 0.250070 -2424
  268 4742.495016 12441
  269 0.115881 -2748
  270 9621.297789 27996
  271 14655.466748 20832
  272 0.618786 -2129
  273 344.233922 13008
  274 292.619639  3973
  275 1019.459839  9596
  276 5357.599706 29864
  277 8691.817890  8226
  278 9101.146381  8125
  279 786.779156  1936
  280 1.048848   519
  281 0.263420 -1896
  282 5766.953039 20779
  283 1344.846108  5897
  284 0.411906 30295
  285 23165.302815 29243
  286 6060.506293 -3236
  287 8166.725493 13467
  288 0.599234 -2093
  289 0.790733 -1755
  290 1924.802436 15224
  291 5842.743711 16581
  292 10334.438418 16126
  293 0.237916 -2489
  294 5205.030647 12038
  295 1190.194577 14498
  296 0.328611  4174
  297 12185.482205 -3250
  298 0.369610 32570
  299 9840.870184 21172
  300 564.553540 14979
