300
    1 403.648996     1
    2 1755.416925 22552
    3 2733.522869 27863
    4 0.309407 -1935
    5 0.079916 -2497
    6 8905.314256 11402
    7 1505.673153  7882
    8 2812.446243  5438
    9 0.070035 -2390
   10 522.450578  6863
   11 0.130306 -2493
   12 113.228001   525
   13 0.415076 -1620
   14 8651.677042 20096
   15 0.113054 -3259
   16 8400.036849 24956
   17 0.892363 -2849
   18 31129.784296 -3232
   19 3111.543623 14573
   20 0.592268 -3083
   21 24987.588343 21823
   22 12896.792378 15275
   23 1136.548131 14868
   24 1.256906 -2447
   25 0.211703  2208
   26 0.765833 -2263
   27 14945.839555 20395
   28 17032.906600 -3111
   29 48.544206  4613
   30 2222.535241 14985
   31 4130.758412 10343
   32 0.364104 -1984
   33 1204.732099  2104
   34 24166.321825 -2852
   35 2434.648823 17064
   36 5126.378006 21647
   37 0.052269 -2309
   38 1226.185908  1257
   39 0.384641 -3064
   40 1002.211835  2568
   41 6226.170971 12082
   42 5558.873039 15949
   43 3322.880853 13544
   44 671.922859 23714
   45 3032.994153 30240
   46 668.735171 10842
   47 4626.543789 15863
   48 0.884307 -1788
   49 0.472030 -3003
   50 866.925878  1573
   51 1273.316422   828
   52 4728.977883 12746
   53 0.734231   314
   54 13752.143073 23962
   55 814.080739 23513
   56 0.171792 32017
   57 10015.020298 27528
   58 0.233429 -2540
   59 13192.052580 28792
   60 2556.354904 31213
   61 2886.492305 19028
   62 730.691101 31927
   63 0.110922 31951
   64 21060.612572 26634
   65 2039.613161  8009
   66 3095.541694 18283
   67 1431.468152 14765
   68 26544.004523 27953
   69 3730.915044  4234
   70 1987.593761  6832
   71 1990.420434  6524
   72 0.460714 -2711
   73 23376.985083 23238
   74 4894.851959 23525
   75 0.073300 -2177
   76 5444.353125 10172
   77 3060.829844 21958
   78 0.458235 -2390
   79 0.024370 -2423
   80 0.175540 -2110
   81 0.005877  3195
   82 1.032778  3101
   83 2463.982467 -3116
   84 1675.113273  7462
   85 485.964580  1250
   86 129.617767 13695
   87 0.042472 -2810
   88 0.020942 -2668
   89 0.159268 -2119
   90 3864.457404 11841
   91 867.068521  3905
   92 30055.927381 26181
   93 1432.128308  6201
   94 0.164572 -2630
   95 0.138117 -2801
   96 5528.039684 20258
   97 12098.869847 11140
   98 0.203582 -2718
   99 4245.120232  7350
  100 0.263811 -3230
  101 2842.305698  6709
  102 0.159784 -2544
  103 4156.014170 20824
  104 6471.823641 10814
  105 0.356068 -2651
  106 1607.114842  1080
  107 15858.507697 23377
  108 0.007993 -3192
  109 526.462328  1281
  110 0.507269 -2629
  111 3035.949301 12350
  112 0.088029 -1920
  113 7482.742969 21527
  114 8667.276464 28488
  115 3974.317533 12613
  116 26543.276754 25599
  117 2337.435343  2552
  118 18.348898  4764
  119 3525.402709 11817
  120 1419.584663  8720
  121 0.183528   876
  122 12361.666691 21854
  123 0.544458 -1881
  124 2571.163509   546
  125 0.199179 -1913
  126 9589.475800 32558
  127 6733.373472 29437
  128 1203.418618 32051
  129 6574.812756 22728
  130 6666.995443 12216
  131 12232.950654 19666
  132 1.127344    74
  133 0.184143 -1966
  134 8916.517056 16240
  135 368.144564 23404
  136 5751.901106  3066
  137 377.046138  3236
  138 0.262769 -3156
  139 2879.328909 26575
  140 14512.666120 30702
  141 5544.735629 23859
  142 0.202445 -2212
  143 9597.294259 15705
  144 2468.270881 14460
  145 1447.154014 16428
  146 14883.218183 26421
  147 3048.060422 10799
  148 0.461801 -2970
  149 20004.589816 30348
  150 10296.218464 14927
  151 0.162961 -2981
  152 2432.623128  4176
  153 1903.310757  3369
  154 0.710240 -3090
  155 0.033193 -2741
  156 11592.428460 26851
  157 17516.814711 29251
  158 5018.553000  5560
  159 0.271530 -1996
  160 2552.444280 13900
  161 22063.657168 29542
  162 14572.764790 23379
  163 3998.733586 18562
  164 0.166861 -2198
  165 0.274943 -2146
  166 2520.749849  4587
  167 816.738991  4200
  168 0.195923 32150
  169 0.692048 -2166
  170 0.165257 -2801
  171 0.435103 -3255
  172 19324.592840 24598
  173 13184.921139 14057
  174 0.104127 -2884
  175 10970.973901 15891
  176 0.248176 -2279
  177 3305.421173 31434
  178 1259.771632 20565
  179 1646.365418 11021
  180 1915.165652 19654
  181 0.676086 31837
  182 6896.684314 13672
  183 7.463099 14952
  184 12755.710281 26785
  185 1386.874924  6455
  186 0.927133 -1650
  187 0.301389 -2588
  188 0.630672 -2827
  189 3738.833530 16729
  190 3380.646913 13760
  191 0.845319 -2091
  192 2238.250855 24846
  193 6777.898711 29565
  194 0.213868 -1681
  195 20344.322925 28229
  196 0.248555 -1684
  197 2160.085208 15816
  198 3307.469274 17659
  199 0.190033 -3088
  200 999.960880  6147
  201 1707.341609 30936
  202 12686.016361 26161
  203 803.766636  9518
  204 17297.007536 29234
  205 5896.836224 18278
  206 10691.365676 12201
  207 0.227306 -1702
  208 0.503736 -2474
  209 10897.807421 11251
  210 347.942679 11128
  211 4593.025617 18494
  212 0.360902 -1593
  213 0.294776 -2437
  214 6958.993867 15528
  215 0.893936 -1846
  216 0.114278  1154
  217 8866.170769 15143
  218 20295.368831 -3103
  219 14281.112520 16679
  220 0.337881 -2764
  221 1.542581  1476
  222 16601.757652 19127
  223 4762.068795  5680
  224 0.299945  2168
  225 0.520672 -2741
  226 12399.779302 25072
  227 0.080979   460
  228 1227.233843  3095
  229 5911.075980  8458
  230 8603.601909 -3242
  231 4737.696454 11398
  232 960.927009   881
  233 404.595128  1061
  234 0.409023 -1929
  235 876.971157 17055
  236 10538.799494 31779
  237 541.092384 25768
  238 13205.136784 14732
  239 14653.387642 -3256
  240 805.195585    35
  241 3644.656005  9045
  242 376.584568 28477
  243 15722.475711 25507
  244 12363.216454 27680
  245 1716.514073  6344
  246 6366.328096 21407
  247 1.038186 -1812
  248 0.223208 -2751
  249 12077.268346 21608
  250 6469.081743 19993
  251 2956.715097 -3226
  252 0.111018   131
  253 38232.485082 26725
  254 0.134786 -2571
  255 1123.391009  4774
  256 0.695159 -2202
  257 0.690062 -2715
  258 6980.600290 11874
  259 0.115024 -2572
  260 0.933667 -2700
  261 8986.966926 15881
  262 0.879816 -2630
  263 11734.263628 14536
  264 368.925897  1231
  265 9804.728923 13187
  266 6632.248337  7031
  267 0.055548 -2424
  268 1439.066750 12441
  269 0.484177 -2748
  270 10120.758022 27996
  271 16283.715579 20832
  272 0.304987 -2129
  273 206.686564 13008
  274 277.359012  3973
  275 303.689542  9596
  276 20006.643917 29864
  277 1877.229037  8226
  278 777.724695  8125
  279 686.851016  1936
  280 3.853668   519
  281 0.181016 -1896
  282 6621.973905 20779
  283 736.039047  5897
  284 0.409845 30295
  285 19076.634058 29243
  286 4837.252451 -3236
  287 9082.693305 13467
  288 0.369198 -2093
  289 0.248616 -1755
  290 3343.040241 15224
  291 887.264120 16581
  292 3151.384642 16126
  293 0.083111 -2489
  294 7539.758132 12038
  295 4533.971011 14498
  296 0.181362  4174
  297 10874.695943 -3250
  298 0.429685 32570
  299 94.367366 21172
  300 9635.951549 14979
