300
    1 1.685895     1
    2 107.018761 22552
    3 11927.454755 27863
    4 0.201993 -1935
    5 0.968381 -2497
    6 7967.742652 11402
    7 4232.465748  7882
    8 1883.206650  5438
    9 0.144392 -2390
   10 395.946871  6863
   11 0.462581 -2493
   12 355.084573   525
   13 0.096274 -1620
   14 750.198535 20096
   15 0.159625 -3259
   16 1649.097240 24956
   17 0.107521 -2849
   18 5246.736343 -3232
   19 16027.038378 14573
   20 0.730760 -3083
   21 14756.570558 21823
   22 1139.673843 15275
   23 2441.586212 14868
   24 0.410432 -2447
   25 0.205485  2208
   26 0.808846 -2263
   27 2856.198987 20395
   28 4499.710454 -3111
   29 4234.086736  4613
   30 5018.786790 14985
   31 11606.156142 10343
   32 0.170613 -1984
   33 4515.792807  2104
   34 7777.348147 -2852
   35 94.010234 17064
   36 2026.335928 21647
   37 0.315475 -2309
   38 1149.138777  1257
   39 0.958120 -3064
   40 1434.077121  2568
   41 3447.504170 12082
   42 17860.485047 15949
   43 3129.448131 13544
   44 18948.687291 23714
   45 4746.575047 30240
   46 9677.224391 10842
   47 7390.756708 15863
   48 0.545046 -1788
   49 0.110481 -3003
   50 901.018906  1573
   51 2581.323248   828
   52 3870.023409 12746
   53 0.132548   314
   54 12522.574605 23962
   55 6905.797333 23513
   56 0.073759 32017
   57 4470.354372 27528
   58 0.717225 -2540
   59 10655.544247 28792
   60 10718.949198 31213
   61 6970.183996 19028
   62 8710.553530 31927
   63 0.033527 31951
   64 22932.476685 26634
   65 3008.226840  8009
   66 10449.430202 18283
   67 6541.866576 14765
   68 2727.875525 27953
   69 376.897626  4234
   70 1012.692274  6832
   71 188.794069  6524
   72 0.076295 -2711
   73 5685.184573 23238
   74 1260.074852 23525
   75 0.268691 -2177
   76 1810.618033 10172
   77 5280.991357 21958
   78 0.515732 -2390
   79 0.192359 -2423
   80 0.053860 -2110
   81 1.207249  3195
   82 0.331318  3101
   83 26244.885865 -3116
   84 1670.208816  7462
   85 437.498694  1250
   86 9817.717754 13695
   87 0.371040 -2810
   88 0.454897 -2668
   89 0.611542 -2119
   90 2142.375693 11841
   91 24.368618  3905
   92 39864.172434 26181
   93 2301.034989  6201
   94 0.267477 -2630
   95 0.209682 -2801
   96 3422.744674 20258
   97 13206.846832 11140
   98 0.567866 -2718
   99 4825.522866  7350
  100 0.619527 -3230
  101 630.909084  6709
  102 0.425036 -2544
  103 1594.833132 20824
  104 2403.496060 10814
  105 1.229179 -2651
  106 300.913664  1080
  107 4471.595167 23377
  108 0.021780 -3192
  109 440.443289  1281
  110 0.282768 -2629
  111 4725.341291 12350
  112 0.586124 -1920
  113 7947.513055 21527
  114 17520.198078 28488
  115 6115.852961 12613
  116 20909.279183 25599
  117 1874.448122  2552
  118 787.368657  4764
  119 5673.738157 11817
  120 3894.828285  8720
  121 0.848069   876
  122 12106.282339 21854
  123 0.111894 -1881
  124 1167.656435   546
  125 0.469420 -1913
  126 13535.704618 32558
  127 3333.004669 29437
  128 20355.900787 32051
  129 15449.174379 22728
  130 5551.744432 12216
  131 19076.614112 19666
  132 0.560958    74
  133 0.426128 -1966
  134 132.308858 16240
  135 4371.221274 23404
  136 3664.422701  3066
  137 624.653590  3236
  138 0.592074 -3156
  139 4135.548913 26575
  140 2233.613507 30702
  141 12608.973506 23859
  142 0.450058 -2212
  143 1386.628468 15705
  144 257.272053 14460
  145 5069.844789 16428
  146 666.470368 26421
  147 7137.661928 10799
  148 0.350520 -2970
  149 555.407974 30348
  150 15283.056673 14927
  151 0.352930 -2981
  152 1802.879736  4176
  153 898.883285  3369
  154 0.208734 -3090
  155 1.237408 -2741
  156 21528.302026 26851
  157 16656.591009 29251
  158 274.499682  5560
  159 0.834268 -1996
  160 10577.668172 13900
  161 23391.573990 29542
  162 1582.183410 23379
  163 9722.768506 18562
  164 0.360926 -2198
  165 0.040314 -2146
  166 5304.590054  4587
  167 2564.031524  4200
  168 0.034897 32150
  169 0.078744 -2166
  170 0.360804 -2801
  171 0.210475 -3255
  172 996.330723 24598
  173 9636.892691 14057
  174 0.246283 -2884
  175 2438.504334 15891
  176 0.093469 -2279
  177 2168.463395 31434
  178 10600.085771 20565
  179 3544.979551 11021
  180 10340.035944 19654
  181 0.169641 31837
  182 11671.539995 13672
  183 63.946903 14952
  184 12363.314849 26785
  185 297.096030  6455
  186 0.233448 -1650
  187 0.203561 -2588
  188 0.692022 -2827
  189 493.014194 16729
  190 5278.722399 13760
  191 0.309811 -2091
  192 13937.573476 24846
  193 6626.144492 29565
  194 0.534937 -1681
  195 2023.970790 28229
  196 0.305537 -1684
  197 11462.319606 15816
  198 2918.994027 17659
  199 0.056069 -3088
  200 5118.185850  6147
  201 11064.016803 30936
  202 9031.499090 26161
  203 1466.243027  9518
  204 20595.196451 29234
  205 860.250656 18278
  206 1582.433077 12201
  207 1.042004 -1702
  208 0.341184 -2474
  209 4286.600175 11251
  210 696.627629 11128
  211 4507.594402 18494
  212 0.543604 -1593
  213 0.357296 -2437
  214 7189.586204 15528
  215 0.027913 -1846
  216 0.526193  1154
  217 2985.796717 15143
  218 8753.151308 -3103
  219 11047.443471 16679
  220 0.419685 -2764
  221 0.213931  1476
  222 873.123768 19127
  223 4412.740986  5680
  224 0.355443  2168
  225 0.399931 -2741
  226 9141.283283 25072
  227 0.312358   460
  228 466.381241  3095
  229 1901.055921  8458
  230 16996.585528 -3242
  231 25.624616 11398
  232 1051.231168   881
  233 1146.223505  1061
  234 0.482840 -1929
  235 3300.910376 17055
  236 7552.604425 31779
  237 4158.037360 25768
  238 346.551597 14732
  239 25925.455438 -3256
  240 361.689768    35
  241 4809.911240  9045
  242 5678.155482 28477
  243 14791.875994 25507
  244 11414.228079 27680
  245 2840.807918  6344
  246 22291.102100 21407
  247 0.249459 -1812
  248 0.501873 -2751
  249 13584.993083 21608
  250 5853.898458 19993
  251 18108.526168 -3226
  252 0.995563   131
  253 32177.996771 26725
  254 0.312949 -2571
  255 1175.547966  4774
  256 1.042358 -2202
  257 0.730138 -2715
  258 13339.212503 11874
  259 0.599780 -2572
  260 0.339508 -2700
  261 990.197376 15881
  262 0.753044 -2630
  263 8412.872993 14536
  264 1252.770262  1231
  265 681.553038 13187
  266 2769.186473  7031
  267 0.871872 -2424
  268 9286.820647 12441
  269 0.692258 -2748
  270 1163.714703 27996
  271 7571.825639 20832
  272 1.447258 -2129
  273 9502.483430 13008
  274 1144.944168  3973
  275 2604.951356  9596
  276 29054.110893 29864
  277 4021.676276  8226
  278 2694.816495  8125
  279 459.856506  1936
  280 7.300152   519
  281 0.463795 -1896
  282 17673.295198 20779
  283 1310.118652  5897
  284 0.228470 30295
  285 7008.124122 29243
  286 73.723175 -3236
  287 1540.919877 13467
  288 0.236939 -2093
  289 0.146562 -1755
  290 6349.624031 15224
  291 7865.471321 16581
  292 15961.323692 16126
  293 0.347188 -2489
  294 4399.758884 12038
  295 303.315058 14498
  296 0.646884  4174
  297 19220.076714 -3250
  298 0.242749 32570
  299 1730.599570 21172
  300 7868.741125 14979
