300
    1 311.915308     1
    2 4561.506134 22552
    3 9826.920690 27863
    4 0.508094 -1935
    5 0.413460 -2497
    6 13459.294114 11402
    7 3133.026762  7882
    8 1546.858944  5438
    9 0.634726 -2390
   10 281.554979  6863
   11 0.435962 -2493
   12 61.939123   525
   13 0.471540 -1620
   14 5856.112570 20096
   15 0.202291 -3259
   16 4302.489669 24956
   17 0.456113 -2849
   18 4142.879749 -3232
   19 877.290542 14573
   20 0.193263 -3083
   21 9223.709145 21823
   22 10653.158481 15275
   23 7692.193385 14868
   24 0.473843 -2447
   25 0.800624  2208
   26 0.353551 -2263
   27 8042.177972 20395
   28 11898.251067 -3111
   29 1428.630517  4613
   30 8552.801246 14985
   31 1212.180130 10343
   32 0.505722 -1984
   33 3466.049882  2104
   34 14971.448137 -2852
   35 11638.757349 17064
   36 15987.031224 21647
   37 0.100034 -2309
   38 332.617693  1257
   39 0.373978 -3064
   40 2013.806048  2568
   41 7316.236389 12082
   42 1634.811541 15949
   43 807.017162 13544
   44 1777.250900 23714
   45 18532.490178 30240
   46 4970.587299 10842
   47 16515.240787 15863
   48 0.740781 -1788
   49 0.441269 -3003
   50 428.149509  1573
   51 2473.567075   828
   52 1975.526934 12746
   53 0.206177   314
   54 5952.053132 23962
   55 8584.866258 23513
   56 0.467682 32017
   57 28694.263031 27528
   58 0.144711 -2540
   59 17974.287627 28792
   60 14136.426731 31213
   61 4371.995001 19028
   62 6668.417542 31927
   63 0.115887 31951
   64 6144.857379 26634
   65 1157.182380  8009
   66 5610.205011 18283
   67 172.779906 14765
   68 23395.409822 27953
   69 2224.344559  4234
   70 2632.520074  6832
   71 4892.285585  6524
   72 0.388055 -2711
   73 16452.122986 23238
   74 9471.202170 23525
   75 0.406265 -2177
   76 4395.085176 10172
   77 11849.927942 21958
   78 0.003887 -2390
   79 0.320387 -2423
   80 0.754553 -2110
   81 0.189923  3195
   82 0.064930  3101
   83 20709.548217 -3116
   84 3549.322000  7462
   85 1701.647952  1250
   86 797.457188 13695
   87 0.420733 -2810
   88 0.021252 -2668
   89 0.144689 -2119
   90 1383.713918 11841
   91 1494.980723  3905
   92 25627.752617 26181
   93 0.791316  6201
   94 0.592164 -2630
   95 0.093102 -2801
   96 8618.178184 20258
   97 7937.263038 11140
   98 0.187050 -2718
   99 2962.063001  7350
  100 0.812344 -3230
  101 5255.864466  6709
  102 0.121916 -2544
  103 3229.528678 20824
  104 3980.632721 10814
  105 0.125488 -2651
  106 697.228212  1080
  107 1644.567973 23377
  108 0.319868 -3192
  109 663.512972  1281
  110 0.232924 -2629
  111 19438.139188 12350
  112 0.176045 -1920
  113 5869.266596 21527
  114 7354.786024 28488
  115 8916.043797 12613
  116 5481.591681 25599
  117 443.315877  2552
  118 204.216908  4764
  119 2827.844998 11817
  120 2842.425441  8720
  121 0.716864   876
  122 1324.995197 21854
  123 0.333210 -1881
  124 1569.258196   546
  125 0.612693 -1913
  126 8756.523244 32558
  127 5199.921882 29437
  128 8888.085679 32051
  129 14273.215884 22728
  130 6772.669886 12216
  131 14236.386684 19666
  132 0.005913    74
  133 0.210652 -1966
  134 4562.058896 16240
  135 1130.399734 23404
  136 513.909690  3066
  137 1509.743787  3236
  138 0.750445 -3156
  139 9030.546064 26575
  140 8295.226497 30702
  141 24192.345726 23859
  142 0.246777 -2212
  143 8575.820266 15705
  144 7449.439721 14460
  145 1852.127416 16428
  146 11842.676828 26421
  147 2140.382072 10799
  148 1.065669 -2970
  149 8558.263182 30348
  150 2633.926195 14927
  151 0.188479 -2981
  152 109.246750  4176
  153 377.980481  3369
  154 0.359024 -3090
  155 0.010507 -2741
  156 10369.400329 26851
  157 10618.277254 29251
  158 323.507131  5560
  159 0.277936 -1996
  160 25148.027594 13900
  161 40257.404780 29542
  162 9061.935564 23379
  163 829.737128 18562
  164 0.903387 -2198
  165 0.107962 -2146
  166 1644.399808  4587
  167 6473.002214  4200
  168 0.105480 32150
  169 0.153319 -2166
  170 0.778802 -2801
  171 0.325693 -3255
  172 5731.593962 24598
  173 5461.863069 14057
  174 0.750277 -2884
  175 19682.884570 15891
  176 0.107322 -2279
  177 13581.582817 31434
  178 2710.385406 20565
  179 21.457886 11021
  180 1893.288062 19654
  181 0.911904 31837
  182 10707.304851 13672
  183 323.746427 14952
  184 2853.690813 26785
  185 1925.013544  6455
  186 0.262250 -1650
  187 0.104686 -2588
  188 0.419732 -2827
  189 6939.157102 16729
  190 2491.511704 13760
  191 0.474380 -2091
  192 15874.153662 24846
  193 933.147230 29565
  194 0.262787 -1681
  195 6112.388980 28229
  196 0.630574 -1684
  197 11518.921250 15816
  198 6218.245529 17659
  199 0.096220 -3088
  200 401.634064  6147
  201 113.055024 30936
  202 11449.806262 26161
  203 4991.375610  9518
  204 19532.009356 29234
  205 6070.082370 18278
  206 375.793593 12201
  207 0.046017 -1702
  208 0.665198 -2474
  209 5149.958272 11251
  210 4241.613351 11128
  211 14830.536374 18494
  212 0.289733 -1593
  213 0.062901 -2437
  214 1911.439584 15528
  215 0.434337 -1846
  216 0.739576  1154
  217 3559.422820 15143
  218 3899.179319 -3103
  219 4715.569708 16679
  220 0.240542 -2764
  221 0.543236  1476
  222 9423.031274 19127
  223 3530.294510  5680
  224 0.293807  2168
  225 0.394364 -2741
  226 782.528980 25072
  227 0.002880   460
  228 6280.654594  3095
  229 3311.851791  8458
  230 16714.413028 -3242
  231 3405.324863 11398
  232 239.728316   881
  233 747.851413  1061
  234 0.287908 -1929
  235 7840.737576 17055
  236 12372.625258 31779
  237 6736.708415 25768
  238 5162.891792 14732
  239 3837.723782 -3256
  240 715.777640    35
  241 1393.544111  9045
  242 5609.694768 28477
  243 21432.908961 25507
  244 2952.123209 27680
  245 177.262114  6344
  246 4659.692187 21407
  247 0.396544 -1812
  248 0.101231 -2751
  249 17602.510191 21608
  250 3331.199306 19993
  251 19581.537876 -3226
  252 0.233863   131
  253 30800.292362 26725
  254 0.350163 -2571
  255 89.919146  4774
  256 0.504130 -2202
  257 0.237955 -2715
  258 684.874795 11874
  259 0.812708 -2572
  260 0.094125 -2700
  261 382.831645 15881
  262 0.246039 -2630
  263 14551.223927 14536
  264 1113.887827  1231
  265 555.514435 13187
  266 511.945954  7031
  267 0.210885 -2424
  268 8973.543323 12441
  269 0.930467 -2748
  270 16125.790617 27996
  271 2962.570741 20832
  272 0.669179 -2129
  273 4303.582436 13008
  274 647.745699  3973
  275 806.999538  9596
  276 7016.302833 29864
  277 9252.667775  8226
  278 2606.312602  8125
  279 278.252316  1936
  280 8.281263   519
  281 1.147810 -1896
  282 18071.888221 20779
  283 454.723435  5897
  284 0.269325 30295
  285 19326.823998 29243
  286 11960.935616 -3236
  287 9502.748667 13467
  288 0.182235 -2093
  289 0.419276 -1755
  290 5221.781421 15224
  291 12232.843780 16581
  292 3440.294781 16126
  293 0.137529 -2489
  294 1361.413004 12038
  295 5173.036040 14498
  296 0.181238  4174
  297 18640.995227 -3250
  298 0.888606 32570
  299 4321.638290 21172
  300 4240.561145 14979
