300
    1 818.347191     1
    2 4549.274309 22552
    3 12667.513991 27863
    4 0.306077 -1935
    5 0.264468 -2497
    6 14806.548216 11402
    7 4410.362487  7882
    8 1407.187426  5438
    9 0.229660 -2390
   10 83.184515  6863
   11 0.127236 -2493
   12 177.014892   525
   13 1.534573 -1620
   14 10397.414154 20096
   15 0.826901 -3259
   16 3923.047318 24956
   17 0.484540 -2849
   18 30753.875323 -3232
   19 2262.151559 14573
   20 0.168022 -3083
   21 7088.770631 21823
   22 3056.349975 15275
   23 4065.870917 14868
   24 0.089015 -2447
   25 0.350176  2208
   26 0.837950 -2263
   27 2769.698191 20395
   28 14312.175678 -3111
   29 2660.206487  4613
   30 2600.941508 14985
   31 3667.421313 10343
   32 0.006682 -1984
   33 4927.089008  2104
   34 6138.103794 -2852
   35 1991.090293 17064
   36 7869.041930 21647
   37 0.796484 -2309
   38 814.812945  1257
   39 0.361058 -3064
   40 1450.871974  2568
   41 3754.451581 12082
   42 6086.553405 15949
   43 2272.532806 13544
   44 2010.197277 23714
   45 5063.058241 30240
   46 6774.480145 10842
   47 321.888862 15863
   48 0.621086 -1788
   49 0.130779 -3003
   50 260.800849  1573
   51 1012.934625   828
   52 6030.802762 12746
   53 0.053666   314
   54 5021.851934 23962
   55 1685.853658 23513
   56 0.984682 32017
   57 1650.301835 27528
   58 0.018076 -2540
   59 163.430825 28792
   60 11215.572293 31213
   61 5768.320644 19028
   62 16396.700981 31927
   63 0.337946 31951
   64 8880.097626 26634
   65 69.320398  8009
   66 23857.436751 18283
   67 15074.673957 14765
   68 11517.309431 27953
   69 483.437273  4234
   70 2501.922548  6832
   71 5650.653356  6524
   72 0.134445 -2711
   73 9930.573089 23238
   74 1322.087138 23525
   75 0.126365 -2177
   76 3010.645050 10172
   77 8189.229870 21958
   78 0.371074 -2390
   79 0.178747 -2423
   80 0.258307 -2110
   81 0.418144  3195
   82 0.298086  3101
   83 847.755937 -3116
   84 2475.038984  7462
   85 345.433650  1250
   86 1034.608619 13695
   87 0.350458 -2810
   88 0.093391 -2668
   89 0.055744 -2119
   90 1458.944744 11841
   91 1057.781901  3905
   92 4536.340087 26181
   93 1083.201158  6201
   94 0.079015 -2630
   95 0.458161 -2801
   96 8514.736315 20258
   97 1364.528092 11140
   98 0.603517 -2718
   99 6826.571051  7350
  100 0.522828 -3230
  101 4851.488122  6709
  102 0.636352 -2544
  103 7780.943881 20824
  104 297.823439 10814
  105 0.062495 -2651
  106 679.738014  1080
  107 13094.229254 23377
  108 0.075864 -3192
  109 358.606645  1281
  110 0.404650 -2629
  111 6561.111428 12350
  112 0.903998 -1920
  113 9511.506292 21527
  114 13239.509999 28488
  115 705.148402 12613
  116 29337.766769 25599
  117 2084.471040  2552
  118 198.029480  4764
  119 859.094983 11817
  120 4335.501956  8720
  121 0.109391   876
  122 4394.588717 21854
  123 1.377618 -1881
  124 3334.467860   546
  125 0.060962 -1913
  126 5133.189079 32558
  127 4090.600065 29437
  128 12397.729682 32051
  129 18730.232368 22728
  130 5776.510104 12216
  131 8057.211373 19666
  132 0.327710    74
  133 0.307396 -1966
  134 9960.944386 16240
  135 15710.973344 23404
  136 3409.337058  3066
  137 1384.433326  3236
  138 0.285862 -3156
  139 3463.098603 26575
  140 6355.298356 30702
  141 4369.598166 23859
  142 0.008851 -2212
  143 850.573774 15705
  144 1937.053668 14460
  145 5066.381749 16428
  146 411.982711 26421
  147 7696.343429 10799
  148 0.271232 -2970
  149 17310.142245 30348
  150 15986.408482 14927
  151 0.452562 -2981
  152 4068.273398  4176
  153 3224.058901  3369
  154 0.697285 -3090
  155 0.305509 -2741
  156 2982.255371 26851
  157 22739.108720 29251
  158 1312.471217  5560
  159 0.506233 -1996
  160 2650.622169 13900
  161 17700.131507 29542
  162 1880.890685 23379
  163 3181.157169 18562
  164 1.385402 -2198
  165 0.985409 -2146
  166 203.906232  4587
  167 1106.108721  4200
  168 0.324927 32150
  169 0.727393 -2166
  170 0.525776 -2801
  171 0.390183 -3255
  172 6597.345424 24598
  173 8265.596201 14057
  174 0.466478 -2884
  175 6357.983085 15891
  176 0.956135 -2279
  177 4644.441053 31434
  178 7227.876864 20565
  179 1045.588505 11021
  180 11653.628833 19654
  181 0.565324 31837
  182 5322.358567 13672
  183 5351.690435 14952
  184 1961.502577 26785
  185 1044.148836  6455
  186 0.712255 -1650
  187 0.497741 -2588
  188 0.642743 -2827
  189 5841.204394 16729
  190 4487.028434 13760
  191 0.212126 -2091
  192 2767.467647 24846
  193 13947.353394 29565
  194 0.803851 -1681
  195 1948.156744 28229
  196 0.090059 -1684
  197 5661.616367 15816
  198 418.928009 17659
  199 0.527006 -3088
  200 221.119709  6147
  201 1716.317891 30936
  202 9474.407433 26161
  203 9189.353883  9518
  204 4749.425298 29234
  205 63.239212 18278
  206 15110.726035 12201
  207 0.293870 -1702
  208 0.451719 -2474
  209 2941.322876 11251
  210 2803.722731 11128
  211 2826.978050 18494
  212 0.028312 -1593
  213 0.469218 -2437
  214 6873.310075 15528
  215 0.478128 -1846
  216 0.038335  1154
  217 1700.613383 15143
  218 12689.338689 -3103
  219 5291.656002 16679
  220 0.446606 -2764
  221 0.072649  1476
  222 19762.289118 19127
  223 3765.227357  5680
  224 0.475544  2168
  225 0.297971 -2741
  226 12400.024116 25072
  227 0.259943   460
  228 4805.998617  3095
  229 466.672989  8458
  230 40558.964151 -3242
  231 3942.699157 11398
  232 78.947691   881
  233 140.690234  1061
  234 0.713580 -1929
  235 4687.341735 17055
  236 8729.185176 31779
  237 10965.198099 25768
  238 1736.429950 14732
  239 11826.250998 -3256
  240 476.886043    35
  241 747.646238  9045
  242 5123.272121 28477
  243 16127.095361 25507
  244 3020.987451 27680
  245 2538.641908  6344
  246 15041.201083 21407
  247 0.382696 -1812
  248 1.043320 -2751
  249 145.097043 21608
  250 3080.049246 19993
  251 27483.737978 -3226
  252 0.672075   131
  253 8001.945133 26725
  254 0.537468 -2571
  255 1217.344563  4774
  256 0.819471 -2202
  257 0.366937 -2715
  258 2852.250406 11874
  259 0.206328 -2572
  260 0.368506 -2700
  261 13988.315519 15881
  262 0.067091 -2630
  263 7471.430182 14536
  264 1170.932304  1231
  265 8862.331281 13187
  266 3517.250928  7031
  267 0.947381 -2424
  268 4260.241474 12441
  269 0.240007 -2748
  270 18830.410064 27996
  271 5128.538475 20832
  272 1.086815 -2129
  273 3345.794490 13008
  274 22.185344  3973
  275 43.738503  9596
  276 6773.300689 29864
  277 5149.895545  8226
  278 5892.760396  8125
  279 73.546323  1936
  280 10.565352   519
  281 0.249680 -1896
  282 3665.269446 20779
  283 329.516010  5897
  284 0.340257 30295
  285 14921.877361 29243
  286 31957.460333 -3236
  287 6812.301400 13467
  288 0.203582 -2093
  289 0.289459 -1755
  290 1563.511319 15224
  291 19576.897166 16581
  292 7677.849514 16126
  293 0.204536 -2489
  294 10078.810211 12038
  295 1235.568978 14498
  296 0.035099  4174
  297 9018.295701 -3250
  298 0.009539 32570
  299 8852.533963 21172
  300 12004.154883 14979
