300
    1 344.048738     1
    2 8274.533099 22552
    3 613.290881 27863
    4 0.057753 -1935
    5 0.750570 -2497
    6 5543.534289 11402
    7 4206.101942  7882
    8 2336.363045  5438
    9 0.800132 -2390
   10 41.506901  6863
   11 0.221646 -2493
   12 243.402305   525
   13 0.714938 -1620
   14 5047.178963 20096
   15 0.653665 -3259
   16 1792.638983 24956
   17 0.358543 -2849
   18 11811.471146 -3232
   19 11772.843696 14573
   20 0.369549 -3083
   21 2544.254282 21823
   22 5435.801347 15275
   23 4306.720424 14868
   24 0.249640 -2447
   25 1.138875  2208
   26 0.196471 -2263
   27 7718.603828 20395
   28 9908.912641 -3111
   29 3107.536415  4613
   30 13222.455321 14985
   31 4824.468392 10343
   32 0.023241 -1984
   33 3240.898041  2104
   34 4078.998897 -2852
   35 3871.228498 17064
   36 12157.021401 21647
   37 0.189361 -2309
   38 1257.304644  1257
   39 0.684187 -3064
   40 2733.336734  2568
   41 940.604994 12082
   42 1620.076505 15949
   43 309.760544 13544
   44 7570.107991 23714
   45 15627.072146 30240
   46 12079.573003 10842
   47 9519.620023 15863
   48 0.003942 -1788
   49 0.451407 -3003
   50 43.564551  1573
   51 3825.088130   828
   52 165.797185 12746
   53 0.065735   314
   54 7529.265020 23962
   55 14819.411659 23513
   56 0.140412 32017
   57 4400.010749 27528
   58 0.611794 -2540
   59 745.124285 28792
   60 2187.455676 31213
   61 31.471914 19028
   62 637.724582 31927
   63 0.158948 31951
   64 13084.104141 26634
   65 2466.824241  8009
   66 1956.362601 18283
   67 7000.246813 14765
   68 22669.095407 27953
   69 5521.752715  4234
   70 1987.271891  6832
   71 1300.024932  6524
   72 0.529877 -2711
   73 9456.587133 23238
   74 5931.142359 23525
   75 0.805968 -2177
   76 1278.892917 10172
   77 5631.096996 21958
   78 0.531894 -2390
   79 0.217917 -2423
   80 0.292833 -2110
   81 0.592679  3195
   82 0.045976  3101
   83 14635.409136 -3116
   84 3507.793741  7462
   85 2154.581939  1250
   86 3963.205896 13695
   87 0.637203 -2810
   88 0.305038 -2668
   89 0.167217 -2119
   90 3521.217063 11841
   91 187.661066  3905
   92 171.754279 26181
   93 1724.961009  6201
   94 0.213822 -2630
   95 0.412759 -2801
   96 13860.956110 20258
   97 3027.052973 11140
   98 0.511609 -2718
   99 632.115235  7350
  100 0.470353 -3230
  101 788.776316  6709
  102 0.761094 -2544
  103 3543.232309 20824
  104 5949.938867 10814
  105 0.075940 -2651
  106 693.338163  1080
  107 9044.705051 23377
  108 0.363371 -3192
  109 921.751261  1281
  110 0.157441 -2629
  111 2804.231725 12350
  112 0.246836 -1920
  113 5347.997559 21527
  114 3774.204853 28488
  115 6266.552146 12613
  116 5970.858024 25599
  117 366.667060  2552
  118 367.603366  4764
  119 3646.991748 11817
  120 4394.188505  8720
  121 0.818634   876
  122 7208.157827 21854
  123 0.212104 -1881
  124 2291.868455   546
  125 0.294962 -1913
  126 13936.524062 32558
  127 2023.262446 29437
  128 6065.817525 32051
  129 11956.270770 22728
  130 5032.902526 12216
  131 20419.892571 19666
  132 0.477672    74
  133 0.828242 -1966
  134 6775.320731 16240
  135 9527.230542 23404
  136 3428.676791  3066
  137 2168.766753  3236
  138 0.073664 -3156
  139 19782.904178 26575
  140 11119.652636 30702
  141 15044.531883 23859
  142 0.525580 -2212
  143 11357.088492 15705
  144 1168.676736 14460
  145 7051.134317 16428
  146 8151.050359 26421
  147 390.823587 10799
  148 0.061408 -2970
  149 17379.624589 30348
  150 5890.816243 14927
  151 0.238236 -2981
  152 1148.008429  4176
  153 3990.999044  3369
  154 0.572039 -3090
  155 0.774525 -2741
  156 17364.818053 26851
  157 6388.692838 29251
  158 1558.573298  5560
  159 0.594013 -1996
  160 240.600326 13900
  161 12041.320586 29542
  162 9434.783446 23379
  163 18768.131524 18562
  164 0.528386 -2198
  165 1.107217 -2146
  166 3380.373205  4587
  167 2479.293594  4200
  168 0.548873 32150
  169 1.062198 -2166
  170 0.567813 -2801
  171 0.474521 -3255
  172 7556.275400 24598
  173 9257.116170 14057
  174 0.806308 -2884
  175 17635.391819 15891
  176 0.350233 -2279
  177 17774.386949 31434
  178 7344.218249 20565
  179 2426.327737 11021
  180 8238.266217 19654
  181 0.074508 31837
  182 1524.665761 13672
  183 3023.417268 14952
  184 15150.453356 26785
  185 472.218992  6455
  186 1.222701 -1650
  187 0.549045 -2588
  188 0.575669 -2827
  189 12680.347473 16729
  190 3659.129566 13760
  191 0.236908 -2091
  192 1006.419614 24846
  193 6016.019896 29565
  194 0.026555 -1681
  195 18411.740921 28229
  196 0.373699 -1684
  197 7161.555381 15816
  198 6505.112775 17659
  199 0.076936 -3088
  200 7916.418448  6147
  201 19387.612576 30936
  202 5211.426645 26161
  203 408.923700  9518
  204 12019.294149 29234
  205 236.068150 18278
  206 3669.585646 12201
  207 0.149888 -1702
  208 1.072895 -2474
  209 1018.427550 11251
  210 580.630321 11128
  211 6384.556902 18494
  212 0.435258 -1593
  213 0.273983 -2437
  214 10161.561037 15528
  215 0.097584 -1846
  216 0.061488  1154
  217 6207.768887 15143
  218 14027.193995 -3103
  219 13808.904948 16679
  220 0.334504 -2764
  221 0.508433  1476
  222 7307.397435 19127
  223 303.422506  5680
  224 0.435722  2168
  225 0.193703 -2741
  226 4166.243003 25072
  227 0.538401   460
  228 2885.456681  3095
  229 2138.919332  8458
  230 3564.251608 -3242
  231 3512.658917 11398
  232 78.640974   881
  233 2330.376409  1061
  234 0.414683 -1929
  235 12937.739467 17055
  236 3550.643427 31779
  237 7367.000479 25768
  238 4893.712288 14732
  239 18944.859989 -3256
  240 283.670329    35
  241 1604.606378  9045
  242 12232.907210 28477
  243 19879.695893 25507
  244 19441.316590 27680
  245 1020.173230  6344
  246 14696.331360 21407
  247 0.309387 -1812
  248 0.323797 -2751
  249 16205.717099 21608
  250 11161.070718 19993
  251 21965.726803 -3226
  252 1.008639   131
  253 11679.327729 26725
  254 0.070908 -2571
  255 83.301393  4774
  256 0.017429 -2202
  257 0.368328 -2715
  258 907.485609 11874
  259 0.364354 -2572
  260 0.646301 -2700
  261 2325.795986 15881
  262 0.322135 -2630
  263 10908.052574 14536
  264 583.913323  1231
  265 10915.377169 13187
  266 605.165106  7031
  267 0.902709 -2424
  268 9801.305983 12441
  269 0.637976 -2748
  270 21650.156208 27996
  271 5182.631052 20832
  272 0.539718 -2129
  273 1925.916177 13008
  274 1568.236206  3973
  275 629.877744  9596
  276 11134.511149 29864
  277 8666.720093  8226
  278 294.669659  8125
  279 17.406549  1936
  280 10.842683   519
  281 0.644988 -1896
  282 5079.155016 20779
  283 203.668054  5897
  284 0.651970 30295
  285 170.886769 29243
  286 19804.012411 -3236
  287 1115.606119 13467
  288 0.100994 -2093
  289 0.171991 -1755
  290 8649.047954 15224
  291 3840.746288 16581
  292 1691.732145 16126
  293 0.562587 -2489
  294 8144.015998 12038
  295 2813.276745 14498
  296 0.737050  4174
  297 11639.051858 -3250
  298 0.272954 32570
  299 2892.415922 21172
  300 5557.605466 14979
