300
    1 483.316999     1
    2 3263.869798 22552
    3 863.186992 27863
    4 0.268638 -1935
    5 0.141672 -2497
    6 6612.188706 11402
    7 2582.724806  7882
    8 1419.562203  5438
    9 1.167838 -2390
   10 44.528088  6863
   11 0.188008 -2493
   12 110.895850   525
   13 0.457222 -1620
   14 2003.597438 20096
   15 0.655595 -3259
   16 2043.120779 24956
   17 0.128030 -2849
   18 2760.918224 -3232
   19 11181.171838 14573
   20 0.350433 -3083
   21 7523.125078 21823
   22 2069.874024 15275
   23 3193.398043 14868
   24 0.169047 -2447
   25 0.072556  2208
   26 0.356911 -2263
   27 3986.616884 20395
   28 11003.211339 -3111
   29 5051.874941  4613
   30 11609.368996 14985
   31 1717.025749 10343
   32 0.367721 -1984
   33 2829.497153  2104
   34 30944.004309 -2852
   35 20900.985093 17064
   36 1181.391995 21647
   37 0.179755 -2309
   38 757.286837  1257
   39 0.806837 -3064
   40 2364.451409  2568
   41 2407.997367 12082
   42 1379.929964 15949
   43 2073.923397 13544
   44 2957.835260 23714
   45 22411.416060 30240
   46 11829.045317 10842
   47 8839.985838 15863
   48 0.798146 -1788
   49 0.172684 -3003
   50 979.502426  1573
   51 939.116481   828
   52 10442.294818 12746
   53 0.141661   314
   54 21477.625531 23962
   55 26210.017926 23513
   56 0.994119 32017
   57 1567.818821 27528
   58 0.709019 -2540
   59 15097.070268 28792
   60 17671.561238 31213
   61 189.244118 19028
   62 12402.897875 31927
   63 0.146251 31951
   64 2417.633788 26634
   65 124.318637  8009
   66 41385.995718 18283
   67 1897.582014 14765
   68 17215.775474 27953
   69 294.423450  4234
   70 6083.871707  6832
   71 1930.839438  6524
   72 0.492806 -2711
   73 9921.734194 23238
   74 9572.509981 23525
   75 0.823497 -2177
   76 11080.279988 10172
   77 10613.723417 21958
   78 0.042072 -2390
   79 0.087941 -2423
   80 0.036804 -2110
   81 0.070762  3195
   82 0.783561  3101
   83 7810.261173 -3116
   84 2726.523456  7462
   85 145.807283  1250
   86 3154.388146 13695
   87 0.369949 -2810
   88 0.176116 -2668
   89 0.119935 -2119
   90 2137.429766 11841
   91 197.874752  3905
   92 9055.686328 26181
   93 1622.820045  6201
   94 0.470739 -2630
   95 0.054716 -2801
   96 3550.276003 20258
   97 8108.126564 11140
   98 0.504672 -2718
   99 6868.096119  7350
  100 0.142756 -3230
  101 704.922391  6709
  102 0.258178 -2544
  103 10094.961621 20824
  104 2073.120601 10814
  105 0.776524 -2651
  106 86.255501  1080
  107 7804.489856 23377
  108 0.493760 -3192
  109 1706.445667  1281
  110 0.307157 -2629
  111 12152.095015 12350
  112 0.476064 -1920
  113 3384.422599 21527
  114 14002.512781 28488
  115 7787.481921 12613
  116 696.650279 25599
  117 2121.464774  2552
  118 293.336002  4764
  119 9728.379548 11817
  120 3463.067905  8720
  121 0.643225   876
  122 7604.786387 21854
  123 0.244390 -1881
  124 963.638860   546
  125 0.752755 -1913
  126 4713.809858 32558
  127 13747.562917 29437
  128 6729.577953 32051
  129 12695.772291 22728
  130 3261.897846 12216
  131 127.827015 19666
  132 0.725543    74
  133 0.437055 -1966
  134 5857.663812 16240
  135 12553.398154 23404
  136 419.455973  3066
  137 530.421491  3236
  138 0.001307 -3156
  139 10833.298576 26575
  140 11750.264518 30702
  141 19801.878759 23859
  142 0.067989 -2212
  143 3764.165477 15705
  144 2271.651428 14460
  145 282.618363 16428
  146 4760.631642 26421
  147 1624.855796 10799
  148 0.518000 -2970
  149 8978.885267 30348
  150 3298.847441 14927
  151 1.286962 -2981
  152 11.267575  4176
  153 2222.199307  3369
  154 0.622336 -3090
  155 0.314966 -2741
  156 191.062215 26851
  157 3531.915317 29251
  158 4331.640920  5560
  159 0.532534 -1996
  160 18441.226843 13900
  161 3979.958511 29542
  162 380.998771 23379
  163 4235.507659 18562
  164 0.089181 -2198
  165 0.267439 -2146
  166 466.391713  4587
  167 2753.253380  4200
  168 0.887990 32150
  169 0.416451 -2166
  170 0.648104 -2801
  171 0.262919 -3255
  172 10712.940178 24598
  173 2321.405834 14057
  174 0.006947 -2884
  175 16116.064919 15891
  176 0.204990 -2279
  177 9888.236870 31434
  178 5434.373265 20565
  179 4565.595781 11021
  180 21612.445392 19654
  181 0.182346 31837
  182 4511.493350 13672
  183 5925.095459 14952
  184 9466.598768 26785
  185 1385.443070  6455
  186 0.046374 -1650
  187 0.633936 -2588
  188 0.495952 -2827
  189 2821.911781 16729
  190 2472.742887 13760
  191 0.728836 -2091
  192 3088.641210 24846
  193 9322.630726 29565
  194 0.306025 -1681
  195 22432.721242 28229
  196 0.185414 -1684
  197 5804.256653 15816
  198 5873.278215 17659
  199 0.235662 -3088
  200 2238.856394  6147
  201 24665.578813 30936
  202 8108.068306 26161
  203 392.149513  9518
  204 821.848147 29234
  205 13757.865742 18278
  206 1879.361590 12201
  207 0.403766 -1702
  208 0.774723 -2474
  209 8554.962416 11251
  210 4382.244062 11128
  211 2164.672821 18494
  212 0.421206 -1593
  213 0.038167 -2437
  214 7401.529084 15528
  215 1.316034 -1846
  216 0.078046  1154
  217 1183.765023 15143
  218 15185.852870 -3103
  219 7547.834514 16679
  220 0.098553 -2764
  221 0.090130  1476
  222 12989.410697 19127
  223 1904.586054  5680
  224 0.823843  2168
  225 0.960948 -2741
  226 14305.560157 25072
  227 0.432981   460
  228 865.189952  3095
  229 3183.001180  8458
  230 6324.041201 -3242
  231 7801.595473 11398
  232 279.578742   881
  233 1404.403213  1061
  234 0.735895 -1929
  235 4070.830762 17055
  236 12795.754882 31779
  237 10369.451755 25768
  238 1676.238846 14732
  239 11433.968091 -3256
  240 487.613657    35
  241 1674.215391  9045
  242 3196.972540 28477
  243 16761.443876 25507
  244 14802.708831 27680
  245 725.894779  6344
  246 9433.181502 21407
  247 0.053610 -1812
  248 0.155848 -2751
  249 5222.603032 21608
  250 12005.023492 19993
  251 3409.646149 -3226
  252 0.005125   131
  253 13090.546319 26725
  254 0.901616 -2571
  255 867.924459  4774
  256 0.140791 -2202
  257 0.372429 -2715
  258 685.504223 11874
  259 0.019617 -2572
  260 0.711899 -2700
  261 745.609175 15881
  262 0.257545 -2630
  263 17232.352704 14536
  264 2266.992794  1231
  265 11207.291167 13187
  266 8590.123131  7031
  267 0.146830 -2424
  268 935.899202 12441
  269 0.339332 -2748
  270 4241.169932 27996
  271 265.760252 20832
  272 0.217702 -2129
  273 1788.250600 13008
  274 311.704617  3973
  275 461.300727  9596
  276 17245.447940 29864
  277 1484.016368  8226
  278 5244.840953  8125
  279 188.243263  1936
  280 26.262981   519
  281 0.631064 -1896
  282 1252.332320 20779
  283 1592.220648  5897
  284 0.623070 30295
  285 4181.208372 29243
  286 12710.124956 -3236
  287 562.914167 13467
  288 0.258005 -2093
  289 0.341755 -1755
  290 2718.148097 15224
  291 18815.680783 16581
  292 1237.072595 16126
  293 0.232278 -2489
  294 7636.511754 12038
  295 6926.588424 14498
  296 0.227663  4174
  297 27361.034980 -3250
  298 0.376033 32570
  299 8508.908835 21172
  300 5842.242176 14979
