300
    1 21.230417     1
    2 1909.913422 22552
    3 14530.135991 27863
    4 0.084629 -1935
    5 0.250268 -2497
    6 4209.247000 11402
    7 2382.839147  7882
    8 2212.990675  5438
    9 0.362002 -2390
   10 427.624682  6863
   11 0.229836 -2493
   12 113.861032   525
   13 0.453836 -1620
   14 2432.177888 20096
   15 0.065315 -3259
   16 7425.088103 24956
   17 0.124218 -2849
   18 10142.639647 -3232
   19 5580.869954 14573
   20 0.195029 -3083
   21 3912.977335 21823
   22 10945.390338 15275
   23 8729.212982 14868
   24 0.168207 -2447
   25 0.965676  2208
   26 0.343789 -2263
   27 2541.844829 20395
   28 3344.041578 -3111
   29 2601.277432  4613
   30 15233.661144 14985
   31 5598.730561 10343
   32 0.277203 -1984
   33 107.448802  2104
   34 2056.445131 -2852
   35 1590.766801 17064
   36 1380.781921 21647
   37 0.577329 -2309
   38 299.540712  1257
   39 0.448574 -3064
   40 3138.106462  2568
   41 2106.652870 12082
   42 2092.788511 15949
   43 2225.363351 13544
   44 15329.077826 23714
   45 0.230816 30240
   46 3963.187873 10842
   47 5970.802480 15863
   48 0.085476 -1788
   49 0.017138 -3003
   50 1018.997668  1573
   51 1323.275197   828
   52 59.934878 12746
   53 0.440003   314
   54 19757.715729 23962
   55 1706.846772 23513
   56 0.470481 32017
   57 1405.858183 27528
   58 0.566839 -2540
   59 5783.019381 28792
   60 25935.731152 31213
   61 1403.800445 19028
   62 65.965049 31927
   63 0.074898 31951
   64 18913.508006 26634
   65 198.362728  8009
   66 8944.864145 18283
   67 9991.566673 14765
   68 41256.164367 27953
   69 711.872340  4234
   70 3490.840354  6832
   71 2201.449877  6524
   72 1.238150 -2711
   73 5254.724185 23238
   74 18681.755319 23525
   75 0.367073 -2177
   76 15346.187953 10172
   77 276.004259 21958
   78 0.320391 -2390
   79 0.002900 -2423
   80 0.822056 -2110
   81 0.396264  3195
   82 0.015693  3101
   83 9023.855717 -3116
   84 902.325476  7462
   85 510.959062  1250
   86 4741.621968 13695
   87 0.799702 -2810
   88 0.576129 -2668
   89 0.244216 -2119
   90 5820.946052 11841
   91 1283.491974  3905
   92 9468.641627 26181
   93 2293.048916  6201
   94 0.433889 -2630
   95 0.605283 -2801
   96 3358.394264 20258
   97 3191.723349 11140
   98 0.293929 -2718
   99 1675.268174  7350
  100 0.390571 -3230
  101 600.902963  6709
  102 0.469112 -2544
  103 5559.660505 20824
  104 1616.454666 10814
  105 1.308923 -2651
  106 321.238298  1080
  107 4925.714153 23377
  108 0.494236 -3192
  109 1905.543744  1281
  110 0.906892 -2629
  111 4764.309719 12350
  112 0.840738 -1920
  113 20.093094 21527
  114 6868.033604 28488
  115 1750.832676 12613
  116 22141.929441 25599
  117 381.277620  2552
  118 13.124035  4764
  119 497.315980 11817
  120 2833.923865  8720
  121 0.212756   876
  122 3631.400098 21854
  123 0.281994 -1881
  124 1375.170865   546
  125 0.071102 -1913
  126 22584.917559 32558
  127 5796.579199 29437
  128 1704.231016 32051
  129 10394.942313 22728
  130 11120.156644 12216
  131 1817.339895 19666
  132 0.823659    74
  133 0.013468 -1966
  134 2439.710038 16240
  135 1484.408981 23404
  136 151.146541  3066
  137 581.776297  3236
  138 0.073184 -3156
  139 7247.711839 26575
  140 6274.480208 30702
  141 2588.933724 23859
  142 0.042461 -2212
  143 3660.825883 15705
  144 16260.301176 14460
  145 10616.458951 16428
  146 33472.745633 26421
  147 2483.027491 10799
  148 0.006559 -2970
  149 3920.359154 30348
  150 780.218591 14927
  151 0.224133 -2981
  152 371.718419  4176
  153 6447.834920  3369
  154 1.293787 -3090
  155 0.519347 -2741
  156 23712.712250 26851
  157 5003.849768 29251
  158 121.776557  5560
  159 0.323744 -1996
  160 3592.062471 13900
  161 2910.459186 29542
  162 13473.067476 23379
  163 1091.237103 18562
  164 0.324742 -2198
  165 0.059553 -2146
  166 2750.102638  4587
  167 394.959997  4200
  168 0.293364 32150
  169 0.216006 -2166
  170 0.460420 -2801
  171 0.310213 -3255
  172 24905.107627 24598
  173 1405.040078 14057
  174 0.155244 -2884
  175 2708.782985 15891
  176 0.053766 -2279
  177 10879.821107 31434
  178 3310.235044 20565
  179 3194.853512 11021
  180 2046.406584 19654
  181 0.340065 31837
  182 635.031178 13672
  183 6316.247042 14952
  184 3461.418874 26785
  185 1452.690431  6455
  186 0.510968 -1650
  187 0.103797 -2588
  188 0.553037 -2827
  189 9878.235358 16729
  190 3597.965106 13760
  191 0.050129 -2091
  192 16145.324989 24846
  193 16288.233168 29565
  194 0.263462 -1681
  195 2718.987137 28229
  196 0.412359 -1684
  197 472.268702 15816
  198 6011.583762 17659
  199 0.683874 -3088
  200 691.218184  6147
  201 10298.536234 30936
  202 4263.428851 26161
  203 3418.505682  9518
  204 24777.660398 29234
  205 7119.722263 18278
  206 3902.809552 12201
  207 0.560921 -1702
  208 0.044952 -2474
  209 3911.892537 11251
  210 731.939310 11128
  211 3404.048874 18494
  212 0.139349 -1593
  213 0.374535 -2437
  214 7362.777801 15528
  215 0.402468 -1846
  216 0.089943  1154
  217 10683.073770 15143
  218 18673.569366 -3103
  219 2762.364629 16679
  220 0.009614 -2764
  221 0.910362  1476
  222 18475.894912 19127
  223 3174.062265  5680
  224 0.784993  2168
  225 0.077878 -2741
  226 17171.400687 25072
  227 0.002495   460
  228 306.482581  3095
  229 509.021019  8458
  230 1035.676834 -3242
  231 223.376354 11398
  232 876.217580   881
  233 903.268470  1061
  234 0.631807 -1929
  235 8068.988109 17055
  236 15987.075192 31779
  237 1475.332963 25768
  238 5024.525633 14732
  239 385.909590 -3256
  240 56.709026    35
  241 2176.137438  9045
  242 24657.611949 28477
  243 4051.313059 25507
  244 37247.918140 27680
  245 1492.416109  6344
  246 17455.122912 21407
  247 0.450721 -1812
  248 0.162219 -2751
  249 9166.072573 21608
  250 10832.292282 19993
  251 9739.859506 -3226
  252 0.691551   131
  253 167.832543 26725
  254 0.105934 -2571
  255 83.664667  4774
  256 0.252870 -2202
  257 0.043994 -2715
  258 6645.699781 11874
  259 0.359977 -2572
  260 1.097153 -2700
  261 6829.758985 15881
  262 0.149245 -2630
  263 293.985782 14536
  264 377.253595  1231
  265 1268.444213 13187
  266 12136.049924  7031
  267 0.694624 -2424
  268 12749.235743 12441
  269 0.105341 -2748
  270 40706.753172 27996
  271 5384.527382 20832
  272 0.881920 -2129
  273 3644.171114 13008
  274 2784.976861  3973
  275 2548.510294  9596
  276 27494.352762 29864
  277 821.830782  8226
  278 13601.820187  8125
  279 0.813468  1936
  280 0.203724   519
  281 0.241075 -1896
  282 4525.152205 20779
  283 738.495481  5897
  284 0.023251 30295
  285 7319.136914 29243
  286 35893.821816 -3236
  287 5769.676184 13467
  288 0.209827 -2093
  289 0.270406 -1755
  290 160.039787 15224
  291 6672.628441 16581
  292 14246.300737 16126
  293 0.045768 -2489
  294 6496.098152 12038
  295 3892.072082 14498
  296 1.348972  4174
  297 5545.767538 -3250
  298 0.249531 32570
  299 1836.987516 21172
  300 270.428207 14979
