300
    1 18.365235     1
    2 19611.004169 22552
    3 5069.980417 27863
    4 0.374606 -1935
    5 0.251022 -2497
    6 2047.361643 11402
    7 2415.998092  7882
    8 1477.803551  5438
    9 0.698576 -2390
   10 787.966433  6863
   11 0.067985 -2493
   12 104.175208   525
   13 0.012783 -1620
   14 144.924447 20096
   15 0.570405 -3259
   16 1708.243961 24956
   17 0.105615 -2849
   18 12143.528836 -3232
   19 2282.291205 14573
   20 0.199713 -3083
   21 12394.515962 21823
   22 144.392454 15275
   23 8545.563262 14868
   24 0.550005 -2447
   25 0.748873  2208
   26 0.710065 -2263
   27 10505.985474 20395
   28 7310.828387 -3111
   29 1377.093988  4613
   30 12438.783239 14985
   31 9346.608375 10343
   32 0.991358 -1984
   33 3715.897365  2104
   34 22184.261364 -2852
   35 6936.284880 17064
   36 22731.747586 21647
   37 0.043013 -2309
   38 236.964924  1257
   39 0.189099 -3064
   40 2415.729378  2568
   41 735.177481 12082
   42 4017.715780 15949
   43 1040.526713 13544
   44 8949.284520 23714
   45 2226.209324 30240
   46 11923.639143 10842
   47 6184.596442 15863
   48 0.168829 -1788
   49 0.266083 -3003
   50 1001.852138  1573
   51 1653.692556   828
   52 1338.927506 12746
   53 0.293086   314
   54 480.132149 23962
   55 5421.330785 23513
   56 0.143834 32017
   57 1384.401649 27528
   58 0.335978 -2540
   59 1419.417169 28792
   60 1132.878262 31213
   61 4626.956023 19028
   62 25523.438610 31927
   63 0.002099 31951
   64 6977.608281 26634
   65 1708.163219  8009
   66 9732.838538 18283
   67 335.664179 14765
   68 21091.711572 27953
   69 1005.416992  4234
   70 1449.608095  6832
   71 923.319449  6524
   72 0.727581 -2711
   73 1320.980175 23238
   74 9477.119371 23525
   75 0.077379 -2177
   76 2963.644902 10172
   77 2222.784201 21958
   78 0.711377 -2390
   79 0.486861 -2423
   80 0.063394 -2110
   81 0.180957  3195
   82 0.959407  3101
   83 1108.536853 -3116
   84 1611.556572  7462
   85 970.502397  1250
   86 331.264505 13695
   87 0.230207 -2810
   88 0.132143 -2668
   89 0.012892 -2119
   90 2060.727918 11841
   91 245.868794  3905
   92 19322.419831 26181
   93 491.018615  6201
   94 1.133477 -2630
   95 1.055193 -2801
   96 1120.011366 20258
   97 55.530334 11140
   98 0.850723 -2718
   99 3774.046500  7350
  100 0.006112 -3230
  101 3569.396076  6709
  102 1.058651 -2544
  103 11325.824290 20824
  104 6302.327754 10814
  105 0.468525 -2651
  106 1144.376814  1080
  107 2284.792751 23377
  108 0.687974 -3192
  109 1077.015888  1281
  110 1.313946 -2629
  111 10383.661641 12350
  112 1.133946 -1920
  113 1425.019163 21527
  114 22545.909047 28488
  115 200.953313 12613
  116 7050.669924 25599
  117 465.752116  2552
  118 372.724782  4764
  119 3476.301672 11817
  120 4399.020812  8720
  121 1.270667   876
  122 6086.251965 21854
  123 1.401180 -1881
  124 3922.982014   546
  125 0.096176 -1913
  126 13478.231606 32558
  127 4766.029033 29437
  128 2641.023826 32051
  129 502.271740 22728
  130 2544.378506 12216
  131 11195.398432 19666
  132 0.077011    74
  133 0.292340 -1966
  134 15136.686308 16240
  135 13748.556802 23404
  136 5646.301562  3066
  137 174.276320  3236
  138 0.214537 -3156
  139 8349.000207 26575
  140 5368.820860 30702
  141 15978.088759 23859
  142 0.457518 -2212
  143 15285.832933 15705
  144 3134.396630 14460
  145 8854.770999 16428
  146 17310.462005 26421
  147 133.049829 10799
  148 0.057754 -2970
  149 7285.595925 30348
  150 8920.816392 14927
  151 0.430294 -2981
  152 611.194373  4176
  153 3743.529422  3369
  154 0.554275 -3090
  155 0.379197 -2741
  156 9671.368534 26851
  157 16597.864433 29251
  158 311.249686  5560
  159 1.045244 -1996
  160 496.696061 13900
  161 18558.843374 29542
  162 17042.117203 23379
  163 16769.074082 18562
  164 0.005834 -2198
  165 0.389909 -2146
  166 3762.686430  4587
  167 10942.123208  4200
  168 0.428164 32150
  169 0.460923 -2166
  170 0.160258 -2801
  171 0.081213 -3255
  172 15102.657975 24598
  173 2345.160135 14057
  174 0.028978 -2884
  175 2770.739062 15891
  176 0.790004 -2279
  177 7512.242239 31434
  178 33.028252 20565
  179 3608.649684 11021
  180 2940.745152 19654
  181 0.274472 31837
  182 6752.796018 13672
  183 3701.006612 14952
  184 9467.718328 26785
  185 1614.773185  6455
  186 0.150181 -1650
  187 0.128991 -2588
  188 0.496898 -2827
  189 1606.237343 16729
  190 837.874251 13760
  191 0.481923 -2091
  192 503.156483 24846
  193 13113.440274 29565
  194 0.571106 -1681
  195 8827.966975 28229
  196 0.140812 -1684
  197 10858.496055 15816
  198 3541.844439 17659
  199 0.245100 -3088
  200 4522.270865  6147
  201 19673.288423 30936
  202 2410.608748 26161
  203 6088.126173  9518
  204 22926.121053 29234
  205 1511.034655 18278
  206 7129.506327 12201
  207 0.000308 -1702
  208 0.055773 -2474
  209 2652.492315 11251
  210 5845.922810 11128
  211 15146.318852 18494
  212 0.516485 -1593
  213 0.458671 -2437
  214 1300.364094 15528
  215 0.160911 -1846
  216 0.191136  1154
  217 451.172122 15143
  218 4732.629612 -3103
  219 2934.865320 16679
  220 1.013618 -2764
  221 0.095108  1476
  222 8948.915839 19127
  223 4480.006028  5680
  224 1.213758  2168
  225 0.165663 -2741
  226 7345.276670 25072
  227 0.937345   460
  228 2766.529239  3095
  229 259.129536  8458
  230 15769.677723 -3242
  231 2816.324782 11398
  232 141.785729   881
  233 58.104144  1061
  234 0.464310 -1929
  235 20254.671185 17055
  236 18205.745602 31779
  237 1744.146910 25768
  238 17588.123982 14732
  239 2287.675685 -3256
  240 80.340690    35
  241 1205.559890  9045
  242 4278.136289 28477
  243 1174.889740 25507
  244 8609.809083 27680
  245 5383.173684  6344
  246 11869.941047 21407
  247 0.291747 -1812
  248 0.068066 -2751
  249 542.772704 21608
  250 1513.169378 19993
  251 18066.268189 -3226
  252 0.615737   131
  253 20901.222598 26725
  254 0.771340 -2571
  255 62.797939  4774
  256 0.486971 -2202
  257 0.250440 -2715
  258 2018.436503 11874
  259 0.254045 -2572
  260 0.000530 -2700
  261 2406.207074 15881
  262 0.825607 -2630
  263 8836.207099 14536
  264 2878.960320  1231
  265 998.081380 13187
  266 6482.088712  7031
  267 0.268589 -2424
  268 7219.668113 12441
  269 1.014620 -2748
  270 22389.809058 27996
  271 5934.188378 20832
  272 0.523446 -2129
  273 1690.697201 13008
  274 1796.030017  3973
  275 997.041312  9596
  276 43651.908371 29864
  277 2789.835158  8226
  278 10661.678654  8125
  279 1.498157  1936
  280 7.290730   519
  281 0.543788 -1896
  282 8957.358768 20779
  283 291.648206  5897
  284 1.094274 30295
  285 45118.949239 29243
  286 535.743765 -3236
  287 652.793985 13467
  288 0.128173 -2093
  289 0.390885 -1755
  290 15109.142299 15224
  291 6436.791118 16581
  292 21055.300265 16126
  293 0.115033 -2489
  294 13540.847864 12038
  295 2899.866282 14498
  296 0.016463  4174
  297 10944.598454 -3250
  298 0.281219 32570
  299 3708.183117 21172
  300 1956.678935 14979
