300
    1 234.666258     1
    2 234.897088 22552
    3 3022.746665 27863
    4 0.309176 -1935
    5 0.437719 -2497
    6 6286.050524 11402
    7 3909.529701  7882
    8 982.606698  5438
    9 0.176031 -2390
   10 745.690708  6863
   11 0.499550 -2493
   12 284.863066   525
   13 0.989776 -1620
   14 7354.253801 20096
   15 0.274592 -3259
   16 9217.996375 24956
   17 0.819197 -2849
   18 9686.689711 -3232
   19 8733.429664 14573
   20 0.158468 -3083
   21 11731.378056 21823
   22 4939.109780 15275
   23 14066.574589 14868
   24 0.121370 -2447
   25 0.469127  2208
   26 0.305051 -2263
   27 17361.840282 20395
   28 15583.424303 -3111
   29 3728.538225  4613
   30 7514.882629 14985
   31 6185.832458 10343
   32 0.770249 -1984
   33 3483.364799  2104
   34 5029.063308 -2852
   35 5074.416449 17064
   36 3925.688291 21647
   37 0.189102 -2309
   38 790.594199  1257
   39 0.007004 -3064
   40 692.254003  2568
   41 3636.470988 12082
   42 10274.109107 15949
   43 912.074751 13544
   44 1503.242266 23714
   45 662.978665 30240
   46 2640.837934 10842
   47 2020.518293 15863
   48 0.124932 -1788
   49 0.528237 -3003
   50 480.399800  1573
   51 874.041101   828
   52 3770.181013 12746
   53 0.014250   314
   54 9565.591974 23962
   55 21710.679523 23513
   56 0.528573 32017
   57 1798.252540 27528
   58 0.262562 -2540
   59 27223.908445 28792
   60 2278.174238 31213
   61 6068.972798 19028
   62 2058.754951 31927
   63 0.227768 31951
   64 13515.249840 26634
   65 1536.863285  8009
   66 8800.488669 18283
   67 17711.414854 14765
   68 6503.060032 27953
   69 5020.611103  4234
   70 3427.857439  6832
   71 1430.286023  6524
   72 0.227825 -2711
   73 1820.178951 23238
   74 6397.699031 23525
   75 0.400668 -2177
   76 5111.652103 10172
   77 9979.176574 21958
   78 0.158192 -2390
   79 0.202121 -2423
   80 0.333342 -2110
   81 0.128511  3195
   82 0.160659  3101
   83 4464.121209 -3116
   84 1705.165025  7462
   85 1854.857624  1250
   86 4826.926416 13695
   87 0.300726 -2810
   88 0.540609 -2668
   89 0.139341 -2119
   90 6418.020113 11841
   91 600.293557  3905
   92 719.866407 26181
   93 1669.441390  6201
   94 1.098150 -2630
   95 0.370281 -2801
   96 14431.645332 20258
   97 175.134526 11140
   98 0.233353 -2718
   99 4195.802967  7350
  100 0.847979 -3230
  101 1196.126710  6709
  102 1.324515 -2544
  103 8930.021349 20824
  104 2166.047120 10814
  105 0.360034 -2651
  106 1083.079675  1080
  107 4446.151107 23377
  108 0.569571 -3192
  109 2554.581593  1281
  110 0.254124 -2629
  111 16222.090715 12350
  112 0.763233 -1920
  113 480.113377 21527
  114 12960.676230 28488
  115 3734.604515 12613
  116 3882.480308 25599
  117 688.051492  2552
  118 4.790893  4764
  119 1190.686281 11817
  120 578.687749  8720
  121 0.031890   876
  122 2064.425132 21854
  123 0.418078 -1881
  124 541.812732   546
  125 0.217551 -1913
  126 13585.764222 32558
  127 20334.912039 29437
  128 7632.324075 32051
  129 8439.472259 22728
  130 2848.125868 12216
  131 14879.784886 19666
  132 0.560526    74
  133 0.705356 -1966
  134 8383.279534 16240
  135 4113.841443 23404
  136 2379.881364  3066
  137 510.233030  3236
  138 0.539602 -3156
  139 10830.569192 26575
  140 10711.086339 30702
  141 16838.505471 23859
  142 0.319134 -2212
  143 3523.247786 15705
  144 5175.524898 14460
  145 5318.230111 16428
  146 9615.924722 26421
  147 381.450454 10799
  148 0.082857 -2970
  149 9573.363009 30348
  150 7906.288993 14927
  151 0.079518 -2981
  152 1130.532826  4176
  153 530.187115  3369
  154 0.060119 -3090
  155 0.199414 -2741
  156 5861.075437 26851
  157 2558.777090 29251
  158 1463.954527  5560
  159 0.347122 -1996
  160 8999.669882 13900
  161 14002.344868 29542
  162 7028.777092 23379
  163 1386.314706 18562
  164 0.780727 -2198
  165 0.567534 -2146
  166 4842.064398  4587
  167 4475.176656  4200
  168 0.293584 32150
  169 0.280899 -2166
  170 0.760802 -2801
  171 0.141870 -3255
  172 97.856470 24598
  173 4275.217661 14057
  174 0.841751 -2884
  175 21054.305691 15891
  176 0.248658 -2279
  177 3166.943638 31434
  178 9312.573134 20565
  179 1388.100732 11021
  180 7598.427200 19654
  181 0.577308 31837
  182 2612.644887 13672
  183 5227.843347 14952
  184 6859.023318 26785
  185 630.301651  6455
  186 0.241250 -1650
  187 0.746801 -2588
  188 0.151713 -2827
  189 8798.428021 16729
  190 2123.797900 13760
  191 0.562612 -2091
  192 6741.136400 24846
  193 28735.790846 29565
  194 0.514121 -1681
  195 9855.333072 28229
  196 0.488072 -1684
  197 2330.950210 15816
  198 5254.673437 17659
  199 0.754941 -3088
  200 3304.479524  6147
  201 4763.398172 30936
  202 11779.616335 26161
  203 4159.629531  9518
  204 1934.976640 29234
  205 4484.021514 18278
  206 8828.864905 12201
  207 0.607304 -1702
  208 0.175575 -2474
  209 1856.064181 11251
  210 4000.122372 11128
  211 6351.164253 18494
  212 0.533997 -1593
  213 0.041865 -2437
  214 2367.319778 15528
  215 0.069481 -1846
  216 0.894169  1154
  217 14351.795705 15143
  218 23878.190524 -3103
  219 20788.490999 16679
  220 0.581622 -2764
  221 0.384303  1476
  222 19927.371124 19127
  223 975.811363  5680
  224 1.468527  2168
  225 0.326937 -2741
  226 1786.498943 25072
  227 0.000182   460
  228 2091.360233  3095
  229 581.638399  8458
  230 14045.981752 -3242
  231 3789.855699 11398
  232 1092.301426   881
  233 1089.802544  1061
  234 0.005443 -1929
  235 3314.241680 17055
  236 16240.327304 31779
  237 1286.684489 25768
  238 7063.579582 14732
  239 34211.269787 -3256
  240 255.761472    35
  241 875.126419  9045
  242 23650.607085 28477
  243 2199.292523 25507
  244 9071.985146 27680
  245 899.048123  6344
  246 20512.106722 21407
  247 0.307509 -1812
  248 0.133570 -2751
  249 7190.443068 21608
  250 17917.028272 19993
  251 15416.045335 -3226
  252 0.049299   131
  253 21247.178224 26725
  254 0.936635 -2571
  255 435.496315  4774
  256 0.639417 -2202
  257 0.670000 -2715
  258 3012.850246 11874
  259 0.738716 -2572
  260 0.156879 -2700
  261 7614.627645 15881
  262 0.647088 -2630
  263 2201.727803 14536
  264 1175.725001  1231
  265 5653.263983 13187
  266 1067.378914  7031
  267 0.595313 -2424
  268 5153.774790 12441
  269 0.197427 -2748
  270 16828.538691 27996
  271 10928.058600 20832
  272 0.056180 -2129
  273 2180.863966 13008
  274 806.480037  3973
  275 856.065926  9596
  276 21374.836675 29864
  277 4981.101300  8226
  278 3764.645173  8125
  279 779.578219  1936
  280 7.269460   519
  281 0.214368 -1896
  282 985.173223 20779
  283 778.097494  5897
  284 0.031078 30295
  285 2353.578775 29243
  286 23857.944473 -3236
  287 10381.716925 13467
  288 0.332266 -2093
  289 0.462453 -1755
  290 7644.488000 15224
  291 10555.040334 16581
  292 14653.522875 16126
  293 0.219151 -2489
  294 3400.266072 12038
  295 6940.200589 14498
  296 0.256669  4174
  297 25535.382116 -3250
  298 0.286598 32570
  299 8838.977833 21172
  300 7001.611951 14979
