300
    1 35.695617     1
    2 102.671454 22552
    3 7495.900547 27863
    4 0.077190 -1935
    5 0.601787 -2497
    6 7048.045944 11402
    7 409.882442  7882
    8 3938.167929  5438
    9 0.274737 -2390
   10 813.674542  6863
   11 0.675446 -2493
   12 432.436264   525
   13 0.134054 -1620
   14 788.364341 20096
   15 0.212632 -3259
   16 18464.544389 24956
   17 0.614733 -2849
   18 22681.393724 -3232
   19 12042.209380 14573
   20 0.715705 -3083
   21 11204.095363 21823
   22 4909.511562 15275
   23 10353.312483 14868
   24 0.097941 -2447
   25 0.012373  2208
   26 0.080209 -2263
   27 12529.532797 20395
   28 4835.129708 -3111
   29 3447.486965  4613
   30 11737.945033 14985
   31 3220.150167 10343
   32 0.267623 -1984
   33 3934.497567  2104
   34 13308.867745 -2852
   35 3531.708788 17064
   36 956.706777 21647
   37 0.663519 -2309
   38 106.084894  1257
   39 0.053464 -3064
   40 790.451338  2568
   41 902.688745 12082
   42 4108.212739 15949
   43 4104.144620 13544
   44 12805.157388 23714
   45 22125.809280 30240
   46 4490.446971 10842
   47 13149.228261 15863
   48 0.160727 -1788
   49 0.581694 -3003
   50 328.882206  1573
   51 963.786918   828
   52 8548.859077 12746
   53 0.240052   314
   54 8308.800796 23962
   55 1247.050628 23513
   56 1.004934 32017
   57 25835.375204 27528
   58 1.078400 -2540
   59 6273.694875 28792
   60 8443.291744 31213
   61 4792.717371 19028
   62 10111.459880 31927
   63 0.327829 31951
   64 7589.270104 26634
   65 319.230106  8009
   66 2291.682946 18283
   67 26429.753913 14765
   68 15852.516897 27953
   69 393.658925  4234
   70 910.393217  6832
   71 3641.601536  6524
   72 0.146367 -2711
   73 4854.377247 23238
   74 2088.296644 23525
   75 0.383094 -2177
   76 3716.417660 10172
   77 9606.583114 21958
   78 0.166775 -2390
   79 1.116209 -2423
   80 0.835319 -2110
   81 0.486635  3195
   82 0.137803  3101
   83 18805.622947 -3116
   84 2470.487603  7462
   85 1598.544308  1250
   86 1386.458545 13695
   87 0.536216 -2810
   88 0.402232 -2668
   89 0.955299 -2119
   90 1695.713699 11841
   91 1521.411925  3905
   92 19469.733710 26181
   93 1642.139029  6201
   94 0.130350 -2630
   95 0.373910 -2801
   96 5943.041030 20258
   97 12742.779443 11140
   98 0.618415 -2718
   99 10714.079638  7350
  100 0.701462 -3230
  101 229.858636  6709
  102 0.059183 -2544
  103 3044.702610 20824
  104 1040.724796 10814
  105 0.202101 -2651
  106 259.386832  1080
  107 2541.006654 23377
  108 0.410331 -3192
  109 1655.425255  1281
  110 0.074981 -2629
  111 6830.825128 12350
  112 0.128541 -1920
  113 7250.521866 21527
  114 4194.988913 28488
  115 4734.322972 12613
  116 16228.830571 25599
  117 122.890114  2552
  118 524.137704  4764
  119 12100.883104 11817
  120 3941.989818  8720
  121 0.745215   876
  122 17626.835752 21854
  123 0.017233 -1881
  124 5926.955678   546
  125 0.204141 -1913
  126 23976.373513 32558
  127 22861.182631 29437
  128 8062.268295 32051
  129 5336.979082 22728
  130 9856.117389 12216
  131 5948.000314 19666
  132 0.259425    74
  133 0.366251 -1966
  134 391.140142 16240
  135 5183.026824 23404
  136 4477.465666  3066
  137 1429.266193  3236
  138 0.059277 -3156
  139 6654.200620 26575
  140 1324.491814 30702
  141 3739.919241 23859
  142 0.115347 -2212
  143 6968.020618 15705
  144 3960.139146 14460
  145 1026.293514 16428
  146 5964.558257 26421
  147 860.525288 10799
  148 0.498601 -2970
  149 4880.455104 30348
  150 2788.291845 14927
  151 0.628568 -2981
  152 3155.910932  4176
  153 1414.204361  3369
  154 0.635767 -3090
  155 0.047932 -2741
  156 4903.253579 26851
  157 16871.156782 29251
  158 968.550857  5560
  159 0.196459 -1996
  160 10444.345479 13900
  161 1797.869849 29542
  162 15939.044271 23379
  163 21408.927459 18562
  164 0.247379 -2198
  165 0.393616 -2146
  166 3949.095954  4587
  167 2503.198361  4200
  168 0.501055 32150
  169 0.131347 -2166
  170 0.062953 -2801
  171 0.912088 -3255
  172 12029.036361 24598
  173 9944.913068 14057
  174 0.125324 -2884
  175 8542.442443 15891
  176 0.354830 -2279
  177 5624.158377 31434
  178 12957.024594 20565
  179 2218.169553 11021
  180 21262.994749 19654
  181 0.245703 31837
  182 163.718466 13672
  183 1815.225714 14952
  184 18910.325741 26785
  185 826.072028  6455
  186 0.427240 -1650
  187 0.544910 -2588
  188 0.264596 -2827
  189 11417.644999 16729
  190 4401.620310 13760
  191 0.984930 -2091
  192 15773.386961 24846
  193 5895.499148 29565
  194 0.356883 -1681
  195 7891.039485 28229
  196 0.616740 -1684
  197 5852.200860 15816
  198 1407.521057 17659
  199 0.575281 -3088
  200 62.705542  6147
  201 15861.243154 30936
  202 6876.364331 26161
  203 4192.676627  9518
  204 26510.897101 29234
  205 2438.077048 18278
  206 14144.576690 12201
  207 0.909429 -1702
  208 0.319643 -2474
  209 1123.618799 11251
  210 1193.378293 11128
  211 1326.763451 18494
  212 0.590239 -1593
  213 0.132073 -2437
  214 11447.504499 15528
  215 0.062747 -1846
  216 0.411663  1154
  217 2442.501433 15143
  218 11635.951410 -3103
  219 2243.619218 16679
  220 0.093815 -2764
  221 0.224283  1476
  222 2036.569447 19127
  223 3720.863765  5680
  224 0.164652  2168
  225 0.209151 -2741
  226 4689.420009 25072
  227 0.684257   460
  228 926.978789  3095
  229 289.899747  8458
  230 1778.647047 -3242
  231 396.650198 11398
  232 1051.854968   881
  233 1581.993981  1061
  234 0.274286 -1929
  235 8852.372969 17055
  236 3614.581397 31779
  237 10256.739035 25768
  238 6082.081215 14732
  239 977.053890 -3256
  240 120.069018    35
  241 39.030112  9045
  242 5276.395952 28477
  243 3293.202502 25507
  244 3051.815757 27680
  245 3650.502818  6344
  246 19591.381652 21407
  247 0.019280 -1812
  248 0.787169 -2751
  249 12916.150820 21608
  250 5304.662844 19993
  251 2796.134457 -3226
  252 0.453855   131
  253 4995.953907 26725
  254 0.014497 -2571
  255 43.369238  4774
  256 0.045684 -2202
  257 0.448192 -2715
  258 5469.782306 11874
  259 0.041374 -2572
  260 0.691314 -2700
  261 1697.796088 15881
  262 0.693961 -2630
  263 13673.997188 14536
  264 286.881022  1231
  265 5422.179777 13187
  266 3640.026119  7031
  267 0.352843 -2424
  268 5730.454658 12441
  269 0.385010 -2748
  270 2239.050565 27996
  271 887.960634 20832
  272 1.051315 -2129
  273 6305.556144 13008
  274 582.560109  3973
  275 1036.783198  9596
  276 16009.656683 29864
  277 8006.322681  8226
  278 9157.092556  8125
  279 992.858703  1936
  280 14.888294   519
  281 0.316653 -1896
  282 9488.182077 20779
  283 740.213506  5897
  284 0.279410 30295
  285 9697.912748 29243
  286 16854.495860 -3236
  287 9883.397246 13467
  288 0.764526 -2093
  289 0.474918 -1755
  290 614.885312 15224
  291 10532.800803 16581
  292 1831.896446 16126
  293 0.466573 -2489
  294 5629.799308 12038
  295 1646.350089 14498
  296 0.083160  4174
  297 67.065215 -3250
  298 0.358686 32570
  299 3096.675752 21172
  300 1598.530203 14979
