300
    1 694.273279     1
    2 7580.226265 22552
    3 13592.778392 27863
    4 0.074884 -1935
    5 0.625112 -2497
    6 9133.112719 11402
    7 988.725011  7882
    8 4927.004007  5438
    9 1.540891 -2390
   10 519.486484  6863
   11 0.176171 -2493
   12 292.331485   525
   13 0.462741 -1620
   14 4347.679542 20096
   15 0.801579 -3259
   16 2568.224443 24956
   17 0.307063 -2849
   18 513.855729 -3232
   19 1470.619151 14573
   20 1.010191 -3083
   21 7317.371326 21823
   22 1818.629896 15275
   23 2817.205285 14868
   24 0.291922 -2447
   25 0.070350  2208
   26 0.226785 -2263
   27 5282.095953 20395
   28 26272.003842 -3111
   29 1402.946225  4613
   30 4036.999089 14985
   31 7225.073413 10343
   32 0.646888 -1984
   33 8072.291619  2104
   34 7233.609806 -2852
   35 1242.596866 17064
   36 6624.127727 21647
   37 0.574640 -2309
   38 392.073346  1257
   39 0.278795 -3064
   40 2481.971988  2568
   41 4409.422400 12082
   42 14252.270752 15949
   43 11801.794234 13544
   44 2026.236319 23714
   45 30947.248032 30240
   46 5893.576805 10842
   47 12583.939611 15863
   48 0.895161 -1788
   49 0.279282 -3003
   50 199.071252  1573
   51 2189.129076   828
   52 7052.339996 12746
   53 0.099423   314
   54 9468.067967 23962
   55 8435.742053 23513
   56 0.621990 32017
   57 15103.624940 27528
   58 0.316359 -2540
   59 20178.969553 28792
   60 9724.118134 31213
   61 348.088808 19028
   62 11546.888129 31927
   63 0.611983 31951
   64 34189.593434 26634
   65 260.787367  8009
   66 20928.836191 18283
   67 4104.870435 14765
   68 15423.866497 27953
   69 457.858293  4234
   70 928.253669  6832
   71 1948.278502  6524
   72 0.495900 -2711
   73 11727.167321 23238
   74 1795.084356 23525
   75 0.330971 -2177
   76 4875.816161 10172
   77 3004.458393 21958
   78 0.089654 -2390
   79 0.093804 -2423
   80 0.015025 -2110
   81 0.711039  3195
   82 0.035807  3101
   83 21337.564139 -3116
   84 1597.969544  7462
   85 632.030766  1250
   86 4349.500601 13695
   87 0.310817 -2810
   88 0.262349 -2668
   89 0.371605 -2119
   90 1293.072592 11841
   91 26.055706  3905
   92 3867.453016 26181
   93 1212.576566  6201
   94 0.995865 -2630
   95 0.323089 -2801
   96 6320.324382 20258
   97 3371.517472 11140
   98 0.379117 -2718
   99 784.684224  7350
  100 1.361290 -3230
  101 3325.434140  6709
  102 0.207586 -2544
  103 8458.015594 20824
  104 7133.755105 10814
  105 0.757131 -2651
  106 1585.885135  1080
  107 7302.252641 23377
  108 0.298507 -3192
  109 868.416202  1281
  110 0.137667 -2629
  111 133.194680 12350
  112 0.131511 -1920
  113 3304.278115 21527
  114 1311.011463 28488
  115 5851.342748 12613
  116 12189.315610 25599
  117 2032.389573  2552
  118 196.321683  4764
  119 5301.256915 11817
  120 340.524541  8720
  121 0.866157   876
  122 20273.987410 21854
  123 0.680882 -1881
  124 2129.485910   546
  125 0.283569 -1913
  126 18467.430374 32558
  127 9335.137713 29437
  128 2870.334939 32051
  129 12745.870184 22728
  130 131.094765 12216
  131 11562.788901 19666
  132 0.135041    74
  133 0.482671 -1966
  134 9237.845429 16240
  135 7262.770762 23404
  136 1323.586775  3066
  137 1175.979102  3236
  138 0.233061 -3156
  139 8313.687920 26575
  140 18867.483391 30702
  141 11224.534517 23859
  142 0.998661 -2212
  143 5064.184009 15705
  144 7651.034257 14460
  145 8619.060334 16428
  146 22183.659615 26421
  147 3322.000636 10799
  148 0.040816 -2970
  149 9178.680473 30348
  150 8903.820187 14927
  151 0.618552 -2981
  152 3048.585886  4176
  153 1919.194485  3369
  154 0.301443 -3090
  155 0.031594 -2741
  156 32493.403240 26851
  157 874.649426 29251
  158 1016.871736  5560
  159 0.478733 -1996
  160 12757.397887 13900
  161 7119.637030 29542
  162 11298.612511 23379
  163 1546.132796 18562
  164 0.099335 -2198
  165 0.745814 -2146
  166 6810.570830  4587
  167 5264.347438  4200
  168 0.050697 32150
  169 0.466631 -2166
  170 0.442930 -2801
  171 0.630063 -3255
  172 715.347942 24598
  173 2001.614248 14057
  174 0.352728 -2884
  175 2474.137349 15891
  176 0.341953 -2279
  177 2731.644832 31434
  178 22406.359117 20565
  179 2102.244725 11021
  180 11853.631726 19654
  181 0.176915 31837
  182 12762.410895 13672
  183 5996.996887 14952
  184 7294.812742 26785
  185 206.847672  6455
  186 0.003965 -1650
  187 1.377184 -2588
  188 0.355123 -2827
  189 138.938978 16729
  190 6066.289749 13760
  191 0.356309 -2091
  192 6957.990112 24846
  193 20561.412475 29565
  194 0.273030 -1681
  195 1435.323795 28229
  196 0.159712 -1684
  197 7878.055596 15816
  198 10679.100981 17659
  199 0.341190 -3088
  200 5144.783873  6147
  201 5924.342806 30936
  202 16557.672259 26161
  203 5490.320482  9518
  204 27030.147808 29234
  205 11277.902110 18278
  206 5159.704335 12201
  207 0.282127 -1702
  208 0.513628 -2474
  209 7144.013113 11251
  210 2783.760490 11128
  211 14609.072887 18494
  212 1.025274 -1593
  213 0.117762 -2437
  214 172.578270 15528
  215 0.293757 -1846
  216 0.838334  1154
  217 7644.342850 15143
  218 5600.093529 -3103
  219 2124.198726 16679
  220 0.289081 -2764
  221 0.195309  1476
  222 14354.341975 19127
  223 731.445853  5680
  224 0.701726  2168
  225 0.283151 -2741
  226 7034.037081 25072
  227 0.101081   460
  228 4573.322113  3095
  229 666.975964  8458
  230 10720.598851 -3242
  231 559.737342 11398
  232 745.332187   881
  233 1887.267258  1061
  234 1.302814 -1929
  235 6248.085756 17055
  236 25808.860713 31779
  237 8209.068019 25768
  238 6847.395115 14732
  239 29037.432439 -3256
  240 410.660203    35
  241 2705.944290  9045
  242 4674.277389 28477
  243 4827.588999 25507
  244 12683.007778 27680
  245 1561.637600  6344
  246 4232.494420 21407
  247 0.802760 -1812
  248 0.208268 -2751
  249 4684.342944 21608
  250 131.625402 19993
  251 16742.004901 -3226
  252 0.362109   131
  253 12000.863165 26725
  254 0.420483 -2571
  255 708.657356  4774
  256 0.202768 -2202
  257 0.892037 -2715
  258 2565.267423 11874
  259 0.390692 -2572
  260 0.109225 -2700
  261 4970.478884 15881
  262 0.241391 -2630
  263 1009.238154 14536
  264 193.789552  1231
  265 265.046277 13187
  266 1966.542951  7031
  267 0.517008 -2424
  268 2486.344978 12441
  269 0.081181 -2748
  270 6488.788230 27996
  271 16552.339146 20832
  272 0.473489 -2129
  273 1219.677071 13008
  274 37.694141  3973
  275 1047.506858  9596
  276 17590.091268 29864
  277 2365.252145  8226
  278 1773.043768  8125
  279 820.643666  1936
  280 16.303364   519
  281 0.076815 -1896
  282 5397.141021 20779
  283 396.242339  5897
  284 0.047459 30295
  285 10027.703183 29243
  286 21346.775563 -3236
  287 8032.533070 13467
  288 0.383701 -2093
  289 0.928216 -1755
  290 2429.423093 15224
  291 13146.484210 16581
  292 3307.074131 16126
  293 1.009440 -2489
  294 1301.625891 12038
  295 5442.182764 14498
  296 0.696047  4174
  297 2384.611447 -3250
  298 0.142563 32570
  299 7038.924713 21172
  300 745.092700 14979
