300
    1 226.380544     1
    2 16059.385129 22552
    3 5023.344029 27863
    4 0.448520 -1935
    5 0.161526 -2497
    6 6919.514058 11402
    7 4060.653338  7882
    8 2296.776338  5438
    9 0.099568 -2390
   10 444.832315  6863
   11 0.703446 -2493
   12 56.683141   525
   13 0.270335 -1620
   14 9047.370503 20096
   15 0.039575 -3259
   16 1747.040317 24956
   17 0.126363 -2849
   18 10322.566136 -3232
   19 6991.991473 14573
   20 0.346092 -3083
   21 9307.337641 21823
   22 1217.446428 15275
   23 6695.570926 14868
   24 0.436680 -2447
   25 0.959105  2208
   26 0.186793 -2263
   27 2846.638134 20395
   28 7743.881098 -3111
   29 3004.829938  4613
   30 10589.396852 14985
   31 10114.779613 10343
   32 0.041500 -1984
   33 2506.132256  2104
   34 19068.945453 -2852
   35 13065.091294 17064
   36 6663.221813 21647
   37 0.062182 -2309
   38 276.722828  1257
   39 0.486723 -3064
   40 1368.590133  2568
   41 5307.335469 12082
   42 904.780345 15949
   43 7929.091068 13544
   44 5368.016376 23714
   45 6297.547692 30240
   46 11256.135283 10842
   47 2953.739463 15863
   48 0.136908 -1788
   49 0.230197 -3003
   50 347.783743  1573
   51 652.741211   828
   52 2982.210347 12746
   53 0.049023   314
   54 15071.688842 23962
   55 5420.071784 23513
   56 0.608465 32017
   57 9482.421197 27528
   58 0.390780 -2540
   59 21641.102387 28792
   60 11086.728039 31213
   61 6646.089949 19028
   62 26967.942329 31927
   63 0.753311 31951
   64 19013.534194 26634
   65 4095.509550  8009
   66 19787.698960 18283
   67 6380.541418 14765
   68 7099.875328 27953
   69 2473.594890  4234
   70 372.753224  6832
   71 1013.539855  6524
   72 0.134995 -2711
   73 8441.514759 23238
   74 17924.586792 23525
   75 0.613922 -2177
   76 1077.839890 10172
   77 5180.342400 21958
   78 0.148230 -2390
   79 0.072886 -2423
   80 0.187667 -2110
   81 0.290178  3195
   82 0.367946  3101
   83 3552.667688 -3116
   84 1081.225599  7462
   85 374.801284  1250
   86 1311.048032 13695
   87 0.218462 -2810
   88 0.206863 -2668
   89 0.492335 -2119
   90 2475.122138 11841
   91 944.123491  3905
   92 17533.603260 26181
   93 2255.463793  6201
   94 0.055115 -2630
   95 0.036083 -2801
   96 18163.318305 20258
   97 4435.391010 11140
   98 0.108302 -2718
   99 6890.893450  7350
  100 0.601144 -3230
  101 270.195288  6709
  102 0.434247 -2544
  103 5163.902061 20824
  104 10751.731708 10814
  105 0.516746 -2651
  106 556.578793  1080
  107 14353.667040 23377
  108 0.929453 -3192
  109 40.274269  1281
  110 0.159067 -2629
  111 1338.042689 12350
  112 0.822584 -1920
  113 9992.541440 21527
  114 21647.399712 28488
  115 622.666634 12613
  116 17480.674275 25599
  117 2122.736434  2552
  118 585.911351  4764
  119 230.034556 11817
  120 1861.521435  8720
  121 0.295193   876
  122 4166.291797 21854
  123 0.046068 -1881
  124 1800.813112   546
  125 0.567629 -1913
  126 23179.574049 32558
  127 49.656300 29437
  128 14116.426846 32051
  129 1840.593659 22728
  130 2552.564754 12216
  131 6513.838128 19666
  132 0.465647    74
  133 1.028556 -1966
  134 6335.621956 16240
  135 12481.542217 23404
  136 3788.816157  3066
  137 1037.476869  3236
  138 0.218414 -3156
  139 21785.027769 26575
  140 6312.337003 30702
  141 11689.722872 23859
  142 0.532508 -2212
  143 11251.203652 15705
  144 1030.958512 14460
  145 9482.976341 16428
  146 17225.107470 26421
  147 2063.769029 10799
  148 0.286787 -2970
  149 17659.131258 30348
  150 3553.181719 14927
  151 0.406267 -2981
  152 2612.929026  4176
  153 4594.136036  3369
  154 0.004105 -3090
  155 0.649393 -2741
  156 10949.004154 26851
  157 15469.312062 29251
  158 795.160372  5560
  159 0.623815 -1996
  160 15153.465646 13900
  161 9736.294343 29542
  162 15338.328732 23379
  163 29619.219654 18562
  164 0.327267 -2198
  165 0.450954 -2146
  166 1191.492965  4587
  167 5696.246278  4200
  168 0.968802 32150
  169 0.996908 -2166
  170 0.293938 -2801
  171 0.164281 -3255
  172 2078.982875 24598
  173 107.166912 14057
  174 0.265536 -2884
  175 4544.674387 15891
  176 0.127284 -2279
  177 16106.214493 31434
  178 24636.778525 20565
  179 4159.424001 11021
  180 1676.749725 19654
  181 0.170824 31837
  182 6800.516820 13672
  183 2919.552001 14952
  184 3164.225112 26785
  185 32.025909  6455
  186 0.065056 -1650
  187 0.302161 -2588
  188 0.126099 -2827
  189 17820.689572 16729
  190 4885.900341 13760
  191 1.048031 -2091
  192 14349.081597 24846
  193 7392.625803 29565
  194 0.221245 -1681
  195 29112.443470 28229
  196 0.534839 -1684
  197 9055.074466 15816
  198 3634.012866 17659
  199 0.383631 -3088
  200 1129.883726  6147
  201 3475.226120 30936
  202 6683.780656 26161
  203 7285.081663  9518
  204 13638.419641 29234
  205 13233.091385 18278
  206 1318.029349 12201
  207 0.162210 -1702
  208 0.467078 -2474
  209 1813.663643 11251
  210 1424.102421 11128
  211 15645.054227 18494
  212 0.362519 -1593
  213 0.398205 -2437
  214 5934.859394 15528
  215 0.921185 -1846
  216 0.000046  1154
  217 5223.123510 15143
  218 6649.538433 -3103
  219 3551.968441 16679
  220 0.315744 -2764
  221 0.715514  1476
  222 15823.539156 19127
  223 3113.562470  5680
  224 0.313595  2168
  225 0.636915 -2741
  226 14391.593381 25072
  227 0.604648   460
  228 3385.754002  3095
  229 2167.690893  8458
  230 10912.721240 -3242
  231 7696.400896 11398
  232 75.958878   881
  233 1590.904070  1061
  234 0.435780 -1929
  235 1216.456302 17055
  236 5279.136005 31779
  237 3656.854211 25768
  238 3651.289065 14732
  239 14770.642668 -3256
  240 196.341820    35
  241 1908.660875  9045
  242 13747.166852 28477
  243 8850.901771 25507
  244 15560.299784 27680
  245 4537.549462  6344
  246 7406.141569 21407
  247 0.491140 -1812
  248 0.181688 -2751
  249 12089.412907 21608
  250 8808.987543 19993
  251 12278.270895 -3226
  252 0.570058   131
  253 7317.210560 26725
  254 0.261780 -2571
  255 142.651690  4774
  256 0.367891 -2202
  257 0.663793 -2715
  258 14655.337542 11874
  259 0.707530 -2572
  260 0.600736 -2700
  261 10185.399423 15881
  262 0.739774 -2630
  263 1273.961384 14536
  264 811.396119  1231
  265 9488.191074 13187
  266 48.387301  7031
  267 0.300953 -2424
  268 564.107335 12441
  269 0.188879 -2748
  270 12489.773948 27996
  271 8021.047746 20832
  272 0.722372 -2129
  273 6197.514491 13008
  274 2255.382222  3973
  275 5411.617866  9596
  276 19197.661803 29864
  277 1641.913712  8226
  278 2382.566622  8125
  279 194.014085  1936
  280 6.324526   519
  281 0.812804 -1896
  282 113.202919 20779
  283 618.092834  5897
  284 0.551355 30295
  285 21200.220844 29243
  286 9286.566016 -3236
  287 1434.078161 13467
  288 0.104598 -2093
  289 0.348735 -1755
  290 5307.706234 15224
  291 12787.685105 16581
  292 921.647796 16126
  293 0.240591 -2489
  294 10679.021712 12038
  295 5501.645529 14498
  296 0.144656  4174
  297 22690.046833 -3250
  298 0.428022 32570
  299 6856.805245 21172
  300 3472.309468 14979
