300
    1 263.980406     1
    2 1288.232635 22552
    3 14294.388975 27863
    4 0.651332 -1935
    5 1.202264 -2497
    6 2049.789548 11402
    7 458.715256  7882
    8 995.092809  5438
    9 0.521799 -2390
   10 1551.370072  6863
   11 1.021704 -2493
   12 227.987415   525
   13 0.025326 -1620
   14 523.961683 20096
   15 0.578011 -3259
   16 16240.531616 24956
   17 0.035388 -2849
   18 10163.179250 -3232
   19 4863.530439 14573
   20 0.714797 -3083
   21 560.277066 21823
   22 3680.632028 15275
   23 2663.122813 14868
   24 0.079977 -2447
   25 0.046823  2208
   26 0.557816 -2263
   27 250.802711 20395
   28 2094.920171 -3111
   29 5018.485171  4613
   30 10133.552429 14985
   31 4919.787764 10343
   32 0.098201 -1984
   33 2029.262700  2104
   34 14577.382511 -2852
   35 23834.915878 17064
   36 10086.158953 21647
   37 0.976642 -2309
   38 724.148278  1257
   39 0.244491 -3064
   40 384.685233  2568
   41 547.044481 12082
   42 23586.762581 15949
   43 713.894394 13544
   44 8216.888035 23714
   45 10322.275379 30240
   46 954.318898 10842
   47 24071.797838 15863
   48 0.654822 -1788
   49 0.618558 -3003
   50 494.804854  1573
   51 238.196960   828
   52 2985.261516 12746
   53 0.300232   314
   54 27296.548431 23962
   55 3268.359353 23513
   56 0.805329 32017
   57 8667.885897 27528
   58 0.005355 -2540
   59 11347.872809 28792
   60 21468.252190 31213
   61 5324.479968 19028
   62 30745.734283 31927
   63 1.067175 31951
   64 33492.335095 26634
   65 699.496205  8009
   66 16526.834603 18283
   67 936.643740 14765
   68 2166.942182 27953
   69 2241.518361  4234
   70 4987.301932  6832
   71 3247.330967  6524
   72 0.394459 -2711
   73 7407.192013 23238
   74 988.805148 23525
   75 0.125583 -2177
   76 4623.043447 10172
   77 7427.039075 21958
   78 0.047588 -2390
   79 0.190846 -2423
   80 0.171292 -2110
   81 0.816949  3195
   82 0.277006  3101
   83 3755.330812 -3116
   84 1242.654098  7462
   85 1335.862155  1250
   86 3604.429144 13695
   87 0.628879 -2810
   88 0.060041 -2668
   89 0.498356 -2119
   90 3325.811459 11841
   91 820.990372  3905
   92 1478.965179 26181
   93 3954.093944  6201
   94 0.287490 -2630
   95 0.160781 -2801
   96 3052.792269 20258
   97 1353.549098 11140
   98 0.383401 -2718
   99 3379.148829  7350
  100 0.588344 -3230
  101 6105.440850  6709
  102 0.415905 -2544
  103 3182.967786 20824
  104 2841.928643 10814
  105 0.115776 -2651
  106 1234.814114  1080
  107 10066.955140 23377
  108 0.456024 -3192
  109 508.140497  1281
  110 0.764422 -2629
  111 23.607600 12350
  112 0.090056 -1920
  113 295.570018 21527
  114 14153.351758 28488
  115 161.842944 12613
  116 15686.382289 25599
  117 106.485045  2552
  118 193.726252  4764
  119 664.101732 11817
  120 5523.520398  8720
  121 0.041778   876
  122 9261.253275 21854
  123 0.054866 -1881
  124 2884.186390   546
  125 0.824430 -1913
  126 17078.413632 32558
  127 1009.815371 29437
  128 10219.077472 32051
  129 1544.125184 22728
  130 7127.795636 12216
  131 6144.894383 19666
  132 0.032166    74
  133 0.569821 -1966
  134 6100.870320 16240
  135 7512.662681 23404
  136 7739.850013  3066
  137 323.608247  3236
  138 0.001628 -3156
  139 7258.312319 26575
  140 20662.195222 30702
  141 277.238368 23859
  142 1.221669 -2212
  143 4638.050478 15705
  144 1248.547533 14460
  145 501.633036 16428
  146 23051.814619 26421
  147 4290.128966 10799
  148 0.019072 -2970
  149 677.093021 30348
  150 11919.624697 14927
  151 0.069200 -2981
  152 3398.017924  4176
  153 174.885527  3369
  154 0.369257 -3090
  155 0.391325 -2741
  156 22109.535606 26851
  157 1030.236367 29251
  158 3010.949781  5560
  159 0.219622 -1996
  160 10481.360883 13900
  161 26688.599642 29542
  162 8652.321446 23379
  163 2378.664097 18562
  164 0.370389 -2198
  165 0.506526 -2146
  166 1642.519422  4587
  167 5803.512690  4200
  168 0.181332 32150
  169 0.335102 -2166
  170 0.492361 -2801
  171 0.869054 -3255
  172 4992.341978 24598
  173 3487.679674 14057
  174 0.176899 -2884
  175 7134.814889 15891
  176 0.055711 -2279
  177 3720.571559 31434
  178 6358.268894 20565
  179 960.809374 11021
  180 10511.098110 19654
  181 0.496777 31837
  182 4594.868805 13672
  183 2482.284374 14952
  184 24943.199034 26785
  185 1080.253803  6455
  186 0.210096 -1650
  187 0.207262 -2588
  188 0.164315 -2827
  189 1856.573146 16729
  190 8581.484600 13760
  191 0.018442 -2091
  192 3593.988201 24846
  193 2235.987036 29565
  194 1.029545 -1681
  195 1649.426502 28229
  196 0.435320 -1684
  197 2576.705735 15816
  198 18655.875214 17659
  199 0.238025 -3088
  200 792.506178  6147
  201 1701.062510 30936
  202 128.127873 26161
  203 389.989378  9518
  204 11903.892125 29234
  205 4848.636863 18278
  206 4971.243435 12201
  207 0.181078 -1702
  208 0.170750 -2474
  209 663.509718 11251
  210 1553.801847 11128
  211 9462.067978 18494
  212 0.025733 -1593
  213 0.331618 -2437
  214 6607.993956 15528
  215 0.140267 -1846
  216 0.506032  1154
  217 12646.686273 15143
  218 14844.203099 -3103
  219 5567.306601 16679
  220 0.162956 -2764
  221 0.460244  1476
  222 12661.380912 19127
  223 1362.341785  5680
  224 0.524386  2168
  225 0.909538 -2741
  226 13237.403429 25072
  227 1.053795   460
  228 2295.183066  3095
  229 2300.459772  8458
  230 28933.185054 -3242
  231 8900.555804 11398
  232 1179.570244   881
  233 242.351444  1061
  234 0.413291 -1929
  235 2898.569836 17055
  236 4454.360854 31779
  237 30296.607515 25768
  238 4865.236081 14732
  239 9594.569062 -3256
  240 497.504302    35
  241 2402.387076  9045
  242 3194.530566 28477
  243 916.552470 25507
  244 15739.954752 27680
  245 1637.917174  6344
  246 13758.415408 21407
  247 0.131357 -1812
  248 0.369139 -2751
  249 935.497831 21608
  250 532.517848 19993
  251 2487.998830 -3226
  252 0.036641   131
  253 3327.725538 26725
  254 0.462018 -2571
  255 417.705084  4774
  256 0.514694 -2202
  257 0.518589 -2715
  258 1137.919078 11874
  259 0.276243 -2572
  260 0.441030 -2700
  261 685.046348 15881
  262 0.065340 -2630
  263 903.774616 14536
  264 282.913778  1231
  265 3604.773941 13187
  266 5159.625591  7031
  267 0.163577 -2424
  268 8858.153361 12441
  269 0.537487 -2748
  270 14568.668428 27996
  271 17012.296258 20832
  272 0.466543 -2129
  273 143.884309 13008
  274 431.552057  3973
  275 4065.071397  9596
  276 23991.161021 29864
  277 12373.527227  8226
  278 1208.083470  8125
  279 438.372767  1936
  280 23.641794   519
  281 0.570813 -1896
  282 3866.039318 20779
  283 491.205775  5897
  284 0.088760 30295
  285 12710.200749 29243
  286 18725.945514 -3236
  287 11402.065417 13467
  288 0.232061 -2093
  289 0.225741 -1755
  290 6143.813054 15224
  291 5912.712386 16581
  292 11859.677134 16126
  293 0.156255 -2489
  294 985.282286 12038
  295 1903.949944 14498
  296 0.694737  4174
  297 2571.231273 -3250
  298 0.222672 32570
  299 6179.047860 21172
  300 1431.664956 14979
