300
    1 742.404984     1
    2 1810.553810 22552
    3 11314.302277 27863
    4 1.182350 -1935
    5 0.087324 -2497
    6 12640.376096 11402
    7 491.153272  7882
    8 3120.217224  5438
    9 0.415031 -2390
   10 2231.484007  6863
   11 0.327080 -2493
   12 446.263844   525
   13 0.767720 -1620
   14 23534.800036 20096
   15 0.150780 -3259
   16 13732.939787 24956
   17 0.001470 -2849
   18 40520.970227 -3232
   19 5129.565885 14573
   20 0.207828 -3083
   21 6817.924607 21823
   22 13367.432161 15275
   23 663.571026 14868
   24 0.272295 -2447
   25 0.815662  2208
   26 1.044719 -2263
   27 7307.524682 20395
   28 1906.604824 -3111
   29 760.903148  4613
   30 661.219744 14985
   31 13017.326289 10343
   32 0.432891 -1984
   33 9514.590937  2104
   34 17840.953593 -2852
   35 5402.469350 17064
   36 28004.082114 21647
   37 0.052836 -2309
   38 1064.371488  1257
   39 0.011695 -3064
   40 899.380968  2568
   41 1235.639870 12082
   42 13093.605051 15949
   43 1532.513086 13544
   44 473.126998 23714
   45 13821.297854 30240
   46 2631.905481 10842
   47 416.787614 15863
   48 0.692274 -1788
   49 0.038826 -3003
   50 229.435027  1573
   51 1778.595036   828
   52 1085.847202 12746
   53 0.435681   314
   54 4979.970715 23962
   55 4047.000615 23513
   56 0.587299 32017
   57 6099.927902 27528
   58 0.014301 -2540
   59 30366.524793 28792
   60 6781.623140 31213
   61 3196.381897 19028
   62 12109.442123 31927
   63 0.498396 31951
   64 253.106210 26634
   65 1576.343899  8009
   66 7307.866970 18283
   67 2825.733096 14765
   68 4186.677070 27953
   69 818.256586  4234
   70 3138.873121  6832
   71 745.199580  6524
   72 0.302758 -2711
   73 3780.642460 23238
   74 2075.469756 23525
   75 0.056661 -2177
   76 1841.033964 10172
   77 12086.510317 21958
   78 0.882957 -2390
   79 0.093897 -2423
   80 0.098706 -2110
   81 0.114229  3195
   82 0.177083  3101
   83 16796.984832 -3116
   84 1119.896493  7462
   85 3882.290975  1250
   86 298.912327 13695
   87 0.360665 -2810
   88 0.547815 -2668
   89 1.181250 -2119
   90 3059.810032 11841
   91 347.360252  3905
   92 10902.822392 26181
   93 746.220713  6201
   94 0.528299 -2630
   95 1.060049 -2801
   96 1078.124446 20258
   97 2427.244809 11140
   98 0.097083 -2718
   99 12382.564438  7350
  100 1.530385 -3230
  101 1630.702088  6709
  102 0.108395 -2544
  103 32.184017 20824
  104 3470.190302 10814
  105 1.210111 -2651
  106 1521.525532  1080
  107 14997.160174 23377
  108 0.165602 -3192
  109 865.545503  1281
  110 0.060535 -2629
  111 283.383433 12350
  112 0.616838 -1920
  113 8557.468150 21527
  114 7645.688374 28488
  115 8159.201767 12613
  116 38432.835711 25599
  117 2129.415984  2552
  118 313.749704  4764
  119 2318.820977 11817
  120 1382.165303  8720
  121 0.097509   876
  122 6963.370440 21854
  123 0.144033 -1881
  124 231.884671   546
  125 1.636846 -1913
  126 16181.810291 32558
  127 8763.965284 29437
  128 19288.805300 32051
  129 466.979569 22728
  130 4966.642545 12216
  131 5599.873622 19666
  132 0.075169    74
  133 0.034463 -1966
  134 3061.877346 16240
  135 8227.581502 23404
  136 71.818072  3066
  137 792.208204  3236
  138 0.644062 -3156
  139 10874.898780 26575
  140 2538.070640 30702
  141 1269.900494 23859
  142 0.064421 -2212
  143 10279.465782 15705
  144 4938.418284 14460
  145 9848.266424 16428
  146 11668.609141 26421
  147 3729.044083 10799
  148 0.365608 -2970
  149 17553.413905 30348
  150 2542.596877 14927
  151 0.590756 -2981
  152 2442.980786  4176
  153 1024.937371  3369
  154 0.316470 -3090
  155 0.347839 -2741
  156 3255.222501 26851
  157 7508.493555 29251
  158 1001.888331  5560
  159 1.005793 -1996
  160 11682.345363 13900
  161 12758.445987 29542
  162 6335.983290 23379
  163 13922.162981 18562
  164 0.430774 -2198
  165 0.913373 -2146
  166 2622.080100  4587
  167 3485.490434  4200
  168 0.369612 32150
  169 0.031952 -2166
  170 0.102994 -2801
  171 0.170568 -3255
  172 19587.209167 24598
  173 15699.597611 14057
  174 0.286762 -2884
  175 1410.439380 15891
  176 0.457528 -2279
  177 39611.595442 31434
  178 3245.373361 20565
  179 2294.714428 11021
  180 13533.409556 19654
  181 0.442867 31837
  182 5107.532869 13672
  183 1853.118327 14952
  184 5684.413296 26785
  185 857.946553  6455
  186 0.323972 -1650
  187 0.246801 -2588
  188 0.541721 -2827
  189 17718.917444 16729
  190 2155.971303 13760
  191 0.248292 -2091
  192 4342.113040 24846
  193 23781.541807 29565
  194 0.135431 -1681
  195 6870.168672 28229
  196 0.263280 -1684
  197 4771.740236 15816
  198 4031.522181 17659
  199 0.867507 -3088
  200 2871.692563  6147
  201 10711.375648 30936
  202 9585.331436 26161
  203 12806.338548  9518
  204 4788.389640 29234
  205 9134.005099 18278
  206 4081.192062 12201
  207 0.224628 -1702
  208 0.303690 -2474
  209 435.824592 11251
  210 4769.004163 11128
  211 8345.484523 18494
  212 0.256827 -1593
  213 0.483644 -2437
  214 2445.013769 15528
  215 0.227444 -1846
  216 0.181395  1154
  217 5243.539427 15143
  218 3180.824092 -3103
  219 16254.100363 16679
  220 1.610416 -2764
  221 0.321507  1476
  222 21574.659211 19127
  223 2790.658245  5680
  224 0.439728  2168
  225 0.225721 -2741
  226 2003.090630 25072
  227 0.188416   460
  228 2435.837873  3095
  229 6636.791060  8458
  230 1890.862417 -3242
  231 3158.043200 11398
  232 92.880426   881
  233 760.777407  1061
  234 0.873221 -1929
  235 7601.517707 17055
  236 3503.663351 31779
  237 16604.638007 25768
  238 1465.231657 14732
  239 4273.503941 -3256
  240 350.447811    35
  241 1759.152214  9045
  242 2989.328802 28477
  243 10368.860967 25507
  244 5075.166568 27680
  245 1720.805604  6344
  246 12372.675538 21407
  247 0.598730 -1812
  248 0.611548 -2751
  249 5818.533349 21608
  250 18649.959047 19993
  251 8736.133869 -3226
  252 0.355424   131
  253 5573.201564 26725
  254 0.212943 -2571
  255 18.005312  4774
  256 0.208978 -2202
  257 0.296000 -2715
  258 6740.475365 11874
  259 0.102914 -2572
  260 0.392136 -2700
  261 6270.160334 15881
  262 0.131906 -2630
  263 8561.035919 14536
  264 93.764256  1231
  265 5261.039741 13187
  266 2782.360042  7031
  267 0.309976 -2424
  268 1636.521992 12441
  269 0.129423 -2748
  270 12235.308598 27996
  271 1895.921429 20832
  272 0.194525 -2129
  273 6790.481320 13008
  274 1246.261592  3973
  275 436.391855  9596
  276 29709.685898 29864
  277 2505.681272  8226
  278 473.806555  8125
  279 974.416408  1936
  280 2.101059   519
  281 0.593340 -1896
  282 4442.257811 20779
  283 677.924514  5897
  284 0.700983 30295
  285 18241.567780 29243
  286 857.644927 -3236
  287 13590.383912 13467
  288 0.813229 -2093
  289 0.574722 -1755
  290 3919.921737 15224
  291 6545.444628 16581
  292 8609.850073 16126
  293 0.022389 -2489
  294 8096.122938 12038
  295 34.118869 14498
  296 0.341610  4174
  297 5878.295137 -3250
  298 0.561562 32570
  299 8310.510461 21172
  300 4300.796770 14979
