300
    1 724.432719     1
    2 10606.037714 22552
    3 23663.261856 27863
    4 0.521360 -1935
    5 0.001799 -2497
    6 7017.917111 11402
    7 3400.276032  7882
    8 5602.769884  5438
    9 0.240388 -2390
   10 421.640056  6863
   11 0.295480 -2493
   12 152.386029   525
   13 0.506238 -1620
   14 1245.404356 20096
   15 0.061054 -3259
   16 9668.527054 24956
   17 0.629195 -2849
   18 19399.728530 -3232
   19 3398.291938 14573
   20 0.310183 -3083
   21 11136.918754 21823
   22 1234.465136 15275
   23 18883.225805 14868
   24 0.432507 -2447
   25 0.143813  2208
   26 0.291579 -2263
   27 7050.522333 20395
   28 11441.012276 -3111
   29 2312.990727  4613
   30 12640.911303 14985
   31 2164.767952 10343
   32 0.374571 -1984
   33 2476.377445  2104
   34 1472.382979 -2852
   35 931.224056 17064
   36 11796.630687 21647
   37 0.155096 -2309
   38 301.371782  1257
   39 0.568604 -3064
   40 1620.103745  2568
   41 4794.096701 12082
   42 4496.475880 15949
   43 11314.077411 13544
   44 8123.830835 23714
   45 31245.373051 30240
   46 1294.415037 10842
   47 4694.467395 15863
   48 0.076852 -1788
   49 0.307110 -3003
   50 604.487842  1573
   51 739.639415   828
   52 433.681741 12746
   53 0.895861   314
   54 8469.815584 23962
   55 22407.530049 23513
   56 0.052548 32017
   57 22581.812325 27528
   58 0.256067 -2540
   59 3899.823875 28792
   60 17498.248462 31213
   61 3939.300256 19028
   62 5454.315467 31927
   63 0.177074 31951
   64 9401.555069 26634
   65 2042.151855  8009
   66 1105.592445 18283
   67 3635.626405 14765
   68 40258.662611 27953
   69 3478.001393  4234
   70 1491.856833  6832
   71 1777.222706  6524
   72 0.137763 -2711
   73 7273.595540 23238
   74 8691.423187 23525
   75 0.073153 -2177
   76 1953.116295 10172
   77 10400.277265 21958
   78 0.545971 -2390
   79 0.193163 -2423
   80 0.070806 -2110
   81 0.296118  3195
   82 0.231473  3101
   83 21374.154687 -3116
   84 1094.988239  7462
   85 212.837364  1250
   86 2831.193828 13695
   87 0.000857 -2810
   88 0.476314 -2668
   89 0.253291 -2119
   90 3287.602719 11841
   91 527.657238  3905
   92 8633.034601 26181
   93 138.181557  6201
   94 0.505532 -2630
   95 0.669071 -2801
   96 1844.245568 20258
   97 11304.646979 11140
   98 0.310516 -2718
   99 2702.532347  7350
  100 0.491339 -3230
  101 2100.362121  6709
  102 1.167297 -2544
  103 2801.691205 20824
  104 1510.399459 10814
  105 0.303681 -2651
  106 968.097099  1080
  107 19262.896896 23377
  108 0.728420 -3192
  109 1573.033698  1281
  110 0.465888 -2629
  111 8426.550545 12350
  112 0.330227 -1920
  113 5762.981034 21527
  114 12811.955306 28488
  115 375.689100 12613
  116 18576.206334 25599
  117 2627.088603  2552
  118 260.528270  4764
  119 4561.535194 11817
  120 1039.470003  8720
  121 0.447932   876
  122 13206.651750 21854
  123 0.426036 -1881
  124 3592.362054   546
  125 0.224663 -1913
  126 244.192097 32558
  127 2562.718597 29437
  128 34752.503462 32051
  129 19909.377031 22728
  130 5943.836222 12216
  131 8608.159665 19666
  132 0.322245    74
  133 0.408023 -1966
  134 3966.523929 16240
  135 10336.440047 23404
  136 1382.833213  3066
  137 665.687019  3236
  138 0.363021 -3156
  139 15373.881127 26575
  140 3855.179792 30702
  141 13275.225207 23859
  142 0.627301 -2212
  143 4090.387422 15705
  144 1808.514736 14460
  145 12453.396052 16428
  146 22651.759280 26421
  147 2299.099243 10799
  148 0.268028 -2970
  149 13267.487274 30348
  150 1791.269831 14927
  151 0.351928 -2981
  152 231.370003  4176
  153 2195.664076  3369
  154 0.280676 -3090
  155 0.451765 -2741
  156 4360.390090 26851
  157 1834.920599 29251
  158 1438.065772  5560
  159 0.542033 -1996
  160 2341.404920 13900
  161 5582.975395 29542
  162 12658.377513 23379
  163 9879.654918 18562
  164 0.005848 -2198
  165 0.475048 -2146
  166 2122.101820  4587
  167 1986.317437  4200
  168 0.874733 32150
  169 0.128010 -2166
  170 0.282190 -2801
  171 0.803330 -3255
  172 5940.483603 24598
  173 8680.125263 14057
  174 0.596995 -2884
  175 2602.871983 15891
  176 0.896657 -2279
  177 32103.465293 31434
  178 12511.591495 20565
  179 2025.951238 11021
  180 1083.265563 19654
  181 0.176990 31837
  182 13665.001310 13672
  183 8665.511955 14952
  184 11014.405684 26785
  185 61.417591  6455
  186 0.425017 -1650
  187 0.596957 -2588
  188 0.001749 -2827
  189 2683.470487 16729
  190 3618.924296 13760
  191 0.366445 -2091
  192 2103.927679 24846
  193 8951.699056 29565
  194 0.221282 -1681
  195 3107.695402 28229
  196 0.107220 -1684
  197 12713.892584 15816
  198 12695.316929 17659
  199 0.388987 -3088
  200 5345.372973  6147
  201 4829.524186 30936
  202 211.500514 26161
  203 10653.242538  9518
  204 12205.307623 29234
  205 4940.400267 18278
  206 693.253876 12201
  207 0.071278 -1702
  208 0.689353 -2474
  209 6686.970148 11251
  210 1702.499539 11128
  211 1456.984658 18494
  212 0.308697 -1593
  213 0.591275 -2437
  214 13625.346596 15528
  215 0.065641 -1846
  216 0.849715  1154
  217 1534.670661 15143
  218 13863.956951 -3103
  219 6492.851333 16679
  220 0.002152 -2764
  221 0.799222  1476
  222 14419.511274 19127
  223 2286.057391  5680
  224 0.923517  2168
  225 0.133226 -2741
  226 16460.760802 25072
  227 0.027793   460
  228 4325.125659  3095
  229 478.643664  8458
  230 9095.000640 -3242
  231 1350.325526 11398
  232 1684.588407   881
  233 1514.959729  1061
  234 0.069598 -1929
  235 14649.735862 17055
  236 16760.679263 31779
  237 639.376695 25768
  238 3034.295034 14732
  239 8903.233693 -3256
  240 8.742238    35
  241 1737.624567  9045
  242 17593.298221 28477
  243 1902.352065 25507
  244 13110.432012 27680
  245 4681.610862  6344
  246 13941.599453 21407
  247 0.228358 -1812
  248 0.831136 -2751
  249 202.625211 21608
  250 7343.833757 19993
  251 7875.091311 -3226
  252 0.098289   131
  253 25.234312 26725
  254 0.696583 -2571
  255 1335.771640  4774
  256 0.682914 -2202
  257 0.246671 -2715
  258 2718.393922 11874
  259 0.062898 -2572
  260 0.311972 -2700
  261 4123.258514 15881
  262 0.515450 -2630
  263 1621.193395 14536
  264 365.257417  1231
  265 3814.862748 13187
  266 4158.580686  7031
  267 0.296605 -2424
  268 4666.887590 12441
  269 0.067797 -2748
  270 4861.343010 27996
  271 8414.550345 20832
  272 0.404083 -2129
  273 1093.219046 13008
  274 666.484487  3973
  275 5668.297148  9596
  276 9204.997247 29864
  277 7635.953302  8226
  278 7825.100679  8125
  279 973.367886  1936
  280 2.105918   519
  281 0.433616 -1896
  282 11216.409871 20779
  283 1019.045731  5897
  284 0.260191 30295
  285 15256.387154 29243
  286 5336.643879 -3236
  287 5845.345320 13467
  288 0.485146 -2093
  289 1.133053 -1755
  290 655.833219 15224
  291 4239.373784 16581
  292 8786.992739 16126
  293 0.323389 -2489
  294 6470.102338 12038
  295 770.314748 14498
  296 0.554718  4174
  297 12108.184554 -3250
  298 0.762602 32570
  299 5605.567182 21172
  300 8317.763829 14979
