300
    1 328.939593     1
    2 11340.386234 22552
    3 11554.703054 27863
    4 0.287647 -1935
    5 0.501058 -2497
    6 7525.126196 11402
    7 176.765394  7882
    8 2623.790520  5438
    9 0.606139 -2390
   10 1920.093881  6863
   11 0.519596 -2493
   12 610.960059   525
   13 1.173562 -1620
   14 8223.693994 20096
   15 1.298043 -3259
   16 19311.118342 24956
   17 0.065102 -2849
   18 23619.563511 -3232
   19 7058.619144 14573
   20 0.743172 -3083
   21 4043.027099 21823
   22 1081.167987 15275
   23 3222.894963 14868
   24 0.429140 -2447
   25 0.081912  2208
   26 0.253366 -2263
   27 572.005968 20395
   28 10508.618462 -3111
   29 2668.483684  4613
   30 13925.782191 14985
   31 5271.845119 10343
   32 0.621466 -1984
   33 748.237523  2104
   34 15656.262106 -2852
   35 9064.974031 17064
   36 1834.760268 21647
   37 0.665340 -2309
   38 40.191756  1257
   39 0.183899 -3064
   40 1984.440336  2568
   41 2156.572193 12082
   42 11870.926345 15949
   43 1981.077466 13544
   44 8624.755107 23714
   45 2194.864533 30240
   46 3930.091163 10842
   47 5839.858400 15863
   48 0.065288 -1788
   49 0.222211 -3003
   50 478.528831  1573
   51 1129.208940   828
   52 4412.275077 12746
   53 0.358647   314
   54 2246.378138 23962
   55 14045.403285 23513
   56 0.074243 32017
   57 13427.165171 27528
   58 0.248724 -2540
   59 5344.604431 28792
   60 16545.086926 31213
   61 5491.555497 19028
   62 20325.742024 31927
   63 0.315222 31951
   64 14757.183902 26634
   65 2472.336820  8009
   66 1465.060898 18283
   67 219.755225 14765
   68 1946.602573 27953
   69 4327.173459  4234
   70 824.350983  6832
   71 971.769051  6524
   72 1.123584 -2711
   73 10464.555775 23238
   74 10340.984418 23525
   75 0.193082 -2177
   76 7690.519715 10172
   77 2760.606971 21958
   78 1.376933 -2390
   79 0.381353 -2423
   80 1.138961 -2110
   81 1.055054  3195
   82 0.653792  3101
   83 31863.396628 -3116
   84 40.701753  7462
   85 2143.890413  1250
   86 5264.023175 13695
   87 0.175053 -2810
   88 0.565672 -2668
   89 0.436411 -2119
   90 905.359138 11841
   91 110.785442  3905
   92 10853.110031 26181
   93 1977.099965  6201
   94 0.805655 -2630
   95 1.253073 -2801
   96 2504.754746 20258
   97 10815.081178 11140
   98 0.247869 -2718
   99 1216.755935  7350
  100 0.611490 -3230
  101 10.324625  6709
  102 0.189557 -2544
  103 562.648744 20824
  104 1484.457199 10814
  105 0.766035 -2651
  106 249.008817  1080
  107 9644.698184 23377
  108 0.239862 -3192
  109 1381.377857  1281
  110 0.115346 -2629
  111 17108.099824 12350
  112 0.168248 -1920
  113 7290.756762 21527
  114 10886.720975 28488
  115 2416.289696 12613
  116 990.261315 25599
  117 2371.489084  2552
  118 105.999206  4764
  119 9757.340773 11817
  120 6754.208647  8720
  121 1.112925   876
  122 2197.206017 21854
  123 0.623170 -1881
  124 2268.476588   546
  125 0.290632 -1913
  126 24604.490307 32558
  127 831.482584 29437
  128 14843.418992 32051
  129 17018.027351 22728
  130 7925.344520 12216
  131 14212.958877 19666
  132 0.288962    74
  133 0.422153 -1966
  134 9583.559016 16240
  135 2408.632514 23404
  136 3005.008651  3066
  137 2695.999952  3236
  138 0.339301 -3156
  139 5420.054212 26575
  140 12972.813639 30702
  141 7614.968582 23859
  142 0.182586 -2212
  143 862.623022 15705
  144 1643.907711 14460
  145 11115.022570 16428
  146 27985.788535 26421
  147 2446.149465 10799
  148 0.590163 -2970
  149 12142.158117 30348
  150 11256.882015 14927
  151 0.098871 -2981
  152 4215.347447  4176
  153 3600.894441  3369
  154 0.035274 -3090
  155 0.667185 -2741
  156 39491.455030 26851
  157 2241.196350 29251
  158 266.859400  5560
  159 0.287273 -1996
  160 12772.876456 13900
  161 16641.984763 29542
  162 3663.136902 23379
  163 526.882452 18562
  164 0.088062 -2198
  165 0.461736 -2146
  166 1848.955092  4587
  167 2812.789028  4200
  168 0.407733 32150
  169 0.159123 -2166
  170 0.287205 -2801
  171 0.232598 -3255
  172 11125.253592 24598
  173 15780.868030 14057
  174 0.004134 -2884
  175 7506.840887 15891
  176 0.511772 -2279
  177 22180.233887 31434
  178 5410.422586 20565
  179 4435.697711 11021
  180 1744.938295 19654
  181 1.347411 31837
  182 7256.945602 13672
  183 5151.758728 14952
  184 4823.308749 26785
  185 694.648220  6455
  186 0.321353 -1650
  187 0.257354 -2588
  188 1.378195 -2827
  189 3260.826656 16729
  190 6896.479255 13760
  191 0.116054 -2091
  192 224.581869 24846
  193 16341.641056 29565
  194 1.061972 -1681
  195 6574.733730 28229
  196 0.172407 -1684
  197 5843.346617 15816
  198 6331.570510 17659
  199 0.577700 -3088
  200 5908.867718  6147
  201 6312.369553 30936
  202 8490.638358 26161
  203 8329.767768  9518
  204 14946.412673 29234
  205 4035.731601 18278
  206 6504.561962 12201
  207 0.820787 -1702
  208 0.815456 -2474
  209 1815.257965 11251
  210 3769.512488 11128
  211 9063.944989 18494
  212 0.876163 -1593
  213 0.162270 -2437
  214 3253.824000 15528
  215 0.191758 -1846
  216 0.099080  1154
  217 2684.393526 15143
  218 13682.638483 -3103
  219 1830.170057 16679
  220 0.462182 -2764
  221 0.312068  1476
  222 4657.059234 19127
  223 3599.625161  5680
  224 0.072770  2168
  225 0.064348 -2741
  226 3450.294444 25072
  227 0.286230   460
  228 1757.099400  3095
  229 1240.176437  8458
  230 13570.104425 -3242
  231 3254.874751 11398
  232 713.821470   881
  233 1114.280300  1061
  234 0.737279 -1929
  235 17488.425302 17055
  236 15106.860826 31779
  237 4117.454982 25768
  238 7510.256199 14732
  239 2126.625552 -3256
  240 516.494583    35
  241 3300.500465  9045
  242 1730.798908 28477
  243 9863.761715 25507
  244 18873.820362 27680
  245 2238.360180  6344
  246 14006.939429 21407
  247 0.434994 -1812
  248 0.319313 -2751
  249 168.300574 21608
  250 13842.564967 19993
  251 11838.237917 -3226
  252 0.014375   131
  253 2454.351983 26725
  254 0.620610 -2571
  255 138.506847  4774
  256 0.517977 -2202
  257 0.982208 -2715
  258 4537.582467 11874
  259 0.141099 -2572
  260 0.091917 -2700
  261 8641.643259 15881
  262 0.837310 -2630
  263 13926.146560 14536
  264 1082.626203  1231
  265 12599.244316 13187
  266 5693.546755  7031
  267 0.488652 -2424
  268 7195.199704 12441
  269 0.082700 -2748
  270 8981.633857 27996
  271 3948.264833 20832
  272 0.246927 -2129
  273 2693.911296 13008
  274 1698.170042  3973
  275 5442.824986  9596
  276 10354.111757 29864
  277 3037.821392  8226
  278 2305.956821  8125
  279 516.577379  1936
  280 6.698210   519
  281 0.311071 -1896
  282 1572.895991 20779
  283 939.436024  5897
  284 0.312524 30295
  285 6009.005016 29243
  286 12859.677765 -3236
  287 5035.581593 13467
  288 0.121754 -2093
  289 0.821426 -1755
  290 6865.018695 15224
  291 3975.580260 16581
  292 5296.251528 16126
  293 0.428861 -2489
  294 4025.755136 12038
  295 5221.682655 14498
  296 0.610608  4174
  297 13802.968934 -3250
  298 0.271330 32570
  299 1446.838111 21172
  300 2225.465639 14979
