300
    1 122.721365     1
    2 15780.596727 22552
    3 7993.783239 27863
    4 0.418199 -1935
    5 0.547801 -2497
    6 3686.935082 11402
    7 3569.501421  7882
    8 1853.183410  5438
    9 0.196195 -2390
   10 636.200853  6863
   11 0.523357 -2493
   12 7.873213   525
   13 0.359380 -1620
   14 8050.223943 20096
   15 0.721441 -3259
   16 15951.351126 24956
   17 0.052691 -2849
   18 1994.951223 -3232
   19 4705.410481 14573
   20 0.689025 -3083
   21 22758.494805 21823
   22 10324.515396 15275
   23 2060.786092 14868
   24 0.105604 -2447
   25 0.144212  2208
   26 0.265688 -2263
   27 10208.497707 20395
   28 8344.574294 -3111
   29 1496.954670  4613
   30 8550.555584 14985
   31 2972.709321 10343
   32 0.938598 -1984
   33 3577.857524  2104
   34 14487.545154 -2852
   35 3107.526960 17064
   36 4359.290936 21647
   37 0.797263 -2309
   38 457.081565  1257
   39 0.475908 -3064
   40 1010.900049  2568
   41 5204.644170 12082
   42 4225.482934 15949
   43 3016.741135 13544
   44 5135.735601 23714
   45 17941.380508 30240
   46 4953.087709 10842
   47 1102.617951 15863
   48 0.402052 -1788
   49 0.411353 -3003
   50 354.811755  1573
   51 2378.414280   828
   52 2218.447733 12746
   53 0.624976   314
   54 6957.193195 23962
   55 20296.838107 23513
   56 0.616596 32017
   57 29113.927028 27528
   58 0.121584 -2540
   59 10183.968901 28792
   60 18089.936849 31213
   61 3404.771649 19028
   62 7447.883970 31927
   63 0.089420 31951
   64 4805.029873 26634
   65 1289.821859  8009
   66 6029.513030 18283
   67 18397.059284 14765
   68 5027.987866 27953
   69 2122.786753  4234
   70 2637.066368  6832
   71 527.194548  6524
   72 0.283258 -2711
   73 20457.887093 23238
   74 8213.711134 23525
   75 0.175466 -2177
   76 5947.496365 10172
   77 6044.363783 21958
   78 0.371528 -2390
   79 0.321532 -2423
   80 0.774754 -2110
   81 0.678663  3195
   82 0.290786  3101
   83 3113.052446 -3116
   84 4159.405429  7462
   85 83.199778  1250
   86 5338.590663 13695
   87 0.333675 -2810
   88 0.078270 -2668
   89 0.000680 -2119
   90 6705.480550 11841
   91 35.884089  3905
   92 3586.052039 26181
   93 1406.767072  6201
   94 0.201211 -2630
   95 0.562212 -2801
   96 5802.338094 20258
   97 4021.999862 11140
   98 0.015478 -2718
   99 958.475800  7350
  100 0.723981 -3230
  101 201.480913  6709
  102 0.565361 -2544
  103 2554.976036 20824
  104 5543.629819 10814
  105 0.051779 -2651
  106 1902.575611  1080
  107 7438.284170 23377
  108 0.856250 -3192
  109 1159.594667  1281
  110 0.207382 -2629
  111 4986.596790 12350
  112 0.084573 -1920
  113 3687.198740 21527
  114 935.089202 28488
  115 1974.933919 12613
  116 15108.102323 25599
  117 394.754797  2552
  118 1037.927902  4764
  119 2.573519 11817
  120 3588.849225  8720
  121 0.108187   876
  122 3425.925678 21854
  123 1.036080 -1881
  124 2995.905069   546
  125 0.762592 -1913
  126 16037.288627 32558
  127 33956.681294 29437
  128 16864.446973 32051
  129 9176.530706 22728
  130 10005.744603 12216
  131 7716.590195 19666
  132 0.157317    74
  133 0.297487 -1966
  134 83.983812 16240
  135 6763.045178 23404
  136 5239.474386  3066
  137 148.525346  3236
  138 0.502646 -3156
  139 22055.057837 26575
  140 22051.806445 30702
  141 1748.150341 23859
  142 0.044049 -2212
  143 7781.816853 15705
  144 220.162769 14460
  145 7852.510590 16428
  146 15248.301917 26421
  147 1285.421286 10799
  148 0.353056 -2970
  149 5966.485146 30348
  150 4822.832074 14927
  151 0.400289 -2981
  152 1494.803357  4176
  153 6225.581869  3369
  154 0.147693 -3090
  155 0.427264 -2741
  156 8806.838167 26851
  157 1945.921093 29251
  158 522.457586  5560
  159 0.257163 -1996
  160 7699.480037 13900
  161 8338.739122 29542
  162 9092.995342 23379
  163 42.293426 18562
  164 1.411086 -2198
  165 0.131657 -2146
  166 557.181840  4587
  167 4994.720997  4200
  168 0.098304 32150
  169 0.126723 -2166
  170 0.036727 -2801
  171 0.491578 -3255
  172 6265.952349 24598
  173 7294.687371 14057
  174 0.081729 -2884
  175 1838.343375 15891
  176 0.615748 -2279
  177 31068.519317 31434
  178 17126.923885 20565
  179 88.086803 11021
  180 12221.630702 19654
  181 0.343228 31837
  182 4278.767782 13672
  183 1571.301560 14952
  184 12085.310689 26785
  185 57.383480  6455
  186 0.348792 -1650
  187 0.399017 -2588
  188 0.125691 -2827
  189 3063.982413 16729
  190 972.911940 13760
  191 1.081585 -2091
  192 2949.911527 24846
  193 7627.111133 29565
  194 0.287497 -1681
  195 3220.713190 28229
  196 0.353336 -1684
  197 17437.616820 15816
  198 3642.558335 17659
  199 0.376281 -3088
  200 1492.584793  6147
  201 1019.207850 30936
  202 1958.278456 26161
  203 6328.828577  9518
  204 23674.999543 29234
  205 3271.575762 18278
  206 5281.500606 12201
  207 0.673880 -1702
  208 0.466669 -2474
  209 4687.828824 11251
  210 2265.057150 11128
  211 10054.455621 18494
  212 0.025972 -1593
  213 0.080158 -2437
  214 1071.410752 15528
  215 0.487113 -1846
  216 0.443609  1154
  217 1003.634149 15143
  218 13282.871156 -3103
  219 5459.071217 16679
  220 0.318526 -2764
  221 0.134367  1476
  222 7618.429932 19127
  223 482.592907  5680
  224 0.131968  2168
  225 0.324028 -2741
  226 9160.121982 25072
  227 0.402268   460
  228 934.795666  3095
  229 6197.753176  8458
  230 11854.238176 -3242
  231 4166.739264 11398
  232 1095.220657   881
  233 2550.015194  1061
  234 0.005860 -1929
  235 4292.069228 17055
  236 14982.597334 31779
  237 15918.188922 25768
  238 4001.246084 14732
  239 1656.661129 -3256
  240 130.141843    35
  241 2190.951112  9045
  242 10532.662152 28477
  243 22788.967871 25507
  244 8420.743640 27680
  245 589.013621  6344
  246 7537.826544 21407
  247 0.512833 -1812
  248 0.280825 -2751
  249 1767.940803 21608
  250 18546.097340 19993
  251 12487.087116 -3226
  252 0.316169   131
  253 13459.256147 26725
  254 0.118132 -2571
  255 188.555937  4774
  256 0.310269 -2202
  257 0.310972 -2715
  258 2709.063236 11874
  259 0.926448 -2572
  260 0.002847 -2700
  261 6308.886755 15881
  262 0.333392 -2630
  263 11302.693817 14536
  264 566.071783  1231
  265 6860.092928 13187
  266 3156.121694  7031
  267 0.492352 -2424
  268 5817.359098 12441
  269 0.727027 -2748
  270 5912.294638 27996
  271 4464.184433 20832
  272 0.332005 -2129
  273 4447.310474 13008
  274 2380.069089  3973
  275 5908.354805  9596
  276 6614.026858 29864
  277 3795.639715  8226
  278 6398.548444  8125
  279 367.601395  1936
  280 13.836115   519
  281 0.781324 -1896
  282 7967.014653 20779
  283 980.733508  5897
  284 0.339223 30295
  285 20888.035636 29243
  286 59.061935 -3236
  287 6813.271402 13467
  288 0.187787 -2093
  289 0.777034 -1755
  290 5236.274294 15224
  291 12598.989589 16581
  292 5742.222611 16126
  293 0.457723 -2489
  294 5121.179902 12038
  295 8826.185138 14498
  296 0.116338  4174
  297 7214.065393 -3250
  298 0.295276 32570
  299 1955.034572 21172
  300 3787.226909 14979
