300
    1 328.733995     1
    2 7218.564553 22552
    3 22643.239603 27863
    4 0.713205 -1935
    5 0.030363 -2497
    6 6779.231470 11402
    7 620.832622  7882
    8 987.089731  5438
    9 0.117245 -2390
   10 1352.288854  6863
   11 0.047763 -2493
   12 291.664414   525
   13 0.068809 -1620
   14 1122.318191 20096
   15 0.210394 -3259
   16 196.161121 24956
   17 0.151922 -2849
   18 23591.671700 -3232
   19 6531.365272 14573
   20 0.004883 -3083
   21 2328.337849 21823
   22 8514.822788 15275
   23 9022.614013 14868
   24 0.150658 -2447
   25 1.156877  2208
   26 0.703458 -2263
   27 4156.377924 20395
   28 5781.792026 -3111
   29 2044.350233  4613
   30 2451.847192 14985
   31 5394.839734 10343
   32 0.223238 -1984
   33 368.039769  2104
   34 2901.021700 -2852
   35 10945.697270 17064
   36 2778.202518 21647
   37 0.309840 -2309
   38 762.599302  1257
   39 0.058645 -3064
   40 558.777829  2568
   41 4660.317178 12082
   42 6839.951861 15949
   43 7239.822764 13544
   44 2923.364459 23714
   45 20854.904936 30240
   46 3718.145365 10842
   47 7372.835583 15863
   48 0.538343 -1788
   49 0.360675 -3003
   50 294.692109  1573
   51 1709.504790   828
   52 6400.850185 12746
   53 0.179952   314
   54 5442.598757 23962
   55 13583.401425 23513
   56 0.743027 32017
   57 13583.476484 27528
   58 0.362150 -2540
   59 35751.991995 28792
   60 593.980169 31213
   61 9608.582960 19028
   62 13120.149477 31927
   63 0.130293 31951
   64 11533.996956 26634
   65 1989.223278  8009
   66 30949.632856 18283
   67 3818.632610 14765
   68 4965.436637 27953
   69 4374.173675  4234
   70 746.056362  6832
   71 3851.140894  6524
   72 0.765833 -2711
   73 12276.159611 23238
   74 11865.374310 23525
   75 0.081704 -2177
   76 3370.943285 10172
   77 5475.174444 21958
   78 0.252991 -2390
   79 1.151717 -2423
   80 0.465378 -2110
   81 0.120677  3195
   82 0.948675  3101
   83 1295.873171 -3116
   84 1424.940583  7462
   85 1051.902383  1250
   86 5038.089044 13695
   87 0.322642 -2810
   88 0.955172 -2668
   89 0.534853 -2119
   90 842.108903 11841
   91 504.553212  3905
   92 22890.877593 26181
   93 5665.099222  6201
   94 0.370871 -2630
   95 0.040815 -2801
   96 16167.281175 20258
   97 7320.953135 11140
   98 0.202751 -2718
   99 12674.446971  7350
  100 0.039453 -3230
  101 2011.453973  6709
  102 0.610144 -2544
  103 15330.879855 20824
  104 6801.853935 10814
  105 0.184872 -2651
  106 972.815612  1080
  107 12672.758087 23377
  108 0.802342 -3192
  109 943.846404  1281
  110 1.218392 -2629
  111 2122.989572 12350
  112 0.050255 -1920
  113 217.977557 21527
  114 5172.017436 28488
  115 2364.816675 12613
  116 26198.035833 25599
  117 473.228734  2552
  118 887.552981  4764
  119 5627.745043 11817
  120 7531.614817  8720
  121 0.437517   876
  122 15891.967152 21854
  123 0.140352 -1881
  124 3540.942774   546
  125 0.307180 -1913
  126 8032.394180 32558
  127 20499.513864 29437
  128 959.060208 32051
  129 6175.852527 22728
  130 1659.095279 12216
  131 4611.403254 19666
  132 0.119203    74
  133 0.470441 -1966
  134 23054.652456 16240
  135 7061.569792 23404
  136 1110.802555  3066
  137 128.002224  3236
  138 0.631007 -3156
  139 29896.791292 26575
  140 20481.740066 30702
  141 15952.555769 23859
  142 0.062219 -2212
  143 8070.547943 15705
  144 1173.825230 14460
  145 8281.141086 16428
  146 33780.384228 26421
  147 5724.558509 10799
  148 0.434411 -2970
  149 10110.219835 30348
  150 142.594767 14927
  151 0.266014 -2981
  152 1170.192239  4176
  153 4537.731521  3369
  154 1.012950 -3090
  155 0.168077 -2741
  156 12742.347623 26851
  157 4984.031480 29251
  158 1289.837366  5560
  159 0.114633 -1996
  160 6618.853638 13900
  161 10612.942935 29542
  162 9256.184167 23379
  163 20515.263487 18562
  164 0.473443 -2198
  165 0.592158 -2146
  166 1912.016369  4587
  167 6308.894918  4200
  168 0.423323 32150
  169 0.221657 -2166
  170 0.292069 -2801
  171 0.510345 -3255
  172 16099.862716 24598
  173 8958.722272 14057
  174 0.034040 -2884
  175 5369.592449 15891
  176 0.500443 -2279
  177 2963.961638 31434
  178 6964.669773 20565
  179 874.800125 11021
  180 1317.082324 19654
  181 0.298512 31837
  182 4430.332326 13672
  183 7018.174574 14952
  184 9163.496237 26785
  185 446.513595  6455
  186 0.476937 -1650
  187 0.591029 -2588
  188 0.379354 -2827
  189 2131.566809 16729
  190 2264.770176 13760
  191 0.470255 -2091
  192 8900.175313 24846
  193 30911.412811 29565
  194 0.186155 -1681
  195 4178.308394 28229
  196 0.231807 -1684
  197 3882.025269 15816
  198 5734.599709 17659
  199 0.375100 -3088
  200 3364.737964  6147
  201 9158.372203 30936
  202 5769.881890 26161
  203 8717.619621  9518
  204 8067.277031 29234
  205 6720.876444 18278
  206 2424.821447 12201
  207 0.320054 -1702
  208 0.328538 -2474
  209 480.280962 11251
  210 1044.088848 11128
  211 10405.641308 18494
  212 0.315882 -1593
  213 0.522159 -2437
  214 1372.875546 15528
  215 0.048776 -1846
  216 0.410440  1154
  217 7895.911737 15143
  218 23079.542286 -3103
  219 594.809712 16679
  220 0.102692 -2764
  221 0.243444  1476
  222 14324.508393 19127
  223 3900.579957  5680
  224 0.241949  2168
  225 0.709434 -2741
  226 97.438237 25072
  227 0.385302   460
  228 3613.529270  3095
  229 1028.653843  8458
  230 7035.390241 -3242
  231 5977.183001 11398
  232 383.051865   881
  233 1062.671538  1061
  234 0.351018 -1929
  235 18506.451400 17055
  236 12163.442461 31779
  237 6403.627290 25768
  238 4376.859906 14732
  239 5523.617502 -3256
  240 829.472878    35
  241 688.861097  9045
  242 5908.073690 28477
  243 10831.954774 25507
  244 9276.644863 27680
  245 5673.489472  6344
  246 2639.028465 21407
  247 0.729822 -1812
  248 0.372577 -2751
  249 16633.036586 21608
  250 8473.455079 19993
  251 13638.463975 -3226
  252 0.123616   131
  253 12681.301256 26725
  254 0.555725 -2571
  255 1480.211041  4774
  256 0.119392 -2202
  257 0.526806 -2715
  258 3158.083564 11874
  259 0.416948 -2572
  260 0.124097 -2700
  261 4622.181587 15881
  262 1.146965 -2630
  263 6474.840146 14536
  264 412.330917  1231
  265 17564.040703 13187
  266 10317.364599  7031
  267 0.327244 -2424
  268 1603.865067 12441
  269 0.015398 -2748
  270 13402.242371 27996
  271 7423.877872 20832
  272 0.975613 -2129
  273 11594.870122 13008
  274 1050.942780  3973
  275 879.728129  9596
  276 6435.555525 29864
  277 742.258434  8226
  278 12295.838595  8125
  279 400.752806  1936
  280 7.714367   519
  281 0.297906 -1896
  282 22559.991907 20779
  283 462.660536  5897
  284 0.130184 30295
  285 355.342516 29243
  286 8180.785604 -3236
  287 5808.019618 13467
  288 0.792370 -2093
  289 0.054762 -1755
  290 7171.288630 15224
  291 16370.513043 16581
  292 14703.873433 16126
  293 0.645521 -2489
  294 8173.811397 12038
  295 3120.886142 14498
  296 0.275347  4174
  297 10538.309550 -3250
  298 0.525260 32570
  299 14218.420064 21172
  300 1755.100276 14979
