300
    1 637.464516     1
    2 17430.338505 22552
    3 1343.300289 27863
    4 0.136524 -1935
    5 0.366868 -2497
    6 849.088392 11402
    7 1605.489779  7882
    8 1950.955318  5438
    9 0.159893 -2390
   10 377.431792  6863
   11 0.293322 -2493
   12 55.296874   525
   13 0.156643 -1620
   14 6503.687661 20096
   15 0.390997 -3259
   16 675.960963 24956
   17 0.327745 -2849
   18 17927.004773 -3232
   19 1366.983462 14573
   20 0.141226 -3083
   21 5560.891963 21823
   22 7342.583332 15275
   23 13245.180885 14868
   24 0.251898 -2447
   25 0.619284  2208
   26 0.111302 -2263
   27 8891.586717 20395
   28 12824.694222 -3111
   29 368.851799  4613
   30 4490.498423 14985
   31 3466.318018 10343
   32 0.369734 -1984
   33 2765.943156  2104
   34 18813.328660 -2852
   35 13689.662740 17064
   36 5803.460301 21647
   37 0.184933 -2309
   38 341.981875  1257
   39 0.860337 -3064
   40 387.837690  2568
   41 4208.806723 12082
   42 10894.632877 15949
   43 2065.603131 13544
   44 5090.121838 23714
   45 14721.236342 30240
   46 2248.277218 10842
   47 7581.615891 15863
   48 0.495758 -1788
   49 1.116848 -3003
   50 75.218437  1573
   51 348.266402   828
   52 509.239519 12746
   53 0.480897   314
   54 3205.750483 23962
   55 7698.084397 23513
   56 0.023431 32017
   57 12786.576215 27528
   58 0.710060 -2540
   59 521.862779 28792
   60 4722.624280 31213
   61 7732.579009 19028
   62 21871.181159 31927
   63 0.482344 31951
   64 33935.007795 26634
   65 776.148531  8009
   66 1107.842476 18283
   67 4636.358034 14765
   68 7789.131540 27953
   69 412.695310  4234
   70 1478.037528  6832
   71 796.928964  6524
   72 0.970629 -2711
   73 17806.016798 23238
   74 20685.614977 23525
   75 0.012486 -2177
   76 4415.607382 10172
   77 4820.737982 21958
   78 0.156484 -2390
   79 0.331877 -2423
   80 1.644910 -2110
   81 0.279500  3195
   82 0.859158  3101
   83 2334.023791 -3116
   84 913.515316  7462
   85 2392.983535  1250
   86 3342.453948 13695
   87 0.119215 -2810
   88 0.118160 -2668
   89 0.108417 -2119
   90 1570.781638 11841
   91 997.325145  3905
   92 7942.059928 26181
   93 4533.006827  6201
   94 0.082812 -2630
   95 0.485071 -2801
   96 10552.301021 20258
   97 10391.010435 11140
   98 0.350398 -2718
   99 9916.909370  7350
  100 0.162164 -3230
  101 651.774558  6709
  102 0.033475 -2544
  103 6098.548692 20824
  104 2302.393081 10814
  105 0.206878 -2651
  106 277.596313  1080
  107 11850.221066 23377
  108 0.164065 -3192
  109 1687.166469  1281
  110 0.176843 -2629
  111 9974.358772 12350
  112 0.270141 -1920
  113 28123.851454 21527
  114 9546.314843 28488
  115 8962.943259 12613
  116 16722.543097 25599
  117 2611.193422  2552
  118 761.538061  4764
  119 869.463783 11817
  120 2024.560068  8720
  121 0.132224   876
  122 16256.622077 21854
  123 0.933177 -1881
  124 2644.322090   546
  125 0.110986 -1913
  126 1500.249977 32558
  127 6126.302023 29437
  128 5972.748291 32051
  129 8702.345555 22728
  130 5606.936892 12216
  131 2267.388721 19666
  132 0.738098    74
  133 0.213816 -1966
  134 18865.746724 16240
  135 11283.352089 23404
  136 8586.459676  3066
  137 113.119723  3236
  138 0.856927 -3156
  139 12972.893802 26575
  140 7715.891331 30702
  141 147.483804 23859
  142 0.605608 -2212
  143 10531.116093 15705
  144 1482.808604 14460
  145 7034.014949 16428
  146 13981.333190 26421
  147 2809.394435 10799
  148 0.149985 -2970
  149 133.834006 30348
  150 7376.207601 14927
  151 0.152635 -2981
  152 3875.122226  4176
  153 6347.380940  3369
  154 0.478351 -3090
  155 1.004341 -2741
  156 18908.056310 26851
  157 6723.784406 29251
  158 914.367827  5560
  159 0.058212 -1996
  160 4325.685562 13900
  161 7687.583621 29542
  162 6393.714149 23379
  163 8119.335305 18562
  164 0.062042 -2198
  165 0.835469 -2146
  166 2258.079765  4587
  167 2111.275632  4200
  168 0.375987 32150
  169 0.638038 -2166
  170 0.843627 -2801
  171 0.096106 -3255
  172 36534.094882 24598
  173 2912.164578 14057
  174 0.208729 -2884
  175 4579.523351 15891
  176 0.110269 -2279
  177 71.807852 31434
  178 6919.164870 20565
  179 511.442627 11021
  180 6893.313294 19654
  181 0.240763 31837
  182 333.212024 13672
  183 3895.005047 14952
  184 4011.667087 26785
  185 1040.222375  6455
  186 0.621898 -1650
  187 0.471859 -2588
  188 0.132599 -2827
  189 8168.632304 16729
  190 6038.268919 13760
  191 0.667535 -2091
  192 5207.374941 24846
  193 21574.205568 29565
  194 0.671405 -1681
  195 12080.757784 28229
  196 0.336822 -1684
  197 613.628432 15816
  198 1402.882844 17659
  199 0.524544 -3088
  200 2296.484890  6147
  201 15023.378758 30936
  202 10941.096246 26161
  203 4280.764459  9518
  204 1917.991380 29234
  205 1392.234806 18278
  206 1013.227016 12201
  207 0.658182 -1702
  208 0.073508 -2474
  209 3873.889940 11251
  210 1274.258443 11128
  211 6720.083114 18494
  212 0.662850 -1593
  213 0.437835 -2437
  214 1189.169597 15528
  215 0.127951 -1846
  216 1.036350  1154
  217 1045.136706 15143
  218 9391.265948 -3103
  219 5624.961284 16679
  220 0.664097 -2764
  221 1.240639  1476
  222 13936.984857 19127
  223 3373.012506  5680
  224 0.696255  2168
  225 0.218791 -2741
  226 21622.139864 25072
  227 0.108802   460
  228 2048.778152  3095
  229 869.951560  8458
  230 18877.774977 -3242
  231 1690.951432 11398
  232 217.377959   881
  233 1012.019892  1061
  234 0.264260 -1929
  235 8614.421086 17055
  236 23758.635289 31779
  237 16859.126465 25768
  238 1228.552943 14732
  239 24868.613353 -3256
  240 618.561643    35
  241 2308.099280  9045
  242 22313.371082 28477
  243 28976.316745 25507
  244 4920.446128 27680
  245 1204.893902  6344
  246 8582.902838 21407
  247 0.120482 -1812
  248 0.485016 -2751
  249 2690.153141 21608
  250 463.274893 19993
  251 6768.379727 -3226
  252 0.719756   131
  253 5207.129810 26725
  254 0.001673 -2571
  255 549.658342  4774
  256 0.910872 -2202
  257 0.000184 -2715
  258 6196.761061 11874
  259 0.451076 -2572
  260 0.058186 -2700
  261 147.412552 15881
  262 0.443999 -2630
  263 539.618620 14536
  264 423.140061  1231
  265 6542.825948 13187
  266 1378.645558  7031
  267 0.407231 -2424
  268 990.260341 12441
  269 0.021389 -2748
  270 11414.078994 27996
  271 5233.362294 20832
  272 0.146105 -2129
  273 12577.585771 13008
  274 841.485266  3973
  275 3010.052984  9596
  276 24899.732485 29864
  277 3453.089052  8226
  278 13353.698180  8125
  279 420.009352  1936
  280 5.257236   519
  281 0.779314 -1896
  282 7539.278343 20779
  283 15.184549  5897
  284 0.404130 30295
  285 7499.860105 29243
  286 2455.639655 -3236
  287 11601.612079 13467
  288 0.682494 -2093
  289 0.140426 -1755
  290 4498.294594 15224
  291 5379.555313 16581
  292 3842.218387 16126
  293 1.096161 -2489
  294 1193.105297 12038
  295 5857.858752 14498
  296 0.660041  4174
  297 21963.749855 -3250
  298 0.334990 32570
  299 1312.117631 21172
  300 3379.369871 14979
