300
    1 0.451831     1
    2 9021.776473 22552
    3 2894.634876 27863
    4 0.006775 -1935
    5 0.929580 -2497
    6 2888.554699 11402
    7 2511.212528  7882
    8 442.161734  5438
    9 0.743137 -2390
   10 717.729783  6863
   11 0.057272 -2493
   12 321.130951   525
   13 0.192965 -1620
   14 5999.936503 20096
   15 0.448175 -3259
   16 5713.942238 24956
   17 0.400571 -2849
   18 11401.493810 -3232
   19 3477.649724 14573
   20 0.785969 -3083
   21 11672.783965 21823
   22 4973.308701 15275
   23 184.918123 14868
   24 0.366337 -2447
   25 0.085873  2208
   26 0.183494 -2263
   27 8145.155643 20395
   28 15262.348343 -3111
   29 2242.397549  4613
   30 1641.889288 14985
   31 8814.714299 10343
   32 0.556054 -1984
   33 542.744055  2104
   34 22387.011752 -2852
   35 6741.131082 17064
   36 4171.424414 21647
   37 0.161452 -2309
   38 200.215375  1257
   39 0.308050 -3064
   40 1705.409962  2568
   41 1969.961470 12082
   42 2370.614138 15949
   43 5135.100172 13544
   44 4051.560670 23714
   45 10112.749376 30240
   46 1103.103581 10842
   47 16756.735345 15863
   48 0.088426 -1788
   49 0.184685 -3003
   50 17.462212  1573
   51 389.795111   828
   52 1517.274975 12746
   53 0.275282   314
   54 1148.386059 23962
   55 6184.621307 23513
   56 0.318924 32017
   57 3522.012499 27528
   58 0.745034 -2540
   59 15260.667142 28792
   60 8584.003262 31213
   61 1126.081674 19028
   62 23259.842608 31927
   63 0.552834 31951
   64 10417.113385 26634
   65 822.503181  8009
   66 14600.595580 18283
   67 581.655974 14765
   68 5179.909845 27953
   69 2778.884577  4234
   70 1903.734534  6832
   71 658.732221  6524
   72 1.021136 -2711
   73 15979.291080 23238
   74 9333.624261 23525
   75 0.052699 -2177
   76 2571.269847 10172
   77 652.319438 21958
   78 0.156575 -2390
   79 0.126294 -2423
   80 0.291297 -2110
   81 0.343945  3195
   82 0.706608  3101
   83 15118.894820 -3116
   84 160.061423  7462
   85 3393.130365  1250
   86 4176.858116 13695
   87 0.074677 -2810
   88 0.009345 -2668
   89 0.075916 -2119
   90 3388.258306 11841
   91 476.380331  3905
   92 10332.123815 26181
   93 245.374266  6201
   94 0.901703 -2630
   95 0.445714 -2801
   96 5750.587219 20258
   97 615.211737 11140
   98 0.073477 -2718
   99 2424.576198  7350
  100 0.004389 -3230
  101 515.077076  6709
  102 0.247400 -2544
  103 2824.579991 20824
  104 3333.715381 10814
  105 0.875829 -2651
  106 2173.489264  1080
  107 14598.697887 23377
  108 0.610098 -3192
  109 1317.306241  1281
  110 0.113575 -2629
  111 6661.045487 12350
  112 0.017625 -1920
  113 13774.395030 21527
  114 30049.195645 28488
  115 7333.550181 12613
  116 7139.510501 25599
  117 1002.153579  2552
  118 341.303810  4764
  119 1799.764722 11817
  120 751.018577  8720
  121 0.229863   876
  122 14169.161237 21854
  123 0.109508 -1881
  124 4116.994997   546
  125 0.261577 -1913
  126 1090.329027 32558
  127 15075.926777 29437
  128 14610.206622 32051
  129 867.970846 22728
  130 3617.658062 12216
  131 3808.470424 19666
  132 0.433903    74
  133 0.010757 -1966
  134 8712.532238 16240
  135 4749.084315 23404
  136 5763.743521  3066
  137 70.283292  3236
  138 0.019234 -3156
  139 2285.315123 26575
  140 38969.910455 30702
  141 15267.273127 23859
  142 0.582429 -2212
  143 6349.074305 15705
  144 445.542215 14460
  145 16054.056473 16428
  146 21051.531064 26421
  147 256.660070 10799
  148 0.379855 -2970
  149 4203.324917 30348
  150 11751.023054 14927
  151 0.498818 -2981
  152 2543.667541  4176
  153 155.635839  3369
  154 0.237012 -3090
  155 0.914135 -2741
  156 12594.847114 26851
  157 22973.838361 29251
  158 1071.296477  5560
  159 0.691119 -1996
  160 223.131468 13900
  161 119.777632 29542
  162 24113.989750 23379
  163 15450.813751 18562
  164 0.472861 -2198
  165 0.396831 -2146
  166 429.230919  4587
  167 2047.784438  4200
  168 0.193045 32150
  169 0.189627 -2166
  170 0.020823 -2801
  171 0.514248 -3255
  172 11847.497516 24598
  173 4557.895638 14057
  174 1.071813 -2884
  175 11913.825889 15891
  176 0.141762 -2279
  177 6188.088136 31434
  178 8057.336645 20565
  179 2068.918613 11021
  180 5221.231524 19654
  181 0.377666 31837
  182 2426.833697 13672
  183 5698.608152 14952
  184 8394.629780 26785
  185 611.851822  6455
  186 0.407332 -1650
  187 0.662061 -2588
  188 0.397414 -2827
  189 14600.815762 16729
  190 10225.017876 13760
  191 0.122332 -2091
  192 8980.932146 24846
  193 17026.857278 29565
  194 0.084239 -1681
  195 231.661607 28229
  196 0.416742 -1684
  197 5261.339974 15816
  198 2537.495526 17659
  199 0.530715 -3088
  200 3358.111460  6147
  201 36755.870332 30936
  202 4017.930594 26161
  203 6323.539012  9518
  204 2414.293723 29234
  205 2495.454403 18278
  206 4857.581918 12201
  207 0.146131 -1702
  208 0.960161 -2474
  209 5009.059920 11251
  210 3082.158086 11128
  211 5766.666473 18494
  212 0.892243 -1593
  213 0.539760 -2437
  214 2236.411175 15528
  215 0.540941 -1846
  216 0.077189  1154
  217 6300.298579 15143
  218 417.324948 -3103
  219 2322.456835 16679
  220 0.210504 -2764
  221 0.347836  1476
  222 13645.696538 19127
  223 1011.016221  5680
  224 0.696862  2168
  225 0.125594 -2741
  226 1513.722989 25072
  227 0.403572   460
  228 2482.297210  3095
  229 1602.379533  8458
  230 31469.863606 -3242
  231 5322.274786 11398
  232 729.756435   881
  233 3538.052041  1061
  234 0.417634 -1929
  235 422.101716 17055
  236 3795.463826 31779
  237 15642.492361 25768
  238 2495.723962 14732
  239 21366.329683 -3256
  240 404.913073    35
  241 2917.143461  9045
  242 9203.835012 28477
  243 5166.222541 25507
  244 17814.304280 27680
  245 2573.482623  6344
  246 3617.878208 21407
  247 0.845550 -1812
  248 0.522462 -2751
  249 4517.094404 21608
  250 1375.255153 19993
  251 8159.710862 -3226
  252 0.176834   131
  253 25615.604782 26725
  254 0.819820 -2571
  255 39.674357  4774
  256 0.178173 -2202
  257 0.007561 -2715
  258 3661.966202 11874
  259 0.764406 -2572
  260 0.374712 -2700
  261 6317.076902 15881
  262 0.477065 -2630
  263 472.508822 14536
  264 2216.919928  1231
  265 8965.634603 13187
  266 5060.477221  7031
  267 0.429440 -2424
  268 626.573187 12441
  269 0.525284 -2748
  270 612.535008 27996
  271 10268.579404 20832
  272 0.170300 -2129
  273 2986.347428 13008
  274 3238.059263  3973
  275 2535.815869  9596
  276 11987.810386 29864
  277 4221.836771  8226
  278 6952.922379  8125
  279 478.493744  1936
  280 7.632179   519
  281 0.163189 -1896
  282 7836.239032 20779
  283 1344.949335  5897
  284 0.123443 30295
  285 13123.966102 29243
  286 14885.843939 -3236
  287 7306.816352 13467
  288 0.212410 -2093
  289 0.223478 -1755
  290 11033.672816 15224
  291 9379.755380 16581
  292 3052.410867 16126
  293 0.306626 -2489
  294 7542.991914 12038
  295 1648.766431 14498
  296 0.992875  4174
  297 13841.790934 -3250
  298 0.859186 32570
  299 10322.481710 21172
  300 423.816890 14979
