300
    1 243.243012     1
    2 7643.792619 22552
    3 3958.231478 27863
    4 0.417955 -1935
    5 0.306670 -2497
    6 12377.679643 11402
    7 1046.788406  7882
    8 116.631742  5438
    9 0.692523 -2390
   10 3405.560567  6863
   11 0.274397 -2493
   12 89.001558   525
   13 0.577600 -1620
   14 3029.736562 20096
   15 0.315525 -3259
   16 7004.611018 24956
   17 0.295355 -2849
   18 7339.980206 -3232
   19 501.309885 14573
   20 0.116475 -3083
   21 3778.110414 21823
   22 2334.755649 15275
   23 5782.686502 14868
   24 0.202676 -2447
   25 0.547156  2208
   26 1.009576 -2263
   27 168.481735 20395
   28 6559.243805 -3111
   29 2833.474054  4613
   30 4516.986572 14985
   31 4739.386539 10343
   32 0.363439 -1984
   33 3398.406581  2104
   34 12972.568662 -2852
   35 3106.015919 17064
   36 8809.035824 21647
   37 0.570037 -2309
   38 1211.027651  1257
   39 0.193139 -3064
   40 145.292681  2568
   41 1700.372930 12082
   42 3262.277486 15949
   43 3144.874553 13544
   44 7319.106618 23714
   45 14806.898855 30240
   46 15350.942302 10842
   47 18746.336994 15863
   48 0.311590 -1788
   49 0.111791 -3003
   50 138.436679  1573
   51 482.486526   828
   52 6250.098443 12746
   53 0.391058   314
   54 14931.196672 23962
   55 5845.300268 23513
   56 0.190121 32017
   57 14367.542068 27528
   58 0.994505 -2540
   59 17193.344274 28792
   60 749.108755 31213
   61 13055.750356 19028
   62 12213.015847 31927
   63 0.634800 31951
   64 3608.766294 26634
   65 2398.739707  8009
   66 9622.415905 18283
   67 3048.074895 14765
   68 8652.208093 27953
   69 904.513218  4234
   70 738.138900  6832
   71 3533.806360  6524
   72 0.123810 -2711
   73 544.672356 23238
   74 3576.683760 23525
   75 0.174077 -2177
   76 4712.048150 10172
   77 5017.283713 21958
   78 0.561060 -2390
   79 0.182148 -2423
   80 0.199717 -2110
   81 0.705570  3195
   82 0.153973  3101
   83 61962.636445 -3116
   84 6345.892665  7462
   85 1286.441029  1250
   86 2032.151763 13695
   87 0.556020 -2810
   88 0.204395 -2668
   89 0.143483 -2119
   90 936.283552 11841
   91 694.325389  3905
   92 6916.167351 26181
   93 726.706207  6201
   94 0.050708 -2630
   95 0.149056 -2801
   96 4295.651010 20258
   97 10312.962482 11140
   98 0.096416 -2718
   99 319.457477  7350
  100 0.486349 -3230
  101 1462.198480  6709
  102 0.765797 -2544
  103 9859.297384 20824
  104 2048.335700 10814
  105 0.379600 -2651
  106 404.008729  1080
  107 8451.015974 23377
  108 0.042023 -3192
  109 1697.023274  1281
  110 0.252778 -2629
  111 9101.356579 12350
  112 0.299667 -1920
  113 18879.239891 21527
  114 14.616319 28488
  115 4808.119483 12613
  116 16421.663966 25599
  117 2435.729619  2552
  118 212.964733  4764
  119 590.596795 11817
  120 1158.876956  8720
  121 0.349214   876
  122 9068.811246 21854
  123 0.936842 -1881
  124 1340.692133   546
  125 0.270567 -1913
  126 10944.470981 32558
  127 3694.637553 29437
  128 8509.137447 32051
  129 14200.492340 22728
  130 1904.181464 12216
  131 6448.968529 19666
  132 0.297596    74
  133 0.156535 -1966
  134 2985.394822 16240
  135 2271.904274 23404
  136 1046.834638  3066
  137 580.675105  3236
  138 0.190968 -3156
  139 28211.635211 26575
  140 118.623723 30702
  141 9381.173647 23859
  142 0.201426 -2212
  143 2232.010732 15705
  144 3676.334836 14460
  145 11233.118655 16428
  146 2533.484543 26421
  147 2685.290651 10799
  148 0.127675 -2970
  149 17710.775777 30348
  150 2047.865638 14927
  151 0.840130 -2981
  152 5032.504707  4176
  153 3470.811617  3369
  154 0.249644 -3090
  155 0.782034 -2741
  156 6071.348354 26851
  157 9897.856778 29251
  158 2206.388792  5560
  159 0.694622 -1996
  160 13092.506069 13900
  161 23024.571074 29542
  162 12083.808079 23379
  163 8318.306617 18562
  164 0.706542 -2198
  165 0.711527 -2146
  166 83.896491  4587
  167 2152.439454  4200
  168 0.399620 32150
  169 0.785726 -2166
  170 0.392369 -2801
  171 0.612555 -3255
  172 8300.355166 24598
  173 8941.843282 14057
  174 0.499451 -2884
  175 10801.611783 15891
  176 0.313533 -2279
  177 9271.368824 31434
  178 7669.092175 20565
  179 810.367447 11021
  180 3931.429386 19654
  181 0.062556 31837
  182 905.341603 13672
  183 12033.919737 14952
  184 8141.111050 26785
  185 862.242451  6455
  186 0.444415 -1650
  187 0.294636 -2588
  188 0.286038 -2827
  189 4509.903953 16729
  190 3148.992702 13760
  191 0.026988 -2091
  192 8481.217020 24846
  193 30373.926284 29565
  194 0.102499 -1681
  195 17161.995290 28229
  196 0.335139 -1684
  197 2397.924234 15816
  198 6154.784774 17659
  199 0.254544 -3088
  200 1975.186991  6147
  201 16056.522473 30936
  202 17610.339421 26161
  203 1157.501692  9518
  204 14399.920129 29234
  205 1595.920763 18278
  206 2136.653096 12201
  207 0.065952 -1702
  208 0.240999 -2474
  209 9604.417199 11251
  210 2984.701099 11128
  211 8657.729253 18494
  212 0.455181 -1593
  213 0.689650 -2437
  214 4160.901121 15528
  215 0.043531 -1846
  216 0.447975  1154
  217 12867.646390 15143
  218 3175.577396 -3103
  219 12205.720025 16679
  220 0.588562 -2764
  221 0.622477  1476
  222 5183.957408 19127
  223 642.308658  5680
  224 0.413584  2168
  225 0.278916 -2741
  226 23264.309781 25072
  227 0.745462   460
  228 4194.686581  3095
  229 3729.206647  8458
  230 7257.069736 -3242
  231 6578.385812 11398
  232 29.649403   881
  233 1366.668717  1061
  234 0.929061 -1929
  235 13766.506095 17055
  236 17394.217210 31779
  237 1265.603823 25768
  238 4311.044601 14732
  239 2243.421277 -3256
  240 803.003113    35
  241 5165.703536  9045
  242 16074.415045 28477
  243 7433.505796 25507
  244 31299.948480 27680
  245 833.648370  6344
  246 16288.630548 21407
  247 0.273153 -1812
  248 0.004022 -2751
  249 6197.356460 21608
  250 18434.250401 19993
  251 1442.461105 -3226
  252 0.530144   131
  253 434.743799 26725
  254 0.267175 -2571
  255 1006.264834  4774
  256 0.197960 -2202
  257 0.074899 -2715
  258 304.652294 11874
  259 0.112269 -2572
  260 0.613931 -2700
  261 6879.163685 15881
  262 0.501990 -2630
  263 6264.427410 14536
  264 98.631822  1231
  265 4359.006887 13187
  266 2564.007987  7031
  267 0.375514 -2424
  268 9137.569041 12441
  269 0.275397 -2748
  270 15441.512490 27996
  271 2434.780776 20832
  272 0.574769 -2129
  273 11783.190680 13008
  274 1376.867449  3973
  275 1650.783646  9596
  276 4030.355730 29864
  277 12864.754995  8226
  278 2421.661492  8125
  279 143.814616  1936
  280 15.322358   519
  281 0.094237 -1896
  282 13236.946725 20779
  283 239.503681  5897
  284 0.096428 30295
  285 4808.868707 29243
  286 1851.990680 -3236
  287 584.418980 13467
  288 0.597722 -2093
  289 0.313512 -1755
  290 499.733553 15224
  291 7198.209577 16581
  292 3771.084814 16126
  293 0.921993 -2489
  294 2472.767328 12038
  295 2419.790849 14498
  296 0.566576  4174
  297 24170.533395 -3250
  298 0.265755 32570
  299 3251.151286 21172
  300 1438.788814 14979
