300
    1 189.781872     1
    2 509.079586 22552
    3 4166.895943 27863
    4 0.370111 -1935
    5 0.459150 -2497
    6 6652.402995 11402
    7 1556.476684  7882
    8 1714.521271  5438
    9 0.572730 -2390
   10 1131.687197  6863
   11 0.568308 -2493
   12 302.676174   525
   13 0.053808 -1620
   14 3211.043094 20096
   15 0.465807 -3259
   16 6802.495605 24956
   17 0.177841 -2849
   18 14263.310559 -3232
   19 1841.828172 14573
   20 0.287255 -3083
   21 9278.903483 21823
   22 9605.080342 15275
   23 15577.075649 14868
   24 1.047185 -2447
   25 0.495137  2208
   26 0.205281 -2263
   27 12478.906806 20395
   28 11085.366462 -3111
   29 4566.872931  4613
   30 4254.060598 14985
   31 5548.678897 10343
   32 0.392608 -1984
   33 3700.028616  2104
   34 7830.772850 -2852
   35 10660.763098 17064
   36 10179.729246 21647
   37 0.273401 -2309
   38 949.879696  1257
   39 0.034881 -3064
   40 1638.641456  2568
   41 3810.968202 12082
   42 4551.011789 15949
   43 8819.350534 13544
   44 3186.451186 23714
   45 7772.271507 30240
   46 7482.578237 10842
   47 4694.952140 15863
   48 0.365421 -1788
   49 0.112663 -3003
   50 286.232486  1573
   51 1373.215101   828
   52 3529.520478 12746
   53 0.124121   314
   54 5566.662570 23962
   55 5130.969643 23513
   56 0.341515 32017
   57 5609.452821 27528
   58 0.469732 -2540
   59 15089.673295 28792
   60 3511.798130 31213
   61 4299.116308 19028
   62 5468.893457 31927
   63 0.349668 31951
   64 243.309746 26634
   65 2087.756189  8009
   66 3603.138584 18283
   67 1190.791990 14765
   68 27168.547430 27953
   69 3145.444561  4234
   70 271.678186  6832
   71 4034.638817  6524
   72 0.590257 -2711
   73 19968.979920 23238
   74 13948.175512 23525
   75 0.409051 -2177
   76 5226.414557 10172
   77 5830.961656 21958
   78 0.141436 -2390
   79 0.394003 -2423
   80 1.378365 -2110
   81 0.175194  3195
   82 0.078600  3101
   83 2786.027445 -3116
   84 3183.478662  7462
   85 1357.648707  1250
   86 8675.945656 13695
   87 0.012735 -2810
   88 0.623251 -2668
   89 0.365432 -2119
   90 558.956987 11841
   91 873.264777  3905
   92 6097.182508 26181
   93 277.282999  6201
   94 0.102784 -2630
   95 0.473952 -2801
   96 11804.715493 20258
   97 2403.131886 11140
   98 1.297981 -2718
   99 2508.973586  7350
  100 0.263792 -3230
  101 1130.649872  6709
  102 0.310096 -2544
  103 2207.141371 20824
  104 1816.434955 10814
  105 0.386842 -2651
  106 947.448981  1080
  107 21825.377007 23377
  108 0.157178 -3192
  109 266.453444  1281
  110 0.072677 -2629
  111 1235.176875 12350
  112 0.085437 -1920
  113 15873.473581 21527
  114 23367.450153 28488
  115 4710.614570 12613
  116 18908.627799 25599
  117 1863.896626  2552
  118 28.364927  4764
  119 2081.721508 11817
  120 3498.883544  8720
  121 0.379639   876
  122 18434.329311 21854
  123 0.563433 -1881
  124 297.573692   546
  125 0.137720 -1913
  126 2161.683184 32558
  127 14166.057410 29437
  128 13553.714584 32051
  129 5699.197952 22728
  130 5632.845090 12216
  131 4341.915688 19666
  132 0.567295    74
  133 0.798896 -1966
  134 18495.945094 16240
  135 1368.473662 23404
  136 5552.177974  3066
  137 592.140686  3236
  138 0.025838 -3156
  139 20702.476262 26575
  140 13250.842218 30702
  141 2524.400388 23859
  142 0.042640 -2212
  143 3930.426526 15705
  144 699.447244 14460
  145 1315.367048 16428
  146 24128.384122 26421
  147 1543.636758 10799
  148 1.189693 -2970
  149 22362.036998 30348
  150 6265.618760 14927
  151 0.273172 -2981
  152 536.120633  4176
  153 970.253122  3369
  154 0.400973 -3090
  155 0.210747 -2741
  156 20693.233138 26851
  157 31055.103042 29251
  158 25.226972  5560
  159 0.130887 -1996
  160 9635.977634 13900
  161 4407.987191 29542
  162 9669.318134 23379
  163 4008.913425 18562
  164 0.244198 -2198
  165 0.279440 -2146
  166 1246.806604  4587
  167 692.912265  4200
  168 0.414687 32150
  169 0.387764 -2166
  170 0.299851 -2801
  171 0.759877 -3255
  172 7193.482164 24598
  173 11928.791698 14057
  174 0.556532 -2884
  175 4810.983235 15891
  176 0.320607 -2279
  177 16659.168619 31434
  178 3362.042438 20565
  179 5532.624911 11021
  180 1041.412214 19654
  181 0.015233 31837
  182 6660.893597 13672
  183 2338.848767 14952
  184 24540.542159 26785
  185 720.451100  6455
  186 0.136513 -1650
  187 0.052486 -2588
  188 0.130345 -2827
  189 5048.408803 16729
  190 6246.454604 13760
  191 0.921364 -2091
  192 7180.888793 24846
  193 10443.128339 29565
  194 0.149588 -1681
  195 15833.748524 28229
  196 0.618231 -1684
  197 4117.369244 15816
  198 15552.470649 17659
  199 0.325978 -3088
  200 4281.000557  6147
  201 32613.753424 30936
  202 13951.883342 26161
  203 3264.248706  9518
  204 30835.124158 29234
  205 4164.797960 18278
  206 1294.964451 12201
  207 0.576140 -1702
  208 0.003004 -2474
  209 2668.917993 11251
  210 6184.413503 11128
  211 58.384374 18494
  212 0.220665 -1593
  213 0.257754 -2437
  214 943.506005 15528
  215 0.143851 -1846
  216 1.149574  1154
  217 11110.882758 15143
  218 26016.136210 -3103
  219 1798.145256 16679
  220 0.784332 -2764
  221 0.233017  1476
  222 18000.843499 19127
  223 1648.985126  5680
  224 1.041423  2168
  225 0.062227 -2741
  226 19688.816242 25072
  227 0.397222   460
  228 2459.507062  3095
  229 6301.162798  8458
  230 40989.620626 -3242
  231 5504.695989 11398
  232 470.240468   881
  233 949.379906  1061
  234 1.291738 -1929
  235 4628.219313 17055
  236 23648.442280 31779
  237 13377.564032 25768
  238 24152.973182 14732
  239 14748.102077 -3256
  240 827.449563    35
  241 2700.045203  9045
  242 15643.995905 28477
  243 8744.371572 25507
  244 622.543925 27680
  245 248.639127  6344
  246 17347.555174 21407
  247 0.259309 -1812
  248 0.206175 -2751
  249 4768.247828 21608
  250 12103.505520 19993
  251 6578.094184 -3226
  252 0.940492   131
  253 7246.967320 26725
  254 0.025396 -2571
  255 344.031806  4774
  256 0.690029 -2202
  257 0.029688 -2715
  258 4716.922265 11874
  259 0.211049 -2572
  260 0.587100 -2700
  261 1754.569759 15881
  262 0.244193 -2630
  263 1563.404466 14536
  264 708.338694  1231
  265 3491.529355 13187
  266 5631.559605  7031
  267 0.540216 -2424
  268 706.205361 12441
  269 0.482500 -2748
  270 9227.771102 27996
  271 14570.871855 20832
  272 0.223615 -2129
  273 8658.393265 13008
  274 710.514176  3973
  275 4072.907087  9596
  276 10118.522254 29864
  277 9746.500265  8226
  278 469.746963  8125
  279 405.978775  1936
  280 15.964591   519
  281 0.704322 -1896
  282 6641.882214 20779
  283 266.782715  5897
  284 0.331036 30295
  285 13136.119588 29243
  286 12634.160340 -3236
  287 15500.423377 13467
  288 0.061981 -2093
  289 0.608756 -1755
  290 5042.251148 15224
  291 7883.715228 16581
  292 4489.013651 16126
  293 0.793578 -2489
  294 2248.781500 12038
  295 2603.497923 14498
  296 0.236761  4174
  297 1074.649471 -3250
  298 0.186218 32570
  299 9689.988747 21172
  300 9519.559413 14979
