300
    1 375.894316     1
    2 12270.601331 22552
    3 2650.461434 27863
    4 0.174280 -1935
    5 0.063381 -2497
    6 1788.654285 11402
    7 2890.814385  7882
    8 3274.701637  5438
    9 0.266994 -2390
   10 271.974702  6863
   11 0.124433 -2493
   12 201.832522   525
   13 0.044251 -1620
   14 402.738419 20096
   15 0.124285 -3259
   16 6753.912544 24956
   17 0.192045 -2849
   18 1742.799996 -3232
   19 2097.505043 14573
   20 0.428424 -3083
   21 17286.865397 21823
   22 5452.009189 15275
   23 5566.494014 14868
   24 0.244509 -2447
   25 0.863355  2208
   26 0.031010 -2263
   27 6208.188148 20395
   28 8656.636447 -3111
   29 577.359516  4613
   30 4126.347383 14985
   31 4133.218328 10343
   32 0.315063 -1984
   33 3105.980781  2104
   34 13492.124641 -2852
   35 1479.277404 17064
   36 4903.409635 21647
   37 0.281434 -2309
   38 653.904984  1257
   39 0.589939 -3064
   40 501.881173  2568
   41 3639.836812 12082
   42 357.895734 15949
   43 4850.091860 13544
   44 4940.106691 23714
   45 936.073130 30240
   46 1971.230705 10842
   47 5290.993462 15863
   48 0.582258 -1788
   49 0.594004 -3003
   50 284.506920  1573
   51 3162.055601   828
   52 6230.020791 12746
   53 0.382814   314
   54 7152.212096 23962
   55 7175.295751 23513
   56 0.414162 32017
   57 17955.444593 27528
   58 0.259039 -2540
   59 14593.345778 28792
   60 4063.935620 31213
   61 14346.742833 19028
   62 4137.232159 31927
   63 0.355899 31951
   64 21107.255852 26634
   65 1361.971997  8009
   66 93.194758 18283
   67 6098.773646 14765
   68 2694.464611 27953
   69 253.944751  4234
   70 3052.161342  6832
   71 3213.477044  6524
   72 0.057730 -2711
   73 1010.429365 23238
   74 4780.419718 23525
   75 1.048652 -2177
   76 7293.508071 10172
   77 784.208200 21958
   78 0.994618 -2390
   79 0.289495 -2423
   80 0.078249 -2110
   81 0.384879  3195
   82 0.706235  3101
   83 8200.118383 -3116
   84 1595.575397  7462
   85 368.125777  1250
   86 7672.316801 13695
   87 0.935959 -2810
   88 0.700402 -2668
   89 0.054853 -2119
   90 4619.919024 11841
   91 1460.203880  3905
   92 357.599892 26181
   93 4650.770825  6201
   94 0.211969 -2630
   95 0.285653 -2801
   96 12007.001064 20258
   97 4800.648580 11140
   98 0.050408 -2718
   99 5469.015169  7350
  100 0.744375 -3230
  101 1807.504318  6709
  102 0.259256 -2544
  103 3231.722444 20824
  104 614.000667 10814
  105 0.524680 -2651
  106 1175.079182  1080
  107 1729.939011 23377
  108 0.249072 -3192
  109 695.768234  1281
  110 0.300700 -2629
  111 10837.157046 12350
  112 0.168013 -1920
  113 5460.545668 21527
  114 10923.801750 28488
  115 3407.673110 12613
  116 13929.824394 25599
  117 5.640357  2552
  118 100.800055  4764
  119 1323.817819 11817
  120 378.723660  8720
  121 0.196403   876
  122 6760.542251 21854
  123 0.997590 -1881
  124 447.684229   546
  125 0.422431 -1913
  126 12732.320368 32558
  127 4700.200542 29437
  128 30896.785230 32051
  129 4845.455204 22728
  130 3122.966093 12216
  131 3378.269246 19666
  132 0.394590    74
  133 0.774470 -1966
  134 1689.465358 16240
  135 6513.047315 23404
  136 1818.550045  3066
  137 1837.170998  3236
  138 0.265602 -3156
  139 6792.841666 26575
  140 15859.416975 30702
  141 10656.586438 23859
  142 0.324539 -2212
  143 1162.841716 15705
  144 3466.583459 14460
  145 9436.402785 16428
  146 16262.834979 26421
  147 10955.748378 10799
  148 0.402910 -2970
  149 3093.042043 30348
  150 12695.035485 14927
  151 0.193933 -2981
  152 3476.028833  4176
  153 2055.526644  3369
  154 0.049151 -3090
  155 0.194328 -2741
  156 3558.027923 26851
  157 7300.894233 29251
  158 60.132217  5560
  159 0.400658 -1996
  160 2156.135039 13900
  161 3606.086870 29542
  162 929.350190 23379
  163 1210.688775 18562
  164 0.462658 -2198
  165 0.306491 -2146
  166 107.882329  4587
  167 4240.485206  4200
  168 0.092960 32150
  169 0.050957 -2166
  170 1.098688 -2801
  171 0.084413 -3255
  172 13547.653534 24598
  173 3057.948199 14057
  174 0.443127 -2884
  175 3493.436271 15891
  176 0.094422 -2279
  177 19693.055695 31434
  178 635.610780 20565
  179 2906.786523 11021
  180 5920.989949 19654
  181 0.778116 31837
  182 3131.166478 13672
  183 507.787356 14952
  184 18597.932201 26785
  185 341.126276  6455
  186 0.152055 -1650
  187 0.691308 -2588
  188 0.059608 -2827
  189 14877.593485 16729
  190 6870.013563 13760
  191 0.158619 -2091
  192 4005.760269 24846
  193 34572.879442 29565
  194 0.154754 -1681
  195 10009.959537 28229
  196 0.333122 -1684
  197 15091.440458 15816
  198 243.505574 17659
  199 0.591740 -3088
  200 2387.212707  6147
  201 17980.729724 30936
  202 5854.757973 26161
  203 11216.602408  9518
  204 4645.802861 29234
  205 6613.442348 18278
  206 6679.471135 12201
  207 0.054026 -1702
  208 0.098357 -2474
  209 5999.044023 11251
  210 2146.705847 11128
  211 11972.074013 18494
  212 0.399299 -1593
  213 0.930371 -2437
  214 3670.711361 15528
  215 0.209932 -1846
  216 0.631717  1154
  217 5338.590119 15143
  218 17617.389541 -3103
  219 8489.441918 16679
  220 0.819796 -2764
  221 0.125954  1476
  222 2908.281287 19127
  223 2938.914665  5680
  224 0.083100  2168
  225 0.341651 -2741
  226 6789.656904 25072
  227 1.262878   460
  228 2483.369095  3095
  229 621.959753  8458
  230 5769.257801 -3242
  231 5197.058585 11398
  232 621.057482   881
  233 1605.251167  1061
  234 0.292699 -1929
  235 10227.865672 17055
  236 9790.225334 31779
  237 2732.245474 25768
  238 5212.170366 14732
  239 2205.578629 -3256
  240 142.023165    35
  241 720.770012  9045
  242 2467.080297 28477
  243 16323.171782 25507
  244 2096.767413 27680
  245 505.663945  6344
  246 1285.902626 21407
  247 0.229914 -1812
  248 0.445470 -2751
  249 21501.350540 21608
  250 12367.317195 19993
  251 10313.340741 -3226
  252 0.259155   131
  253 13803.317001 26725
  254 0.025076 -2571
  255 266.871654  4774
  256 0.418355 -2202
  257 0.118797 -2715
  258 6790.711884 11874
  259 0.327658 -2572
  260 0.072803 -2700
  261 1641.907247 15881
  262 0.794146 -2630
  263 15326.947929 14536
  264 1209.771217  1231
  265 2288.156386 13187
  266 8815.313927  7031
  267 1.082287 -2424
  268 1988.269499 12441
  269 0.577316 -2748
  270 25859.831132 27996
  271 12134.862720 20832
  272 0.605383 -2129
  273 1976.196928 13008
  274 798.833645  3973
  275 2391.240019  9596
  276 7848.054593 29864
  277 3246.511285  8226
  278 3085.132537  8125
  279 170.705147  1936
  280 5.210861   519
  281 0.065945 -1896
  282 882.822149 20779
  283 1051.380541  5897
  284 0.088129 30295
  285 13328.675836 29243
  286 23408.372348 -3236
  287 384.397391 13467
  288 0.286467 -2093
  289 0.561844 -1755
  290 4701.680003 15224
  291 5585.726824 16581
  292 8796.025711 16126
  293 0.081645 -2489
  294 2346.751728 12038
  295 3441.086211 14498
  296 0.475752  4174
  297 20861.426313 -3250
  298 0.100174 32570
  299 2123.438692 21172
  300 2711.409481 14979
