300
    1 411.738658     1
    2 15890.580033 22552
    3 8368.516469 27863
    4 0.263848 -1935
    5 0.874932 -2497
    6 11466.750011 11402
    7 190.342596  7882
    8 1627.449488  5438
    9 0.898972 -2390
   10 735.870300  6863
   11 0.507614 -2493
   12 13.002162   525
   13 0.028492 -1620
   14 7505.922468 20096
   15 0.089870 -3259
   16 12884.707645 24956
   17 0.152457 -2849
   18 1.965140 -3232
   19 2351.226654 14573
   20 0.765283 -3083
   21 26592.212468 21823
   22 3374.580425 15275
   23 12455.989055 14868
   24 0.045638 -2447
   25 0.465954  2208
   26 0.736963 -2263
   27 2784.475421 20395
   28 8372.635631 -3111
   29 1331.661571  4613
   30 4517.527500 14985
   31 5098.053078 10343
   32 0.109787 -1984
   33 3141.254378  2104
   34 7236.497209 -2852
   35 12564.804954 17064
   36 7421.420975 21647
   37 0.032581 -2309
   38 97.182082  1257
   39 0.479047 -3064
   40 1554.746187  2568
   41 1015.399553 12082
   42 1859.717395 15949
   43 3064.993878 13544
   44 7234.977142 23714
   45 7357.197566 30240
   46 6430.456004 10842
   47 14056.385719 15863
   48 0.191144 -1788
   49 0.347544 -3003
   50 467.205177  1573
   51 619.193850   828
   52 4748.007995 12746
   53 0.982738   314
   54 18325.116994 23962
   55 1080.626372 23513
   56 0.757990 32017
   57 12898.362763 27528
   58 0.493435 -2540
   59 5820.117536 28792
   60 18303.352114 31213
   61 3921.659771 19028
   62 1810.085031 31927
   63 0.267204 31951
   64 9674.007781 26634
   65 1467.420723  8009
   66 2763.355288 18283
   67 14914.209511 14765
   68 14623.348892 27953
   69 2061.543083  4234
   70 3486.367245  6832
   71 1665.615433  6524
   72 0.310960 -2711
   73 1227.050726 23238
   74 4824.575559 23525
   75 0.779081 -2177
   76 3890.092896 10172
   77 10557.071323 21958
   78 0.083986 -2390
   79 0.351870 -2423
   80 0.460285 -2110
   81 0.729531  3195
   82 0.058490  3101
   83 17700.791324 -3116
   84 1481.606897  7462
   85 9.715139  1250
   86 2149.384286 13695
   87 0.822931 -2810
   88 0.232867 -2668
   89 0.551326 -2119
   90 4562.915800 11841
   91 145.247257  3905
   92 20781.746672 26181
   93 1429.393814  6201
   94 0.249043 -2630
   95 1.034874 -2801
   96 10853.674893 20258
   97 2105.522823 11140
   98 0.323433 -2718
   99 1547.469959  7350
  100 0.584586 -3230
  101 5158.158785  6709
  102 0.130082 -2544
  103 1281.110259 20824
  104 309.482528 10814
  105 0.127444 -2651
  106 600.312621  1080
  107 7805.952723 23377
  108 0.096212 -3192
  109 1385.314041  1281
  110 0.878454 -2629
  111 21965.081064 12350
  112 0.110639 -1920
  113 648.986684 21527
  114 22784.620929 28488
  115 829.591587 12613
  116 14027.853319 25599
  117 1779.823064  2552
  118 152.096915  4764
  119 2302.788516 11817
  120 6411.855085  8720
  121 0.654178   876
  122 7077.545332 21854
  123 0.095346 -1881
  124 2932.659941   546
  125 0.458192 -1913
  126 38816.940300 32558
  127 18592.684207 29437
  128 35274.532535 32051
  129 4420.685205 22728
  130 9168.200843 12216
  131 4384.009536 19666
  132 0.016927    74
  133 0.091120 -1966
  134 697.684418 16240
  135 710.219727 23404
  136 4571.229740  3066
  137 693.041438  3236
  138 0.072444 -3156
  139 6444.852641 26575
  140 16341.835060 30702
  141 27679.249995 23859
  142 0.384648 -2212
  143 4867.437783 15705
  144 2729.289668 14460
  145 1966.929586 16428
  146 30616.193772 26421
  147 2463.717726 10799
  148 0.660616 -2970
  149 2158.144650 30348
  150 888.278846 14927
  151 0.172724 -2981
  152 1436.441603  4176
  153 3641.406122  3369
  154 0.356570 -3090
  155 0.319425 -2741
  156 17843.903899 26851
  157 18652.109908 29251
  158 1587.063845  5560
  159 0.494511 -1996
  160 10197.410503 13900
  161 24222.825633 29542
  162 2582.149060 23379
  163 10908.267313 18562
  164 0.274818 -2198
  165 0.749642 -2146
  166 1256.205263  4587
  167 5047.953742  4200
  168 0.597508 32150
  169 0.284592 -2166
  170 0.333003 -2801
  171 0.077644 -3255
  172 6205.748519 24598
  173 3526.137736 14057
  174 0.348231 -2884
  175 69.258771 15891
  176 0.253365 -2279
  177 8288.151192 31434
  178 2040.120533 20565
  179 6175.151606 11021
  180 1928.519421 19654
  181 0.193771 31837
  182 620.807379 13672
  183 1777.052288 14952
  184 24246.036631 26785
  185 433.848126  6455
  186 0.005514 -1650
  187 0.118114 -2588
  188 0.035669 -2827
  189 4868.035889 16729
  190 597.714981 13760
  191 0.256131 -2091
  192 576.440245 24846
  193 5889.116250 29565
  194 0.843603 -1681
  195 5848.249494 28229
  196 1.345735 -1684
  197 4961.404633 15816
  198 1233.316978 17659
  199 0.005611 -3088
  200 4987.805786  6147
  201 1377.827616 30936
  202 7412.858802 26161
  203 2191.647698  9518
  204 3898.755004 29234
  205 5564.657106 18278
  206 649.988546 12201
  207 0.193896 -1702
  208 1.244450 -2474
  209 5798.177589 11251
  210 6762.268229 11128
  211 9778.977283 18494
  212 0.170288 -1593
  213 0.256131 -2437
  214 8450.000587 15528
  215 1.005703 -1846
  216 0.195044  1154
  217 2087.272658 15143
  218 14452.782420 -3103
  219 2777.170595 16679
  220 0.149010 -2764
  221 0.017456  1476
  222 1615.159206 19127
  223 2600.003188  5680
  224 0.300652  2168
  225 0.078445 -2741
  226 9181.568099 25072
  227 0.170116   460
  228 1234.450106  3095
  229 2800.973681  8458
  230 6283.720872 -3242
  231 1404.246602 11398
  232 936.305162   881
  233 560.403589  1061
  234 0.148585 -1929
  235 7355.693930 17055
  236 35607.277863 31779
  237 21118.794142 25768
  238 6924.801938 14732
  239 1158.891507 -3256
  240 21.721539    35
  241 1057.360770  9045
  242 32168.309747 28477
  243 16797.684327 25507
  244 3036.790957 27680
  245 7476.440237  6344
  246 3885.033487 21407
  247 0.094319 -1812
  248 0.033256 -2751
  249 519.988309 21608
  250 1509.486812 19993
  251 5194.770727 -3226
  252 0.416897   131
  253 32789.763454 26725
  254 0.127713 -2571
  255 313.604066  4774
  256 0.382192 -2202
  257 0.472087 -2715
  258 4791.920346 11874
  259 0.708659 -2572
  260 0.626179 -2700
  261 1620.201213 15881
  262 0.148613 -2630
  263 4222.712042 14536
  264 922.978864  1231
  265 9246.411080 13187
  266 194.471018  7031
  267 0.453181 -2424
  268 6903.629281 12441
  269 0.711274 -2748
  270 9506.491297 27996
  271 12485.942731 20832
  272 0.513086 -2129
  273 4523.263959 13008
  274 1262.122873  3973
  275 4717.876668  9596
  276 1239.651449 29864
  277 7385.180982  8226
  278 4696.971360  8125
  279 956.337371  1936
  280 15.502474   519
  281 0.763171 -1896
  282 2762.046000 20779
  283 458.585364  5897
  284 0.558809 30295
  285 25653.560561 29243
  286 6067.157950 -3236
  287 8064.840491 13467
  288 0.681766 -2093
  289 0.426624 -1755
  290 3084.591374 15224
  291 2353.706545 16581
  292 6964.778131 16126
  293 0.122643 -2489
  294 9419.185605 12038
  295 342.587289 14498
  296 0.129729  4174
  297 11666.180599 -3250
  298 0.897231 32570
  299 12410.280183 21172
  300 19941.553322 14979
