300
    1 203.926178     1
    2 6557.901533 22552
    3 7110.391588 27863
    4 0.116860 -1935
    5 0.596494 -2497
    6 288.293447 11402
    7 4284.843200  7882
    8 2034.052082  5438
    9 0.466470 -2390
   10 1058.231150  6863
   11 0.366102 -2493
   12 241.957378   525
   13 0.288220 -1620
   14 6420.062088 20096
   15 1.170310 -3259
   16 6038.926186 24956
   17 0.088455 -2849
   18 4741.213884 -3232
   19 3171.543298 14573
   20 0.267100 -3083
   21 1745.990239 21823
   22 4122.167936 15275
   23 9469.628063 14868
   24 0.575976 -2447
   25 1.068125  2208
   26 0.531288 -2263
   27 10348.909885 20395
   28 5235.777272 -3111
   29 1552.149635  4613
   30 2796.369198 14985
   31 12723.316012 10343
   32 0.058523 -1984
   33 2025.682158  2104
   34 25508.900472 -2852
   35 5144.143829 17064
   36 10930.396157 21647
   37 0.361773 -2309
   38 201.529564  1257
   39 0.427388 -3064
   40 2340.738792  2568
   41 11974.988563 12082
   42 3641.277920 15949
   43 6919.329580 13544
   44 14686.815878 23714
   45 18755.063902 30240
   46 14410.353420 10842
   47 9913.951543 15863
   48 0.082379 -1788
   49 0.122439 -3003
   50 51.774185  1573
   51 291.595926   828
   52 2787.666098 12746
   53 0.151589   314
   54 1387.862121 23962
   55 10439.336386 23513
   56 0.162182 32017
   57 20986.648456 27528
   58 1.163263 -2540
   59 10710.763823 28792
   60 21746.411635 31213
   61 16139.724342 19028
   62 31237.432649 31927
   63 0.121705 31951
   64 13663.773158 26634
   65 1361.879280  8009
   66 21319.583507 18283
   67 4169.411024 14765
   68 10578.464479 27953
   69 1938.879513  4234
   70 1208.683703  6832
   71 1341.139654  6524
   72 0.056396 -2711
   73 15977.059323 23238
   74 54.154813 23525
   75 0.487413 -2177
   76 3949.480416 10172
   77 4014.088900 21958
   78 0.387261 -2390
   79 1.114693 -2423
   80 0.129435 -2110
   81 0.407818  3195
   82 0.480847  3101
   83 30121.454337 -3116
   84 115.317901  7462
   85 1029.707809  1250
   86 3284.663451 13695
   87 0.234041 -2810
   88 0.204307 -2668
   89 0.728396 -2119
   90 4188.160787 11841
   91 725.730336  3905
   92 14007.094625 26181
   93 228.869508  6201
   94 0.075137 -2630
   95 0.259842 -2801
   96 8705.197850 20258
   97 8880.283273 11140
   98 0.404960 -2718
   99 759.572997  7350
  100 0.198889 -3230
  101 1155.076019  6709
  102 0.648046 -2544
  103 17849.056509 20824
  104 2030.132377 10814
  105 0.148943 -2651
  106 586.484776  1080
  107 10541.393153 23377
  108 0.221619 -3192
  109 2217.271861  1281
  110 0.849547 -2629
  111 6282.994038 12350
  112 0.653864 -1920
  113 4190.633931 21527
  114 3246.025562 28488
  115 5842.743594 12613
  116 5299.926950 25599
  117 1547.847790  2552
  118 260.824520  4764
  119 5574.097396 11817
  120 210.471145  8720
  121 0.266317   876
  122 10674.603867 21854
  123 0.869204 -1881
  124 2972.373519   546
  125 0.323284 -1913
  126 12108.356579 32558
  127 7873.993521 29437
  128 18153.439664 32051
  129 21686.966382 22728
  130 2311.933076 12216
  131 694.131239 19666
  132 0.027473    74
  133 0.232646 -1966
  134 7714.006129 16240
  135 9595.322012 23404
  136 700.375432  3066
  137 785.844486  3236
  138 0.586655 -3156
  139 3941.972352 26575
  140 13567.183149 30702
  141 1025.162460 23859
  142 0.912176 -2212
  143 4787.753321 15705
  144 1412.269463 14460
  145 925.443594 16428
  146 38070.402435 26421
  147 1088.405459 10799
  148 0.060675 -2970
  149 16.202362 30348
  150 1416.947296 14927
  151 0.272944 -2981
  152 594.411387  4176
  153 131.395642  3369
  154 0.497124 -3090
  155 0.759728 -2741
  156 13668.505393 26851
  157 2207.304363 29251
  158 3704.410982  5560
  159 1.224022 -1996
  160 4858.000219 13900
  161 11207.065373 29542
  162 14858.220963 23379
  163 2248.231363 18562
  164 0.397817 -2198
  165 0.218456 -2146
  166 2431.697795  4587
  167 2641.191379  4200
  168 0.171563 32150
  169 0.620597 -2166
  170 0.241923 -2801
  171 0.362398 -3255
  172 11881.089673 24598
  173 1626.890771 14057
  174 0.201135 -2884
  175 10773.498362 15891
  176 0.354375 -2279
  177 19662.076061 31434
  178 9455.745363 20565
  179 1481.941920 11021
  180 2991.932340 19654
  181 0.279139 31837
  182 3042.480989 13672
  183 5328.306644 14952
  184 2210.610597 26785
  185 739.776108  6455
  186 0.206656 -1650
  187 0.424453 -2588
  188 0.766562 -2827
  189 8856.195545 16729
  190 4796.371104 13760
  191 0.184901 -2091
  192 13371.735899 24846
  193 18799.947174 29565
  194 0.117560 -1681
  195 22685.696477 28229
  196 0.759062 -1684
  197 10276.179515 15816
  198 3498.845710 17659
  199 0.568745 -3088
  200 2681.444155  6147
  201 9446.800396 30936
  202 12617.843665 26161
  203 8900.613070  9518
  204 24136.539051 29234
  205 2210.406962 18278
  206 4098.427284 12201
  207 0.250582 -1702
  208 0.174499 -2474
  209 11228.748734 11251
  210 235.744455 11128
  211 8685.578807 18494
  212 0.363636 -1593
  213 0.773396 -2437
  214 4575.013411 15528
  215 0.159978 -1846
  216 0.207521  1154
  217 2778.172490 15143
  218 11288.674053 -3103
  219 741.181133 16679
  220 0.472076 -2764
  221 0.302287  1476
  222 4278.677161 19127
  223 1458.580971  5680
  224 0.469181  2168
  225 0.758931 -2741
  226 5672.137649 25072
  227 0.296565   460
  228 3006.717725  3095
  229 6525.206443  8458
  230 3904.528294 -3242
  231 5102.784137 11398
  232 486.855555   881
  233 729.839355  1061
  234 0.306718 -1929
  235 11764.096587 17055
  236 5196.680705 31779
  237 9278.012453 25768
  238 5460.839616 14732
  239 3789.477175 -3256
  240 355.389118    35
  241 3980.143657  9045
  242 8391.897954 28477
  243 18182.080436 25507
  244 15647.523331 27680
  245 5427.644646  6344
  246 2191.949179 21407
  247 0.589628 -1812
  248 0.494284 -2751
  249 7709.773970 21608
  250 1685.754169 19993
  251 17668.507594 -3226
  252 0.707326   131
  253 16840.024966 26725
  254 0.524514 -2571
  255 135.016069  4774
  256 0.337885 -2202
  257 0.530488 -2715
  258 7305.739941 11874
  259 1.020359 -2572
  260 0.520529 -2700
  261 4829.132823 15881
  262 0.671327 -2630
  263 3647.683416 14536
  264 83.993134  1231
  265 9447.736513 13187
  266 446.390155  7031
  267 0.219601 -2424
  268 11873.036283 12441
  269 0.016699 -2748
  270 8045.511125 27996
  271 3759.182671 20832
  272 0.906095 -2129
  273 20282.438088 13008
  274 2111.060059  3973
  275 4781.565408  9596
  276 32224.162535 29864
  277 3003.822953  8226
  278 1765.247832  8125
  279 570.347603  1936
  280 6.638370   519
  281 0.873355 -1896
  282 2440.800471 20779
  283 807.002354  5897
  284 0.092876 30295
  285 99.212841 29243
  286 7328.740520 -3236
  287 4227.380177 13467
  288 0.790815 -2093
  289 0.996765 -1755
  290 12915.191640 15224
  291 3117.958835 16581
  292 11167.737141 16126
  293 0.153338 -2489
  294 14487.726097 12038
  295 638.406228 14498
  296 0.286099  4174
  297 9275.659006 -3250
  298 0.539108 32570
  299 8007.355531 21172
  300 1110.793877 14979
