300
    1 327.960656     1
    2 14558.140119 22552
    3 10352.939858 27863
    4 0.148639 -1935
    5 1.160808 -2497
    6 1569.767398 11402
    7 1751.732551  7882
    8 1576.846137  5438
    9 0.628599 -2390
   10 1723.393420  6863
   11 0.090143 -2493
   12 87.539259   525
   13 0.424956 -1620
   14 4620.930682 20096
   15 0.489527 -3259
   16 14440.556223 24956
   17 0.758408 -2849
   18 13275.454540 -3232
   19 2982.733460 14573
   20 0.180911 -3083
   21 3723.218104 21823
   22 4230.179231 15275
   23 11229.982358 14868
   24 0.685940 -2447
   25 0.773109  2208
   26 0.388459 -2263
   27 17428.783035 20395
   28 10306.425117 -3111
   29 1494.831070  4613
   30 8552.889333 14985
   31 7163.294142 10343
   32 0.100852 -1984
   33 3420.755411  2104
   34 12183.916938 -2852
   35 4435.703910 17064
   36 12465.412399 21647
   37 0.021547 -2309
   38 204.893404  1257
   39 0.346738 -3064
   40 1973.882795  2568
   41 1968.496884 12082
   42 8126.218657 15949
   43 6676.346668 13544
   44 4696.616486 23714
   45 8214.536970 30240
   46 9524.369616 10842
   47 919.766233 15863
   48 0.406894 -1788
   49 0.151113 -3003
   50 21.123004  1573
   51 790.649089   828
   52 905.529643 12746
   53 0.002676   314
   54 5862.155803 23962
   55 7658.313999 23513
   56 0.876842 32017
   57 958.031494 27528
   58 1.122520 -2540
   59 24176.087810 28792
   60 26362.725552 31213
   61 14636.721730 19028
   62 6850.545915 31927
   63 0.827208 31951
   64 25683.010068 26634
   65 1428.512803  8009
   66 6743.502854 18283
   67 2286.599488 14765
   68 15268.323207 27953
   69 101.168229  4234
   70 1311.164144  6832
   71 1789.894588  6524
   72 0.141515 -2711
   73 10409.372259 23238
   74 25829.139205 23525
   75 0.384648 -2177
   76 1689.189801 10172
   77 10421.728036 21958
   78 0.165618 -2390
   79 0.075299 -2423
   80 0.277281 -2110
   81 0.517848  3195
   82 0.544092  3101
   83 24733.264341 -3116
   84 394.989830  7462
   85 1395.859368  1250
   86 4121.329531 13695
   87 0.712668 -2810
   88 0.188628 -2668
   89 0.100916 -2119
   90 1648.240165 11841
   91 591.147960  3905
   92 11862.582729 26181
   93 4002.192023  6201
   94 0.094673 -2630
   95 0.330588 -2801
   96 8673.052524 20258
   97 16329.581647 11140
   98 0.434280 -2718
   99 3926.733494  7350
  100 0.618802 -3230
  101 2783.448720  6709
  102 0.762666 -2544
  103 3246.903258 20824
  104 1091.271794 10814
  105 0.354795 -2651
  106 1709.042142  1080
  107 14407.062072 23377
  108 0.041481 -3192
  109 113.230981  1281
  110 0.052038 -2629
  111 820.459142 12350
  112 0.580894 -1920
  113 5679.119196 21527
  114 1557.440914 28488
  115 640.841713 12613
  116 24954.807175 25599
  117 54.854253  2552
  118 110.333917  4764
  119 1068.037686 11817
  120 8181.689663  8720
  121 0.217081   876
  122 1170.910535 21854
  123 0.144646 -1881
  124 1020.097435   546
  125 0.278105 -1913
  126 25546.626451 32558
  127 2386.368424 29437
  128 328.751972 32051
  129 6927.866302 22728
  130 1207.053638 12216
  131 386.118774 19666
  132 0.551769    74
  133 1.052911 -1966
  134 11033.182983 16240
  135 6788.773600 23404
  136 4248.972148  3066
  137 140.264471  3236
  138 0.289198 -3156
  139 14031.939101 26575
  140 8168.448479 30702
  141 11531.036940 23859
  142 0.793783 -2212
  143 12284.403873 15705
  144 5001.431089 14460
  145 5578.833211 16428
  146 20418.286855 26421
  147 3863.517194 10799
  148 0.366887 -2970
  149 21343.203431 30348
  150 13422.372966 14927
  151 0.581885 -2981
  152 1727.118690  4176
  153 4963.355844  3369
  154 0.248707 -3090
  155 0.410607 -2741
  156 13705.102159 26851
  157 21141.330558 29251
  158 126.255003  5560
  159 0.399979 -1996
  160 11349.837395 13900
  161 3632.018052 29542
  162 4189.351683 23379
  163 3547.959872 18562
  164 0.455553 -2198
  165 0.355803 -2146
  166 2867.425245  4587
  167 9205.435864  4200
  168 0.174787 32150
  169 0.156986 -2166
  170 0.814388 -2801
  171 0.005195 -3255
  172 2439.700660 24598
  173 5116.520195 14057
  174 1.056474 -2884
  175 3859.254472 15891
  176 0.050029 -2279
  177 22969.078945 31434
  178 14678.784090 20565
  179 289.395430 11021
  180 5678.765166 19654
  181 0.191435 31837
  182 2549.962976 13672
  183 11779.706659 14952
  184 10405.572765 26785
  185 896.279270  6455
  186 0.458708 -1650
  187 0.029333 -2588
  188 0.500877 -2827
  189 205.323216 16729
  190 3403.299878 13760
  191 0.733366 -2091
  192 6349.564149 24846
  193 3333.532749 29565
  194 0.802871 -1681
  195 1580.483060 28229
  196 0.658829 -1684
  197 2982.535892 15816
  198 2851.890662 17659
  199 0.945558 -3088
  200 1293.639399  6147
  201 4187.581274 30936
  202 183.181572 26161
  203 2822.874212  9518
  204 24412.497683 29234
  205 3772.330252 18278
  206 5118.042050 12201
  207 0.530504 -1702
  208 0.369839 -2474
  209 13111.573658 11251
  210 6648.620876 11128
  211 15652.547320 18494
  212 0.341304 -1593
  213 0.383298 -2437
  214 7220.182708 15528
  215 0.089659 -1846
  216 0.651256  1154
  217 7902.737884 15143
  218 1071.296263 -3103
  219 1567.980532 16679
  220 0.085299 -2764
  221 0.629564  1476
  222 19012.934454 19127
  223 4524.800250  5680
  224 0.036215  2168
  225 0.599179 -2741
  226 12508.226475 25072
  227 0.595618   460
  228 3210.903979  3095
  229 5889.366421  8458
  230 5343.763231 -3242
  231 4086.734711 11398
  232 837.349785   881
  233 2430.500052  1061
  234 0.128572 -1929
  235 5101.083449 17055
  236 18141.905795 31779
  237 13331.346631 25768
  238 4346.511036 14732
  239 15176.157946 -3256
  240 102.605273    35
  241 2776.555092  9045
  242 14366.378632 28477
  243 16912.376191 25507
  244 7339.205399 27680
  245 4410.532006  6344
  246 9904.407897 21407
  247 0.356188 -1812
  248 0.411187 -2751
  249 16025.472391 21608
  250 781.911400 19993
  251 7986.738707 -3226
  252 0.703163   131
  253 3850.018353 26725
  254 0.307011 -2571
  255 758.951232  4774
  256 0.006227 -2202
  257 0.028509 -2715
  258 6600.509429 11874
  259 0.050042 -2572
  260 0.254208 -2700
  261 1236.760017 15881
  262 0.888683 -2630
  263 472.364620 14536
  264 442.072704  1231
  265 6962.115485 13187
  266 9627.315712  7031
  267 0.779410 -2424
  268 4675.987195 12441
  269 0.057963 -2748
  270 228.519713 27996
  271 5964.992068 20832
  272 0.861015 -2129
  273 7665.602991 13008
  274 247.987233  3973
  275 1475.799364  9596
  276 20590.220066 29864
  277 12010.834121  8226
  278 4715.518511  8125
  279 99.476892  1936
  280 16.024719   519
  281 0.143292 -1896
  282 4565.967676 20779
  283 752.428760  5897
  284 0.029709 30295
  285 9928.781894 29243
  286 17000.579329 -3236
  287 2277.695400 13467
  288 0.477865 -2093
  289 0.775560 -1755
  290 5955.539791 15224
  291 6430.044537 16581
  292 13324.945157 16126
  293 0.957259 -2489
  294 275.272371 12038
  295 4242.682735 14498
  296 0.466342  4174
  297 2318.298925 -3250
  298 0.108928 32570
  299 11803.779526 21172
  300 6134.280207 14979
