300
    1 79.966321     1
    2 3259.843371 22552
    3 10299.644176 27863
    4 0.111922 -1935
    5 0.668156 -2497
    6 1106.483700 11402
    7 5371.200233  7882
    8 5995.512873  5438
    9 0.183006 -2390
   10 1877.359847  6863
   11 0.417911 -2493
   12 282.204326   525
   13 0.831278 -1620
   14 9914.246613 20096
   15 0.368216 -3259
   16 1010.033531 24956
   17 0.375275 -2849
   18 6492.299970 -3232
   19 12910.039418 14573
   20 0.734399 -3083
   21 3073.885740 21823
   22 8764.760591 15275
   23 11530.377095 14868
   24 0.527047 -2447
   25 0.570639  2208
   26 0.435107 -2263
   27 4646.831558 20395
   28 34010.828837 -3111
   29 4598.701763  4613
   30 21273.074480 14985
   31 8718.775367 10343
   32 0.282491 -1984
   33 1039.484155  2104
   34 1938.599319 -2852
   35 7547.495261 17064
   36 9748.075848 21647
   37 0.039555 -2309
   38 411.703326  1257
   39 0.026617 -3064
   40 2646.103267  2568
   41 3113.666677 12082
   42 721.044532 15949
   43 799.011835 13544
   44 16819.451375 23714
   45 5933.293070 30240
   46 11183.892054 10842
   47 4420.365425 15863
   48 0.648070 -1788
   49 0.439064 -3003
   50 916.073740  1573
   51 1687.738441   828
   52 7352.327676 12746
   53 1.211670   314
   54 17163.124909 23962
   55 9366.618588 23513
   56 0.174180 32017
   57 9010.533406 27528
   58 0.044445 -2540
   59 30996.743604 28792
   60 17829.819023 31213
   61 5693.665374 19028
   62 7667.632643 31927
   63 1.165477 31951
   64 10718.801227 26634
   65 2707.174043  8009
   66 4539.496564 18283
   67 7088.098672 14765
   68 4204.558111 27953
   69 3109.289960  4234
   70 2792.574548  6832
   71 1762.981401  6524
   72 0.297139 -2711
   73 4159.576719 23238
   74 6214.545735 23525
   75 0.862854 -2177
   76 2405.235125 10172
   77 5193.526819 21958
   78 0.577977 -2390
   79 0.715017 -2423
   80 0.118928 -2110
   81 0.246913  3195
   82 0.576114  3101
   83 10598.759829 -3116
   84 213.714320  7462
   85 1707.503643  1250
   86 2445.536710 13695
   87 0.412906 -2810
   88 0.310891 -2668
   89 1.140034 -2119
   90 2452.260589 11841
   91 329.452117  3905
   92 24446.235308 26181
   93 2204.434894  6201
   94 0.145223 -2630
   95 0.652220 -2801
   96 629.098004 20258
   97 4610.455702 11140
   98 0.746168 -2718
   99 7677.349054  7350
  100 0.987878 -3230
  101 1733.983519  6709
  102 0.125630 -2544
  103 1296.412929 20824
  104 113.090216 10814
  105 1.199664 -2651
  106 1181.020208  1080
  107 4879.698300 23377
  108 0.713758 -3192
  109 201.284895  1281
  110 0.066103 -2629
  111 10802.618620 12350
  112 0.457353 -1920
  113 2672.319051 21527
  114 17387.344058 28488
  115 6364.891420 12613
  116 1068.559402 25599
  117 1405.788956  2552
  118 140.248221  4764
  119 4566.610434 11817
  120 1205.003747  8720
  121 0.099589   876
  122 5991.854743 21854
  123 0.055637 -1881
  124 2333.290638   546
  125 0.386441 -1913
  126 4555.476243 32558
  127 13789.733080 29437
  128 7752.506148 32051
  129 9804.393315 22728
  130 1489.548264 12216
  131 27434.107528 19666
  132 0.484007    74
  133 0.012278 -1966
  134 11251.064700 16240
  135 4316.723400 23404
  136 3902.838590  3066
  137 371.215679  3236
  138 0.085032 -3156
  139 14405.078242 26575
  140 5486.967108 30702
  141 1996.732049 23859
  142 0.273591 -2212
  143 11946.893936 15705
  144 10699.735884 14460
  145 3321.122389 16428
  146 15907.098976 26421
  147 11374.477365 10799
  148 0.417499 -2970
  149 8965.057353 30348
  150 13078.403204 14927
  151 0.051787 -2981
  152 2714.418736  4176
  153 7523.518753  3369
  154 0.161336 -3090
  155 1.088641 -2741
  156 9361.148611 26851
  157 24562.199770 29251
  158 577.901239  5560
  159 0.244606 -1996
  160 4782.764862 13900
  161 4598.706728 29542
  162 3743.917237 23379
  163 1673.809301 18562
  164 0.482650 -2198
  165 0.852526 -2146
  166 940.241706  4587
  167 814.953010  4200
  168 0.737986 32150
  169 0.085509 -2166
  170 0.629805 -2801
  171 0.112272 -3255
  172 4640.857954 24598
  173 600.732020 14057
  174 0.526906 -2884
  175 3018.318984 15891
  176 0.006480 -2279
  177 7863.778281 31434
  178 17350.741498 20565
  179 2111.234007 11021
  180 5485.775008 19654
  181 0.515162 31837
  182 5531.515717 13672
  183 1443.815697 14952
  184 1681.437404 26785
  185 174.872448  6455
  186 0.101936 -1650
  187 0.419498 -2588
  188 0.158334 -2827
  189 8612.584681 16729
  190 404.389348 13760
  191 0.134906 -2091
  192 9067.436903 24846
  193 13279.484004 29565
  194 0.545903 -1681
  195 9603.641613 28229
  196 0.156502 -1684
  197 26947.876262 15816
  198 10800.307265 17659
  199 0.948234 -3088
  200 1441.373703  6147
  201 28065.710148 30936
  202 31554.836283 26161
  203 9974.834685  9518
  204 9946.789398 29234
  205 5959.838088 18278
  206 6320.299885 12201
  207 0.415028 -1702
  208 0.236260 -2474
  209 4451.171166 11251
  210 259.696627 11128
  211 8165.686162 18494
  212 0.375280 -1593
  213 0.251298 -2437
  214 6256.116070 15528
  215 0.072264 -1846
  216 1.133269  1154
  217 405.836534 15143
  218 26362.948280 -3103
  219 13559.950916 16679
  220 0.076945 -2764
  221 0.743638  1476
  222 17720.663657 19127
  223 1786.616956  5680
  224 0.546693  2168
  225 0.829518 -2741
  226 18555.318028 25072
  227 0.607873   460
  228 421.035232  3095
  229 2538.032621  8458
  230 11368.971130 -3242
  231 6019.533155 11398
  232 403.475683   881
  233 240.945452  1061
  234 0.130195 -1929
  235 7965.187328 17055
  236 18119.848018 31779
  237 19253.355777 25768
  238 10200.123911 14732
  239 22174.449417 -3256
  240 692.909242    35
  241 2020.077761  9045
  242 4779.934763 28477
  243 14492.269067 25507
  244 8148.686005 27680
  245 77.570911  6344
  246 9304.190476 21407
  247 0.111703 -1812
  248 0.620211 -2751
  249 4687.940689 21608
  250 1002.219414 19993
  251 7366.846000 -3226
  252 0.828703   131
  253 170.484575 26725
  254 0.529963 -2571
  255 68.960722  4774
  256 0.352914 -2202
  257 0.049452 -2715
  258 10259.722687 11874
  259 0.484716 -2572
  260 0.298981 -2700
  261 6045.663224 15881
  262 0.601670 -2630
  263 13478.903966 14536
  264 1793.094595  1231
  265 1072.907839 13187
  266 1205.536151  7031
  267 0.364781 -2424
  268 9795.130781 12441
  269 0.662573 -2748
  270 1891.972002 27996
  271 840.047601 20832
  272 0.041145 -2129
  273 19068.124958 13008
  274 938.224324  3973
  275 2628.112580  9596
  276 18344.074819 29864
  277 7168.319121  8226
  278 6763.200465  8125
  279 608.149559  1936
  280 1.588872   519
  281 0.334802 -1896
  282 8067.621044 20779
  283 1093.646194  5897
  284 0.669943 30295
  285 19779.188854 29243
  286 6791.177648 -3236
  287 5845.653648 13467
  288 0.634867 -2093
  289 0.046250 -1755
  290 3715.813684 15224
  291 3857.844250 16581
  292 8872.164318 16126
  293 0.150020 -2489
  294 3209.137075 12038
  295 5995.680804 14498
  296 0.055406  4174
  297 10585.978963 -3250
  298 0.418216 32570
  299 14978.390343 21172
  300 6036.313539 14979
