300
    1 625.426978     1
    2 12060.547742 22552
    3 6972.162123 27863
    4 0.070170 -1935
    5 0.087391 -2497
    6 5503.128886 11402
    7 2872.086731  7882
    8 2715.319986  5438
    9 0.450433 -2390
   10 108.373703  6863
   11 0.328641 -2493
   12 101.702849   525
   13 0.446364 -1620
   14 5805.538053 20096
   15 0.572586 -3259
   16 17886.526417 24956
   17 0.230071 -2849
   18 8274.975003 -3232
   19 10356.466585 14573
   20 0.575329 -3083
   21 1123.619951 21823
   22 1472.797428 15275
   23 5709.600449 14868
   24 0.325179 -2447
   25 0.057783  2208
   26 0.129906 -2263
   27 12039.302153 20395
   28 7513.659197 -3111
   29 534.869266  4613
   30 20571.770812 14985
   31 4861.734940 10343
   32 0.294535 -1984
   33 1073.739641  2104
   34 8234.404543 -2852
   35 16187.045651 17064
   36 28353.691279 21647
   37 0.025775 -2309
   38 98.664114  1257
   39 0.244757 -3064
   40 1099.091871  2568
   41 1380.806403 12082
   42 12691.870822 15949
   43 12589.043842 13544
   44 5434.118225 23714
   45 15694.333781 30240
   46 105.011331 10842
   47 3906.071356 15863
   48 0.706373 -1788
   49 0.062941 -3003
   50 361.915607  1573
   51 728.227807   828
   52 2049.679195 12746
   53 0.204905   314
   54 1944.592704 23962
   55 368.419326 23513
   56 0.346260 32017
   57 3961.262545 27528
   58 0.711945 -2540
   59 18164.956514 28792
   60 38613.687331 31213
   61 6851.766051 19028
   62 31628.727000 31927
   63 0.312273 31951
   64 20505.764002 26634
   65 51.353203  8009
   66 3192.548980 18283
   67 2796.354558 14765
   68 17268.778996 27953
   69 901.688810  4234
   70 173.890770  6832
   71 3168.115509  6524
   72 0.037360 -2711
   73 4099.247354 23238
   74 3976.173140 23525
   75 0.335232 -2177
   76 3400.347286 10172
   77 16671.252808 21958
   78 0.527814 -2390
   79 0.294024 -2423
   80 0.050350 -2110
   81 0.076472  3195
   82 0.009935  3101
   83 5516.789490 -3116
   84 336.948722  7462
   85 1564.320152  1250
   86 13624.186478 13695
   87 0.061261 -2810
   88 0.466449 -2668
   89 0.247454 -2119
   90 178.716462 11841
   91 612.921576  3905
   92 112.498581 26181
   93 416.569602  6201
   94 0.778161 -2630
   95 0.229543 -2801
   96 4055.398565 20258
   97 8523.492399 11140
   98 0.003787 -2718
   99 8537.818015  7350
  100 0.455593 -3230
  101 3259.470690  6709
  102 0.741593 -2544
  103 21443.345006 20824
  104 640.452251 10814
  105 0.491497 -2651
  106 440.440201  1080
  107 8224.972173 23377
  108 0.121704 -3192
  109 206.298664  1281
  110 0.399786 -2629
  111 10305.292022 12350
  112 0.725642 -1920
  113 6749.474897 21527
  114 13362.284296 28488
  115 9178.742051 12613
  116 4423.181978 25599
  117 2060.839471  2552
  118 138.983631  4764
  119 6202.771991 11817
  120 2763.599097  8720
  121 1.004533   876
  122 570.760633 21854
  123 0.656603 -1881
  124 1201.693688   546
  125 0.169656 -1913
  126 10776.854723 32558
  127 5990.022504 29437
  128 4050.003825 32051
  129 10546.933264 22728
  130 5222.439361 12216
  131 10489.828541 19666
  132 0.101139    74
  133 0.771445 -1966
  134 16349.158192 16240
  135 9429.153639 23404
  136 1644.396864  3066
  137 871.470083  3236
  138 0.023637 -3156
  139 7132.715816 26575
  140 5950.094647 30702
  141 2368.173523 23859
  142 0.528774 -2212
  143 7750.245632 15705
  144 2062.450979 14460
  145 3999.883106 16428
  146 3832.448304 26421
  147 1197.418573 10799
  148 0.013716 -2970
  149 16318.264937 30348
  150 5669.287215 14927
  151 0.160616 -2981
  152 2257.704338  4176
  153 3525.200662  3369
  154 0.050664 -3090
  155 0.308393 -2741
  156 7544.520747 26851
  157 27114.143237 29251
  158 2497.654920  5560
  159 0.049155 -1996
  160 7036.175462 13900
  161 11456.573515 29542
  162 4817.103325 23379
  163 606.955432 18562
  164 0.213457 -2198
  165 0.286724 -2146
  166 3448.297872  4587
  167 7033.612650  4200
  168 0.185559 32150
  169 0.146553 -2166
  170 0.397814 -2801
  171 0.238830 -3255
  172 10564.485099 24598
  173 20400.489163 14057
  174 0.374893 -2884
  175 8395.685303 15891
  176 0.373832 -2279
  177 10454.666712 31434
  178 6582.502487 20565
  179 4102.425425 11021
  180 16.743499 19654
  181 0.801920 31837
  182 8913.411861 13672
  183 6144.234762 14952
  184 20584.509734 26785
  185 1107.743156  6455
  186 0.459156 -1650
  187 0.781451 -2588
  188 0.064340 -2827
  189 9621.390604 16729
  190 2279.282889 13760
  191 0.082717 -2091
  192 2716.182571 24846
  193 1671.991515 29565
  194 0.150986 -1681
  195 14084.284383 28229
  196 0.413114 -1684
  197 19369.845555 15816
  198 2977.267140 17659
  199 0.291198 -3088
  200 2537.031632  6147
  201 15216.311752 30936
  202 6348.890492 26161
  203 15018.004019  9518
  204 324.718208 29234
  205 3365.996501 18278
  206 1063.680795 12201
  207 0.029195 -1702
  208 0.706442 -2474
  209 2990.154811 11251
  210 5918.404648 11128
  211 214.579307 18494
  212 0.965594 -1593
  213 0.988683 -2437
  214 9770.740122 15528
  215 0.440214 -1846
  216 0.224420  1154
  217 2807.847402 15143
  218 23706.858629 -3103
  219 12956.989479 16679
  220 0.606635 -2764
  221 0.056868  1476
  222 3560.199093 19127
  223 2973.745694  5680
  224 0.114984  2168
  225 0.101932 -2741
  226 4860.353285 25072
  227 0.336416   460
  228 4467.384304  3095
  229 2258.402771  8458
  230 7661.085285 -3242
  231 8081.280495 11398
  232 676.625054   881
  233 499.937961  1061
  234 0.371527 -1929
  235 7224.795588 17055
  236 11376.278523 31779
  237 19414.354031 25768
  238 4699.440888 14732
  239 6221.495606 -3256
  240 225.565637    35
  241 3412.098458  9045
  242 13360.749227 28477
  243 6129.592879 25507
  244 9441.017339 27680
  245 584.455670  6344
  246 9266.263093 21407
  247 0.208476 -1812
  248 0.452260 -2751
  249 10754.652935 21608
  250 14309.822513 19993
  251 9558.255553 -3226
  252 0.258086   131
  253 23006.655684 26725
  254 0.810203 -2571
  255 140.455954  4774
  256 0.130822 -2202
  257 0.401036 -2715
  258 10066.380754 11874
  259 0.167314 -2572
  260 0.246308 -2700
  261 6045.499555 15881
  262 0.437470 -2630
  263 2148.985712 14536
  264 581.378440  1231
  265 2921.318964 13187
  266 4486.657336  7031
  267 0.310618 -2424
  268 5900.881241 12441
  269 0.055291 -2748
  270 5309.817523 27996
  271 5027.423589 20832
  272 0.311452 -2129
  273 6090.511359 13008
  274 601.394506  3973
  275 977.695054  9596
  276 7583.680666 29864
  277 4104.334418  8226
  278 3022.773535  8125
  279 1190.172620  1936
  280 19.599521   519
  281 0.524165 -1896
  282 3689.924580 20779
  283 587.272227  5897
  284 0.792922 30295
  285 18920.762815 29243
  286 1729.702579 -3236
  287 7293.708140 13467
  288 0.813507 -2093
  289 0.116365 -1755
  290 2842.035900 15224
  291 19718.591818 16581
  292 12071.292063 16126
  293 0.187557 -2489
  294 12744.744404 12038
  295 508.109660 14498
  296 0.200007  4174
  297 14548.160201 -3250
  298 1.054052 32570
  299 10647.495480 21172
  300 11055.358536 14979
