100
    1 0.771671     1
    2 2.465722    12
    3 4.782205     3
    4 1.210176     6
    5 4.649900    17
    6 1.904363     2
    7 1.514400     2
    8 17.161507    18
    9 1.508071    11
   10 1.271424     3
   11 0.580174     5
   12 5.010766     5
   13 2.654152     8
   14 0.755631    16
   15 4.493146    19
   16 10.216998    16
   17 0.350935     1
   18 6.738960    15
   19 3.518791    13
   20 12.457943    19
   21 3.639431     3
   22 3.154017    15
   23 2.361214     8
   24 8.620687    19
   25 5.677115     8
   26 0.228336     4
   27 5.947098    15
   28 5.463363     5
   29 3.836276    13
   30 5.561513     5
   31 0.484601     3
   32 7.407619    10
   33 2.121476     4
   34 2.949632    16
   35 0.749077     4
   36 2.177736     7
   37 1.067476     5
   38 6.902853    17
   39 0.886003     7
   40 3.220538     8
   41 0.265654     2
   42 4.233619     9
   43 0.152810     4
   44 6.249539    14
   45 3.637264    20
   46 0.594703     2
   47 1.429542     3
   48 0.259947    11
   49 5.158403    17
   50 4.604424    13
   51 0.328497     8
   52 1.010334     6
   53 4.419545    14
   54 3.107304     2
   55 0.094892    13
   56 2.643329    17
   57 1.094110     8
   58 6.469892     7
   59 6.485927    12
   60 0.164393    13
   61 4.585499     8
   62 4.249546     7
   63 9.740814    11
   64 1.297332    14
   65 3.100686     9
   66 0.927304     3
   67 3.187640     5
   68 8.919582    13
   69 0.123052    14
   70 7.622162    12
   71 1.510701     4
   72 10.348946    19
   73 0.143992    18
   74 1.668977     5
   75 8.869563    19
   76 4.165670    12
   77 11.379777    18
   78 1.533093    15
   79 5.504054    19
   80 5.768157    15
   81 5.411191    15
   82 0.972488     1
   83 1.598905     7
   84 0.127719     2
   85 2.407037    10
   86 0.127419    15
   87 1.242743     9
   88 6.456160     8
   89 3.573950    17
   90 0.309073     1
   91 1.749323     5
   92 0.296454     1
   93 0.791405     1
   94 0.937005    15
   95 1.829287     6
   96 4.290083    18
   97 1.275427    20
   98 4.054814    12
   99 2.797810    10
  100 7.947257    11
