100
    1 0.890382     1
    2 2.295290    12
    3 0.036766     3
    4 0.457184     6
    5 5.091428    17
    6 0.597544     2
    7 2.759748     2
    8 0.790356    18
    9 5.906989    11
   10 1.051588     3
   11 1.646112     5
   12 0.350935     5
   13 6.128666     8
   14 3.880392    16
   15 13.507581    19
   16 12.636834    16
   17 0.292904     1
   18 0.918188    15
   19 0.608930    13
   20 12.597597    19
   21 0.317472     3
   22 4.894872    15
   23 3.706950     8
   24 5.578031    19
   25 8.032473     8
   26 0.332639     4
   27 6.035050    15
   28 1.622267     5
   29 0.523544    13
   30 0.917047     5
   31 0.523598     3
   32 0.522418    10
   33 5.979379     4
   34 4.455023    16
   35 1.017982     4
   36 1.205359     7
   37 4.755549     5
   38 0.924331    17
   39 2.627653     7
   40 3.658521     8
   41 3.143250     2
   42 1.810504     9
   43 1.818376     4
   44 12.834854    14
   45 0.080027    20
   46 0.363208     2
   47 0.735635     3
   48 8.716223    11
   49 9.130780    17
   50 1.515321    13
   51 1.586884     8
   52 2.249081     6
   53 1.866164    14
   54 1.182209     2
   55 7.212800    13
   56 12.015811    17
   57 1.716088     8
   58 0.507051     7
   59 3.202484    12
   60 17.335847    13
   61 6.164863     8
   62 6.544640     7
   63 8.993908    11
   64 5.510531    14
   65 4.765885     9
   66 1.582535     3
   67 1.795776     5
   68 1.753508    13
   69 2.223700    14
   70 2.312456    12
   71 0.054582     4
   72 6.456153    19
   73 2.616687    18
   74 0.280578     5
   75 0.840990    19
   76 1.898664    12
   77 3.822979    18
   78 6.869991    15
   79 6.449593    19
   80 1.233120    15
   81 6.561901    15
   82 0.051097     1
   83 6.392875     7
   84 0.290446     2
   85 0.413974    10
   86 12.415545    15
   87 0.412545     9
   88 1.772536     8
   89 3.896246    17
   90 0.204796     1
   91 4.212901     5
   92 0.195536     1
   93 0.529012     1
   94 8.638161    15
   95 10.479233     6
   96 16.483899    18
   97 4.255899    20
   98 1.715870    12
   99 12.279307    10
  100 0.435179    11
