300
    1 326.670842     1
    2 2395.599367 22552
    3 1983.688975 27863
    4 0.306109 -1935
    5 0.843061 -2497
    6 6530.174395 11402
    7 3297.783615  7882
    8 3581.487735  5438
    9 0.658450 -2390
   10 117.025119  6863
   11 0.198389 -2493
   12 162.318789   525
   13 0.177680 -1620
   14 6235.854315 20096
   15 0.866527 -3259
   16 2429.569151 24956
   17 0.422404 -2849
   18 18434.522718 -3232
   19 16250.961570 14573
   20 0.109202 -3083
   21 11244.608375 21823
   22 3141.370879 15275
   23 1519.866620 14868
   24 0.451296 -2447
   25 0.138489  2208
   26 0.424111 -2263
   27 1494.977291 20395
   28 4980.492430 -3111
   29 2772.621214  4613
   30 9035.716037 14985
   31 2599.723520 10343
   32 0.618911 -1984
   33 2555.420627  2104
   34 6215.683742 -2852
   35 8032.968232 17064
   36 36267.253205 21647
   37 0.300116 -2309
   38 336.640956  1257
   39 0.020174 -3064
   40 908.591233  2568
   41 725.172312 12082
   42 12106.194694 15949
   43 2795.863111 13544
   44 22584.197363 23714
   45 1743.912817 30240
   46 368.118953 10842
   47 1417.402094 15863
   48 0.813071 -1788
   49 0.394147 -3003
   50 89.633419  1573
   51 416.484881   828
   52 11408.801479 12746
   53 0.288396   314
   54 1818.844456 23962
   55 2912.483504 23513
   56 0.006489 32017
   57 7462.258044 27528
   58 0.817477 -2540
   59 12672.084376 28792
   60 16594.766367 31213
   61 1965.430363 19028
   62 16069.968207 31927
   63 0.018024 31951
   64 19989.586219 26634
   65 2632.330090  8009
   66 9144.170654 18283
   67 1729.483235 14765
   68 30278.132564 27953
   69 6511.232433  4234
   70 2562.134693  6832
   71 1457.841727  6524
   72 0.699720 -2711
   73 10552.289521 23238
   74 17197.061722 23525
   75 0.928422 -2177
   76 2221.915077 10172
   77 852.604636 21958
   78 0.566401 -2390
   79 0.528361 -2423
   80 0.030247 -2110
   81 0.962560  3195
   82 1.302349  3101
   83 9518.621293 -3116
   84 530.061385  7462
   85 577.373372  1250
   86 191.084861 13695
   87 0.604080 -2810
   88 0.334693 -2668
   89 0.457690 -2119
   90 1449.750226 11841
   91 770.155744  3905
   92 1401.339897 26181
   93 138.218979  6201
   94 0.941104 -2630
   95 1.013015 -2801
   96 14356.254050 20258
   97 755.056726 11140
   98 0.329726 -2718
   99 2981.339411  7350
  100 0.127370 -3230
  101 3559.136675  6709
  102 0.537839 -2544
  103 6115.796088 20824
  104 5117.478033 10814
  105 0.642103 -2651
  106 154.603677  1080
  107 15747.612936 23377
  108 0.804220 -3192
  109 355.303162  1281
  110 0.154012 -2629
  111 19184.412212 12350
  112 0.102964 -1920
  113 8850.384467 21527
  114 14726.627585 28488
  115 10025.594993 12613
  116 19565.909755 25599
  117 552.052691  2552
  118 141.899237  4764
  119 4684.488575 11817
  120 5173.463757  8720
  121 0.922422   876
  122 3375.482780 21854
  123 0.180398 -1881
  124 720.769399   546
  125 0.832839 -1913
  126 9791.503051 32558
  127 19971.925733 29437
  128 14030.019153 32051
  129 11941.477382 22728
  130 3452.330824 12216
  131 1378.417826 19666
  132 0.156883    74
  133 0.336570 -1966
  134 7090.653252 16240
  135 7560.450454 23404
  136 2085.630065  3066
  137 297.912491  3236
  138 0.223484 -3156
  139 19416.905711 26575
  140 17549.149854 30702
  141 2851.297374 23859
  142 0.076142 -2212
  143 6448.626293 15705
  144 7669.713262 14460
  145 3256.281937 16428
  146 8279.121419 26421
  147 7780.520762 10799
  148 0.545975 -2970
  149 13100.095608 30348
  150 7292.217703 14927
  151 1.068352 -2981
  152 541.920393  4176
  153 1089.093084  3369
  154 0.090708 -3090
  155 0.618056 -2741
  156 1288.266549 26851
  157 8612.860170 29251
  158 425.561536  5560
  159 0.210121 -1996
  160 2921.586656 13900
  161 10773.537262 29542
  162 740.654851 23379
  163 11241.423161 18562
  164 0.730376 -2198
  165 0.773873 -2146
  166 5992.604542  4587
  167 1673.343268  4200
  168 0.562670 32150
  169 0.105587 -2166
  170 0.664414 -2801
  171 0.691493 -3255
  172 28263.964038 24598
  173 3001.467624 14057
  174 0.414980 -2884
  175 14084.220994 15891
  176 1.233321 -2279
  177 1135.923530 31434
  178 8944.141883 20565
  179 7286.707634 11021
  180 1876.401179 19654
  181 0.363713 31837
  182 911.831611 13672
  183 1576.077274 14952
  184 10244.150523 26785
  185 538.592613  6455
  186 0.324415 -1650
  187 1.142581 -2588
  188 0.237787 -2827
  189 3936.722943 16729
  190 3551.124692 13760
  191 0.159596 -2091
  192 10317.603686 24846
  193 5936.780640 29565
  194 0.212747 -1681
  195 8450.015263 28229
  196 0.706423 -1684
  197 77.299836 15816
  198 757.943795 17659
  199 0.885682 -3088
  200 1319.444994  6147
  201 15810.186928 30936
  202 17901.905142 26161
  203 6428.806364  9518
  204 4460.673644 29234
  205 520.107013 18278
  206 4457.626763 12201
  207 0.934716 -1702
  208 0.791505 -2474
  209 272.807382 11251
  210 4909.439887 11128
  211 3136.451679 18494
  212 0.627920 -1593
  213 0.885808 -2437
  214 2225.104719 15528
  215 0.262854 -1846
  216 0.858135  1154
  217 78.685402 15143
  218 9948.086989 -3103
  219 5672.751457 16679
  220 0.124669 -2764
  221 0.281022  1476
  222 4225.943462 19127
  223 4539.887736  5680
  224 0.192858  2168
  225 0.131339 -2741
  226 21982.748823 25072
  227 1.141036   460
  228 2621.477515  3095
  229 2330.068190  8458
  230 16484.370915 -3242
  231 2729.269510 11398
  232 281.835833   881
  233 589.794153  1061
  234 0.613603 -1929
  235 1084.044322 17055
  236 333.190705 31779
  237 1213.951472 25768
  238 2600.091059 14732
  239 9369.069643 -3256
  240 768.601466    35
  241 1824.350404  9045
  242 5565.142073 28477
  243 16479.050380 25507
  244 5213.462761 27680
  245 200.769357  6344
  246 3770.651762 21407
  247 0.026694 -1812
  248 0.537074 -2751
  249 3157.767743 21608
  250 12725.335868 19993
  251 17366.601666 -3226
  252 0.366717   131
  253 14192.564343 26725
  254 0.124276 -2571
  255 726.596544  4774
  256 1.265562 -2202
  257 0.231676 -2715
  258 8877.139904 11874
  259 0.195949 -2572
  260 0.430058 -2700
  261 12334.911040 15881
  262 0.058060 -2630
  263 5662.623351 14536
  264 135.844659  1231
  265 540.686953 13187
  266 8872.418084  7031
  267 0.700615 -2424
  268 44.474320 12441
  269 0.057941 -2748
  270 7710.596205 27996
  271 7384.852144 20832
  272 0.551982 -2129
  273 12326.581010 13008
  274 4224.625182  3973
  275 2185.217160  9596
  276 30522.022508 29864
  277 301.914101  8226
  278 5542.534013  8125
  279 318.651881  1936
  280 1.292112   519
  281 0.083182 -1896
  282 11500.471199 20779
  283 1009.246724  5897
  284 0.069680 30295
  285 10848.661938 29243
  286 2228.817321 -3236
  287 4947.524600 13467
  288 0.444422 -2093
  289 0.304989 -1755
  290 23072.055855 15224
  291 1418.015040 16581
  292 16946.720451 16126
  293 0.095776 -2489
  294 6810.153228 12038
  295 1201.857828 14498
  296 0.984330  4174
  297 8625.896356 -3250
  298 0.089963 32570
  299 2864.374150 21172
  300 26851.629974 14979
