300
    1 437.583898     1
    2 3656.353520 22552
    3 7464.147676 27863
    4 0.310236 -1935
    5 0.033704 -2497
    6 1001.415400 11402
    7 873.537749  7882
    8 1507.139052  5438
    9 0.268800 -2390
   10 1148.977931  6863
   11 0.648967 -2493
   12 18.463558   525
   13 0.359137 -1620
   14 6162.525922 20096
   15 0.190457 -3259
   16 8598.320679 24956
   17 0.707018 -2849
   18 9146.786728 -3232
   19 7951.519973 14573
   20 0.578167 -3083
   21 19060.250014 21823
   22 201.072858 15275
   23 6182.673771 14868
   24 0.241029 -2447
   25 0.774717  2208
   26 0.348755 -2263
   27 11200.317818 20395
   28 8976.804278 -3111
   29 1471.808160  4613
   30 1897.383483 14985
   31 6899.023470 10343
   32 0.042196 -1984
   33 769.241750  2104
   34 2233.755683 -2852
   35 16495.121724 17064
   36 14275.429517 21647
   37 0.389621 -2309
   38 1888.933026  1257
   39 0.224401 -3064
   40 2099.706133  2568
   41 8854.403774 12082
   42 16491.539909 15949
   43 1508.936644 13544
   44 2214.066857 23714
   45 980.740786 30240
   46 5113.563941 10842
   47 16228.445559 15863
   48 0.709170 -1788
   49 0.202198 -3003
   50 943.947929  1573
   51 2568.655378   828
   52 11479.624450 12746
   53 0.074229   314
   54 16793.868687 23962
   55 30052.998934 23513
   56 0.898110 32017
   57 692.337570 27528
   58 0.506112 -2540
   59 12690.235987 28792
   60 28842.305614 31213
   61 12661.021217 19028
   62 16527.030836 31927
   63 0.215367 31951
   64 22253.372786 26634
   65 5411.894710  8009
   66 2052.350780 18283
   67 9958.104012 14765
   68 30392.773236 27953
   69 254.873774  4234
   70 1004.008953  6832
   71 230.209432  6524
   72 0.185831 -2711
   73 7137.524848 23238
   74 9650.089536 23525
   75 0.930685 -2177
   76 7676.243017 10172
   77 9086.173874 21958
   78 1.252254 -2390
   79 0.744158 -2423
   80 0.246426 -2110
   81 0.511617  3195
   82 0.183119  3101
   83 16452.517987 -3116
   84 1755.756766  7462
   85 360.772729  1250
   86 1710.705641 13695
   87 0.293237 -2810
   88 0.393605 -2668
   89 0.534840 -2119
   90 2370.578056 11841
   91 1006.585720  3905
   92 8521.423921 26181
   93 2538.060124  6201
   94 0.524670 -2630
   95 0.886141 -2801
   96 2545.043926 20258
   97 7474.573072 11140
   98 0.675755 -2718
   99 5624.010725  7350
  100 0.303282 -3230
  101 2523.253694  6709
  102 0.137636 -2544
  103 2028.592830 20824
  104 4062.921076 10814
  105 1.163556 -2651
  106 231.828443  1080
  107 5003.006862 23377
  108 0.854891 -3192
  109 1880.311009  1281
  110 0.731846 -2629
  111 5636.500322 12350
  112 0.821382 -1920
  113 1013.330919 21527
  114 15773.318039 28488
  115 102.733881 12613
  116 3435.545498 25599
  117 758.463092  2552
  118 536.949550  4764
  119 2266.002554 11817
  120 1595.961643  8720
  121 1.064450   876
  122 15200.069913 21854
  123 0.052846 -1881
  124 1776.192342   546
  125 0.030691 -1913
  126 7711.229140 32558
  127 1777.504841 29437
  128 29089.234707 32051
  129 1337.352418 22728
  130 3676.534531 12216
  131 16631.739536 19666
  132 0.447962    74
  133 0.145278 -1966
  134 11228.602822 16240
  135 95.240591 23404
  136 1933.393208  3066
  137 412.997311  3236
  138 0.674751 -3156
  139 4739.535928 26575
  140 34668.572820 30702
  141 13453.035712 23859
  142 0.578551 -2212
  143 1137.545278 15705
  144 10810.602252 14460
  145 23712.098447 16428
  146 2955.928613 26421
  147 1200.369654 10799
  148 0.034434 -2970
  149 10454.679501 30348
  150 17791.990356 14927
  151 0.742816 -2981
  152 2261.453171  4176
  153 2719.563745  3369
  154 0.727676 -3090
  155 0.431931 -2741
  156 768.815585 26851
  157 7557.791678 29251
  158 1155.738068  5560
  159 0.817052 -1996
  160 6156.199789 13900
  161 19707.058300 29542
  162 11172.761929 23379
  163 11930.844468 18562
  164 0.501647 -2198
  165 0.952223 -2146
  166 720.153800  4587
  167 4101.484822  4200
  168 0.346186 32150
  169 0.689588 -2166
  170 0.195878 -2801
  171 0.418078 -3255
  172 5230.241151 24598
  173 1072.770385 14057
  174 0.445698 -2884
  175 19869.139875 15891
  176 0.518401 -2279
  177 4130.305194 31434
  178 13407.817832 20565
  179 1817.261626 11021
  180 11723.701903 19654
  181 0.462160 31837
  182 4668.116065 13672
  183 7385.451371 14952
  184 2276.444393 26785
  185 490.471828  6455
  186 0.072239 -1650
  187 0.012931 -2588
  188 0.841954 -2827
  189 18571.119696 16729
  190 1671.848109 13760
  191 0.004364 -2091
  192 13895.130710 24846
  193 3271.397280 29565
  194 0.073557 -1681
  195 146.561827 28229
  196 0.257874 -1684
  197 1426.930496 15816
  198 613.754738 17659
  199 0.381187 -3088
  200 9792.576066  6147
  201 9578.863753 30936
  202 3350.040766 26161
  203 727.165637  9518
  204 5765.401483 29234
  205 11108.617111 18278
  206 66.889339 12201
  207 0.174510 -1702
  208 0.897822 -2474
  209 5864.952357 11251
  210 496.652603 11128
  211 10791.721894 18494
  212 1.095231 -1593
  213 0.000152 -2437
  214 2115.477581 15528
  215 0.413479 -1846
  216 0.335717  1154
  217 4965.612234 15143
  218 6092.285408 -3103
  219 19452.865324 16679
  220 0.109166 -2764
  221 0.756375  1476
  222 15087.436477 19127
  223 4932.753447  5680
  224 0.449160  2168
  225 0.290421 -2741
  226 17044.584020 25072
  227 0.147809   460
  228 3670.032393  3095
  229 6924.630763  8458
  230 16352.296663 -3242
  231 4958.090429 11398
  232 110.961952   881
  233 810.190033  1061
  234 0.221279 -1929
  235 8269.320701 17055
  236 6432.447982 31779
  237 6730.347395 25768
  238 7192.046228 14732
  239 11214.731839 -3256
  240 130.687980    35
  241 613.601995  9045
  242 11453.699269 28477
  243 6974.144729 25507
  244 4319.746880 27680
  245 370.778665  6344
  246 10065.619193 21407
  247 0.218449 -1812
  248 0.197166 -2751
  249 2005.969885 21608
  250 716.461514 19993
  251 24076.555102 -3226
  252 0.250286   131
  253 7559.855577 26725
  254 0.097446 -2571
  255 152.323674  4774
  256 0.363185 -2202
  257 0.229977 -2715
  258 4897.107047 11874
  259 0.222498 -2572
  260 0.188905 -2700
  261 1805.299246 15881
  262 0.512240 -2630
  263 6166.673785 14536
  264 1092.654293  1231
  265 762.229136 13187
  266 1426.854958  7031
  267 0.217425 -2424
  268 2835.092944 12441
  269 0.571474 -2748
  270 12003.687023 27996
  271 10818.579055 20832
  272 0.124165 -2129
  273 2759.150759 13008
  274 1924.561546  3973
  275 597.549537  9596
  276 5912.284544 29864
  277 2552.356423  8226
  278 7858.572995  8125
  279 243.645724  1936
  280 14.893929   519
  281 0.785150 -1896
  282 144.790170 20779
  283 471.158802  5897
  284 0.224559 30295
  285 828.555053 29243
  286 5508.143446 -3236
  287 5685.107213 13467
  288 0.193367 -2093
  289 0.104771 -1755
  290 6812.326725 15224
  291 724.231715 16581
  292 1069.673595 16126
  293 0.181960 -2489
  294 11390.829315 12038
  295 4838.822912 14498
  296 0.121031  4174
  297 9106.740752 -3250
  298 1.008398 32570
  299 7622.677672 21172
  300 11668.937921 14979
