300
    1 173.327727     1
    2 9235.531801 22552
    3 5016.431715 27863
    4 0.672583 -1935
    5 0.659192 -2497
    6 19848.902933 11402
    7 5032.981048  7882
    8 19.567404  5438
    9 0.296565 -2390
   10 2197.665688  6863
   11 0.274661 -2493
   12 6.681758   525
   13 0.020020 -1620
   14 2583.332617 20096
   15 0.031872 -3259
   16 11698.359339 24956
   17 0.437875 -2849
   18 894.787503 -3232
   19 4442.821759 14573
   20 0.450856 -3083
   21 9345.369860 21823
   22 1130.203291 15275
   23 128.991446 14868
   24 0.622468 -2447
   25 0.233843  2208
   26 0.102913 -2263
   27 5280.745498 20395
   28 15491.156948 -3111
   29 458.936188  4613
   30 2673.299379 14985
   31 4508.114930 10343
   32 0.361224 -1984
   33 1277.869666  2104
   34 2713.757048 -2852
   35 11347.166472 17064
   36 5431.961439 21647
   37 0.716905 -2309
   38 313.668588  1257
   39 0.221207 -3064
   40 205.605880  2568
   41 42.991712 12082
   42 5938.781695 15949
   43 17218.314569 13544
   44 4941.254884 23714
   45 3620.158821 30240
   46 15250.342346 10842
   47 3268.344074 15863
   48 0.634401 -1788
   49 0.009804 -3003
   50 297.509485  1573
   51 1208.648431   828
   52 8621.861974 12746
   53 0.002129   314
   54 7704.646029 23962
   55 19806.949409 23513
   56 0.953544 32017
   57 9878.035640 27528
   58 0.205466 -2540
   59 11801.312592 28792
   60 379.708664 31213
   61 9707.104260 19028
   62 20233.037705 31927
   63 0.071557 31951
   64 14919.645692 26634
   65 4964.685547  8009
   66 15338.813040 18283
   67 4426.087655 14765
   68 7690.507629 27953
   69 650.294677  4234
   70 1898.075537  6832
   71 785.265434  6524
   72 0.256759 -2711
   73 8938.637214 23238
   74 17527.805372 23525
   75 0.631619 -2177
   76 710.532877 10172
   77 3801.567886 21958
   78 0.661955 -2390
   79 0.510096 -2423
   80 0.215419 -2110
   81 0.406879  3195
   82 0.090780  3101
   83 20476.286486 -3116
   84 3474.944241  7462
   85 1888.418215  1250
   86 123.148663 13695
   87 0.183967 -2810
   88 0.465140 -2668
   89 0.644798 -2119
   90 3455.659319 11841
   91 1000.965517  3905
   92 4452.096792 26181
   93 378.794709  6201
   94 0.036973 -2630
   95 0.552926 -2801
   96 16394.785855 20258
   97 4725.011739 11140
   98 0.993862 -2718
   99 2023.902713  7350
  100 0.591623 -3230
  101 4287.108974  6709
  102 1.129695 -2544
  103 2506.860598 20824
  104 6118.149777 10814
  105 0.722535 -2651
  106 2818.966754  1080
  107 5104.588570 23377
  108 0.952561 -3192
  109 1790.008765  1281
  110 0.572330 -2629
  111 735.876431 12350
  112 0.390921 -1920
  113 682.816398 21527
  114 21657.378784 28488
  115 364.909774 12613
  116 7417.502007 25599
  117 20.721121  2552
  118 400.393904  4764
  119 1565.227412 11817
  120 588.217593  8720
  121 0.000667   876
  122 3713.676288 21854
  123 0.377156 -1881
  124 4346.068402   546
  125 0.010648 -1913
  126 14649.531069 32558
  127 30658.446769 29437
  128 27552.519581 32051
  129 3857.984073 22728
  130 1278.647945 12216
  131 716.279305 19666
  132 0.332457    74
  133 0.453056 -1966
  134 1969.483744 16240
  135 2969.696954 23404
  136 362.786389  3066
  137 71.182042  3236
  138 0.399274 -3156
  139 3740.085024 26575
  140 3360.199203 30702
  141 13940.665177 23859
  142 0.844181 -2212
  143 323.646746 15705
  144 7070.560725 14460
  145 4238.733542 16428
  146 21610.556808 26421
  147 210.196481 10799
  148 0.237617 -2970
  149 6251.247271 30348
  150 1448.719597 14927
  151 0.514886 -2981
  152 47.702984  4176
  153 1554.971870  3369
  154 0.413355 -3090
  155 0.516428 -2741
  156 11405.754865 26851
  157 1767.623012 29251
  158 2300.090916  5560
  159 0.008935 -1996
  160 2760.047753 13900
  161 23259.394941 29542
  162 6512.337575 23379
  163 8920.813998 18562
  164 1.002370 -2198
  165 1.459106 -2146
  166 2377.257804  4587
  167 1647.818756  4200
  168 0.351748 32150
  169 0.528544 -2166
  170 0.150119 -2801
  171 0.420849 -3255
  172 13825.611607 24598
  173 20613.872538 14057
  174 0.047174 -2884
  175 3369.432032 15891
  176 0.203677 -2279
  177 4423.605087 31434
  178 8126.139609 20565
  179 182.950176 11021
  180 1015.621096 19654
  181 0.025360 31837
  182 3868.867638 13672
  183 11701.571172 14952
  184 16333.075787 26785
  185 657.383232  6455
  186 0.462894 -1650
  187 0.806584 -2588
  188 0.358793 -2827
  189 12043.151719 16729
  190 2892.307394 13760
  191 0.532629 -2091
  192 10267.802644 24846
  193 2316.710347 29565
  194 0.228813 -1681
  195 13676.455500 28229
  196 0.367289 -1684
  197 4543.446999 15816
  198 6318.214826 17659
  199 0.054327 -3088
  200 637.208598  6147
  201 10490.419003 30936
  202 6296.489631 26161
  203 9338.570374  9518
  204 25973.299384 29234
  205 10212.845864 18278
  206 6553.199911 12201
  207 0.169561 -1702
  208 0.122349 -2474
  209 1825.314375 11251
  210 1229.031890 11128
  211 11275.030868 18494
  212 0.768640 -1593
  213 0.831072 -2437
  214 4766.064947 15528
  215 0.531019 -1846
  216 0.090954  1154
  217 4520.935922 15143
  218 9106.320678 -3103
  219 22052.811419 16679
  220 0.396824 -2764
  221 0.081313  1476
  222 10435.313113 19127
  223 1469.131294  5680
  224 0.227714  2168
  225 0.360295 -2741
  226 17372.287980 25072
  227 0.702755   460
  228 5379.335365  3095
  229 4131.310474  8458
  230 2053.563731 -3242
  231 1770.694960 11398
  232 1440.635417   881
  233 580.785469  1061
  234 0.577782 -1929
  235 1045.298300 17055
  236 664.739004 31779
  237 20125.286604 25768
  238 9662.660516 14732
  239 4415.294839 -3256
  240 162.568593    35
  241 162.601990  9045
  242 14859.057146 28477
  243 17721.874837 25507
  244 4281.107873 27680
  245 247.378582  6344
  246 17035.652920 21407
  247 0.473582 -1812
  248 0.246818 -2751
  249 4126.328667 21608
  250 4109.599016 19993
  251 17988.739745 -3226
  252 1.082601   131
  253 13141.618750 26725
  254 0.248763 -2571
  255 318.762681  4774
  256 0.908212 -2202
  257 0.725557 -2715
  258 2446.634699 11874
  259 0.585638 -2572
  260 1.113929 -2700
  261 5553.704597 15881
  262 0.129408 -2630
  263 22808.947944 14536
  264 1596.483769  1231
  265 866.837117 13187
  266 8665.216482  7031
  267 0.339302 -2424
  268 1278.938560 12441
  269 0.489663 -2748
  270 7045.374860 27996
  271 3877.241273 20832
  272 0.058151 -2129
  273 90.243721 13008
  274 194.786376  3973
  275 253.165973  9596
  276 18607.301857 29864
  277 8467.155430  8226
  278 9178.218541  8125
  279 5.729432  1936
  280 9.659750   519
  281 0.019847 -1896
  282 9332.005103 20779
  283 165.623279  5897
  284 1.436768 30295
  285 20793.348108 29243
  286 32146.092132 -3236
  287 343.732639 13467
  288 0.649384 -2093
  289 1.410718 -1755
  290 5577.634306 15224
  291 1244.576234 16581
  292 15062.147275 16126
  293 0.067519 -2489
  294 7855.978272 12038
  295 4798.047235 14498
  296 0.032060  4174
  297 4125.886367 -3250
  298 0.831520 32570
  299 9447.361345 21172
  300 3253.690831 14979
