100
    1 1.523738     1
    2 5.217984    12
    3 1.868066     3
    4 2.838577     6
    5 16.945837    17
    6 0.025690     2
    7 0.961350     2
    8 6.468497    18
    9 4.480393    11
   10 3.664124     3
   11 1.991729     5
   12 5.368209     5
   13 3.853401     8
   14 17.025764    16
   15 0.802256    19
   16 8.483649    16
   17 0.162440     1
   18 8.016989    15
   19 1.700184    13
   20 5.974864    19
   21 2.357699     3
   22 5.773489    15
   23 0.803436     8
   24 5.391857    19
   25 1.879402     8
   26 1.266675     4
   27 7.484345    15
   28 8.510154     5
   29 1.308774    13
   30 0.245178     5
   31 0.554524     3
   32 0.312687    10
   33 1.439461     4
   34 5.623728    16
   35 3.014885     4
   36 0.072844     7
   37 1.443961     5
   38 3.746119    17
   39 2.541631     7
   40 0.092101     8
   41 0.122990     2
   42 6.276399     9
   43 7.086205     4
   44 7.942459    14
   45 5.351594    20
   46 0.549824     2
   47 1.293375     3
   48 4.548737    11
   49 8.027011    17
   50 3.491100    13
   51 0.729594     8
   52 2.946198     6
   53 4.959549    14
   54 0.269737     2
   55 0.479614    13
   56 7.519494    17
   57 1.123997     8
   58 4.041572     7
   59 6.993510    12
   60 3.436056    13
   61 1.509979     8
   62 1.771841     7
   63 7.453000    11
   64 7.208609    14
   65 0.736958     9
   66 1.619661     3
   67 0.303546     5
   68 12.349045    13
   69 0.887519    14
   70 4.150454    12
   71 1.146505     4
   72 4.014286    19
   73 12.203034    18
   74 0.508804     5
   75 9.444474    19
   76 4.126548    12
   77 0.481306    18
   78 1.271250    15
   79 4.969517    19
   80 3.977829    15
   81 0.045049    15
   82 0.126290     1
   83 2.354602     7
   84 0.748778     2
   85 1.596130    10
   86 0.619972    15
   87 5.227240     9
   88 3.577761     8
   89 15.312589    17
   90 1.040729     1
   91 1.601238     5
   92 0.167746     1
   93 0.753311     1
   94 15.503196    15
   95 1.408361     6
   96 18.532544    18
   97 20.103151    20
   98 9.416497    12
   99 2.498733    10
  100 2.955986    11
