300
    1 484.776537     1
    2 6464.057368 22552
    3 9602.032128 27863
    4 0.635509 -1935
    5 1.122377 -2497
    6 889.703777 11402
    7 4329.499422  7882
    8 1273.727619  5438
    9 0.016309 -2390
   10 904.100011  6863
   11 0.052773 -2493
   12 100.315103   525
   13 0.566525 -1620
   14 6464.359415 20096
   15 0.323834 -3259
   16 3068.846575 24956
   17 0.131972 -2849
   18 851.207494 -3232
   19 9381.731250 14573
   20 0.126493 -3083
   21 31536.490064 21823
   22 7985.550144 15275
   23 725.453259 14868
   24 1.023632 -2447
   25 0.383544  2208
   26 0.334848 -2263
   27 4373.731913 20395
   28 3409.410657 -3111
   29 2050.147668  4613
   30 3120.797759 14985
   31 4176.040710 10343
   32 0.141797 -1984
   33 2930.198730  2104
   34 15050.347176 -2852
   35 837.044446 17064
   36 2031.762036 21647
   37 0.299109 -2309
   38 503.082713  1257
   39 0.065162 -3064
   40 2627.889288  2568
   41 3876.604536 12082
   42 1109.365269 15949
   43 4017.374097 13544
   44 4060.272997 23714
   45 5854.947070 30240
   46 19986.295756 10842
   47 12931.554474 15863
   48 0.433117 -1788
   49 0.344353 -3003
   50 430.745022  1573
   51 185.037064   828
   52 11241.335842 12746
   53 0.665481   314
   54 3856.332152 23962
   55 21704.681612 23513
   56 0.403637 32017
   57 20782.952636 27528
   58 1.453495 -2540
   59 28518.188709 28792
   60 2782.094912 31213
   61 20287.629058 19028
   62 4147.261132 31927
   63 0.715103 31951
   64 5433.063484 26634
   65 1675.429880  8009
   66 13130.601526 18283
   67 4563.729879 14765
   68 28455.868726 27953
   69 1423.328771  4234
   70 646.163563  6832
   71 1433.822273  6524
   72 0.032705 -2711
   73 21271.997490 23238
   74 1584.452397 23525
   75 1.043885 -2177
   76 5388.346583 10172
   77 1739.925633 21958
   78 0.700336 -2390
   79 0.204044 -2423
   80 0.529675 -2110
   81 0.361205  3195
   82 0.011176  3101
   83 32962.314011 -3116
   84 1439.067752  7462
   85 2179.568677  1250
   86 3144.414284 13695
   87 0.607910 -2810
   88 0.095051 -2668
   89 0.489555 -2119
   90 12627.583177 11841
   91 1355.536654  3905
   92 6339.209907 26181
   93 4186.375535  6201
   94 0.071875 -2630
   95 0.309830 -2801
   96 3599.583584 20258
   97 7368.521653 11140
   98 0.654832 -2718
   99 4017.765252  7350
  100 0.298469 -3230
  101 266.142544  6709
  102 0.094142 -2544
  103 1263.326693 20824
  104 4135.645649 10814
  105 0.256316 -2651
  106 2491.532533  1080
  107 7133.700578 23377
  108 0.378236 -3192
  109 486.520781  1281
  110 0.857529 -2629
  111 2261.730058 12350
  112 0.141565 -1920
  113 7712.891053 21527
  114 4174.314599 28488
  115 4209.840746 12613
  116 1339.928380 25599
  117 17.101502  2552
  118 563.232869  4764
  119 8080.290105 11817
  120 87.090134  8720
  121 1.151519   876
  122 3356.915228 21854
  123 0.537288 -1881
  124 1340.850530   546
  125 0.288150 -1913
  126 12172.082579 32558
  127 1766.401279 29437
  128 3745.150787 32051
  129 7667.392809 22728
  130 3881.320942 12216
  131 2343.575228 19666
  132 0.129751    74
  133 0.144677 -1966
  134 9187.724299 16240
  135 5857.101535 23404
  136 7837.756989  3066
  137 378.236754  3236
  138 0.039651 -3156
  139 13268.365931 26575
  140 989.037637 30702
  141 12430.369360 23859
  142 1.087037 -2212
  143 78.584748 15705
  144 6237.297502 14460
  145 7198.036657 16428
  146 14609.162412 26421
  147 9554.761982 10799
  148 0.573557 -2970
  149 9100.729862 30348
  150 2046.950146 14927
  151 0.467614 -2981
  152 2233.742138  4176
  153 174.816223  3369
  154 0.901171 -3090
  155 0.204928 -2741
  156 6518.406807 26851
  157 10713.422950 29251
  158 376.304168  5560
  159 0.105987 -1996
  160 8450.592808 13900
  161 17115.050908 29542
  162 5894.321493 23379
  163 10493.671399 18562
  164 0.432933 -2198
  165 0.595841 -2146
  166 1107.533188  4587
  167 1000.363634  4200
  168 0.318672 32150
  169 0.518382 -2166
  170 0.042129 -2801
  171 0.690563 -3255
  172 30074.762688 24598
  173 9266.599738 14057
  174 0.670168 -2884
  175 6782.522301 15891
  176 0.625707 -2279
  177 22861.679380 31434
  178 2979.870198 20565
  179 3536.437262 11021
  180 8100.203853 19654
  181 0.295024 31837
  182 2907.072874 13672
  183 8138.681054 14952
  184 19079.308224 26785
  185 18.058951  6455
  186 0.390624 -1650
  187 0.000039 -2588
  188 1.035340 -2827
  189 1385.353410 16729
  190 2270.655628 13760
  191 0.596248 -2091
  192 3322.885373 24846
  193 12114.212854 29565
  194 0.437458 -1681
  195 10759.032795 28229
  196 0.412020 -1684
  197 10308.768899 15816
  198 2611.702633 17659
  199 0.543008 -3088
  200 738.610324  6147
  201 21690.320437 30936
  202 22451.454228 26161
  203 2492.435082  9518
  204 16085.298179 29234
  205 4646.516784 18278
  206 7203.473271 12201
  207 0.018971 -1702
  208 0.288120 -2474
  209 3368.272825 11251
  210 2607.431087 11128
  211 1865.976199 18494
  212 0.151449 -1593
  213 0.865905 -2437
  214 783.270811 15528
  215 0.241957 -1846
  216 0.683789  1154
  217 6894.793071 15143
  218 9346.048594 -3103
  219 602.540779 16679
  220 0.597568 -2764
  221 1.320046  1476
  222 652.240935 19127
  223 645.626953  5680
  224 0.185732  2168
  225 0.101271 -2741
  226 19874.730047 25072
  227 0.542404   460
  228 3143.491577  3095
  229 7981.200673  8458
  230 15195.359904 -3242
  231 7635.272416 11398
  232 344.781884   881
  233 1341.010360  1061
  234 0.446479 -1929
  235 10981.686854 17055
  236 5821.873834 31779
  237 24113.652591 25768
  238 14251.466419 14732
  239 18168.647052 -3256
  240 143.926978    35
  241 1751.848900  9045
  242 12749.023312 28477
  243 6766.978539 25507
  244 568.890135 27680
  245 1851.293971  6344
  246 8161.347629 21407
  247 0.136142 -1812
  248 0.614208 -2751
  249 66.808934 21608
  250 3850.770148 19993
  251 3920.374548 -3226
  252 0.262093   131
  253 12392.949754 26725
  254 0.361729 -2571
  255 29.956917  4774
  256 0.697764 -2202
  257 1.124334 -2715
  258 10762.265949 11874
  259 0.544530 -2572
  260 0.398007 -2700
  261 12036.836106 15881
  262 0.273127 -2630
  263 2140.915950 14536
  264 1734.699351  1231
  265 3452.491384 13187
  266 4454.693095  7031
  267 0.399712 -2424
  268 13444.935828 12441
  269 0.010419 -2748
  270 6188.980049 27996
  271 11642.964883 20832
  272 0.241406 -2129
  273 4750.461962 13008
  274 986.982495  3973
  275 4.211529  9596
  276 21627.007778 29864
  277 4741.320180  8226
  278 404.159396  8125
  279 1139.982401  1936
  280 7.114440   519
  281 0.187514 -1896
  282 3013.885571 20779
  283 765.126230  5897
  284 0.111703 30295
  285 16077.861372 29243
  286 12522.046376 -3236
  287 10009.325237 13467
  288 0.070312 -2093
  289 1.195105 -1755
  290 12891.049160 15224
  291 14663.041648 16581
  292 5328.745476 16126
  293 0.407844 -2489
  294 7927.374738 12038
  295 7103.717634 14498
  296 0.645240  4174
  297 20774.044603 -3250
  298 0.391597 32570
  299 4358.147840 21172
  300 11857.860131 14979
