300
    1 530.751343     1
    2 6686.415976 22552
    3 19451.871452 27863
    4 0.524684 -1935
    5 1.058632 -2497
    6 9545.539028 11402
    7 2955.075532  7882
    8 3046.739953  5438
    9 0.190477 -2390
   10 187.073752  6863
   11 0.505203 -2493
   12 18.067440   525
   13 0.652412 -1620
   14 8763.947146 20096
   15 0.289086 -3259
   16 7625.629722 24956
   17 0.950908 -2849
   18 4603.337122 -3232
   19 9000.253780 14573
   20 0.695718 -3083
   21 18263.057476 21823
   22 6061.959564 15275
   23 13573.326411 14868
   24 0.460848 -2447
   25 0.905083  2208
   26 0.867442 -2263
   27 126.004743 20395
   28 19984.830759 -3111
   29 5276.300967  4613
   30 12930.000063 14985
   31 6788.379120 10343
   32 0.378611 -1984
   33 2382.262452  2104
   34 16565.716602 -2852
   35 1585.575877 17064
   36 3979.750980 21647
   37 0.226540 -2309
   38 811.161073  1257
   39 0.074149 -3064
   40 653.950939  2568
   41 4467.367931 12082
   42 6980.560267 15949
   43 6371.426174 13544
   44 5418.795919 23714
   45 14976.492027 30240
   46 229.437298 10842
   47 6243.611545 15863
   48 0.965688 -1788
   49 0.026042 -3003
   50 630.848618  1573
   51 2317.034225   828
   52 3481.637176 12746
   53 0.512058   314
   54 3861.718475 23962
   55 9529.794994 23513
   56 0.336022 32017
   57 2916.929379 27528
   58 0.171922 -2540
   59 18715.821198 28792
   60 3727.043829 31213
   61 5229.966567 19028
   62 28307.860040 31927
   63 0.331713 31951
   64 4901.426921 26634
   65 326.790052  8009
   66 3591.157223 18283
   67 13909.410412 14765
   68 9538.118448 27953
   69 2669.573777  4234
   70 2928.779764  6832
   71 4461.541769  6524
   72 0.137069 -2711
   73 9324.502393 23238
   74 863.339308 23525
   75 0.758649 -2177
   76 6120.912249 10172
   77 8664.715448 21958
   78 0.470857 -2390
   79 0.102074 -2423
   80 0.209978 -2110
   81 0.106102  3195
   82 0.320319  3101
   83 18564.183039 -3116
   84 1999.213926  7462
   85 2297.977244  1250
   86 5741.577027 13695
   87 1.237690 -2810
   88 0.680749 -2668
   89 0.039332 -2119
   90 6330.513936 11841
   91 1475.093006  3905
   92 29952.203915 26181
   93 3316.425544  6201
   94 0.574267 -2630
   95 0.368891 -2801
   96 9902.376393 20258
   97 10753.208394 11140
   98 0.325830 -2718
   99 4860.962163  7350
  100 0.286832 -3230
  101 742.008940  6709
  102 0.032096 -2544
  103 5077.823571 20824
  104 5096.099767 10814
  105 0.566632 -2651
  106 357.828581  1080
  107 16149.084622 23377
  108 0.155970 -3192
  109 787.836060  1281
  110 0.306091 -2629
  111 2942.558216 12350
  112 0.471102 -1920
  113 422.887476 21527
  114 3496.408094 28488
  115 4882.627093 12613
  116 10095.570329 25599
  117 664.122912  2552
  118 57.992215  4764
  119 5308.028015 11817
  120 262.336795  8720
  121 0.988056   876
  122 5673.963103 21854
  123 0.434934 -1881
  124 3666.563499   546
  125 0.630355 -1913
  126 4346.694135 32558
  127 4702.672282 29437
  128 14947.691390 32051
  129 8342.141126 22728
  130 1287.279040 12216
  131 5790.032744 19666
  132 0.543391    74
  133 0.853187 -1966
  134 3056.753440 16240
  135 14291.983088 23404
  136 1820.372261  3066
  137 683.140442  3236
  138 0.210489 -3156
  139 28363.262963 26575
  140 17731.191090 30702
  141 694.997518 23859
  142 1.472226 -2212
  143 4415.042475 15705
  144 165.798821 14460
  145 12879.306293 16428
  146 21876.205624 26421
  147 6016.437658 10799
  148 0.125793 -2970
  149 36800.944612 30348
  150 8779.751066 14927
  151 0.107544 -2981
  152 5512.238849  4176
  153 1446.806331  3369
  154 0.047484 -3090
  155 0.469276 -2741
  156 1266.020456 26851
  157 15199.706861 29251
  158 2520.644152  5560
  159 0.248804 -1996
  160 5955.685056 13900
  161 16883.424819 29542
  162 10183.270852 23379
  163 241.206567 18562
  164 0.352687 -2198
  165 0.188254 -2146
  166 3932.600409  4587
  167 5560.712592  4200
  168 0.661771 32150
  169 0.741632 -2166
  170 0.043212 -2801
  171 0.373071 -3255
  172 18859.510062 24598
  173 11693.677048 14057
  174 0.193390 -2884
  175 9957.590267 15891
  176 0.484115 -2279
  177 3889.195162 31434
  178 598.461573 20565
  179 1897.441594 11021
  180 2266.149777 19654
  181 0.573197 31837
  182 4413.827527 13672
  183 3494.887819 14952
  184 8023.073359 26785
  185 172.970145  6455
  186 0.358336 -1650
  187 1.117192 -2588
  188 0.124017 -2827
  189 7801.217409 16729
  190 2180.348738 13760
  191 0.559043 -2091
  192 19167.268317 24846
  193 6426.372234 29565
  194 0.011266 -1681
  195 2476.615154 28229
  196 0.640547 -1684
  197 10256.930144 15816
  198 10191.441979 17659
  199 0.670021 -3088
  200 354.115863  6147
  201 5264.936659 30936
  202 6638.252251 26161
  203 3901.854540  9518
  204 8840.661447 29234
  205 1132.466498 18278
  206 1085.676148 12201
  207 0.437499 -1702
  208 0.001458 -2474
  209 2545.884875 11251
  210 3686.723073 11128
  211 10514.419316 18494
  212 0.360967 -1593
  213 0.035119 -2437
  214 922.183427 15528
  215 0.804535 -1846
  216 0.606510  1154
  217 1108.404245 15143
  218 1337.099236 -3103
  219 1694.193735 16679
  220 0.014565 -2764
  221 0.044634  1476
  222 8505.639993 19127
  223 2245.713390  5680
  224 0.180972  2168
  225 0.491373 -2741
  226 17207.992272 25072
  227 0.074907   460
  228 1837.064985  3095
  229 1919.978464  8458
  230 1451.714496 -3242
  231 4482.515918 11398
  232 328.231470   881
  233 955.181805  1061
  234 0.337455 -1929
  235 7692.810736 17055
  236 25172.488418 31779
  237 1550.207230 25768
  238 5846.754817 14732
  239 6977.481656 -3256
  240 772.555817    35
  241 3.711510  9045
  242 11468.672171 28477
  243 1409.023103 25507
  244 8880.206513 27680
  245 3827.139667  6344
  246 6091.690710 21407
  247 0.315170 -1812
  248 0.566119 -2751
  249 1650.563181 21608
  250 5602.286789 19993
  251 9307.967139 -3226
  252 1.260526   131
  253 4195.694188 26725
  254 0.784127 -2571
  255 537.240833  4774
  256 0.117105 -2202
  257 0.064264 -2715
  258 2219.045366 11874
  259 0.315063 -2572
  260 0.363487 -2700
  261 3642.250796 15881
  262 0.422009 -2630
  263 2991.036684 14536
  264 816.602097  1231
  265 1199.013826 13187
  266 6982.665172  7031
  267 0.016545 -2424
  268 8619.311783 12441
  269 0.721768 -2748
  270 12015.048702 27996
  271 3395.817375 20832
  272 0.381962 -2129
  273 5623.834749 13008
  274 658.890528  3973
  275 3144.845564  9596
  276 27933.271049 29864
  277 18349.279611  8226
  278 11890.704284  8125
  279 77.222503  1936
  280 17.987603   519
  281 0.521056 -1896
  282 7429.299258 20779
  283 861.985384  5897
  284 0.244312 30295
  285 8419.898636 29243
  286 13034.780853 -3236
  287 3020.189650 13467
  288 0.070259 -2093
  289 0.401009 -1755
  290 4108.877495 15224
  291 8788.193236 16581
  292 740.449326 16126
  293 0.354387 -2489
  294 1465.837564 12038
  295 3715.484641 14498
  296 0.464606  4174
  297 6715.507928 -3250
  298 0.093996 32570
  299 31.084917 21172
  300 2513.325165 14979
