300
    1 390.312995     1
    2 6688.184055 22552
    3 11994.967427 27863
    4 0.283968 -1935
    5 0.272656 -2497
    6 16382.867812 11402
    7 3133.245909  7882
    8 1924.658115  5438
    9 0.687967 -2390
   10 172.270339  6863
   11 0.423922 -2493
   12 295.780987   525
   13 0.025227 -1620
   14 10165.703201 20096
   15 0.733234 -3259
   16 8184.202455 24956
   17 0.514665 -2849
   18 28620.162910 -3232
   19 9574.270622 14573
   20 0.629299 -3083
   21 7632.886693 21823
   22 2779.591148 15275
   23 19266.871332 14868
   24 0.153272 -2447
   25 0.028942  2208
   26 0.269303 -2263
   27 12257.121963 20395
   28 8254.745985 -3111
   29 3276.667790  4613
   30 3300.561914 14985
   31 3879.508863 10343
   32 0.252949 -1984
   33 7254.651258  2104
   34 25297.555112 -2852
   35 9036.001612 17064
   36 18762.427487 21647
   37 0.081914 -2309
   38 97.272161  1257
   39 0.525721 -3064
   40 1160.826281  2568
   41 4244.325764 12082
   42 11996.090881 15949
   43 5860.018852 13544
   44 4227.841407 23714
   45 14376.817813 30240
   46 5894.039489 10842
   47 16609.519057 15863
   48 0.742511 -1788
   49 0.036280 -3003
   50 142.350610  1573
   51 168.122652   828
   52 1166.076939 12746
   53 0.178893   314
   54 2462.773174 23962
   55 13232.570518 23513
   56 0.108346 32017
   57 24418.440071 27528
   58 0.165424 -2540
   59 21670.986773 28792
   60 10922.446868 31213
   61 1530.954574 19028
   62 3951.683878 31927
   63 0.031538 31951
   64 29891.706256 26634
   65 1973.377592  8009
   66 7099.300964 18283
   67 2392.604346 14765
   68 23971.794731 27953
   69 2297.058767  4234
   70 2123.304020  6832
   71 2435.486595  6524
   72 0.731388 -2711
   73 4320.646559 23238
   74 4621.657567 23525
   75 0.260130 -2177
   76 12632.290978 10172
   77 8243.057411 21958
   78 0.157457 -2390
   79 0.061064 -2423
   80 0.335415 -2110
   81 0.123320  3195
   82 0.346658  3101
   83 20535.976424 -3116
   84 2774.322710  7462
   85 955.026341  1250
   86 3399.260533 13695
   87 0.260563 -2810
   88 0.118950 -2668
   89 0.319413 -2119
   90 5466.921026 11841
   91 493.337039  3905
   92 13187.228293 26181
   93 2501.660446  6201
   94 0.272638 -2630
   95 0.016184 -2801
   96 16116.409399 20258
   97 9578.157155 11140
   98 0.357656 -2718
   99 492.977450  7350
  100 0.422416 -3230
  101 3031.622518  6709
  102 0.036312 -2544
  103 18941.628148 20824
  104 2489.327721 10814
  105 0.085630 -2651
  106 1147.362581  1080
  107 8130.514440 23377
  108 0.077861 -3192
  109 1549.259478  1281
  110 0.739058 -2629
  111 5396.669230 12350
  112 0.567560 -1920
  113 4077.533549 21527
  114 24355.639013 28488
  115 3263.809653 12613
  116 21235.175924 25599
  117 1226.337377  2552
  118 109.809062  4764
  119 1033.365028 11817
  120 4975.054394  8720
  121 0.161659   876
  122 1772.174366 21854
  123 0.414060 -1881
  124 2885.640107   546
  125 0.438109 -1913
  126 6387.658111 32558
  127 17687.317856 29437
  128 14938.721615 32051
  129 6473.602323 22728
  130 2248.684185 12216
  131 1724.956749 19666
  132 0.295741    74
  133 0.641623 -1966
  134 317.994670 16240
  135 22121.872858 23404
  136 710.911180  3066
  137 2012.659662  3236
  138 0.221912 -3156
  139 24021.458694 26575
  140 2812.262660 30702
  141 23994.697667 23859
  142 1.094957 -2212
  143 9137.457183 15705
  144 8073.142334 14460
  145 190.053953 16428
  146 17216.085239 26421
  147 4931.880491 10799
  148 0.344351 -2970
  149 7392.463350 30348
  150 15058.878100 14927
  151 0.416272 -2981
  152 2341.569618  4176
  153 3253.364646  3369
  154 0.345542 -3090
  155 0.737189 -2741
  156 13391.381337 26851
  157 4957.410468 29251
  158 4972.668317  5560
  159 0.760272 -1996
  160 3927.288065 13900
  161 434.524793 29542
  162 4103.341499 23379
  163 14171.744615 18562
  164 0.087213 -2198
  165 0.173230 -2146
  166 56.666667  4587
  167 1066.947284  4200
  168 0.248701 32150
  169 0.275334 -2166
  170 0.102600 -2801
  171 0.312070 -3255
  172 17121.279094 24598
  173 5429.720161 14057
  174 0.571854 -2884
  175 7470.368397 15891
  176 1.010006 -2279
  177 23381.769740 31434
  178 7249.731514 20565
  179 2505.510252 11021
  180 4537.287953 19654
  181 0.216130 31837
  182 6087.926667 13672
  183 527.714061 14952
  184 21919.444245 26785
  185 798.065006  6455
  186 0.715638 -1650
  187 0.073119 -2588
  188 0.043215 -2827
  189 11791.840281 16729
  190 4659.447534 13760
  191 0.460284 -2091
  192 14979.547395 24846
  193 20979.470667 29565
  194 0.619318 -1681
  195 1126.790215 28229
  196 0.388730 -1684
  197 16421.322325 15816
  198 10077.451600 17659
  199 0.488670 -3088
  200 309.167354  6147
  201 33925.169591 30936
  202 1822.713722 26161
  203 8013.591436  9518
  204 727.482952 29234
  205 7120.413517 18278
  206 1422.362160 12201
  207 0.499202 -1702
  208 0.925752 -2474
  209 3985.018992 11251
  210 3606.474553 11128
  211 5185.258171 18494
  212 0.560107 -1593
  213 0.395301 -2437
  214 7509.036651 15528
  215 0.458293 -1846
  216 0.539944  1154
  217 3341.543901 15143
  218 19873.592529 -3103
  219 3365.714599 16679
  220 0.504067 -2764
  221 0.106625  1476
  222 5716.276888 19127
  223 637.540307  5680
  224 0.223458  2168
  225 0.093117 -2741
  226 645.990399 25072
  227 0.149523   460
  228 1845.835765  3095
  229 3032.696757  8458
  230 558.256655 -3242
  231 11023.232054 11398
  232 910.973728   881
  233 475.263122  1061
  234 1.463256 -1929
  235 4799.697283 17055
  236 856.504664 31779
  237 1370.496661 25768
  238 6683.412281 14732
  239 7985.756124 -3256
  240 310.465570    35
  241 1030.685917  9045
  242 14005.962883 28477
  243 5224.256222 25507
  244 1464.060782 27680
  245 1727.143854  6344
  246 10699.168827 21407
  247 0.038059 -1812
  248 0.630050 -2751
  249 8934.758743 21608
  250 6123.021677 19993
  251 2496.973235 -3226
  252 0.481248   131
  253 11056.511823 26725
  254 0.465451 -2571
  255 506.277543  4774
  256 0.316808 -2202
  257 0.614141 -2715
  258 7576.444757 11874
  259 1.239884 -2572
  260 0.288596 -2700
  261 17893.502683 15881
  262 0.364945 -2630
  263 8176.333152 14536
  264 391.315052  1231
  265 749.131254 13187
  266 276.333785  7031
  267 0.415089 -2424
  268 1981.804837 12441
  269 0.325421 -2748
  270 23013.723914 27996
  271 7305.920627 20832
  272 0.324192 -2129
  273 4492.755777 13008
  274 1915.915157  3973
  275 4245.014412  9596
  276 21405.685094 29864
  277 3929.254968  8226
  278 5846.022176  8125
  279 413.727982  1936
  280 3.744046   519
  281 0.096189 -1896
  282 5623.875063 20779
  283 1019.824475  5897
  284 0.009126 30295
  285 19357.691828 29243
  286 1349.234833 -3236
  287 850.732142 13467
  288 0.228602 -2093
  289 1.067779 -1755
  290 12980.163247 15224
  291 1219.062301 16581
  292 8435.437970 16126
  293 0.207400 -2489
  294 6950.613433 12038
  295 5.265806 14498
  296 0.554904  4174
  297 9054.558278 -3250
  298 0.462502 32570
  299 3902.242072 21172
  300 11244.021233 14979
