300
    1 181.209502     1
    2 18053.252137 22552
    3 14837.173115 27863
    4 0.106541 -1935
    5 1.125653 -2497
    6 3742.158177 11402
    7 4779.785572  7882
    8 985.169838  5438
    9 0.059848 -2390
   10 890.791428  6863
   11 0.240240 -2493
   12 114.246262   525
   13 0.383999 -1620
   14 10672.250864 20096
   15 0.773081 -3259
   16 21525.233442 24956
   17 1.131239 -2849
   18 2406.639043 -3232
   19 9194.965999 14573
   20 0.208841 -3083
   21 8821.176440 21823
   22 10969.590475 15275
   23 5383.581176 14868
   24 0.019033 -2447
   25 0.122756  2208
   26 0.991251 -2263
   27 7172.145513 20395
   28 13566.478950 -3111
   29 1317.212767  4613
   30 17906.805159 14985
   31 4268.519212 10343
   32 0.238155 -1984
   33 5673.189518  2104
   34 4439.919905 -2852
   35 1602.301248 17064
   36 11261.422680 21647
   37 0.408847 -2309
   38 131.502163  1257
   39 0.285277 -3064
   40 1659.567962  2568
   41 1048.955755 12082
   42 8166.247087 15949
   43 5001.925892 13544
   44 3317.416482 23714
   45 6187.857905 30240
   46 1681.347327 10842
   47 523.438631 15863
   48 0.402051 -1788
   49 0.660688 -3003
   50 370.800093  1573
   51 465.333150   828
   52 592.692916 12746
   53 0.333779   314
   54 13350.875996 23962
   55 11811.899044 23513
   56 0.199580 32017
   57 22613.175658 27528
   58 0.963702 -2540
   59 2739.092202 28792
   60 8088.375760 31213
   61 11323.710108 19028
   62 16264.066202 31927
   63 0.312881 31951
   64 1074.136030 26634
   65 2010.967225  8009
   66 8720.359025 18283
   67 2733.381736 14765
   68 31399.379825 27953
   69 3748.630732  4234
   70 1125.406545  6832
   71 3684.306746  6524
   72 0.066058 -2711
   73 216.265608 23238
   74 7115.080705 23525
   75 1.026773 -2177
   76 1621.700817 10172
   77 6689.908365 21958
   78 0.496547 -2390
   79 0.523493 -2423
   80 0.484291 -2110
   81 0.281605  3195
   82 0.819433  3101
   83 5071.602553 -3116
   84 979.421742  7462
   85 723.552838  1250
   86 5228.066596 13695
   87 0.116326 -2810
   88 0.267425 -2668
   89 0.282683 -2119
   90 1407.436474 11841
   91 518.414903  3905
   92 3517.206442 26181
   93 3724.210442  6201
   94 0.480619 -2630
   95 0.918054 -2801
   96 2512.587251 20258
   97 6856.951901 11140
   98 0.281000 -2718
   99 5978.489193  7350
  100 0.249464 -3230
  101 4298.918388  6709
  102 0.146745 -2544
  103 4360.077041 20824
  104 8237.906910 10814
  105 0.209272 -2651
  106 518.385715  1080
  107 6266.319028 23377
  108 0.696281 -3192
  109 563.420734  1281
  110 0.638364 -2629
  111 5759.471888 12350
  112 0.316978 -1920
  113 18720.758011 21527
  114 16541.795528 28488
  115 371.135039 12613
  116 5846.472785 25599
  117 559.479512  2552
  118 736.193060  4764
  119 30.900420 11817
  120 3466.290566  8720
  121 0.533529   876
  122 7293.996386 21854
  123 0.156802 -1881
  124 459.547498   546
  125 0.149125 -1913
  126 3652.009022 32558
  127 2806.997768 29437
  128 2904.040524 32051
  129 13968.883392 22728
  130 11644.500336 12216
  131 14113.685434 19666
  132 0.347361    74
  133 0.548837 -1966
  134 5609.900857 16240
  135 324.801931 23404
  136 3885.935147  3066
  137 758.268214  3236
  138 0.031412 -3156
  139 3732.290281 26575
  140 5594.433133 30702
  141 9682.690367 23859
  142 0.127708 -2212
  143 1845.318163 15705
  144 663.146304 14460
  145 12150.742721 16428
  146 15119.683879 26421
  147 3564.296616 10799
  148 0.381992 -2970
  149 11186.802718 30348
  150 60.626399 14927
  151 0.590233 -2981
  152 4627.013253  4176
  153 2869.083495  3369
  154 0.215296 -3090
  155 0.513188 -2741
  156 3288.644890 26851
  157 2297.828913 29251
  158 348.948695  5560
  159 0.314013 -1996
  160 2531.693780 13900
  161 4437.373577 29542
  162 12651.920425 23379
  163 7384.294500 18562
  164 0.596162 -2198
  165 0.091404 -2146
  166 1257.721008  4587
  167 4204.890176  4200
  168 0.856046 32150
  169 0.352322 -2166
  170 0.503843 -2801
  171 0.468796 -3255
  172 4566.906284 24598
  173 15181.986805 14057
  174 0.385135 -2884
  175 2839.890765 15891
  176 1.128603 -2279
  177 20687.947814 31434
  178 12492.466941 20565
  179 1055.460362 11021
  180 63.595208 19654
  181 0.320826 31837
  182 10395.851886 13672
  183 6866.681993 14952
  184 8773.432875 26785
  185 851.955894  6455
  186 0.098653 -1650
  187 0.081354 -2588
  188 0.318630 -2827
  189 10907.965446 16729
  190 2197.201250 13760
  191 0.379243 -2091
  192 5866.768552 24846
  193 6261.992671 29565
  194 0.320966 -1681
  195 12913.841351 28229
  196 0.541661 -1684
  197 1353.511372 15816
  198 14274.612149 17659
  199 0.835559 -3088
  200 2322.777808  6147
  201 673.588107 30936
  202 3492.591120 26161
  203 1288.886525  9518
  204 36681.409179 29234
  205 4348.623369 18278
  206 5907.191462 12201
  207 0.144297 -1702
  208 0.094862 -2474
  209 2442.885683 11251
  210 269.598564 11128
  211 20871.418036 18494
  212 0.082797 -1593
  213 1.094719 -2437
  214 5616.859060 15528
  215 0.098202 -1846
  216 0.045567  1154
  217 2064.527763 15143
  218 34077.619878 -3103
  219 17044.172360 16679
  220 0.282979 -2764
  221 0.364758  1476
  222 265.311441 19127
  223 60.545667  5680
  224 0.560158  2168
  225 0.359331 -2741
  226 46673.676936 25072
  227 0.659516   460
  228 1289.432270  3095
  229 3911.956620  8458
  230 28551.518233 -3242
  231 2355.795777 11398
  232 264.759099   881
  233 1392.640619  1061
  234 0.271359 -1929
  235 1014.414586 17055
  236 18358.852383 31779
  237 17668.933424 25768
  238 3152.351926 14732
  239 43249.182759 -3256
  240 348.589943    35
  241 3625.713393  9045
  242 239.046616 28477
  243 173.174756 25507
  244 6012.703705 27680
  245 4011.519162  6344
  246 4694.142335 21407
  247 0.120924 -1812
  248 0.584411 -2751
  249 12259.074710 21608
  250 7491.421542 19993
  251 7096.812891 -3226
  252 0.216948   131
  253 2796.859214 26725
  254 0.578960 -2571
  255 65.058746  4774
  256 0.086963 -2202
  257 0.061440 -2715
  258 1134.653080 11874
  259 0.962954 -2572
  260 0.292646 -2700
  261 7995.959836 15881
  262 0.388203 -2630
  263 4106.216697 14536
  264 190.994852  1231
  265 2511.311128 13187
  266 2130.998557  7031
  267 0.380090 -2424
  268 6116.877108 12441
  269 0.812975 -2748
  270 7383.037574 27996
  271 3362.083981 20832
  272 0.004382 -2129
  273 1401.391093 13008
  274 977.007640  3973
  275 2478.963111  9596
  276 12661.979508 29864
  277 4700.069357  8226
  278 2447.963118  8125
  279 691.938298  1936
  280 18.873834   519
  281 0.799176 -1896
  282 376.507701 20779
  283 61.778889  5897
  284 0.326213 30295
  285 7557.072662 29243
  286 2443.034053 -3236
  287 5058.223909 13467
  288 0.109855 -2093
  289 0.574853 -1755
  290 6095.649743 15224
  291 443.791940 16581
  292 10058.788930 16126
  293 0.329279 -2489
  294 381.164890 12038
  295 1322.800690 14498
  296 0.229375  4174
  297 9920.613011 -3250
  298 0.266397 32570
  299 461.205394 21172
  300 163.991797 14979
