300
    1 752.911027     1
    2 13485.899287 22552
    3 5571.653391 27863
    4 0.275603 -1935
    5 0.620691 -2497
    6 868.857640 11402
    7 374.567116  7882
    8 2321.851655  5438
    9 0.549200 -2390
   10 1267.842093  6863
   11 0.189058 -2493
   12 110.698811   525
   13 0.302242 -1620
   14 19435.282845 20096
   15 0.787102 -3259
   16 2095.511124 24956
   17 1.227717 -2849
   18 20589.530627 -3232
   19 222.625809 14573
   20 0.684997 -3083
   21 10351.949674 21823
   22 13645.274553 15275
   23 14578.518998 14868
   24 0.338992 -2447
   25 0.633874  2208
   26 0.679719 -2263
   27 272.819909 20395
   28 8115.148585 -3111
   29 136.204684  4613
   30 11039.582990 14985
   31 10048.512810 10343
   32 0.738885 -1984
   33 615.344638  2104
   34 26119.969337 -2852
   35 823.639125 17064
   36 11477.734560 21647
   37 0.139879 -2309
   38 371.545397  1257
   39 0.921443 -3064
   40 2037.520754  2568
   41 4477.620737 12082
   42 3396.770286 15949
   43 6409.795908 13544
   44 3661.377531 23714
   45 4337.661663 30240
   46 8319.318535 10842
   47 11312.845397 15863
   48 0.008230 -1788
   49 0.205479 -3003
   50 235.581751  1573
   51 669.118548   828
   52 3280.338593 12746
   53 0.163076   314
   54 15822.679168 23962
   55 8148.311616 23513
   56 0.421506 32017
   57 628.748879 27528
   58 0.274925 -2540
   59 6807.179935 28792
   60 15825.291215 31213
   61 7455.123006 19028
   62 8139.513348 31927
   63 0.807402 31951
   64 2155.554567 26634
   65 1651.503208  8009
   66 11571.414419 18283
   67 12367.075335 14765
   68 11398.132503 27953
   69 4369.484733  4234
   70 199.847830  6832
   71 3032.161340  6524
   72 0.412105 -2711
   73 12868.202940 23238
   74 3918.030545 23525
   75 0.609094 -2177
   76 3600.503807 10172
   77 5222.932647 21958
   78 0.283825 -2390
   79 0.555424 -2423
   80 0.945402 -2110
   81 0.264709  3195
   82 0.212251  3101
   83 23169.480579 -3116
   84 751.655767  7462
   85 560.400099  1250
   86 1041.453910 13695
   87 0.263335 -2810
   88 0.292017 -2668
   89 1.006373 -2119
   90 3617.325605 11841
   91 876.946444  3905
   92 8751.606196 26181
   93 5852.025500  6201
   94 0.386480 -2630
   95 0.795381 -2801
   96 8113.803005 20258
   97 8957.009342 11140
   98 0.770918 -2718
   99 215.761065  7350
  100 0.646802 -3230
  101 1702.423553  6709
  102 0.736924 -2544
  103 10667.263476 20824
  104 1349.101051 10814
  105 0.377863 -2651
  106 287.015712  1080
  107 6140.411440 23377
  108 0.235536 -3192
  109 1111.237172  1281
  110 0.634072 -2629
  111 2667.226033 12350
  112 0.158061 -1920
  113 11649.614053 21527
  114 9659.890325 28488
  115 1071.223018 12613
  116 8267.991319 25599
  117 1159.707135  2552
  118 250.970097  4764
  119 7206.185295 11817
  120 3015.825946  8720
  121 0.160256   876
  122 7272.955298 21854
  123 0.420662 -1881
  124 1698.899117   546
  125 0.971464 -1913
  126 283.514160 32558
  127 19312.041936 29437
  128 10173.782685 32051
  129 13602.050247 22728
  130 2124.305303 12216
  131 15209.009449 19666
  132 0.756940    74
  133 0.248031 -1966
  134 3957.919902 16240
  135 1372.036636 23404
  136 399.785053  3066
  137 1889.953624  3236
  138 0.391300 -3156
  139 8229.597918 26575
  140 11573.313994 30702
  141 19331.721311 23859
  142 0.107273 -2212
  143 10127.238818 15705
  144 9310.464110 14460
  145 3105.132961 16428
  146 2466.708025 26421
  147 5661.498042 10799
  148 0.031207 -2970
  149 19199.849567 30348
  150 6642.410798 14927
  151 0.900157 -2981
  152 3250.222903  4176
  153 471.976070  3369
  154 0.347410 -3090
  155 0.279910 -2741
  156 15135.654117 26851
  157 12061.886572 29251
  158 185.594639  5560
  159 0.285059 -1996
  160 9095.087626 13900
  161 18634.364017 29542
  162 20827.028697 23379
  163 12410.244096 18562
  164 0.245886 -2198
  165 0.325967 -2146
  166 4154.956067  4587
  167 2379.958314  4200
  168 0.077629 32150
  169 0.155827 -2166
  170 0.485691 -2801
  171 0.113244 -3255
  172 3827.899786 24598
  173 404.126830 14057
  174 0.092701 -2884
  175 7824.130929 15891
  176 0.315819 -2279
  177 7121.099764 31434
  178 51.530370 20565
  179 1096.837456 11021
  180 3913.948523 19654
  181 0.883608 31837
  182 11720.528521 13672
  183 2688.719167 14952
  184 6306.806196 26785
  185 114.500491  6455
  186 0.907216 -1650
  187 0.164579 -2588
  188 0.136820 -2827
  189 5168.720885 16729
  190 7666.562797 13760
  191 0.919266 -2091
  192 11323.943238 24846
  193 33193.184454 29565
  194 0.107018 -1681
  195 15130.361799 28229
  196 0.918149 -1684
  197 7034.367602 15816
  198 2431.564788 17659
  199 0.369006 -3088
  200 1951.673866  6147
  201 7839.751234 30936
  202 19526.085000 26161
  203 6306.666018  9518
  204 33192.308567 29234
  205 745.442603 18278
  206 1673.307034 12201
  207 0.446700 -1702
  208 0.754623 -2474
  209 1027.127140 11251
  210 4471.156139 11128
  211 11845.520889 18494
  212 0.140336 -1593
  213 0.078725 -2437
  214 1843.345132 15528
  215 0.254583 -1846
  216 0.557985  1154
  217 11498.701988 15143
  218 2541.942655 -3103
  219 4056.975216 16679
  220 0.157786 -2764
  221 0.182533  1476
  222 4922.036728 19127
  223 4520.915389  5680
  224 0.345691  2168
  225 0.407554 -2741
  226 15392.577743 25072
  227 0.696146   460
  228 1705.053477  3095
  229 1037.999822  8458
  230 4913.508584 -3242
  231 5778.813606 11398
  232 737.287077   881
  233 2141.185597  1061
  234 0.058570 -1929
  235 10630.636542 17055
  236 12459.600199 31779
  237 3486.732957 25768
  238 2485.636617 14732
  239 4034.328207 -3256
  240 959.758351    35
  241 3015.368957  9045
  242 14585.886034 28477
  243 12404.422692 25507
  244 4050.954472 27680
  245 3817.076636  6344
  246 4697.148354 21407
  247 0.182940 -1812
  248 0.229826 -2751
  249 22130.883982 21608
  250 475.686852 19993
  251 11217.323468 -3226
  252 0.332278   131
  253 16988.569760 26725
  254 0.020533 -2571
  255 190.501849  4774
  256 0.193359 -2202
  257 0.740023 -2715
  258 9522.927443 11874
  259 0.693720 -2572
  260 0.059579 -2700
  261 5877.336276 15881
  262 0.733448 -2630
  263 26581.327314 14536
  264 417.792624  1231
  265 4395.216018 13187
  266 1826.523281  7031
  267 0.285882 -2424
  268 6282.120213 12441
  269 0.500108 -2748
  270 12369.778420 27996
  271 5658.117169 20832
  272 0.257795 -2129
  273 835.787392 13008
  274 950.723768  3973
  275 6772.831934  9596
  276 1260.540768 29864
  277 1869.645194  8226
  278 7465.271802  8125
  279 6.950775  1936
  280 12.983256   519
  281 0.178934 -1896
  282 1635.432352 20779
  283 87.725037  5897
  284 0.003630 30295
  285 12241.724702 29243
  286 14422.233440 -3236
  287 8966.409466 13467
  288 0.465348 -2093
  289 0.235381 -1755
  290 6423.186362 15224
  291 9217.728833 16581
  292 283.810019 16126
  293 0.515088 -2489
  294 1512.677229 12038
  295 4977.913815 14498
  296 0.574251  4174
  297 7885.301920 -3250
  298 0.693944 32570
  299 696.536405 21172
  300 6013.597513 14979
