300
    1 326.675591     1
    2 18477.447055 22552
    3 8305.537056 27863
    4 0.677052 -1935
    5 0.422576 -2497
    6 13545.913040 11402
    7 4865.529119  7882
    8 781.299298  5438
    9 0.316906 -2390
   10 1674.438264  6863
   11 0.385715 -2493
   12 455.287966   525
   13 0.145292 -1620
   14 5175.036717 20096
   15 0.241388 -3259
   16 7351.273137 24956
   17 0.360358 -2849
   18 12090.101397 -3232
   19 5453.224261 14573
   20 0.453692 -3083
   21 2026.368855 21823
   22 1633.125412 15275
   23 12076.356302 14868
   24 0.298602 -2447
   25 0.337275  2208
   26 0.312282 -2263
   27 2836.756226 20395
   28 5257.787552 -3111
   29 1695.593403  4613
   30 12715.054878 14985
   31 8107.504577 10343
   32 0.218486 -1984
   33 4084.274997  2104
   34 22853.621457 -2852
   35 8719.458831 17064
   36 8244.689282 21647
   37 1.098602 -2309
   38 606.807131  1257
   39 0.558580 -3064
   40 1941.617510  2568
   41 765.822731 12082
   42 5478.036134 15949
   43 9825.798581 13544
   44 8511.320613 23714
   45 5854.714621 30240
   46 8534.114848 10842
   47 18551.558756 15863
   48 0.165728 -1788
   49 0.373581 -3003
   50 727.968626  1573
   51 735.532495   828
   52 4316.843203 12746
   53 0.395361   314
   54 2285.027823 23962
   55 8140.097444 23513
   56 0.232424 32017
   57 4784.398851 27528
   58 0.123850 -2540
   59 3214.547051 28792
   60 22493.268784 31213
   61 106.264308 19028
   62 5935.136161 31927
   63 0.096446 31951
   64 18498.856713 26634
   65 1067.831098  8009
   66 3808.314442 18283
   67 1831.755476 14765
   68 9978.588763 27953
   69 1943.238455  4234
   70 4979.450306  6832
   71 2850.257155  6524
   72 0.174827 -2711
   73 5009.772307 23238
   74 3023.200488 23525
   75 0.168794 -2177
   76 1338.046351 10172
   77 533.061332 21958
   78 0.309208 -2390
   79 0.431322 -2423
   80 0.117401 -2110
   81 0.235416  3195
   82 1.033505  3101
   83 19082.651627 -3116
   84 4725.078586  7462
   85 404.283191  1250
   86 7974.406101 13695
   87 0.022895 -2810
   88 0.207268 -2668
   89 0.333012 -2119
   90 1551.901344 11841
   91 577.451390  3905
   92 2351.024169 26181
   93 2729.502227  6201
   94 0.159136 -2630
   95 0.078249 -2801
   96 6005.833288 20258
   97 17297.432296 11140
   98 0.010281 -2718
   99 3778.032630  7350
  100 0.469330 -3230
  101 2628.432292  6709
  102 0.170851 -2544
  103 3414.075057 20824
  104 2116.600923 10814
  105 0.381787 -2651
  106 566.365735  1080
  107 17432.491811 23377
  108 0.067467 -3192
  109 478.036540  1281
  110 0.184107 -2629
  111 11768.150996 12350
  112 0.254768 -1920
  113 14174.566050 21527
  114 15147.218318 28488
  115 6194.845438 12613
  116 12341.470120 25599
  117 3360.830430  2552
  118 165.141321  4764
  119 5520.319237 11817
  120 3230.195550  8720
  121 0.227361   876
  122 9551.924976 21854
  123 0.061153 -1881
  124 423.414298   546
  125 0.447714 -1913
  126 16250.473180 32558
  127 25822.534795 29437
  128 3850.243430 32051
  129 3431.768407 22728
  130 1900.139405 12216
  131 3798.643729 19666
  132 0.343869    74
  133 0.054411 -1966
  134 5509.568022 16240
  135 8875.160593 23404
  136 3963.606901  3066
  137 1563.784427  3236
  138 0.234934 -3156
  139 7115.597539 26575
  140 13009.204104 30702
  141 6056.225601 23859
  142 0.358894 -2212
  143 754.782900 15705
  144 1715.880976 14460
  145 4883.113879 16428
  146 20029.340886 26421
  147 3219.654176 10799
  148 0.242150 -2970
  149 5385.342007 30348
  150 11228.638641 14927
  151 0.598543 -2981
  152 3957.469663  4176
  153 3223.249673  3369
  154 0.069211 -3090
  155 0.326067 -2741
  156 15799.329908 26851
  157 2722.590014 29251
  158 4138.439465  5560
  159 0.538665 -1996
  160 2878.641571 13900
  161 13665.276976 29542
  162 24683.453766 23379
  163 12794.473110 18562
  164 0.011150 -2198
  165 0.250548 -2146
  166 1698.928188  4587
  167 5118.220051  4200
  168 1.661100 32150
  169 0.484536 -2166
  170 1.009284 -2801
  171 0.650700 -3255
  172 9731.908694 24598
  173 1891.200968 14057
  174 0.455897 -2884
  175 2725.380814 15891
  176 0.411985 -2279
  177 41636.999697 31434
  178 383.188488 20565
  179 3597.812021 11021
  180 5495.401157 19654
  181 1.061034 31837
  182 4170.495076 13672
  183 5051.688847 14952
  184 2817.327539 26785
  185 65.995803  6455
  186 0.786287 -1650
  187 0.002544 -2588
  188 1.206110 -2827
  189 2976.294613 16729
  190 10024.873854 13760
  191 0.230595 -2091
  192 19610.911494 24846
  193 526.875862 29565
  194 0.306904 -1681
  195 3066.086134 28229
  196 0.084783 -1684
  197 15013.043974 15816
  198 15475.652838 17659
  199 0.017900 -3088
  200 1230.766465  6147
  201 2642.644643 30936
  202 14527.043030 26161
  203 1134.659498  9518
  204 10381.323454 29234
  205 1887.468032 18278
  206 9181.301244 12201
  207 0.920542 -1702
  208 0.026398 -2474
  209 3640.962753 11251
  210 618.341440 11128
  211 13996.385191 18494
  212 0.672319 -1593
  213 1.356851 -2437
  214 2207.334822 15528
  215 0.303782 -1846
  216 0.218700  1154
  217 12080.105624 15143
  218 1368.259309 -3103
  219 10714.288620 16679
  220 0.199770 -2764
  221 0.161464  1476
  222 5070.128046 19127
  223 7364.268725  5680
  224 0.188874  2168
  225 0.317688 -2741
  226 4036.446682 25072
  227 0.890748   460
  228 2552.462165  3095
  229 4925.787948  8458
  230 12678.186269 -3242
  231 3363.083131 11398
  232 888.214777   881
  233 306.209449  1061
  234 0.424485 -1929
  235 6137.016452 17055
  236 15870.804485 31779
  237 1077.525755 25768
  238 5114.475451 14732
  239 19076.493319 -3256
  240 169.700641    35
  241 2185.103915  9045
  242 17891.795598 28477
  243 2482.290253 25507
  244 2453.081858 27680
  245 1177.717455  6344
  246 9485.131995 21407
  247 0.188543 -1812
  248 0.329608 -2751
  249 4175.094688 21608
  250 5396.120924 19993
  251 10966.556174 -3226
  252 0.455103   131
  253 21805.264197 26725
  254 0.017815 -2571
  255 319.441873  4774
  256 0.175963 -2202
  257 0.796449 -2715
  258 5629.685441 11874
  259 0.060597 -2572
  260 0.693972 -2700
  261 5917.703662 15881
  262 1.097128 -2630
  263 8464.125928 14536
  264 84.288707  1231
  265 1389.252652 13187
  266 10205.387008  7031
  267 0.088170 -2424
  268 4625.796687 12441
  269 0.351328 -2748
  270 7658.044512 27996
  271 3076.631164 20832
  272 0.628173 -2129
  273 1936.772419 13008
  274 782.629856  3973
  275 1101.307160  9596
  276 22088.374644 29864
  277 454.948522  8226
  278 49.301670  8125
  279 586.765965  1936
  280 0.556882   519
  281 0.980295 -1896
  282 21404.257726 20779
  283 604.981665  5897
  284 0.066459 30295
  285 1055.123873 29243
  286 24780.978099 -3236
  287 654.098023 13467
  288 0.226446 -2093
  289 0.104311 -1755
  290 343.132532 15224
  291 7670.371235 16581
  292 2551.240616 16126
  293 0.356803 -2489
  294 2660.359525 12038
  295 2874.052167 14498
  296 0.725101  4174
  297 4705.009333 -3250
  298 0.328461 32570
  299 6793.818809 21172
  300 2259.396357 14979
