300
    1 748.913795     1
    2 11614.243197 22552
    3 14107.309479 27863
    4 0.978007 -1935
    5 0.557855 -2497
    6 10999.837463 11402
    7 1382.985978  7882
    8 1096.802522  5438
    9 0.378327 -2390
   10 296.964641  6863
   11 0.517654 -2493
   12 30.619807   525
   13 1.006873 -1620
   14 2546.610395 20096
   15 0.040043 -3259
   16 9627.298441 24956
   17 0.226185 -2849
   18 4128.497157 -3232
   19 6793.051025 14573
   20 0.556481 -3083
   21 12082.546169 21823
   22 863.283306 15275
   23 582.114324 14868
   24 0.169316 -2447
   25 0.568584  2208
   26 0.657493 -2263
   27 10404.540311 20395
   28 13739.372804 -3111
   29 1439.302086  4613
   30 4500.829363 14985
   31 20.194587 10343
   32 0.306277 -1984
   33 1661.660089  2104
   34 28989.345344 -2852
   35 7960.339260 17064
   36 9692.812705 21647
   37 0.053740 -2309
   38 1212.569837  1257
   39 0.304428 -3064
   40 40.393971  2568
   41 5635.436334 12082
   42 13562.210288 15949
   43 2899.731160 13544
   44 5128.480929 23714
   45 22420.118486 30240
   46 2230.165271 10842
   47 16568.251465 15863
   48 0.776476 -1788
   49 0.956646 -3003
   50 71.782290  1573
   51 2509.317695   828
   52 7066.211828 12746
   53 0.171587   314
   54 15087.152307 23962
   55 11976.202978 23513
   56 0.498402 32017
   57 1771.267634 27528
   58 1.047147 -2540
   59 26134.954933 28792
   60 11712.247192 31213
   61 17436.264324 19028
   62 12790.211692 31927
   63 1.163911 31951
   64 8057.381860 26634
   65 1136.153110  8009
   66 5074.034653 18283
   67 6064.212194 14765
   68 23171.815103 27953
   69 3435.391044  4234
   70 5806.833843  6832
   71 86.131308  6524
   72 0.728284 -2711
   73 10953.963108 23238
   74 953.632514 23525
   75 0.206100 -2177
   76 892.885198 10172
   77 5709.272822 21958
   78 0.219294 -2390
   79 0.665608 -2423
   80 0.222717 -2110
   81 0.009054  3195
   82 0.018638  3101
   83 30175.805002 -3116
   84 1255.661297  7462
   85 1215.515660  1250
   86 6164.826507 13695
   87 0.253289 -2810
   88 0.356480 -2668
   89 0.320808 -2119
   90 1486.791035 11841
   91 54.750578  3905
   92 8696.081253 26181
   93 892.919449  6201
   94 0.245649 -2630
   95 0.513092 -2801
   96 565.488416 20258
   97 6084.218738 11140
   98 0.198563 -2718
   99 1287.040765  7350
  100 0.243242 -3230
  101 169.038586  6709
  102 0.258810 -2544
  103 9419.465932 20824
  104 5545.377360 10814
  105 0.268416 -2651
  106 674.523334  1080
  107 5471.622488 23377
  108 0.762562 -3192
  109 299.961192  1281
  110 0.023028 -2629
  111 6153.994651 12350
  112 0.636242 -1920
  113 15125.727553 21527
  114 9575.061954 28488
  115 842.238665 12613
  116 20463.970092 25599
  117 209.441587  2552
  118 469.219312  4764
  119 1124.046487 11817
  120 1257.149541  8720
  121 0.025480   876
  122 6122.596977 21854
  123 0.139434 -1881
  124 154.233598   546
  125 0.524501 -1913
  126 11145.808624 32558
  127 6576.073508 29437
  128 22864.277367 32051
  129 4345.873036 22728
  130 2822.784216 12216
  131 3499.979649 19666
  132 0.429605    74
  133 0.040871 -1966
  134 3888.261864 16240
  135 18365.439159 23404
  136 5291.950506  3066
  137 1344.492625  3236
  138 0.614926 -3156
  139 13820.902456 26575
  140 25264.407084 30702
  141 2949.830013 23859
  142 0.047638 -2212
  143 9275.121079 15705
  144 1464.076610 14460
  145 27187.854673 16428
  146 27341.580147 26421
  147 195.504857 10799
  148 0.029969 -2970
  149 2698.963349 30348
  150 10467.760582 14927
  151 0.457539 -2981
  152 4328.127538  4176
  153 1853.792275  3369
  154 0.196052 -3090
  155 0.258597 -2741
  156 2680.000522 26851
  157 14283.115642 29251
  158 863.286589  5560
  159 0.985518 -1996
  160 5740.325689 13900
  161 10624.902989 29542
  162 20518.861160 23379
  163 8426.023363 18562
  164 0.735722 -2198
  165 0.106880 -2146
  166 1432.178835  4587
  167 5579.037505  4200
  168 0.001667 32150
  169 0.619357 -2166
  170 0.197565 -2801
  171 0.261075 -3255
  172 6162.323274 24598
  173 12159.013624 14057
  174 0.406050 -2884
  175 1072.181029 15891
  176 0.378651 -2279
  177 36199.148876 31434
  178 1071.973635 20565
  179 970.459601 11021
  180 2350.155171 19654
  181 0.159063 31837
  182 4584.412924 13672
  183 12863.353918 14952
  184 2353.086782 26785
  185 967.244413  6455
  186 0.356956 -1650
  187 0.205588 -2588
  188 0.883933 -2827
  189 5867.060028 16729
  190 156.773052 13760
  191 0.728298 -2091
  192 3709.603344 24846
  193 25444.183131 29565
  194 0.331919 -1681
  195 11906.766202 28229
  196 0.725287 -1684
  197 3834.599721 15816
  198 1171.264375 17659
  199 0.249750 -3088
  200 3289.779752  6147
  201 3591.757884 30936
  202 4012.101685 26161
  203 6972.701032  9518
  204 37012.453933 29234
  205 8719.267057 18278
  206 4863.075556 12201
  207 0.304204 -1702
  208 0.521723 -2474
  209 566.543790 11251
  210 157.103133 11128
  211 683.036540 18494
  212 0.167272 -1593
  213 0.851064 -2437
  214 4415.732467 15528
  215 0.314200 -1846
  216 0.657491  1154
  217 3871.935396 15143
  218 3498.242028 -3103
  219 22254.729572 16679
  220 0.314783 -2764
  221 0.593799  1476
  222 16404.149162 19127
  223 2327.324123  5680
  224 0.064618  2168
  225 0.423785 -2741
  226 2028.927745 25072
  227 0.807238   460
  228 459.680731  3095
  229 2448.444759  8458
  230 8775.313406 -3242
  231 2339.389205 11398
  232 403.236177   881
  233 1464.658088  1061
  234 0.099487 -1929
  235 12504.577217 17055
  236 2269.280165 31779
  237 15949.689353 25768
  238 10282.209644 14732
  239 1356.866639 -3256
  240 332.786913    35
  241 2317.750935  9045
  242 8765.195067 28477
  243 22419.011139 25507
  244 13666.654724 27680
  245 8181.105324  6344
  246 7889.013433 21407
  247 0.712359 -1812
  248 0.021318 -2751
  249 12630.993780 21608
  250 11125.861836 19993
  251 2394.967455 -3226
  252 0.463446   131
  253 6677.027333 26725
  254 0.542837 -2571
  255 328.735523  4774
  256 0.210754 -2202
  257 0.146152 -2715
  258 6537.918280 11874
  259 0.394638 -2572
  260 0.809739 -2700
  261 3419.320285 15881
  262 0.456046 -2630
  263 15081.939663 14536
  264 22.100749  1231
  265 581.932355 13187
  266 4370.949921  7031
  267 0.797728 -2424
  268 6323.214300 12441
  269 0.556325 -2748
  270 27368.306418 27996
  271 4778.195085 20832
  272 0.097455 -2129
  273 2897.444274 13008
  274 2546.150191  3973
  275 4285.814272  9596
  276 11356.828483 29864
  277 6022.419150  8226
  278 9468.455973  8125
  279 36.335624  1936
  280 1.170026   519
  281 0.261507 -1896
  282 592.292199 20779
  283 700.028828  5897
  284 0.102728 30295
  285 5421.152189 29243
  286 6359.955565 -3236
  287 957.419488 13467
  288 0.759128 -2093
  289 0.627305 -1755
  290 11553.604799 15224
  291 365.826695 16581
  292 1073.223875 16126
  293 0.874889 -2489
  294 8608.749895 12038
  295 787.812579 14498
  296 0.048961  4174
  297 5152.079427 -3250
  298 0.153671 32570
  299 9487.643218 21172
  300 3960.424948 14979
