300
    1 315.961887     1
    2 7892.320107 22552
    3 1869.868249 27863
    4 0.742115 -1935
    5 0.529758 -2497
    6 3823.809705 11402
    7 627.111103  7882
    8 1795.732020  5438
    9 0.345765 -2390
   10 779.976226  6863
   11 0.755929 -2493
   12 181.956531   525
   13 0.511976 -1620
   14 3149.180872 20096
   15 0.333328 -3259
   16 7599.295124 24956
   17 0.599136 -2849
   18 1179.117311 -3232
   19 2430.834112 14573
   20 0.744544 -3083
   21 12781.360758 21823
   22 1805.275032 15275
   23 12693.241735 14868
   24 0.167835 -2447
   25 0.153198  2208
   26 0.128787 -2263
   27 658.113302 20395
   28 8600.979037 -3111
   29 1103.796071  4613
   30 11809.537052 14985
   31 8137.676537 10343
   32 0.524482 -1984
   33 5543.674951  2104
   34 21473.981077 -2852
   35 6823.342233 17064
   36 7286.362156 21647
   37 0.217949 -2309
   38 1216.219162  1257
   39 1.063152 -3064
   40 3634.846676  2568
   41 2499.803574 12082
   42 20082.833947 15949
   43 6263.361404 13544
   44 7840.300247 23714
   45 5569.304261 30240
   46 11365.179693 10842
   47 4743.316327 15863
   48 0.675475 -1788
   49 0.396160 -3003
   50 39.175505  1573
   51 1.087502   828
   52 9325.650620 12746
   53 0.027927   314
   54 4149.473543 23962
   55 9744.850959 23513
   56 0.197676 32017
   57 3054.545960 27528
   58 0.615188 -2540
   59 13125.847740 28792
   60 37551.318222 31213
   61 5875.269186 19028
   62 28295.907665 31927
   63 0.641687 31951
   64 3.924457 26634
   65 1064.891090  8009
   66 1192.883883 18283
   67 3483.887550 14765
   68 4000.545591 27953
   69 46.268523  4234
   70 634.244294  6832
   71 6270.898507  6524
   72 0.145088 -2711
   73 661.247660 23238
   74 4918.512180 23525
   75 0.363060 -2177
   76 6713.421198 10172
   77 7869.954288 21958
   78 0.499159 -2390
   79 0.163212 -2423
   80 0.653897 -2110
   81 0.008635  3195
   82 0.264109  3101
   83 30955.737914 -3116
   84 645.709918  7462
   85 2620.270980  1250
   86 3985.492026 13695
   87 0.089532 -2810
   88 0.812011 -2668
   89 0.219828 -2119
   90 386.235791 11841
   91 603.004460  3905
   92 29189.549132 26181
   93 339.861601  6201
   94 0.728176 -2630
   95 0.221464 -2801
   96 1852.361692 20258
   97 674.837413 11140
   98 0.659416 -2718
   99 5887.751381  7350
  100 1.097593 -3230
  101 1111.309578  6709
  102 1.371905 -2544
  103 4972.641632 20824
  104 5456.065603 10814
  105 0.001671 -2651
  106 567.861991  1080
  107 6822.543398 23377
  108 0.086203 -3192
  109 34.096227  1281
  110 0.578538 -2629
  111 233.125148 12350
  112 0.129652 -1920
  113 1027.848246 21527
  114 22994.539042 28488
  115 716.808325 12613
  116 14071.059423 25599
  117 141.639673  2552
  118 436.979875  4764
  119 1128.509364 11817
  120 5260.182024  8720
  121 0.258943   876
  122 415.241702 21854
  123 0.180407 -1881
  124 4465.892610   546
  125 0.508913 -1913
  126 26235.428428 32558
  127 14100.563701 29437
  128 37491.208673 32051
  129 4887.620880 22728
  130 1173.421931 12216
  131 3655.174531 19666
  132 0.504234    74
  133 0.014552 -1966
  134 10509.540836 16240
  135 7766.635781 23404
  136 1846.147122  3066
  137 28.556480  3236
  138 0.087557 -3156
  139 17385.149669 26575
  140 22145.922041 30702
  141 13342.255923 23859
  142 1.015436 -2212
  143 2023.438999 15705
  144 3684.429722 14460
  145 3163.341271 16428
  146 5951.640967 26421
  147 1323.298724 10799
  148 0.527276 -2970
  149 7149.389387 30348
  150 17830.499832 14927
  151 0.175023 -2981
  152 277.297634  4176
  153 3704.764932  3369
  154 1.212831 -3090
  155 0.259425 -2741
  156 4123.851245 26851
  157 30002.509236 29251
  158 4628.899547  5560
  159 0.123421 -1996
  160 8152.138158 13900
  161 1644.253328 29542
  162 424.941335 23379
  163 10013.492013 18562
  164 0.011875 -2198
  165 0.038118 -2146
  166 4660.404009  4587
  167 691.294768  4200
  168 0.437497 32150
  169 0.178488 -2166
  170 0.645082 -2801
  171 0.381235 -3255
  172 15347.821476 24598
  173 4520.656190 14057
  174 0.026753 -2884
  175 27776.466829 15891
  176 0.111122 -2279
  177 434.387720 31434
  178 7479.537228 20565
  179 353.781185 11021
  180 6844.969406 19654
  181 1.510434 31837
  182 3746.190572 13672
  183 362.789108 14952
  184 17568.698593 26785
  185 299.870362  6455
  186 0.942089 -1650
  187 1.028944 -2588
  188 0.330357 -2827
  189 3072.764243 16729
  190 2600.833377 13760
  191 0.406610 -2091
  192 7339.556800 24846
  193 3069.484513 29565
  194 0.466911 -1681
  195 17693.701751 28229
  196 0.432021 -1684
  197 15176.879521 15816
  198 5698.853244 17659
  199 0.123698 -3088
  200 3824.368090  6147
  201 13416.780068 30936
  202 13248.207506 26161
  203 9670.800797  9518
  204 6837.502142 29234
  205 3505.920657 18278
  206 5752.160194 12201
  207 0.577302 -1702
  208 0.413702 -2474
  209 7577.526427 11251
  210 894.991587 11128
  211 4529.789489 18494
  212 0.647890 -1593
  213 0.617546 -2437
  214 1103.066965 15528
  215 0.387778 -1846
  216 0.844797  1154
  217 9670.240027 15143
  218 1056.256301 -3103
  219 18763.501981 16679
  220 0.032860 -2764
  221 0.586491  1476
  222 6523.422364 19127
  223 3574.688658  5680
  224 0.676177  2168
  225 0.094559 -2741
  226 15568.866865 25072
  227 0.730467   460
  228 1158.368905  3095
  229 911.359865  8458
  230 9838.861575 -3242
  231 1569.064582 11398
  232 157.079990   881
  233 2139.277175  1061
  234 0.043259 -1929
  235 14996.244639 17055
  236 3871.974060 31779
  237 12070.093141 25768
  238 4377.654558 14732
  239 35172.072529 -3256
  240 186.772778    35
  241 3943.076789  9045
  242 4163.397886 28477
  243 21825.253614 25507
  244 16606.330558 27680
  245 246.165247  6344
  246 6884.515535 21407
  247 0.478686 -1812
  248 0.720922 -2751
  249 8741.715723 21608
  250 642.960825 19993
  251 7130.112095 -3226
  252 0.571530   131
  253 7082.791654 26725
  254 0.565894 -2571
  255 886.410966  4774
  256 0.893419 -2202
  257 0.272739 -2715
  258 5281.499513 11874
  259 0.687726 -2572
  260 0.145259 -2700
  261 3978.926704 15881
  262 0.597833 -2630
  263 11955.173348 14536
  264 253.442386  1231
  265 4159.402615 13187
  266 2148.289472  7031
  267 0.178196 -2424
  268 2443.196004 12441
  269 1.122801 -2748
  270 27534.094407 27996
  271 5583.367616 20832
  272 0.265594 -2129
  273 470.106079 13008
  274 518.604165  3973
  275 5960.355531  9596
  276 18702.794572 29864
  277 7699.675733  8226
  278 10843.852461  8125
  279 933.064029  1936
  280 12.276593   519
  281 0.243189 -1896
  282 12781.097370 20779
  283 0.357436  5897
  284 0.014197 30295
  285 14990.638565 29243
  286 6675.180902 -3236
  287 1484.364754 13467
  288 0.482793 -2093
  289 0.107631 -1755
  290 6708.439646 15224
  291 821.134043 16581
  292 17993.467990 16126
  293 0.576475 -2489
  294 16615.953452 12038
  295 977.965313 14498
  296 1.021625  4174
  297 10852.396697 -3250
  298 0.251135 32570
  299 3433.071287 21172
  300 428.508600 14979
