300
    1 170.926221     1
    2 4397.617614 22552
    3 782.195085 27863
    4 0.247737 -1935
    5 0.376386 -2497
    6 1066.481493 11402
    7 1602.750577  7882
    8 3655.416861  5438
    9 0.054546 -2390
   10 531.135124  6863
   11 0.683654 -2493
   12 94.114171   525
   13 0.384690 -1620
   14 2841.508151 20096
   15 0.700369 -3259
   16 1914.268305 24956
   17 0.439913 -2849
   18 22054.633545 -3232
   19 6736.088231 14573
   20 0.253376 -3083
   21 11246.406419 21823
   22 1709.386531 15275
   23 6619.842004 14868
   24 0.274405 -2447
   25 0.725841  2208
   26 0.260079 -2263
   27 3544.208691 20395
   28 12973.967533 -3111
   29 2935.357578  4613
   30 16435.888381 14985
   31 12427.851798 10343
   32 0.185124 -1984
   33 3495.376366  2104
   34 12101.226647 -2852
   35 3504.036097 17064
   36 19597.288963 21647
   37 0.088188 -2309
   38 328.491801  1257
   39 0.417140 -3064
   40 743.428243  2568
   41 427.604783 12082
   42 5285.311033 15949
   43 5025.525927 13544
   44 15112.276413 23714
   45 4580.672421 30240
   46 2807.419664 10842
   47 2309.246870 15863
   48 0.382308 -1788
   49 0.416042 -3003
   50 500.467575  1573
   51 1920.802509   828
   52 139.060178 12746
   53 0.213768   314
   54 9339.122217 23962
   55 11479.578932 23513
   56 0.128711 32017
   57 9467.318631 27528
   58 1.132901 -2540
   59 10962.951844 28792
   60 21894.642714 31213
   61 3254.283230 19028
   62 175.324513 31927
   63 0.411843 31951
   64 5006.147384 26634
   65 613.046640  8009
   66 552.432095 18283
   67 19781.459672 14765
   68 23449.230605 27953
   69 184.945397  4234
   70 4931.638214  6832
   71 2880.474321  6524
   72 0.049432 -2711
   73 4.126212 23238
   74 20852.480759 23525
   75 0.257650 -2177
   76 992.673489 10172
   77 1872.288060 21958
   78 0.016665 -2390
   79 0.507735 -2423
   80 0.120972 -2110
   81 0.633975  3195
   82 0.307645  3101
   83 8445.681292 -3116
   84 537.119430  7462
   85 1272.327696  1250
   86 1302.179484 13695
   87 0.879661 -2810
   88 0.296136 -2668
   89 0.176408 -2119
   90 1490.288547 11841
   91 1002.842304  3905
   92 106.270062 26181
   93 1754.969485  6201
   94 0.280079 -2630
   95 0.730493 -2801
   96 13836.882183 20258
   97 1660.936031 11140
   98 0.131378 -2718
   99 6487.655773  7350
  100 0.407577 -3230
  101 5527.096328  6709
  102 1.070948 -2544
  103 7334.234976 20824
  104 2421.988857 10814
  105 0.030378 -2651
  106 99.304638  1080
  107 13198.924000 23377
  108 0.301192 -3192
  109 852.800171  1281
  110 0.449231 -2629
  111 8570.125347 12350
  112 0.500419 -1920
  113 8587.373944 21527
  114 19177.074082 28488
  115 7794.776391 12613
  116 4487.400545 25599
  117 431.388498  2552
  118 142.716138  4764
  119 2505.089346 11817
  120 1827.053630  8720
  121 1.046224   876
  122 12512.977217 21854
  123 0.429154 -1881
  124 1285.119061   546
  125 0.057336 -1913
  126 8176.480927 32558
  127 4832.157550 29437
  128 10505.657314 32051
  129 3509.526162 22728
  130 5420.409377 12216
  131 12388.480477 19666
  132 0.011394    74
  133 0.213372 -1966
  134 2009.008809 16240
  135 3361.820288 23404
  136 3118.732940  3066
  137 227.620902  3236
  138 0.508717 -3156
  139 9460.750437 26575
  140 18711.022881 30702
  141 27540.082288 23859
  142 0.263992 -2212
  143 6011.771770 15705
  144 2554.664340 14460
  145 6071.294287 16428
  146 2067.283169 26421
  147 961.162988 10799
  148 1.104873 -2970
  149 3379.761958 30348
  150 957.724285 14927
  151 0.201299 -2981
  152 97.797473  4176
  153 653.630575  3369
  154 0.688206 -3090
  155 0.905451 -2741
  156 3097.419822 26851
  157 5131.809135 29251
  158 2363.867919  5560
  159 0.094707 -1996
  160 624.530562 13900
  161 14483.306224 29542
  162 1994.978332 23379
  163 2661.215170 18562
  164 0.723981 -2198
  165 1.070206 -2146
  166 2323.259849  4587
  167 2347.532421  4200
  168 0.468708 32150
  169 0.200308 -2166
  170 0.523746 -2801
  171 0.841866 -3255
  172 9223.711073 24598
  173 4555.958754 14057
  174 0.291443 -2884
  175 19373.388422 15891
  176 0.411607 -2279
  177 11381.971851 31434
  178 9043.316554 20565
  179 3606.102404 11021
  180 4452.716774 19654
  181 0.598982 31837
  182 15445.653656 13672
  183 56.484054 14952
  184 8733.021856 26785
  185 514.801578  6455
  186 0.877407 -1650
  187 0.000521 -2588
  188 0.384555 -2827
  189 14515.519519 16729
  190 9696.435804 13760
  191 0.339555 -2091
  192 11251.888632 24846
  193 15101.823059 29565
  194 0.002766 -1681
  195 1346.590136 28229
  196 0.749039 -1684
  197 22549.016086 15816
  198 6917.456030 17659
  199 0.030935 -3088
  200 3564.313272  6147
  201 4794.253352 30936
  202 4332.889717 26161
  203 3509.466018  9518
  204 8.650354 29234
  205 4721.026144 18278
  206 8972.143769 12201
  207 0.058313 -1702
  208 0.482977 -2474
  209 8268.977726 11251
  210 5789.238692 11128
  211 1649.753357 18494
  212 0.038907 -1593
  213 0.177495 -2437
  214 4613.941833 15528
  215 0.392619 -1846
  216 0.496659  1154
  217 14430.435761 15143
  218 385.978864 -3103
  219 4327.471666 16679
  220 0.249773 -2764
  221 0.094367  1476
  222 2881.779055 19127
  223 1967.735551  5680
  224 0.481647  2168
  225 0.289818 -2741
  226 15920.201630 25072
  227 0.352719   460
  228 786.652768  3095
  229 998.967688  8458
  230 10228.869834 -3242
  231 3006.060158 11398
  232 1267.541623   881
  233 3340.915225  1061
  234 0.133140 -1929
  235 2731.730789 17055
  236 15719.165299 31779
  237 2105.308051 25768
  238 1515.754641 14732
  239 22890.901696 -3256
  240 707.572746    35
  241 1043.717411  9045
  242 1733.561282 28477
  243 2665.662334 25507
  244 9210.081397 27680
  245 1928.715857  6344
  246 9476.598123 21407
  247 0.043302 -1812
  248 0.910121 -2751
  249 1075.590892 21608
  250 5896.699697 19993
  251 7999.382896 -3226
  252 0.575801   131
  253 9464.066048 26725
  254 0.108769 -2571
  255 794.829611  4774
  256 0.463239 -2202
  257 0.266974 -2715
  258 10354.304554 11874
  259 0.262789 -2572
  260 0.267811 -2700
  261 7729.468726 15881
  262 0.460686 -2630
  263 12857.094453 14536
  264 1207.433274  1231
  265 8372.009870 13187
  266 3866.800746  7031
  267 0.391288 -2424
  268 3530.291641 12441
  269 0.384252 -2748
  270 16749.305071 27996
  271 3868.168191 20832
  272 0.438062 -2129
  273 9003.143934 13008
  274 862.995407  3973
  275 1445.304550  9596
  276 13816.746047 29864
  277 4295.281117  8226
  278 5468.833281  8125
  279 764.603764  1936
  280 4.640519   519
  281 0.543196 -1896
  282 6022.401904 20779
  283 193.023981  5897
  284 0.339369 30295
  285 20684.482668 29243
  286 5483.387469 -3236
  287 6135.808703 13467
  288 0.213902 -2093
  289 1.118962 -1755
  290 9473.920283 15224
  291 3573.344899 16581
  292 2779.765498 16126
  293 0.050931 -2489
  294 5344.906836 12038
  295 1337.476066 14498
  296 0.200732  4174
  297 2581.701987 -3250
  298 0.632448 32570
  299 11873.958168 21172
  300 3179.001983 14979
