300
    1 480.511826     1
    2 10678.834345 22552
    3 6135.055882 27863
    4 0.277662 -1935
    5 0.160431 -2497
    6 1540.944912 11402
    7 3208.290899  7882
    8 3513.675172  5438
    9 0.080607 -2390
   10 2161.811648  6863
   11 0.840790 -2493
   12 674.237393   525
   13 0.848917 -1620
   14 927.979207 20096
   15 0.296676 -3259
   16 1206.457009 24956
   17 0.041628 -2849
   18 23751.277966 -3232
   19 3885.763033 14573
   20 0.431301 -3083
   21 17212.317854 21823
   22 1723.538090 15275
   23 9081.935302 14868
   24 0.242583 -2447
   25 0.833244  2208
   26 0.318982 -2263
   27 5664.072996 20395
   28 3407.637288 -3111
   29 6594.432145  4613
   30 20266.742534 14985
   31 6903.410290 10343
   32 0.249645 -1984
   33 482.360471  2104
   34 10334.890349 -2852
   35 22802.179708 17064
   36 1036.922087 21647
   37 0.656054 -2309
   38 254.957672  1257
   39 0.175293 -3064
   40 471.333830  2568
   41 1977.165581 12082
   42 1959.797330 15949
   43 6458.114048 13544
   44 6317.208460 23714
   45 21777.468893 30240
   46 4060.801050 10842
   47 5002.400409 15863
   48 0.010839 -1788
   49 0.248476 -3003
   50 477.002147  1573
   51 1919.606206   828
   52 4044.189680 12746
   53 0.201594   314
   54 1938.691117 23962
   55 12341.714459 23513
   56 0.232460 32017
   57 4518.120141 27528
   58 0.415394 -2540
   59 12316.569399 28792
   60 1285.598990 31213
   61 12084.063582 19028
   62 2093.895122 31927
   63 0.141724 31951
   64 3788.610366 26634
   65 1002.256901  8009
   66 17998.834085 18283
   67 10266.521411 14765
   68 14694.714518 27953
   69 263.004456  4234
   70 2796.227113  6832
   71 665.498154  6524
   72 0.216194 -2711
   73 2072.504478 23238
   74 3476.015961 23525
   75 0.280780 -2177
   76 10812.463629 10172
   77 1988.055875 21958
   78 0.977560 -2390
   79 0.651542 -2423
   80 0.303572 -2110
   81 0.712676  3195
   82 0.062107  3101
   83 21253.901320 -3116
   84 1830.032287  7462
   85 1124.093315  1250
   86 3650.586012 13695
   87 0.190143 -2810
   88 0.100207 -2668
   89 0.013497 -2119
   90 4425.031822 11841
   91 1335.829648  3905
   92 3677.820304 26181
   93 458.396014  6201
   94 0.132628 -2630
   95 0.188640 -2801
   96 19411.964663 20258
   97 6327.308792 11140
   98 0.281854 -2718
   99 1753.986846  7350
  100 0.273714 -3230
  101 4397.942569  6709
  102 1.051335 -2544
  103 4330.794671 20824
  104 8478.366640 10814
  105 0.227576 -2651
  106 658.027434  1080
  107 3490.149610 23377
  108 0.729728 -3192
  109 1195.777544  1281
  110 0.685085 -2629
  111 9832.602740 12350
  112 0.045066 -1920
  113 28651.083155 21527
  114 2419.545524 28488
  115 6132.276283 12613
  116 2900.429829 25599
  117 355.412079  2552
  118 82.945005  4764
  119 974.087011 11817
  120 304.195893  8720
  121 0.402438   876
  122 3602.611097 21854
  123 0.117956 -1881
  124 1238.308752   546
  125 0.224750 -1913
  126 195.363374 32558
  127 18596.473110 29437
  128 25333.045016 32051
  129 10454.503382 22728
  130 3065.089947 12216
  131 723.024815 19666
  132 0.873860    74
  133 0.555344 -1966
  134 5793.615905 16240
  135 7771.855481 23404
  136 658.469120  3066
  137 832.432308  3236
  138 0.893667 -3156
  139 3139.609423 26575
  140 4017.216593 30702
  141 3582.534563 23859
  142 0.616366 -2212
  143 617.615273 15705
  144 8260.760412 14460
  145 11466.034088 16428
  146 5944.568254 26421
  147 10049.647182 10799
  148 0.014583 -2970
  149 34910.448163 30348
  150 7454.365297 14927
  151 0.808560 -2981
  152 2595.585601  4176
  153 1932.656292  3369
  154 0.181554 -3090
  155 0.270618 -2741
  156 3297.499609 26851
  157 17589.183083 29251
  158 1092.136131  5560
  159 0.078573 -1996
  160 12276.039580 13900
  161 19957.519136 29542
  162 25919.043367 23379
  163 12994.655359 18562
  164 0.353998 -2198
  165 0.382591 -2146
  166 2832.877955  4587
  167 453.570981  4200
  168 0.504699 32150
  169 0.316927 -2166
  170 0.109952 -2801
  171 0.005599 -3255
  172 2345.861614 24598
  173 2205.578022 14057
  174 0.041668 -2884
  175 8810.090358 15891
  176 0.458088 -2279
  177 3721.635537 31434
  178 992.998698 20565
  179 5054.651800 11021
  180 5763.214745 19654
  181 0.414371 31837
  182 1534.850663 13672
  183 3614.766349 14952
  184 12795.453657 26785
  185 150.292877  6455
  186 0.275678 -1650
  187 0.484172 -2588
  188 0.354336 -2827
  189 14892.428939 16729
  190 1312.425658 13760
  191 0.002520 -2091
  192 3373.334278 24846
  193 3619.755892 29565
  194 0.247894 -1681
  195 11755.314945 28229
  196 0.387574 -1684
  197 1107.134295 15816
  198 9477.274937 17659
  199 0.556035 -3088
  200 1885.189709  6147
  201 23638.841059 30936
  202 1247.567012 26161
  203 7813.892543  9518
  204 37302.424526 29234
  205 2884.318326 18278
  206 5576.386033 12201
  207 0.272516 -1702
  208 0.619530 -2474
  209 622.262738 11251
  210 8627.261742 11128
  211 19601.173041 18494
  212 0.463901 -1593
  213 1.111764 -2437
  214 542.907924 15528
  215 0.353933 -1846
  216 0.047336  1154
  217 3096.280995 15143
  218 4603.972444 -3103
  219 5924.769422 16679
  220 0.231452 -2764
  221 0.078851  1476
  222 8064.239380 19127
  223 3645.941645  5680
  224 0.010735  2168
  225 1.326690 -2741
  226 22433.188956 25072
  227 1.001684   460
  228 1390.035126  3095
  229 6622.181169  8458
  230 22449.178513 -3242
  231 4049.331927 11398
  232 2068.956448   881
  233 607.299613  1061
  234 0.170923 -1929
  235 17830.151421 17055
  236 13523.792386 31779
  237 1032.108360 25768
  238 4108.352193 14732
  239 12786.338208 -3256
  240 9.383542    35
  241 680.466391  9045
  242 497.514512 28477
  243 4259.070371 25507
  244 8731.829786 27680
  245 1900.622137  6344
  246 7219.966465 21407
  247 0.287207 -1812
  248 1.102079 -2751
  249 15142.445336 21608
  250 2339.060870 19993
  251 34613.800102 -3226
  252 0.003347   131
  253 641.547383 26725
  254 1.330720 -2571
  255 706.334834  4774
  256 0.296070 -2202
  257 0.207173 -2715
  258 9165.358693 11874
  259 0.057265 -2572
  260 0.015573 -2700
  261 10545.209417 15881
  262 0.155049 -2630
  263 12819.412385 14536
  264 517.409982  1231
  265 751.507324 13187
  266 7030.823214  7031
  267 0.331102 -2424
  268 6721.635608 12441
  269 0.397342 -2748
  270 20926.864946 27996
  271 634.912477 20832
  272 0.463594 -2129
  273 10550.491802 13008
  274 1195.337053  3973
  275 19.902235  9596
  276 6638.336602 29864
  277 6850.657415  8226
  278 12124.263314  8125
  279 620.280677  1936
  280 15.755078   519
  281 0.021481 -1896
  282 14132.005423 20779
  283 384.398655  5897
  284 0.261015 30295
  285 4641.337200 29243
  286 32366.285755 -3236
  287 6944.998650 13467
  288 0.330211 -2093
  289 0.610361 -1755
  290 2551.429507 15224
  291 10477.592291 16581
  292 15765.637968 16126
  293 0.296196 -2489
  294 11182.597702 12038
  295 5323.927874 14498
  296 0.172065  4174
  297 1716.506022 -3250
  298 0.211859 32570
  299 15603.659143 21172
  300 3766.242731 14979
