300
    1 213.816354     1
    2 8677.872541 22552
    3 16252.990524 27863
    4 0.646044 -1935
    5 0.501470 -2497
    6 7692.440555 11402
    7 419.006527  7882
    8 602.906314  5438
    9 0.546134 -2390
   10 414.260909  6863
   11 0.129963 -2493
   12 43.498325   525
   13 0.033808 -1620
   14 117.933988 20096
   15 0.234086 -3259
   16 5954.275318 24956
   17 0.127912 -2849
   18 2919.012594 -3232
   19 2644.031182 14573
   20 0.426938 -3083
   21 19747.822454 21823
   22 81.559724 15275
   23 9800.307947 14868
   24 0.252386 -2447
   25 0.476391  2208
   26 0.760678 -2263
   27 2208.066975 20395
   28 14803.704419 -3111
   29 363.596266  4613
   30 3515.118061 14985
   31 1488.807431 10343
   32 0.001391 -1984
   33 5311.455349  2104
   34 8858.713417 -2852
   35 6023.797550 17064
   36 2734.765451 21647
   37 0.461222 -2309
   38 1390.186202  1257
   39 0.305853 -3064
   40 845.926983  2568
   41 3734.153765 12082
   42 11948.381548 15949
   43 4024.532100 13544
   44 13912.166830 23714
   45 4135.436632 30240
   46 12647.206471 10842
   47 2632.109092 15863
   48 0.485891 -1788
   49 0.651230 -3003
   50 45.879096  1573
   51 1184.051681   828
   52 7769.242910 12746
   53 0.591176   314
   54 3126.703542 23962
   55 1809.827630 23513
   56 0.126558 32017
   57 14126.387575 27528
   58 0.331043 -2540
   59 23151.005242 28792
   60 20073.104713 31213
   61 18589.584412 19028
   62 14603.372687 31927
   63 0.004168 31951
   64 29429.873586 26634
   65 1182.814447  8009
   66 2052.590923 18283
   67 10360.043397 14765
   68 767.308673 27953
   69 1358.475766  4234
   70 2016.208847  6832
   71 2490.328726  6524
   72 0.412034 -2711
   73 1748.835053 23238
   74 4690.197343 23525
   75 0.278205 -2177
   76 3856.044091 10172
   77 3511.096364 21958
   78 0.204930 -2390
   79 0.023460 -2423
   80 0.100878 -2110
   81 0.223904  3195
   82 0.068477  3101
   83 4824.749192 -3116
   84 1889.891903  7462
   85 365.884536  1250
   86 3407.136284 13695
   87 0.028422 -2810
   88 0.660770 -2668
   89 0.138121 -2119
   90 4869.668636 11841
   91 29.289180  3905
   92 37733.908833 26181
   93 1394.386252  6201
   94 0.830679 -2630
   95 0.155361 -2801
   96 8066.343709 20258
   97 14526.332241 11140
   98 0.125857 -2718
   99 2556.881392  7350
  100 0.320429 -3230
  101 4405.658830  6709
  102 0.350315 -2544
  103 13938.100456 20824
  104 1433.914954 10814
  105 0.359886 -2651
  106 1274.202162  1080
  107 9083.056483 23377
  108 0.132580 -3192
  109 841.333027  1281
  110 0.375707 -2629
  111 783.252412 12350
  112 0.683856 -1920
  113 1004.652817 21527
  114 10789.218533 28488
  115 5497.406856 12613
  116 7108.236321 25599
  117 753.499473  2552
  118 552.664728  4764
  119 1754.710880 11817
  120 3090.757600  8720
  121 0.226731   876
  122 135.948902 21854
  123 0.292755 -1881
  124 1930.168658   546
  125 0.467429 -1913
  126 6805.334187 32558
  127 13458.745947 29437
  128 342.468312 32051
  129 2877.930729 22728
  130 10831.230831 12216
  131 590.550814 19666
  132 0.423757    74
  133 0.493324 -1966
  134 1143.270380 16240
  135 1823.965865 23404
  136 5242.679794  3066
  137 800.455509  3236
  138 0.151153 -3156
  139 4904.117561 26575
  140 2532.550354 30702
  141 4190.491821 23859
  142 0.279831 -2212
  143 6427.809915 15705
  144 4014.813289 14460
  145 1376.026922 16428
  146 7625.164052 26421
  147 3272.497412 10799
  148 0.074821 -2970
  149 12802.868731 30348
  150 3666.105765 14927
  151 0.377353 -2981
  152 74.159192  4176
  153 4767.455828  3369
  154 0.383199 -3090
  155 0.163913 -2741
  156 2091.783925 26851
  157 2030.010255 29251
  158 1056.414404  5560
  159 0.631036 -1996
  160 3545.313138 13900
  161 6043.773055 29542
  162 14053.472129 23379
  163 15317.650613 18562
  164 0.015288 -2198
  165 0.210455 -2146
  166 1667.855361  4587
  167 2513.194129  4200
  168 0.528652 32150
  169 0.070280 -2166
  170 0.282462 -2801
  171 0.296427 -3255
  172 13475.191585 24598
  173 3465.052445 14057
  174 0.539309 -2884
  175 28280.326536 15891
  176 0.270192 -2279
  177 10571.723327 31434
  178 12089.085318 20565
  179 1613.502912 11021
  180 16591.497890 19654
  181 0.363959 31837
  182 11074.510717 13672
  183 3848.973076 14952
  184 3947.298736 26785
  185 142.255327  6455
  186 0.581586 -1650
  187 0.103240 -2588
  188 0.149243 -2827
  189 7884.800063 16729
  190 3204.344049 13760
  191 0.881166 -2091
  192 11361.256771 24846
  193 18377.958813 29565
  194 0.308576 -1681
  195 7525.611132 28229
  196 0.564405 -1684
  197 8380.229848 15816
  198 657.194572 17659
  199 0.083312 -3088
  200 125.090298  6147
  201 3860.250281 30936
  202 18849.047370 26161
  203 5914.346364  9518
  204 3475.224370 29234
  205 2493.888831 18278
  206 2607.510524 12201
  207 0.493455 -1702
  208 0.424299 -2474
  209 6710.235875 11251
  210 1884.020123 11128
  211 278.773363 18494
  212 0.054739 -1593
  213 0.429982 -2437
  214 6447.084818 15528
  215 0.117518 -1846
  216 0.374167  1154
  217 549.320527 15143
  218 6181.609666 -3103
  219 15239.413917 16679
  220 0.085972 -2764
  221 0.006428  1476
  222 10909.644054 19127
  223 1911.400586  5680
  224 0.429909  2168
  225 0.389814 -2741
  226 29044.930207 25072
  227 0.151782   460
  228 737.008992  3095
  229 5910.773513  8458
  230 17247.510871 -3242
  231 14377.457418 11398
  232 331.846611   881
  233 261.524066  1061
  234 0.640234 -1929
  235 17510.658891 17055
  236 2420.267073 31779
  237 734.631933 25768
  238 2289.747665 14732
  239 20887.162703 -3256
  240 88.120241    35
  241 2387.684816  9045
  242 5409.274878 28477
  243 7790.303622 25507
  244 2479.078915 27680
  245 5527.578679  6344
  246 10997.158689 21407
  247 0.129161 -1812
  248 0.070380 -2751
  249 25773.365139 21608
  250 811.897559 19993
  251 31442.936007 -3226
  252 0.848839   131
  253 14542.458848 26725
  254 0.736596 -2571
  255 784.237000  4774
  256 0.521946 -2202
  257 0.806810 -2715
  258 112.377381 11874
  259 0.340744 -2572
  260 0.288045 -2700
  261 11293.297220 15881
  262 0.323312 -2630
  263 16888.106122 14536
  264 449.444813  1231
  265 1332.941244 13187
  266 1079.935407  7031
  267 0.083450 -2424
  268 7313.100848 12441
  269 0.052263 -2748
  270 10721.998713 27996
  271 3239.628991 20832
  272 0.838817 -2129
  273 57.327983 13008
  274 1484.725168  3973
  275 8554.676432  9596
  276 20713.105804 29864
  277 2394.764213  8226
  278 2010.073710  8125
  279 634.262125  1936
  280 9.668260   519
  281 0.442884 -1896
  282 5161.267754 20779
  283 172.391981  5897
  284 0.110940 30295
  285 21867.376818 29243
  286 10706.888156 -3236
  287 751.162899 13467
  288 0.136523 -2093
  289 0.415949 -1755
  290 10493.415410 15224
  291 4633.958408 16581
  292 20682.387242 16126
  293 0.274724 -2489
  294 3561.993612 12038
  295 5216.917668 14498
  296 0.846468  4174
  297 4056.043627 -3250
  298 0.032519 32570
  299 867.399500 21172
  300 4099.812841 14979
