300
    1 702.587179     1
    2 12495.558693 22552
    3 12412.726160 27863
    4 0.702927 -1935
    5 0.131174 -2497
    6 9391.599706 11402
    7 4780.124063  7882
    8 7795.480663  5438
    9 0.094642 -2390
   10 1673.659951  6863
   11 0.647487 -2493
   12 140.963682   525
   13 1.253163 -1620
   14 11446.754140 20096
   15 0.517759 -3259
   16 5122.115602 24956
   17 0.043217 -2849
   18 12177.008270 -3232
   19 2702.657170 14573
   20 1.009423 -3083
   21 4465.325690 21823
   22 14249.544206 15275
   23 6222.843376 14868
   24 0.571912 -2447
   25 0.171214  2208
   26 0.298685 -2263
   27 15221.980113 20395
   28 31022.703639 -3111
   29 76.495445  4613
   30 9129.873375 14985
   31 1266.699490 10343
   32 0.611425 -1984
   33 94.453394  2104
   34 14827.716140 -2852
   35 7195.468287 17064
   36 1383.706770 21647
   37 0.007794 -2309
   38 983.608302  1257
   39 0.595740 -3064
   40 3423.376973  2568
   41 214.065128 12082
   42 13212.321533 15949
   43 580.395064 13544
   44 3085.232255 23714
   45 3271.751052 30240
   46 1432.646117 10842
   47 6986.061693 15863
   48 0.536740 -1788
   49 0.176839 -3003
   50 257.925984  1573
   51 2596.397162   828
   52 420.978889 12746
   53 0.036348   314
   54 10394.783662 23962
   55 5480.924941 23513
   56 0.127515 32017
   57 16469.269139 27528
   58 0.301396 -2540
   59 15216.739056 28792
   60 1543.159406 31213
   61 11726.471674 19028
   62 10171.755097 31927
   63 0.203056 31951
   64 2369.796387 26634
   65 694.396009  8009
   66 373.378820 18283
   67 4743.825535 14765
   68 4027.855757 27953
   69 94.888173  4234
   70 1748.516859  6832
   71 10466.468972  6524
   72 0.280132 -2711
   73 1011.123884 23238
   74 13125.199040 23525
   75 0.055130 -2177
   76 3531.627675 10172
   77 2279.527969 21958
   78 0.781211 -2390
   79 1.165721 -2423
   80 0.290892 -2110
   81 0.323469  3195
   82 0.512077  3101
   83 13868.357312 -3116
   84 646.547675  7462
   85 30.194952  1250
   86 79.814500 13695
   87 0.275037 -2810
   88 0.190116 -2668
   89 0.933031 -2119
   90 154.987780 11841
   91 859.558697  3905
   92 9782.757788 26181
   93 672.581681  6201
   94 0.167833 -2630
   95 0.736082 -2801
   96 7525.310246 20258
   97 2810.767290 11140
   98 0.475378 -2718
   99 9086.682572  7350
  100 0.100079 -3230
  101 1756.893706  6709
  102 0.698852 -2544
  103 15276.492199 20824
  104 2666.779596 10814
  105 0.635025 -2651
  106 1752.788994  1080
  107 9823.583910 23377
  108 0.295157 -3192
  109 1258.765268  1281
  110 0.046425 -2629
  111 5759.792500 12350
  112 0.176575 -1920
  113 9506.606383 21527
  114 2113.079088 28488
  115 509.255061 12613
  116 1372.999442 25599
  117 591.771801  2552
  118 463.696379  4764
  119 4608.220655 11817
  120 10028.148385  8720
  121 0.352776   876
  122 19530.961347 21854
  123 0.083703 -1881
  124 35.676512   546
  125 0.084899 -1913
  126 13964.183028 32558
  127 135.605916 29437
  128 31401.707857 32051
  129 295.914067 22728
  130 883.066702 12216
  131 9828.104741 19666
  132 0.056534    74
  133 0.289544 -1966
  134 1242.469722 16240
  135 696.822252 23404
  136 4240.971844  3066
  137 60.043679  3236
  138 0.202514 -3156
  139 234.495937 26575
  140 5006.340521 30702
  141 1587.555600 23859
  142 0.628567 -2212
  143 955.138069 15705
  144 8580.880201 14460
  145 7520.035790 16428
  146 4572.835466 26421
  147 806.454812 10799
  148 0.034700 -2970
  149 1751.245918 30348
  150 4227.393602 14927
  151 0.118007 -2981
  152 4328.852690  4176
  153 670.356902  3369
  154 0.314419 -3090
  155 0.263907 -2741
  156 11862.925277 26851
  157 3593.756584 29251
  158 975.572288  5560
  159 0.232632 -1996
  160 9102.647073 13900
  161 9225.631159 29542
  162 11683.910424 23379
  163 16706.517221 18562
  164 0.123155 -2198
  165 0.505011 -2146
  166 1836.191069  4587
  167 5000.898619  4200
  168 0.430225 32150
  169 0.850357 -2166
  170 0.349506 -2801
  171 0.514962 -3255
  172 21060.003010 24598
  173 15402.073037 14057
  174 1.066881 -2884
  175 4988.361219 15891
  176 0.648733 -2279
  177 730.427630 31434
  178 5528.369350 20565
  179 1366.994410 11021
  180 1519.756003 19654
  181 0.402316 31837
  182 7058.030265 13672
  183 5044.733182 14952
  184 16149.570022 26785
  185 311.649350  6455
  186 0.315309 -1650
  187 0.331215 -2588
  188 0.572718 -2827
  189 6484.282131 16729
  190 2150.775545 13760
  191 0.599616 -2091
  192 12463.083479 24846
  193 3146.468679 29565
  194 0.165263 -1681
  195 17005.672026 28229
  196 0.135020 -1684
  197 6408.421709 15816
  198 5013.389162 17659
  199 0.945330 -3088
  200 1670.300919  6147
  201 8512.389687 30936
  202 8241.146562 26161
  203 12390.791150  9518
  204 12592.281035 29234
  205 659.454293 18278
  206 889.861193 12201
  207 0.440254 -1702
  208 0.505403 -2474
  209 10776.836495 11251
  210 704.275730 11128
  211 6254.631611 18494
  212 0.597304 -1593
  213 0.197736 -2437
  214 4216.456155 15528
  215 0.139454 -1846
  216 0.407294  1154
  217 1418.723605 15143
  218 17695.133544 -3103
  219 11217.639200 16679
  220 0.001632 -2764
  221 0.234005  1476
  222 9640.546824 19127
  223 3257.711357  5680
  224 0.127285  2168
  225 0.814169 -2741
  226 8592.217000 25072
  227 0.534192   460
  228 2529.785632  3095
  229 7597.333885  8458
  230 10891.857749 -3242
  231 8875.669952 11398
  232 509.561174   881
  233 820.349582  1061
  234 0.498451 -1929
  235 8011.567122 17055
  236 2223.479167 31779
  237 8655.562364 25768
  238 3350.778119 14732
  239 1366.786906 -3256
  240 223.860047    35
  241 3404.815819  9045
  242 4425.919792 28477
  243 9004.301610 25507
  244 3695.716110 27680
  245 6823.943638  6344
  246 161.653267 21407
  247 0.192064 -1812
  248 0.763301 -2751
  249 3140.093016 21608
  250 97.927625 19993
  251 7245.417901 -3226
  252 0.076590   131
  253 1019.099020 26725
  254 0.535671 -2571
  255 1528.616680  4774
  256 0.831387 -2202
  257 0.107822 -2715
  258 11357.212227 11874
  259 0.232376 -2572
  260 0.107422 -2700
  261 979.189436 15881
  262 0.598240 -2630
  263 11687.508604 14536
  264 184.888002  1231
  265 2117.636431 13187
  266 3500.191612  7031
  267 0.696978 -2424
  268 30.713581 12441
  269 0.534688 -2748
  270 20956.412410 27996
  271 2010.196675 20832
  272 0.618755 -2129
  273 1878.079464 13008
  274 1199.742578  3973
  275 2893.214929  9596
  276 10863.630841 29864
  277 6575.888560  8226
  278 3804.226458  8125
  279 270.127767  1936
  280 0.810915   519
  281 0.085958 -1896
  282 12087.918796 20779
  283 434.453498  5897
  284 0.035056 30295
  285 9306.158364 29243
  286 6982.702837 -3236
  287 5228.304459 13467
  288 0.366899 -2093
  289 0.507734 -1755
  290 1199.649649 15224
  291 3299.522502 16581
  292 14613.734294 16126
  293 1.094629 -2489
  294 4453.537747 12038
  295 3088.345459 14498
  296 0.461300  4174
  297 18917.721265 -3250
  298 0.676818 32570
  299 13166.986405 21172
  300 5191.598906 14979
