300
    1 193.042301     1
    2 5492.956093 22552
    3 3919.205947 27863
    4 0.473806 -1935
    5 0.238455 -2497
    6 3306.768393 11402
    7 941.917363  7882
    8 2442.853379  5438
    9 0.162690 -2390
   10 1316.507408  6863
   11 0.666510 -2493
   12 18.597229   525
   13 0.209322 -1620
   14 8952.971893 20096
   15 0.097780 -3259
   16 9445.951675 24956
   17 0.348421 -2849
   18 9101.742305 -3232
   19 2926.877754 14573
   20 0.618808 -3083
   21 4985.436928 21823
   22 6379.686666 15275
   23 10512.005989 14868
   24 0.634519 -2447
   25 0.316734  2208
   26 0.597510 -2263
   27 4747.115922 20395
   28 12838.776899 -3111
   29 2505.512105  4613
   30 6924.113107 14985
   31 273.150681 10343
   32 0.485383 -1984
   33 4249.338024  2104
   34 25464.934034 -2852
   35 8798.790878 17064
   36 696.144711 21647
   37 0.229260 -2309
   38 1863.883372  1257
   39 0.409176 -3064
   40 2121.346212  2568
   41 3339.943864 12082
   42 3211.524608 15949
   43 1336.673278 13544
   44 10693.859507 23714
   45 30294.902485 30240
   46 3174.382324 10842
   47 9944.762470 15863
   48 0.141166 -1788
   49 0.241183 -3003
   50 715.430097  1573
   51 137.803546   828
   52 4642.951493 12746
   53 0.677965   314
   54 6576.989679 23962
   55 17862.920064 23513
   56 0.823656 32017
   57 24088.647590 27528
   58 0.473494 -2540
   59 3770.059765 28792
   60 455.250828 31213
   61 1231.042089 19028
   62 4365.416196 31927
   63 0.295687 31951
   64 2694.432581 26634
   65 15.945544  8009
   66 20581.431586 18283
   67 3202.275589 14765
   68 6609.439636 27953
   69 831.641458  4234
   70 2961.675957  6832
   71 2225.939434  6524
   72 0.750368 -2711
   73 1456.733106 23238
   74 4015.544129 23525
   75 0.047203 -2177
   76 370.989030 10172
   77 2966.106218 21958
   78 0.110853 -2390
   79 0.197096 -2423
   80 0.217498 -2110
   81 1.181976  3195
   82 0.115240  3101
   83 13665.066763 -3116
   84 230.457024  7462
   85 819.775577  1250
   86 3093.955071 13695
   87 0.912192 -2810
   88 0.757493 -2668
   89 0.133092 -2119
   90 4938.000965 11841
   91 13.250241  3905
   92 2347.764057 26181
   93 454.443538  6201
   94 0.236254 -2630
   95 0.416201 -2801
   96 19648.598024 20258
   97 3044.754616 11140
   98 0.140037 -2718
   99 2287.247092  7350
  100 0.473446 -3230
  101 216.304196  6709
  102 0.465887 -2544
  103 19103.153560 20824
  104 4195.027621 10814
  105 0.596991 -2651
  106 544.931418  1080
  107 26555.323858 23377
  108 0.118016 -3192
  109 1047.771866  1281
  110 0.371392 -2629
  111 3239.842638 12350
  112 0.087313 -1920
  113 2239.622745 21527
  114 44993.979428 28488
  115 4247.855400 12613
  116 11350.717901 25599
  117 1366.526618  2552
  118 73.551426  4764
  119 4189.718256 11817
  120 1318.910096  8720
  121 0.439009   876
  122 14512.308651 21854
  123 0.191506 -1881
  124 1773.247833   546
  125 0.207994 -1913
  126 9307.139895 32558
  127 8998.972657 29437
  128 121.885065 32051
  129 6809.539030 22728
  130 12405.880309 12216
  131 4367.164106 19666
  132 0.337209    74
  133 0.271877 -1966
  134 2053.710483 16240
  135 2417.956547 23404
  136 8660.736146  3066
  137 209.415370  3236
  138 0.191965 -3156
  139 234.785976 26575
  140 1527.907017 30702
  141 3078.894605 23859
  142 0.360672 -2212
  143 11348.028193 15705
  144 4821.397584 14460
  145 3089.995050 16428
  146 2042.592416 26421
  147 4296.373368 10799
  148 0.427760 -2970
  149 24610.720668 30348
  150 8264.094976 14927
  151 0.015279 -2981
  152 1524.151286  4176
  153 3527.064905  3369
  154 0.768756 -3090
  155 0.059882 -2741
  156 12666.080640 26851
  157 12367.066167 29251
  158 561.889537  5560
  159 0.289814 -1996
  160 7001.666431 13900
  161 8127.160095 29542
  162 5158.811595 23379
  163 12447.422281 18562
  164 0.074563 -2198
  165 0.527470 -2146
  166 2922.023905  4587
  167 2469.679218  4200
  168 0.128355 32150
  169 0.279621 -2166
  170 0.173294 -2801
  171 0.070088 -3255
  172 2410.357404 24598
  173 8327.490854 14057
  174 0.059905 -2884
  175 11015.307639 15891
  176 0.654883 -2279
  177 20292.231491 31434
  178 11180.175230 20565
  179 313.206743 11021
  180 16825.140601 19654
  181 0.592777 31837
  182 265.575145 13672
  183 3244.791493 14952
  184 1927.988453 26785
  185 638.452640  6455
  186 0.579662 -1650
  187 0.040891 -2588
  188 0.225098 -2827
  189 12644.519589 16729
  190 1204.698247 13760
  191 0.374251 -2091
  192 3600.921388 24846
  193 6221.445676 29565
  194 0.868511 -1681
  195 3542.661398 28229
  196 0.135520 -1684
  197 2403.517389 15816
  198 4816.754394 17659
  199 0.948427 -3088
  200 6517.998323  6147
  201 34439.503853 30936
  202 13122.604689 26161
  203 6605.098646  9518
  204 21409.527767 29234
  205 2575.442037 18278
  206 1534.571873 12201
  207 0.494344 -1702
  208 0.120337 -2474
  209 6881.086099 11251
  210 1579.747551 11128
  211 502.876995 18494
  212 0.286919 -1593
  213 0.146412 -2437
  214 2801.462706 15528
  215 0.391736 -1846
  216 0.547893  1154
  217 16012.161819 15143
  218 7892.239671 -3103
  219 15597.589489 16679
  220 0.353957 -2764
  221 0.850418  1476
  222 7960.749062 19127
  223 1936.885941  5680
  224 0.458175  2168
  225 0.544439 -2741
  226 3665.356352 25072
  227 0.074092   460
  228 282.024157  3095
  229 1240.957570  8458
  230 4039.110734 -3242
  231 2146.131051 11398
  232 752.052043   881
  233 124.809827  1061
  234 0.363631 -1929
  235 16223.424022 17055
  236 175.892732 31779
  237 12406.165794 25768
  238 3645.431886 14732
  239 2134.062919 -3256
  240 651.652066    35
  241 2977.055414  9045
  242 10687.298477 28477
  243 9215.038370 25507
  244 25558.625857 27680
  245 724.594832  6344
  246 6581.682929 21407
  247 0.080371 -1812
  248 0.159336 -2751
  249 8535.873273 21608
  250 9988.984396 19993
  251 618.576873 -3226
  252 0.284236   131
  253 15362.752207 26725
  254 0.808948 -2571
  255 27.023461  4774
  256 0.302016 -2202
  257 0.148441 -2715
  258 7493.082581 11874
  259 0.427343 -2572
  260 0.241867 -2700
  261 2598.321236 15881
  262 0.460597 -2630
  263 6411.648875 14536
  264 1903.169745  1231
  265 10111.487209 13187
  266 6815.867330  7031
  267 0.222735 -2424
  268 6091.163288 12441
  269 0.267021 -2748
  270 3557.985769 27996
  271 2856.324913 20832
  272 0.474268 -2129
  273 12216.570481 13008
  274 978.521007  3973
  275 26.039595  9596
  276 1338.567718 29864
  277 9906.181171  8226
  278 2592.454258  8125
  279 524.278387  1936
  280 18.034104   519
  281 0.866743 -1896
  282 15906.751067 20779
  283 359.858418  5897
  284 0.344485 30295
  285 28251.388072 29243
  286 277.177425 -3236
  287 14827.388125 13467
  288 0.331379 -2093
  289 0.169455 -1755
  290 2787.961553 15224
  291 6987.642132 16581
  292 16480.035607 16126
  293 0.232733 -2489
  294 2486.129272 12038
  295 1102.755333 14498
  296 0.249872  4174
  297 35891.199497 -3250
  298 0.245121 32570
  299 4501.829235 21172
  300 16356.022721 14979
