300
    1 838.661165     1
    2 6419.056178 22552
    3 3727.706948 27863
    4 0.562685 -1935
    5 0.896179 -2497
    6 4640.122147 11402
    7 2984.292914  7882
    8 564.595681  5438
    9 0.036175 -2390
   10 966.275306  6863
   11 0.044559 -2493
   12 387.890442   525
   13 0.039207 -1620
   14 6631.978645 20096
   15 0.075360 -3259
   16 27972.095276 24956
   17 0.638059 -2849
   18 18774.343776 -3232
   19 12221.317992 14573
   20 0.481953 -3083
   21 4603.641800 21823
   22 10621.963333 15275
   23 260.831149 14868
   24 0.530359 -2447
   25 0.371817  2208
   26 0.102082 -2263
   27 1509.533423 20395
   28 2769.990246 -3111
   29 5586.891582  4613
   30 2790.134921 14985
   31 4220.524207 10343
   32 0.261425 -1984
   33 3193.725260  2104
   34 11889.573654 -2852
   35 10004.418170 17064
   36 5909.476850 21647
   37 0.246955 -2309
   38 1214.921005  1257
   39 0.429419 -3064
   40 826.235010  2568
   41 3262.753259 12082
   42 2982.804508 15949
   43 9791.250198 13544
   44 7095.993160 23714
   45 49440.701381 30240
   46 8285.844604 10842
   47 4905.136784 15863
   48 0.280454 -1788
   49 1.092909 -3003
   50 222.323534  1573
   51 1150.301797   828
   52 3228.971296 12746
   53 0.188802   314
   54 10183.275467 23962
   55 3557.371249 23513
   56 0.247779 32017
   57 17654.390759 27528
   58 0.303120 -2540
   59 14338.493420 28792
   60 12335.680528 31213
   61 4868.630044 19028
   62 8213.397557 31927
   63 0.696697 31951
   64 8964.028935 26634
   65 865.955076  8009
   66 7927.234934 18283
   67 7114.655901 14765
   68 13319.336713 27953
   69 305.221443  4234
   70 1099.768138  6832
   71 1891.674379  6524
   72 0.357729 -2711
   73 2909.722246 23238
   74 7179.505435 23525
   75 0.575656 -2177
   76 9121.449982 10172
   77 9087.662686 21958
   78 0.638927 -2390
   79 0.044643 -2423
   80 0.449287 -2110
   81 0.018363  3195
   82 0.898913  3101
   83 12204.366067 -3116
   84 274.358456  7462
   85 17.939151  1250
   86 9780.886075 13695
   87 0.160284 -2810
   88 0.284767 -2668
   89 0.675242 -2119
   90 4266.387839 11841
   91 473.622560  3905
   92 3244.359394 26181
   93 2341.655441  6201
   94 1.414084 -2630
   95 0.298272 -2801
   96 2488.558477 20258
   97 9360.267929 11140
   98 0.134875 -2718
   99 4265.546595  7350
  100 0.092383 -3230
  101 1383.091713  6709
  102 0.505874 -2544
  103 14599.473781 20824
  104 1190.403883 10814
  105 0.320766 -2651
  106 1189.091704  1080
  107 17002.040424 23377
  108 0.143331 -3192
  109 2085.278938  1281
  110 0.418802 -2629
  111 3955.205760 12350
  112 0.364318 -1920
  113 2518.390640 21527
  114 8901.304827 28488
  115 4255.883003 12613
  116 10728.782053 25599
  117 603.560753  2552
  118 236.369428  4764
  119 7543.294163 11817
  120 2834.194260  8720
  121 0.375190   876
  122 11194.609279 21854
  123 0.775700 -1881
  124 1215.500780   546
  125 0.605187 -1913
  126 13820.352041 32558
  127 4453.814565 29437
  128 8402.464102 32051
  129 9598.006315 22728
  130 1576.302137 12216
  131 9038.438586 19666
  132 0.300323    74
  133 1.143987 -1966
  134 5916.595998 16240
  135 10652.669759 23404
  136 2201.786907  3066
  137 287.083737  3236
  138 0.917069 -3156
  139 3434.793154 26575
  140 8527.863271 30702
  141 3673.248805 23859
  142 0.611456 -2212
  143 10521.438983 15705
  144 7574.686210 14460
  145 6720.207130 16428
  146 24820.350551 26421
  147 2181.506768 10799
  148 0.065040 -2970
  149 20323.061539 30348
  150 17376.622441 14927
  151 0.352586 -2981
  152 4087.838439  4176
  153 126.064537  3369
  154 0.353806 -3090
  155 0.015701 -2741
  156 24104.903477 26851
  157 6670.635934 29251
  158 1939.400826  5560
  159 0.112202 -1996
  160 20029.238134 13900
  161 21773.976257 29542
  162 3297.233326 23379
  163 30872.225956 18562
  164 1.007427 -2198
  165 0.168611 -2146
  166 351.656704  4587
  167 1649.905077  4200
  168 0.041374 32150
  169 0.165593 -2166
  170 0.533046 -2801
  171 0.165836 -3255
  172 9816.881730 24598
  173 3046.150842 14057
  174 0.254556 -2884
  175 9050.939795 15891
  176 0.565570 -2279
  177 28286.369630 31434
  178 1170.821473 20565
  179 1627.797898 11021
  180 9397.203663 19654
  181 0.023673 31837
  182 7569.369049 13672
  183 761.994914 14952
  184 7223.408487 26785
  185 85.180044  6455
  186 0.262142 -1650
  187 0.470270 -2588
  188 0.081349 -2827
  189 11760.399851 16729
  190 11145.400429 13760
  191 0.316678 -2091
  192 2286.422120 24846
  193 40200.523718 29565
  194 0.674626 -1681
  195 11119.510424 28229
  196 0.714792 -1684
  197 5710.433010 15816
  198 1095.149230 17659
  199 0.503142 -3088
  200 1095.100187  6147
  201 6385.638978 30936
  202 19063.752632 26161
  203 7331.854992  9518
  204 108.880675 29234
  205 11649.959648 18278
  206 3274.463342 12201
  207 0.684691 -1702
  208 0.155133 -2474
  209 1435.727646 11251
  210 3202.135447 11128
  211 5700.288143 18494
  212 0.226026 -1593
  213 0.071378 -2437
  214 3811.777501 15528
  215 0.258344 -1846
  216 0.489407  1154
  217 1787.032369 15143
  218 5854.102434 -3103
  219 2097.680253 16679
  220 0.234597 -2764
  221 0.532066  1476
  222 9559.658298 19127
  223 7036.106111  5680
  224 0.261056  2168
  225 0.792542 -2741
  226 20449.556177 25072
  227 0.241267   460
  228 2637.402905  3095
  229 6328.786033  8458
  230 9381.822668 -3242
  231 5062.256714 11398
  232 911.565069   881
  233 3019.518459  1061
  234 0.064923 -1929
  235 13628.600106 17055
  236 13862.594024 31779
  237 10725.569076 25768
  238 9338.720413 14732
  239 17754.924657 -3256
  240 56.545910    35
  241 1536.776052  9045
  242 13884.189058 28477
  243 1773.173324 25507
  244 2771.575791 27680
  245 3880.521049  6344
  246 2513.042715 21407
  247 0.302771 -1812
  248 0.360323 -2751
  249 11695.979751 21608
  250 5331.003148 19993
  251 15175.111862 -3226
  252 0.420275   131
  253 20148.663828 26725
  254 0.560256 -2571
  255 908.905890  4774
  256 0.252229 -2202
  257 0.388175 -2715
  258 3989.975786 11874
  259 0.861427 -2572
  260 0.082849 -2700
  261 4244.660539 15881
  262 0.225278 -2630
  263 3335.662777 14536
  264 697.332694  1231
  265 8378.691624 13187
  266 14439.562194  7031
  267 0.305650 -2424
  268 4199.122910 12441
  269 1.114626 -2748
  270 22.555578 27996
  271 1143.447703 20832
  272 0.038280 -2129
  273 6382.217311 13008
  274 449.036759  3973
  275 5739.404156  9596
  276 23093.781396 29864
  277 4144.247862  8226
  278 2382.853707  8125
  279 782.723867  1936
  280 12.307263   519
  281 0.188123 -1896
  282 1660.978671 20779
  283 66.425157  5897
  284 0.421610 30295
  285 29129.025399 29243
  286 19769.238772 -3236
  287 2646.477119 13467
  288 0.948117 -2093
  289 0.594354 -1755
  290 2595.064574 15224
  291 2768.872250 16581
  292 11089.248274 16126
  293 0.875534 -2489
  294 15147.469526 12038
  295 6368.078204 14498
  296 0.214968  4174
  297 14411.692485 -3250
  298 0.075629 32570
  299 8151.622605 21172
  300 27155.293881 14979
